1712229564048 0.0 0
1712229574152 7.9 1
1712229584266 8.2 2
1712229594363 7.3 3
1712229604440 4.8 4
1712229614573 8.7 5
1712229624644 8.5 6
1712229634736 6.7 7
1712229644825 7.0 8
1712229654901 7.8 9
1712229664978 6.8 10
1712229675049 7.1 11
1712229685136 7.0 12
1712229695202 7.0 13
1712229705281 7.1 14
1712229715356 7.1 15
1712229725420 7.2 16
1712229735493 7.4 17
1712229745581 7.2 18
1712229755660 7.2 19
1712229765773 7.4 20
1712229775841 7.1 21
1712229785911 7.3 22
1712229795987 7.2 23
1712229806072 7.1 24
1712229816159 7.1 25
1712229826234 8.0 26
1712229836307 7.1 27
1712229846387 6.8 28
1712229856457 7.2 29
1712229866546 7.1 30
1712229876639 7.2 31
1712229886710 7.2 32
1712229896773 7.1 33
1712229906859 7.1 34
1712229916931 8.0 35
1712229927012 7.7 36
1712229937088 7.1 37
1712229947161 7.1 38
1712229957239 7.8 39
1712229967306 7.2 40
1712229977384 7.3 41
1712229987461 7.2 42
1712229997549 7.2 43
1712230007633 7.1 44
1712230017719 7.0 45
1712230027803 7.2 46
1712230037882 7.2 47
1712230047948 7.1 48
1712230058038 7.3 49
1712230068117 7.1 50
1712230078210 7.2 51
1712230088303 7.2 52
1712230098371 7.2 53
1712230108445 7.1 54
1712230118527 7.2 55
1712230128629 7.0 56
1712230138713 7.0 57
1712230148789 7.0 58
1712230158882 7.3 59
1712230168947 7.0 60
1712230179025 7.1 61
1712230189113 7.0 62
1712230199191 7.1 63
1712230209267 7.2 64
1712230219342 7.6 65
1712230229431 7.1 66
1712230239529 7.1 67
1712230249600 7.7 68
1712230259672 7.1 69
1712230269763 7.4 70
1712230279850 7.3 71
1712230289931 7.1 72
1712230300024 7.2 73
1712230310094 7.1 74
1712230320164 7.1 75
1712230330255 7.2 76
1712230340358 7.2 77
1712230350450 7.0 78
1712230360525 7.3 79
1712230370618 7.1 80
1712230380700 7.0 81
1712230390792 9.0 82
1712230400892 7.2 83
1712230410975 7.0 84
1712230421075 7.0 85
1712230431161 7.1 86
1712230441247 7.0 87
1712230451337 7.1 88
1712230461426 7.2 89
1712230471523 7.2 90
1712230481609 6.9 91
1712230491680 7.1 92
1712230501779 7.1 93
1712230511878 8.2 94
1712230521998 7.1 95
1712230532099 6.9 96
1712230542186 7.0 97
1712230552272 7.8 98
1712230562356 7.1 99
1712230572439 7.2 100
1712230582536 7.2 101
1712230592611 7.1 102
1712230602720 7.0 103
1712230612801 7.3 104
1712230622895 7.1 105
1712230632969 7.1 106
1712230643065 7.2 107
1712230653165 7.1 108
1712230663267 7.1 109
1712230673361 7.0 110
1712230683454 7.1 111
1712230693535 7.1 112
1712230703632 7.2 113
1712230713706 7.0 114
1712230723788 7.2 115
1712230733861 7.1 116
1712230743932 7.1 117
1712230754023 7.1 118
1712230764112 7.2 119
1712230774192 7.1 120
1712230784262 7.1 121
1712230794340 7.2 122
1712230804419 7.1 123
1712230814491 7.8 124
1712230824587 6.0 125
1712230834672 5.1 126
1712230844753 5.2 127
1712230854852 7.9 128
1712230864931 7.6 129
1712230875014 8.1 130
1712230885090 8.0 131
1712230895172 8.0 132
1712230905257 8.0 133
1712230915332 8.0 134
1712230925428 8.0 135
1712230935512 8.2 136
1712230945597 8.0 137
1712230955676 8.0 138
1712230965776 8.0 139
1712230975867 8.0 140
1712230985949 8.0 141
1712230996039 8.0 142
1712231006169 7.0 143
1712231016269 7.0 144
1712231026359 5.8 145
1712231036446 6.6 146
1712231046545 6.8 147
1712231056631 6.9 148
1712231066747 6.8 149
1712231076838 7.0 150
1712231086927 6.9 151
1712231097011 6.9 152
1712231107092 7.1 153
1712231117203 7.2 154
1712231127321 7.1 155
1712231137401 7.1 156
1712231147491 7.0 157
1712231157583 8.5 158
1712231167684 7.0 159
1712231177760 7.1 160
1712231187836 7.0 161
1712231197916 6.9 162
1712231207992 7.1 163
1712231218078 7.0 164
1712231228172 7.0 165
1712231238262 7.1 166
1712231248355 7.0 167
1712231258436 7.1 168
1712231268522 7.0 169
1712231278606 6.9 170
1712231288698 7.5 171
1712231298782 8.6 172
1712231308882 7.0 173
1712231318963 7.0 174
1712231329036 7.0 175
1712231339133 7.1 176
1712231349221 7.1 177
1712231359307 7.1 178
1712231369391 7.0 179
1712231379480 7.0 180
1712231389561 7.1 181
1712231399658 7.0 182
1712231409752 7.2 183
1712231419848 7.2 184
1712231429931 7.0 185
1712231440044 7.0 186
1712231450151 8.0 187
1712231460233 12.5 188
1712231470331 8.6 189
1712231480417 7.2 190
1712231490514 7.2 191
1712231500627 7.0 192
1712231510731 7.1 193
1712231520810 7.0 194
1712231530901 7.1 195
1712231540988 7.2 196
1712231551079 7.0 197
1712231561174 7.1 198
1712231571261 7.0 199
1712231581337 7.1 200
1712231591429 7.1 201
1712231601537 7.1 202
1712231611624 7.1 203
1712231621733 7.1 204
1712231631812 7.0 205
1712231641899 6.9 206
1712231651997 8.7 207
1712231662038 8.6 208
1712231672070 8.8 209
1712231682159 8.5 210
1712231692251 7.1 211
1712231702343 7.1 212
1712231712458 7.2 213
1712231722551 7.0 214
1712231732644 7.2 215
1712231742728 7.0 216
1712231752838 7.6 217
1712231762933 7.2 218
1712231773035 7.1 219
1712231783126 7.2 220
1712231793222 7.0 221
1712231803309 7.0 222
1712231813405 7.1 223
1712231823513 7.1 224
1712231833598 7.2 225
1712231843697 7.3 226
1712231853805 7.1 227
1712231863890 7.2 228
1712231874000 8.0 229
1712231884095 8.4 230
1712231894196 7.1 231
1712231904290 7.2 232
1712231914380 7.2 233
1712231924490 7.1 234
1712231934568 7.0 235
1712231944659 7.3 236
1712231954764 7.3 237
1712231964848 7.3 238
1712231974928 7.0 239
1712231985011 7.1 240
1712231995102 7.1 241
1712232005207 6.9 242
1712232015306 7.6 243
1712232025381 8.4 244
1712232035490 7.1 245
1712232045587 6.9 246
1712232055676 8.6 247
1712232065760 7.1 248
1712232075879 7.1 249
1712232085971 7.2 250
1712232096064 7.0 251
1712232106164 7.1 252
1712232116283 7.4 253
1712232126379 7.0 254
1712232136462 7.2 255
1712232146553 7.2 256
1712232156652 7.0 257
1712232166731 7.1 258
1712232176834 7.1 259
1712232186939 7.0 260
1712232197055 9.4 261
1712232207160 11.6 262
1712232217278 11.9 263
1712232227381 11.3 264
1712232237489 11.8 265
1712232247611 10.7 266
1712232257734 7.9 267
1712232267833 10.4 268
1712232277944 11.1 269
1712232288051 12.2 270
1712232298175 12.4 271
1712232308284 12.9 272
1712232318390 12.7 273
1712232328499 12.8 274
1712232338609 12.6 275
1712232348721 12.8 276
1712232358831 14.6 277
1712232368941 12.7 278
1712232379057 12.8 279
1712232389156 12.9 280
1712232399259 12.6 281
1712232409366 12.6 282
1712232420830 12.7 283
1712232430948 12.8 284
1712232441141 9.3 285
1712232451349 11.7 286
1712232461483 9.2 287
1712232471597 11.0 288
1712232481703 11.7 289
1712232491812 11.6 290
1712232501941 12.0 291
1712232512049 11.6 292
1712232522159 11.5 293
1712232532278 11.3 294
1712232542388 11.5 295
1712232552500 11.7 296
1712232562631 11.9 297
1712232572751 11.7 298
1712232582890 11.9 299
1712232592996 11.7 300
1712232603130 11.6 301
1712232613238 11.6 302
1712232623352 11.7 303
1712232633451 11.8 304
1712232643578 11.6 305
1712232653680 13.4 306
1712232663790 11.5 307
1712232673907 11.4 308
1712232684020 11.7 309
1712232694141 12.6 310
1712232704246 11.8 311
1712232714290 12.0 312
1712232724401 12.1 313
1712232734522 12.3 314
1712232744622 12.2 315
1712232754740 12.3 316
1712232764827 11.8 317
1712232774926 11.6 318
1712232785014 7.2 319
1712232795103 7.9 320
1712232805185 7.2 321
1712232815287 7.3 322
1712232825372 7.1 323
1712232835464 7.2 324
1712232845563 7.0 325
1712232855657 7.1 326
1712232865742 7.2 327
1712232875834 7.1 328
1712232885925 7.0 329
1712232896003 7.1 330
1712232906100 7.1 331
1712232916178 7.4 332
1712232926277 8.7 333
1712232936370 7.2 334
1712232946462 7.2 335
1712232956549 7.5 336
1712232966638 7.0 337
1712232976729 7.2 338
1712232986810 7.3 339
1712232996917 7.0 340
1712233007016 7.0 341
1712233017100 7.1 342
1712233027191 7.1 343
1712233037282 7.2 344
1712233047368 7.2 345
1712233057467 7.1 346
1712233067568 7.1 347
1712233077600 7.0 348
1712233087684 8.6 349
1712233097721 7.0 350
1712233107804 9.3 351
1712233117896 7.6 352
1712233127999 7.1 353
1712233138090 7.2 354
1712233148180 7.0 355
1712233158268 7.3 356
1712233168370 7.3 357
1712233178476 7.1 358
1712233188580 7.1 359
1712233198681 7.2 360
1712233208783 7.3 361
1712233218894 7.0 362
1712233228985 8.2 363
1712233239078 7.2 364
1712233249181 7.7 365
1712233259276 7.2 366
1712233269367 7.2 367
1712233279458 7.1 368
1712233289553 10.4 369
1712233299659 9.2 370
1712233309757 7.3 371
1712233319802 7.0 372
1712233329903 7.9 373
1712233340020 7.1 374
1712233350065 7.6 375
1712233360170 7.1 376
1712233370288 7.0 377
1712233380337 7.1 378
1712233390432 7.6 379
1712233400533 7.1 380
1712233410625 7.2 381
1712233420716 7.1 382
1712233430817 7.3 383
1712233440925 7.2 384
1712233451010 7.2 385
1712233461110 7.1 386
1712233471205 7.2 387
1712233481308 7.1 388
1712233491409 7.2 389
1712233501510 7.1 390
1712233511607 7.1 391
1712233521711 7.2 392
1712233531814 7.4 393
1712233541910 7.0 394
1712233551997 7.9 395
1712233562093 7.3 396
1712233572192 7.0 397
1712233582287 8.0 398
1712233592393 7.2 399
1712233602493 7.1 400
1712233612594 7.1 401
1712233622672 7.3 402
1712233632755 7.2 403
1712233642844 7.1 404
1712233652941 7.3 405
1712233663030 7.5 406
1712233673122 7.1 407
1712233683217 8.1 408
1712233693298 4.0 409
1712233703399 4.2 410
1712233713485 8.6 411
1712233723580 8.6 412
1712233733670 9.2 413
1712233743769 8.8 414
1712233753867 9.2 415
1712233764679 9.0 416
1712233774771 8.7 417
1712233784875 8.1 418
1712233794967 8.2 419
1712233805056 8.1 420
1712233815156 8.2 421
1712233825258 9.6 422
1712233835306 8.2 423
1712233845398 9.0 424
1712233855486 8.7 425
1712233865583 8.2 426
1712233875829 6.1 427
1712233886142 7.7 428
1712233896254 5.0 429
1712233906354 7.7 430
1712233916456 7.5 431
1712233926602 6.9 432
1712233936709 7.2 433
1712233946824 7.1 434
1712233956926 7.0 435
1712233967045 7.1 436
1712233977154 7.2 437
1712233987253 7.4 438
1712233997350 7.3 439
1712234007465 7.4 440
1712234017552 7.3 441
1712234027660 8.7 442
1712234037796 7.8 443
1712234047921 11.9 444
1712234058044 11.8 445
1712234068173 11.9 446
1712234078287 12.0 447
1712234088413 11.9 448
1712234098529 12.0 449
1712234108644 12.3 450
1712234118772 12.0 451
1712234128890 12.1 452
1712234139001 12.1 453
1712234149124 12.0 454
1712234159254 16.3 455
1712234169395 11.7 456
1712234179521 12.2 457
1712234189638 12.1 458
1712234199755 12.0 459
1712234209871 12.0 460
1712234219990 12.0 461
1712234230125 11.7 462
1712234240246 11.8 463
1712234250362 12.1 464
1712234260471 11.9 465
1712234270599 11.7 466
1712234280716 12.0 467
1712234290843 12.1 468
1712234300958 11.9 469
1712234311076 12.1 470
1712234321193 12.0 471
1712234331307 12.0 472
1712234341425 12.0 473
1712234351537 12.0 474
1712234361662 12.1 475
1712234371787 12.3 476
1712234381835 13.1 477
1712234391950 12.9 478
1712234402065 12.3 479
1712234412194 12.5 480
1712234422316 14.2 481
1712234432438 13.5 482
1712234442558 12.6 483
1712234452678 13.2 484
1712234462802 12.8 485
1712234472918 12.6 486
1712234483041 12.7 487
1712234493169 12.8 488
1712234503299 12.8 489
1712234513423 12.7 490
1712234523534 12.4 491
1712234533649 12.7 492
1712234543766 12.6 493
1712234554500 12.9 494
1712234564617 12.4 495
1712234574745 13.7 496
1712234584899 12.4 497
1712234595024 12.5 498
1712234605146 12.4 499
1712234615274 12.7 500
1712234625381 12.5 501
1712234635492 12.6 502
1712234645610 7.2 503
1712234655716 7.0 504
1712234665820 7.2 505
1712234675914 7.1 506
1712234686007 7.1 507
1712234696105 7.2 508
1712234706192 7.1 509
1712234716316 7.1 510
1712234726412 7.2 511
1712234736523 7.2 512
1712234746620 7.1 513
1712234756703 7.7 514
1712234766820 7.2 515
1712234776926 7.2 516
1712234787043 7.1 517
1712234797137 7.3 518
1712234807256 7.1 519
1712234817365 7.3 520
1712234827482 7.1 521
1712234837601 7.2 522
1712234847722 7.2 523
1712234857817 8.4 524
1712234867901 7.0 525
1712234878003 7.0 526
1712234888097 7.1 527
1712234898194 7.2 528
1712234908283 7.3 529
1712234918372 7.2 530
1712234928458 7.0 531
1712234938580 7.4 532
1712234948685 7.2 533
1712234958792 7.2 534
1712234968888 7.1 535
1712234978971 7.3 536
1712234989080 7.2 537
1712234999177 7.1 538
1712235009277 7.1 539
1712235019380 7.1 540
1712235029468 7.4 541
1712235039562 7.4 542
1712235049651 7.8 543
1712235059742 7.3 544
1712235069830 7.2 545
1712235079933 7.4 546
1712235090024 7.2 547
1712235100133 7.1 548
1712235110224 8.1 549
1712235120325 4.5 550
1712235130432 5.9 551
1712235140527 5.7 552
1712235150630 7.3 553
1712235160739 7.9 554
1712235170843 8.1 555
1712235180955 8.1 556
1712235191056 8.1 557
1712235201141 8.1 558
1712235211242 8.1 559
1712235221350 8.1 560
1712235231438 8.0 561
1712235241529 8.1 562
1712235251623 8.1 563
1712235261720 8.2 564
1712235271818 8.1 565
1712235281912 8.1 566
1712235292021 8.1 567
1712235302143 6.8 568
1712235312250 8.0 569
1712235322368 6.1 570
1712235332467 7.4 571
1712235343355 8.2 572
1712235353457 8.9 573
1712235363568 7.0 574
1712235373684 6.4 575
1712235383790 6.4 576
1712235393893 6.8 577
1712235403993 6.7 578
1712235414102 6.8 579
1712235424211 6.9 580
1712235434313 6.8 581
1712235444405 7.8 582
1712235454544 8.1 583
1712235464661 9.7 584
1712235474775 6.9 585
1712235484890 7.1 586
1712235494946 7.2 587
1712235505047 7.4 588
1712235515140 7.0 589
1712235525245 7.0 590
1712235535322 7.3 591
1712235545447 11.6 592
1712235555537 10.1 593
1712235565586 7.0 594
1712235575683 7.8 595
1712235585782 7.0 596
1712235595890 7.2 597
1712235605986 7.2 598
1712235616081 7.2 599
1712235626171 7.1 600
1712235636263 8.1 601
1712235646366 7.2 602
1712235656457 9.2 603
1712235666561 7.0 604
1712235676664 7.3 605
1712235686765 7.1 606
1712235696866 7.1 607
1712235706968 7.2 608
1712235717077 7.2 609
1712235727171 7.1 610
1712235737284 7.1 611
1712235747376 7.1 612
1712235757474 7.2 613
1712235767568 7.1 614
1712235777673 7.1 615
1712235787768 7.1 616
1712235797862 7.4 617
1712235807967 7.2 618
1712235818075 7.3 619
1712235828177 7.0 620
1712235838273 7.1 621
1712235848364 7.2 622
1712235858449 7.2 623
1712235868551 7.2 624
1712235878655 7.2 625
1712235888753 7.0 626
1712235898846 7.0 627
1712235908943 7.1 628
1712235919034 7.1 629
1712235929127 7.3 630
1712235939217 7.2 631
1712235949308 7.3 632
1712235959405 7.6 633
1712235969510 7.3 634
1712235979606 7.3 635
1712235989718 7.2 636
1712235999821 7.4 637
1712236009920 7.1 638
1712236020011 7.1 639
1712236030105 7.1 640
1712236040200 7.0 641
1712236050294 7.1 642
1712236060336 7.2 643
1712236070438 8.0 644
1712236080538 8.2 645
1712236090633 7.2 646
1712236100723 7.1 647
1712236110817 7.2 648
1712236120918 8.0 649
1712236131011 7.2 650
1712236141119 7.2 651
1712236151206 7.2 652
1712236161315 7.0 653
1712236171409 7.1 654
1712236181514 7.5 655
1712236191608 7.3 656
1712236201712 7.1 657
1712236211802 7.2 658
1712236221914 7.2 659
1712236232026 7.4 660
1712236242126 7.5 661
1712236252217 7.6 662
1712236262313 7.5 663
1712236272428 8.2 664
1712236282556 7.1 665
1712236292657 7.1 666
1712236302764 7.2 667
1712236312881 7.0 668
1712236322981 9.8 669
1712236333069 7.3 670
1712236343171 7.0 671
1712236353271 7.2 672
1712236363396 7.3 673
1712236373506 7.2 674
1712236383609 7.0 675
1712236393725 7.1 676
1712236403828 7.1 677
1712236413966 7.2 678
1712236424071 7.2 679
1712236434190 7.1 680
1712236444293 7.1 681
1712236454402 7.2 682
1712236464509 7.2 683
1712236474615 7.1 684
1712236484716 7.3 685
1712236494818 7.2 686
1712236504929 7.1 687
1712236515018 7.1 688
1712236525126 7.1 689
1712236535234 8.1 690
1712236545330 6.9 691
1712236555434 4.8 692
1712236565536 4.7 693
1712236575640 7.4 694
1712236585746 7.5 695
1712236595855 8.0 696
1712236605956 8.7 697
1712236616052 8.7 698
1712236626149 8.4 699
1712236636251 8.6 700
1712236646348 8.7 701
1712236656444 8.4 702
1712236666540 8.3 703
1712236676636 8.0 704
1712236686727 8.4 705
1712236696829 8.3 706
1712236706937 8.2 707
1712236717053 8.5 708
1712236727187 8.0 709
1712236737315 6.4 710
1712236747423 4.2 711
