1712229564048 54.7 0
1712229574152 55.3 1
1712229584266 57.6 2
1712229594363 59.2 3
1712229604440 60.8 4
1712229614573 61.2 5
1712229624644 61.2 6
1712229634736 61.2 7
1712229644825 61.2 8
1712229654901 61.2 9
1712229664978 61.2 10
1712229675049 61.2 11
1712229685136 61.2 12
1712229695202 61.2 13
1712229705281 61.2 14
1712229715356 61.2 15
1712229725420 61.2 16
1712229735493 61.2 17
1712229745581 61.2 18
1712229755660 61.2 19
1712229765773 61.2 20
1712229775841 61.2 21
1712229785911 61.2 22
1712229795987 61.2 23
1712229806072 61.2 24
1712229816159 61.2 25
1712229826234 61.2 26
1712229836307 61.2 27
1712229846387 61.2 28
1712229856457 61.2 29
1712229866546 61.2 30
1712229876639 61.2 31
1712229886710 61.2 32
1712229896773 61.2 33
1712229906859 61.2 34
1712229916931 61.2 35
1712229927012 61.2 36
1712229937088 61.2 37
1712229947161 61.2 38
1712229957239 61.2 39
1712229967306 61.2 40
1712229977384 61.2 41
1712229987461 61.2 42
1712229997549 61.2 43
1712230007633 61.2 44
1712230017719 61.2 45
1712230027803 61.2 46
1712230037882 61.2 47
1712230047948 61.2 48
1712230058038 61.2 49
1712230068117 61.2 50
1712230078210 61.2 51
1712230088303 61.2 52
1712230098371 61.2 53
1712230108445 61.2 54
1712230118527 61.2 55
1712230128629 61.2 56
1712230138713 61.2 57
1712230148789 61.2 58
1712230158882 61.2 59
1712230168947 61.2 60
1712230179025 61.2 61
1712230189113 61.2 62
1712230199191 61.2 63
1712230209267 61.2 64
1712230219342 61.2 65
1712230229431 61.2 66
1712230239529 61.2 67
1712230249600 61.2 68
1712230259672 61.2 69
1712230269763 61.2 70
1712230279850 61.2 71
1712230289931 61.2 72
1712230300024 61.2 73
1712230310094 61.2 74
1712230320164 61.2 75
1712230330255 61.2 76
1712230340358 61.2 77
1712230350450 61.2 78
1712230360525 61.2 79
1712230370618 61.2 80
1712230380700 61.2 81
1712230390792 61.2 82
1712230400892 61.2 83
1712230410975 61.2 84
1712230421075 61.2 85
1712230431161 61.2 86
1712230441247 61.2 87
1712230451337 61.2 88
1712230461426 61.2 89
1712230471523 61.2 90
1712230481609 61.2 91
1712230491680 61.2 92
1712230501779 61.2 93
1712230511878 61.2 94
1712230521998 61.2 95
1712230532099 61.2 96
1712230542186 61.2 97
1712230552272 61.2 98
1712230562356 61.2 99
1712230572439 61.2 100
1712230582536 61.2 101
1712230592611 61.2 102
1712230602720 61.2 103
1712230612801 61.2 104
1712230622895 61.2 105
1712230632969 61.2 106
1712230643065 61.2 107
1712230653165 61.2 108
1712230663267 61.2 109
1712230673361 61.2 110
1712230683454 61.2 111
1712230693535 61.2 112
1712230703632 61.2 113
1712230713706 61.2 114
1712230723788 61.2 115
1712230733861 61.2 116
1712230743932 61.2 117
1712230754023 61.2 118
1712230764112 61.2 119
1712230774192 61.2 120
1712230784262 61.2 121
1712230794340 61.2 122
1712230804419 61.2 123
1712230814491 61.2 124
1712230824587 57.2 125
1712230834672 58.2 126
1712230844753 59.0 127
1712230854852 59.0 128
1712230864931 59.0 129
1712230875014 59.0 130
1712230885090 59.0 131
1712230895172 59.0 132
1712230905257 59.0 133
1712230915332 59.0 134
1712230925428 59.0 135
1712230935512 59.0 136
1712230945597 59.0 137
1712230955676 59.0 138
1712230965776 59.0 139
1712230975867 59.0 140
1712230985949 59.0 141
1712230996039 59.0 142
1712231006169 57.7 143
1712231016269 60.1 144
1712231026359 61.3 145
1712231036446 61.9 146
1712231046545 61.9 147
1712231056631 61.9 148
1712231066747 61.9 149
1712231076838 61.9 150
1712231086927 61.9 151
1712231097011 61.9 152
1712231107092 61.9 153
1712231117203 61.9 154
1712231127321 61.9 155
1712231137401 61.9 156
1712231147491 61.9 157
1712231157583 61.9 158
1712231167684 61.9 159
1712231177760 61.9 160
1712231187836 61.9 161
1712231197916 61.9 162
1712231207992 61.9 163
1712231218078 61.9 164
1712231228172 61.9 165
1712231238262 61.9 166
1712231248355 61.9 167
1712231258436 61.9 168
1712231268522 61.9 169
1712231278606 61.9 170
1712231288698 61.9 171
1712231298782 61.9 172
1712231308882 61.9 173
1712231318963 61.9 174
1712231329036 61.9 175
1712231339133 61.9 176
1712231349221 61.9 177
1712231359307 61.9 178
1712231369391 61.9 179
1712231379480 61.9 180
1712231389561 61.9 181
1712231399658 61.9 182
1712231409752 61.9 183
1712231419848 61.9 184
1712231429931 61.9 185
1712231440044 61.9 186
1712231450151 61.9 187
1712231460233 61.9 188
1712231470331 61.9 189
1712231480417 61.9 190
1712231490514 61.9 191
1712231500627 61.9 192
1712231510731 61.9 193
1712231520810 61.9 194
1712231530901 61.9 195
1712231540988 61.9 196
1712231551079 61.9 197
1712231561174 61.9 198
1712231571261 61.9 199
1712231581337 61.9 200
1712231591429 61.9 201
1712231601537 61.9 202
1712231611624 61.9 203
1712231621733 61.9 204
1712231631812 61.9 205
1712231641899 61.9 206
1712231651997 61.9 207
1712231662038 61.9 208
1712231672070 61.9 209
1712231682159 61.9 210
1712231692251 61.9 211
1712231702343 61.9 212
1712231712458 61.9 213
1712231722551 61.9 214
1712231732644 61.9 215
1712231742728 61.9 216
1712231752838 61.9 217
1712231762933 61.9 218
1712231773035 61.9 219
1712231783126 61.9 220
1712231793222 61.9 221
1712231803309 61.9 222
1712231813405 61.9 223
1712231823513 61.9 224
1712231833598 61.9 225
1712231843697 61.9 226
1712231853805 61.9 227
1712231863890 61.9 228
1712231874000 61.9 229
1712231884095 61.9 230
1712231894196 61.9 231
1712231904290 61.9 232
1712231914380 61.9 233
1712231924490 61.9 234
1712231934568 61.9 235
1712231944659 61.9 236
1712231954764 61.9 237
1712231964848 61.9 238
1712231974928 61.9 239
1712231985011 61.9 240
1712231995102 61.9 241
1712232005207 61.9 242
1712232015306 61.9 243
1712232025381 61.9 244
1712232035490 61.9 245
1712232045587 61.9 246
1712232055676 61.9 247
1712232065760 61.9 248
1712232075879 61.9 249
1712232085971 61.9 250
1712232096064 61.9 251
1712232106164 61.9 252
1712232116283 61.9 253
1712232126379 61.9 254
1712232136462 61.9 255
1712232146553 61.9 256
1712232156652 61.9 257
1712232166731 61.9 258
1712232176834 61.9 259
1712232186939 61.9 260
1712232197055 61.9 261
1712232207160 61.9 262
1712232217278 61.9 263
1712232227381 61.9 264
1712232237489 61.9 265
1712232247611 58.4 266
1712232257734 58.4 267
1712232267833 59.4 268
1712232277944 59.4 269
1712232288051 59.4 270
1712232298175 59.4 271
1712232308284 59.4 272
1712232318390 59.4 273
1712232328499 59.4 274
1712232338609 59.4 275
1712232348721 59.4 276
1712232358831 59.4 277
1712232368941 59.4 278
1712232379057 59.4 279
1712232389156 59.4 280
1712232399259 59.4 281
1712232409366 59.4 282
1712232420830 59.4 283
1712232430948 57.5 284
1712232441141 59.5 285
1712232451349 60.7 286
1712232461483 61.5 287
1712232471597 62.0 288
1712232481703 62.0 289
1712232491812 62.0 290
1712232501941 62.0 291
1712232512049 62.0 292
1712232522159 62.0 293
1712232532278 62.0 294
1712232542388 62.0 295
1712232552500 62.0 296
1712232562631 62.0 297
1712232572751 62.0 298
1712232582890 62.0 299
1712232592996 62.0 300
1712232603130 62.0 301
1712232613238 62.0 302
1712232623352 62.0 303
1712232633451 62.0 304
1712232643578 62.0 305
1712232653680 62.0 306
1712232663790 62.0 307
1712232673907 62.0 308
1712232684020 62.0 309
1712232694141 62.0 310
1712232704246 62.0 311
1712232714290 62.0 312
1712232724401 62.0 313
1712232734522 62.0 314
1712232744622 62.0 315
1712232754740 62.0 316
1712232764827 62.0 317
1712232774926 62.0 318
1712232785014 62.0 319
1712232795103 62.0 320
1712232805185 62.0 321
1712232815287 62.0 322
1712232825372 62.0 323
1712232835464 62.0 324
1712232845563 62.0 325
1712232855657 62.0 326
1712232865742 62.0 327
1712232875834 62.0 328
1712232885925 62.0 329
1712232896003 62.0 330
1712232906100 62.0 331
1712232916178 62.0 332
1712232926277 62.0 333
1712232936370 62.0 334
1712232946462 62.0 335
1712232956549 62.0 336
1712232966638 62.0 337
1712232976729 62.0 338
1712232986810 62.0 339
1712232996917 62.0 340
1712233007016 62.0 341
1712233017100 62.0 342
1712233027191 62.0 343
1712233037282 62.0 344
1712233047368 62.0 345
1712233057467 62.0 346
1712233067568 62.0 347
1712233077600 62.0 348
1712233087684 62.0 349
1712233097721 62.0 350
1712233107804 62.0 351
1712233117896 62.0 352
1712233127999 62.0 353
1712233138090 62.0 354
1712233148180 62.0 355
1712233158268 62.0 356
1712233168370 62.0 357
1712233178476 62.0 358
1712233188580 62.0 359
1712233198681 62.0 360
1712233208783 62.0 361
1712233218894 62.0 362
1712233228985 62.0 363
1712233239078 62.0 364
1712233249181 62.0 365
1712233259276 62.0 366
1712233269367 62.0 367
1712233279458 62.0 368
1712233289553 62.0 369
1712233299659 62.0 370
1712233309757 62.0 371
1712233319802 62.0 372
1712233329903 62.0 373
1712233340020 62.0 374
1712233350065 62.0 375
1712233360170 62.0 376
1712233370288 62.0 377
1712233380337 62.0 378
1712233390432 62.0 379
1712233400533 62.0 380
1712233410625 62.0 381
1712233420716 62.0 382
1712233430817 62.0 383
1712233440925 62.0 384
1712233451010 62.0 385
1712233461110 62.0 386
1712233471205 62.0 387
1712233481308 62.0 388
1712233491409 62.0 389
1712233501510 62.0 390
1712233511607 62.0 391
1712233521711 62.0 392
1712233531814 62.0 393
1712233541910 62.0 394
1712233551997 62.0 395
1712233562093 62.0 396
1712233572192 62.0 397
1712233582287 62.0 398
1712233592393 62.0 399
1712233602493 62.0 400
1712233612594 62.0 401
1712233622672 62.0 402
1712233632755 62.0 403
1712233642844 62.0 404
1712233652941 62.0 405
1712233663030 62.0 406
1712233673122 62.0 407
1712233683217 57.2 408
1712233693298 57.8 409
1712233703399 59.4 410
1712233713485 59.4 411
1712233723580 59.4 412
1712233733670 59.4 413
1712233743769 59.4 414
1712233753867 59.4 415
1712233764679 59.4 416
1712233774771 59.4 417
1712233784875 59.4 418
1712233794967 59.4 419
1712233805056 59.4 420
1712233815156 59.4 421
1712233825258 59.4 422
1712233835306 59.4 423
1712233845398 59.4 424
1712233855486 59.4 425
1712233865583 57.6 426
1712233875829 59.5 427
1712233886142 61.4 428
1712233896254 62.0 429
1712233906354 62.0 430
1712233916456 62.0 431
1712233926602 62.0 432
1712233936709 62.0 433
1712233946824 62.0 434
1712233956926 62.0 435
1712233967045 62.0 436
1712233977154 62.0 437
1712233987253 62.0 438
1712233997350 62.0 439
1712234007465 62.0 440
1712234017552 62.0 441
1712234027660 62.0 442
1712234037796 62.0 443
1712234047921 62.0 444
1712234058044 62.0 445
1712234068173 62.0 446
1712234078287 62.0 447
1712234088413 62.0 448
1712234098529 62.0 449
1712234108644 62.0 450
1712234118772 62.0 451
1712234128890 62.0 452
1712234139001 62.0 453
1712234149124 62.0 454
1712234159254 62.0 455
1712234169395 62.0 456
1712234179521 62.0 457
1712234189638 62.0 458
1712234199755 62.0 459
1712234209871 62.0 460
1712234219990 62.0 461
1712234230125 62.0 462
1712234240246 62.0 463
1712234250362 62.0 464
1712234260471 62.0 465
1712234270599 62.0 466
1712234280716 62.0 467
1712234290843 62.0 468
1712234300958 62.0 469
1712234311076 62.0 470
1712234321193 62.0 471
1712234331307 62.0 472
1712234341425 62.0 473
1712234351537 62.0 474
1712234361662 62.0 475
1712234371787 62.0 476
1712234381835 62.0 477
1712234391950 62.0 478
1712234402065 62.0 479
1712234412194 62.0 480
1712234422316 62.0 481
1712234432438 62.0 482
1712234442558 62.0 483
1712234452678 62.0 484
1712234462802 62.0 485
1712234472918 62.0 486
1712234483041 62.0 487
1712234493169 62.0 488
1712234503299 62.0 489
1712234513423 62.0 490
1712234523534 62.0 491
1712234533649 62.0 492
1712234543766 62.0 493
1712234554500 62.0 494
1712234564617 62.0 495
1712234574745 62.0 496
1712234584899 62.0 497
1712234595024 62.0 498
1712234605146 62.0 499
1712234615274 62.0 500
1712234625381 62.0 501
1712234635492 62.0 502
1712234645610 62.0 503
1712234655716 62.0 504
1712234665820 62.0 505
1712234675914 62.0 506
1712234686007 62.0 507
1712234696105 62.0 508
1712234706192 62.0 509
1712234716316 62.0 510
1712234726412 62.0 511
1712234736523 62.0 512
1712234746620 62.0 513
1712234756703 62.0 514
1712234766820 62.0 515
1712234776926 62.0 516
1712234787043 62.0 517
1712234797137 62.0 518
1712234807256 62.0 519
1712234817365 62.0 520
1712234827482 62.0 521
1712234837601 62.0 522
1712234847722 62.0 523
1712234857817 62.0 524
1712234867901 62.0 525
1712234878003 62.0 526
1712234888097 62.0 527
1712234898194 62.0 528
1712234908283 62.0 529
1712234918372 62.0 530
1712234928458 62.0 531
1712234938580 62.0 532
1712234948685 62.0 533
1712234958792 62.0 534
1712234968888 62.0 535
1712234978971 62.0 536
1712234989080 62.0 537
1712234999177 62.0 538
1712235009277 62.0 539
1712235019380 62.0 540
1712235029468 62.0 541
1712235039562 62.0 542
1712235049651 62.0 543
1712235059742 62.0 544
1712235069830 62.0 545
1712235079933 62.0 546
1712235090024 62.0 547
1712235100133 62.0 548
1712235110224 62.0 549
1712235120325 57.2 550
1712235130432 58.6 551
1712235140527 59.4 552
1712235150630 59.4 553
1712235160739 59.4 554
1712235170843 59.4 555
1712235180955 59.4 556
1712235191056 59.4 557
1712235201141 59.4 558
1712235211242 59.4 559
1712235221350 59.4 560
1712235231438 59.4 561
1712235241529 59.4 562
1712235251623 59.4 563
1712235261720 59.4 564
1712235271818 59.4 565
1712235281912 59.4 566
1712235292021 59.4 567
1712235302143 58.3 568
1712235312250 60.6 569
1712235322368 61.4 570
1712235332467 62.0 571
1712235343355 62.0 572
1712235353457 62.0 573
1712235363568 62.0 574
1712235373684 62.0 575
1712235383790 62.0 576
1712235393893 62.0 577
1712235403993 62.0 578
1712235414102 62.0 579
1712235424211 62.0 580
1712235434313 62.0 581
1712235444405 62.0 582
1712235454544 62.0 583
1712235464661 62.0 584
1712235474775 62.0 585
1712235484890 62.0 586
1712235494946 62.0 587
1712235505047 62.0 588
1712235515140 62.0 589
1712235525245 62.0 590
1712235535322 62.0 591
1712235545447 62.0 592
1712235555537 62.0 593
1712235565586 62.0 594
1712235575683 62.0 595
1712235585782 62.0 596
1712235595890 62.0 597
1712235605986 62.0 598
1712235616081 62.0 599
1712235626171 62.0 600
1712235636263 62.0 601
1712235646366 62.0 602
1712235656457 62.0 603
1712235666561 62.0 604
1712235676664 62.0 605
1712235686765 62.0 606
1712235696866 62.0 607
1712235706968 62.0 608
1712235717077 62.0 609
1712235727171 62.0 610
1712235737284 62.0 611
1712235747376 62.0 612
1712235757474 62.0 613
1712235767568 62.0 614
1712235777673 62.0 615
1712235787768 62.0 616
1712235797862 62.0 617
1712235807967 62.0 618
1712235818075 62.0 619
1712235828177 62.0 620
1712235838273 62.0 621
1712235848364 62.0 622
1712235858449 62.0 623
1712235868551 62.0 624
1712235878655 62.0 625
1712235888753 62.0 626
1712235898846 62.0 627
1712235908943 62.0 628
1712235919034 62.0 629
1712235929127 62.0 630
1712235939217 62.0 631
1712235949308 62.0 632
1712235959405 62.0 633
1712235969510 62.0 634
1712235979606 62.0 635
1712235989718 62.0 636
1712235999821 62.0 637
1712236009920 62.0 638
1712236020011 62.0 639
1712236030105 62.0 640
1712236040200 62.0 641
1712236050294 62.0 642
1712236060336 62.0 643
1712236070438 62.0 644
1712236080538 62.0 645
1712236090633 62.0 646
1712236100723 62.0 647
1712236110817 62.0 648
1712236120918 62.0 649
1712236131011 62.0 650
1712236141119 62.0 651
1712236151206 62.0 652
1712236161315 62.0 653
1712236171409 62.0 654
1712236181514 62.0 655
1712236191608 62.0 656
1712236201712 62.0 657
1712236211802 62.0 658
1712236221914 62.0 659
1712236232026 62.0 660
1712236242126 62.0 661
1712236252217 62.0 662
1712236262313 62.0 663
1712236272428 62.0 664
1712236282556 62.0 665
1712236292657 62.0 666
1712236302764 62.0 667
1712236312881 62.0 668
1712236322981 62.0 669
1712236333069 62.0 670
1712236343171 62.0 671
1712236353271 62.0 672
1712236363396 62.0 673
1712236373506 62.0 674
1712236383609 62.0 675
1712236393725 62.0 676
1712236403828 62.0 677
1712236413966 62.0 678
1712236424071 62.0 679
1712236434190 62.0 680
1712236444293 62.0 681
1712236454402 62.0 682
1712236464509 62.0 683
1712236474615 62.0 684
1712236484716 62.0 685
1712236494818 62.0 686
1712236504929 62.0 687
1712236515018 62.0 688
1712236525126 62.0 689
1712236535234 62.0 690
1712236545330 57.5 691
1712236555434 58.4 692
1712236565536 59.6 693
1712236575640 59.6 694
1712236585746 59.6 695
1712236595855 59.6 696
1712236605956 59.6 697
1712236616052 59.6 698
1712236626149 59.6 699
1712236636251 59.6 700
1712236646348 59.6 701
1712236656444 59.6 702
1712236666540 59.6 703
1712236676636 59.6 704
1712236686727 59.6 705
1712236696829 59.6 706
1712236706937 59.6 707
1712236717053 59.6 708
1712236727187 58.1 709
1712236737315 60.5 710
1712236747423 60.9 711
