1712229564048 125152.5 0
1712229574152 123522.5 1
1712229584266 116993.1 2
1712229594363 112637.3 3
1712229604440 108149.2 4
1712229614573 107068.4 5
1712229624644 107068.4 6
1712229634736 107068.4 7
1712229644825 107068.4 8
1712229654901 107068.4 9
1712229664978 107068.4 10
1712229675049 107068.4 11
1712229685136 107068.4 12
1712229695202 107068.4 13
1712229705281 107068.4 14
1712229715356 107068.4 15
1712229725420 107068.4 16
1712229735493 107068.4 17
1712229745581 107068.4 18
1712229755660 107068.4 19
1712229765773 107068.4 20
1712229775841 107068.4 21
1712229785911 107068.3 22
1712229795987 107068.3 23
1712229806072 107068.3 24
1712229816159 107068.3 25
1712229826234 107068.3 26
1712229836307 107068.3 27
1712229846387 107068.3 28
1712229856457 107068.3 29
1712229866546 107068.3 30
1712229876639 107068.3 31
1712229886710 107068.3 32
1712229896773 107068.3 33
1712229906859 107068.3 34
1712229916931 107068.3 35
1712229927012 107068.3 36
1712229937088 107068.3 37
1712229947161 107068.3 38
1712229957239 107068.3 39
1712229967306 107068.3 40
1712229977384 107068.3 41
1712229987461 107068.3 42
1712229997549 107068.3 43
1712230007633 107068.3 44
1712230017719 107068.3 45
1712230027803 107068.3 46
1712230037882 107068.3 47
1712230047948 107068.3 48
1712230058038 107068.3 49
1712230068117 107068.3 50
1712230078210 107068.3 51
1712230088303 107068.3 52
1712230098371 107068.3 53
1712230108445 107068.3 54
1712230118527 107068.3 55
1712230128629 107068.3 56
1712230138713 107068.3 57
1712230148789 107068.3 58
1712230158882 107068.3 59
1712230168947 107068.3 60
1712230179025 107068.3 61
1712230189113 107068.3 62
1712230199191 107068.3 63
1712230209267 107068.3 64
1712230219342 107068.3 65
1712230229431 107068.3 66
1712230239529 107068.3 67
1712230249600 107068.3 68
1712230259672 107067.7 69
1712230269763 107067.7 70
1712230279850 107067.7 71
1712230289931 107067.7 72
1712230300024 107067.7 73
1712230310094 107067.7 74
1712230320164 107067.7 75
1712230330255 107067.7 76
1712230340358 107067.7 77
1712230350450 107067.7 78
1712230360525 107067.7 79
1712230370618 107067.7 80
1712230380700 107067.7 81
1712230390792 107067.7 82
1712230400892 107067.7 83
1712230410975 107067.7 84
1712230421075 107067.7 85
1712230431161 107067.7 86
1712230441247 107067.7 87
1712230451337 107067.7 88
1712230461426 107067.7 89
1712230471523 107067.7 90
1712230481609 107067.7 91
1712230491680 107067.7 92
1712230501779 107067.7 93
1712230511878 107067.7 94
1712230521998 107067.7 95
1712230532099 107067.7 96
1712230542186 107067.7 97
1712230552272 107067.7 98
1712230562356 107067.7 99
1712230572439 107067.7 100
1712230582536 107067.7 101
1712230592611 107067.7 102
1712230602720 107067.7 103
1712230612801 107067.7 104
1712230622895 107067.7 105
1712230632969 107067.7 106
1712230643065 107067.7 107
1712230653165 107067.7 108
1712230663267 107067.7 109
1712230673361 107067.7 110
1712230683454 107067.7 111
1712230693535 107067.7 112
1712230703632 107067.7 113
1712230713706 107067.7 114
1712230723788 107067.7 115
1712230733861 107067.7 116
1712230743932 107067.7 117
1712230754023 107067.7 118
1712230764112 107067.7 119
1712230774192 107067.7 120
1712230784262 107067.7 121
1712230794340 107067.7 122
1712230804419 107067.7 123
1712230814491 107067.7 124
1712230824587 118107.0 125
1712230834672 115343.3 126
1712230844753 113168.1 127
1712230854852 113168.1 128
1712230864931 113168.1 129
1712230875014 113168.1 130
1712230885090 113168.1 131
1712230895172 113168.1 132
1712230905257 113168.1 133
1712230915332 113168.1 134
1712230925428 113168.1 135
1712230935512 113168.1 136
1712230945597 113168.1 137
1712230955676 113168.1 138
1712230965776 113168.1 139
1712230975867 113168.1 140
1712230985949 113168.1 141
1712230996039 113168.1 142
1712231006169 116725.4 143
1712231016269 110221.5 144
1712231026359 106966.1 145
1712231036446 105205.0 146
1712231046545 105205.0 147
1712231056631 105205.0 148
1712231066747 105205.0 149
1712231076838 105205.0 150
1712231086927 105205.0 151
1712231097011 105205.0 152
1712231107092 105205.0 153
1712231117203 105205.0 154
1712231127321 105205.0 155
1712231137401 105205.0 156
1712231147491 105205.0 157
1712231157583 105205.0 158
1712231167684 105205.0 159
1712231177760 105205.0 160
1712231187836 105205.0 161
1712231197916 105205.0 162
1712231207992 105205.0 163
1712231218078 105205.0 164
1712231228172 105205.0 165
1712231238262 105205.0 166
1712231248355 105205.0 167
1712231258436 105205.0 168
1712231268522 105205.0 169
1712231278606 105205.0 170
1712231288698 105204.4 171
1712231298782 105204.4 172
1712231308882 105204.4 173
1712231318963 105204.4 174
1712231329036 105204.4 175
1712231339133 105204.4 176
1712231349221 105204.4 177
1712231359307 105204.4 178
1712231369391 105204.4 179
1712231379480 105204.4 180
1712231389561 105204.4 181
1712231399658 105204.4 182
1712231409752 105204.4 183
1712231419848 105204.4 184
1712231429931 105204.4 185
1712231440044 105204.4 186
1712231450151 105204.4 187
1712231460233 105204.4 188
1712231470331 105204.4 189
1712231480417 105204.4 190
1712231490514 105204.4 191
1712231500627 105204.4 192
1712231510731 105204.4 193
1712231520810 105204.4 194
1712231530901 105204.4 195
1712231540988 105204.4 196
1712231551079 105204.4 197
1712231561174 105204.4 198
1712231571261 105204.4 199
1712231581337 105204.4 200
1712231591429 105204.4 201
1712231601537 105204.4 202
1712231611624 105204.4 203
1712231621733 105204.4 204
1712231631812 105204.4 205
1712231641899 105204.4 206
1712231651997 105204.4 207
1712231662038 105204.4 208
1712231672070 105204.4 209
1712231682159 105204.4 210
1712231692251 105204.4 211
1712231702343 105204.4 212
1712231712458 105204.4 213
1712231722551 105204.4 214
1712231732644 105204.4 215
1712231742728 105204.4 216
1712231752838 105204.4 217
1712231762933 105204.4 218
1712231773035 105204.4 219
1712231783126 105204.4 220
1712231793222 105204.4 221
1712231803309 105204.4 222
1712231813405 105204.4 223
1712231823513 105204.4 224
1712231833598 105204.4 225
1712231843697 105204.4 226
1712231853805 105204.4 227
1712231863890 105204.4 228
1712231874000 105204.4 229
1712231884095 105204.4 230
1712231894196 105204.4 231
1712231904290 105204.4 232
1712231914380 105204.4 233
1712231924490 105204.4 234
1712231934568 105204.4 235
1712231944659 105204.4 236
1712231954764 105204.4 237
1712231964848 105204.4 238
1712231974928 105204.4 239
1712231985011 105204.4 240
1712231995102 105204.4 241
1712232005207 105204.4 242
1712232015306 105204.4 243
1712232025381 105204.4 244
1712232035490 105204.4 245
1712232045587 105204.4 246
1712232055676 105204.4 247
1712232065760 105204.4 248
1712232075879 105204.4 249
1712232085971 105204.4 250
1712232096064 105204.4 251
1712232106164 105204.4 252
1712232116283 105204.4 253
1712232126379 105204.4 254
1712232136462 105204.4 255
1712232146553 105204.4 256
1712232156652 105204.4 257
1712232166731 105204.4 258
1712232176834 105204.4 259
1712232186939 105204.4 260
1712232197055 105204.4 261
1712232207160 105204.4 262
1712232217278 105204.4 263
1712232227381 105204.4 264
1712232237489 105204.4 265
1712232247611 114907.3 266
1712232257734 114907.3 267
1712232267833 112156.8 268
1712232277944 112156.8 269
1712232288051 112156.8 270
1712232298175 112156.8 271
1712232308284 112156.8 272
1712232318390 112156.8 273
1712232328499 112156.8 274
1712232338609 112156.3 275
1712232348721 112156.3 276
1712232358831 112156.3 277
1712232368941 112156.3 278
1712232379057 112156.3 279
1712232389156 112156.3 280
1712232399259 112156.3 281
1712232409366 112156.3 282
1712232420830 112156.3 283
1712232430948 117385.0 284
1712232441141 111877.4 285
1712232451349 108608.0 286
1712232461483 106448.2 287
1712232471597 105013.9 288
1712232481703 105013.9 289
1712232491812 105013.9 290
1712232501941 105013.9 291
1712232512049 105013.9 292
1712232522159 105013.9 293
1712232532278 105013.9 294
1712232542388 105013.9 295
1712232552500 105013.9 296
1712232562631 105013.9 297
1712232572751 105013.9 298
1712232582890 105013.9 299
1712232592996 105013.9 300
1712232603130 105013.9 301
1712232613238 105013.9 302
1712232623352 105013.9 303
1712232633451 105013.9 304
1712232643578 105013.9 305
1712232653680 105013.9 306
1712232663790 105013.9 307
1712232673907 105013.9 308
1712232684020 105013.9 309
1712232694141 105013.9 310
1712232704246 105013.9 311
1712232714290 105013.9 312
1712232724401 105013.9 313
1712232734522 105013.9 314
1712232744622 105013.9 315
1712232754740 105013.9 316
1712232764827 105013.9 317
1712232774926 105013.9 318
1712232785014 105013.9 319
1712232795103 105013.9 320
1712232805185 105013.9 321
1712232815287 105013.9 322
1712232825372 105013.9 323
1712232835464 105013.9 324
1712232845563 105013.9 325
1712232855657 105013.9 326
1712232865742 105013.9 327
1712232875834 105013.9 328
1712232885925 105013.9 329
1712232896003 105013.9 330
1712232906100 105013.9 331
1712232916178 105013.9 332
1712232926277 105013.9 333
1712232936370 105013.9 334
1712232946462 105013.9 335
1712232956549 105013.9 336
1712232966638 105013.9 337
1712232976729 105013.9 338
1712232986810 105013.9 339
1712232996917 105013.9 340
1712233007016 105013.9 341
1712233017100 105013.9 342
1712233027191 105013.9 343
1712233037282 105013.9 344
1712233047368 105013.9 345
1712233057467 105013.9 346
1712233067568 105013.9 347
1712233077600 105013.9 348
1712233087684 105013.9 349
1712233097721 105013.9 350
1712233107804 105013.9 351
1712233117896 105013.9 352
1712233127999 105013.9 353
1712233138090 105013.9 354
1712233148180 105013.9 355
1712233158268 105013.9 356
1712233168370 105013.9 357
1712233178476 105013.9 358
1712233188580 105013.9 359
1712233198681 105013.9 360
1712233208783 105013.9 361
1712233218894 105013.9 362
1712233228985 105013.9 363
1712233239078 105013.9 364
1712233249181 105013.9 365
1712233259276 105013.9 366
1712233269367 105013.9 367
1712233279458 105013.9 368
1712233289553 105013.9 369
1712233299659 105013.9 370
1712233309757 105013.9 371
1712233319802 105013.9 372
1712233329903 105013.9 373
1712233340020 105013.9 374
1712233350065 105013.9 375
1712233360170 105013.9 376
1712233370288 105013.9 377
1712233380337 105013.3 378
1712233390432 105013.3 379
1712233400533 105013.3 380
1712233410625 105013.3 381
1712233420716 105013.3 382
1712233430817 105013.3 383
1712233440925 105013.3 384
1712233451010 105013.3 385
1712233461110 105013.3 386
1712233471205 105013.3 387
1712233481308 105013.3 388
1712233491409 105013.3 389
1712233501510 105013.3 390
1712233511607 105013.3 391
1712233521711 105013.3 392
1712233531814 105013.3 393
1712233541910 105013.3 394
1712233551997 105013.3 395
1712233562093 105013.3 396
1712233572192 105013.3 397
1712233582287 105013.3 398
1712233592393 105013.3 399
1712233602493 105013.3 400
1712233612594 105013.3 401
1712233622672 105013.3 402
1712233632755 105013.3 403
1712233642844 105013.3 404
1712233652941 105013.3 405
1712233663030 105013.3 406
1712233673122 105013.3 407
1712233683217 118176.7 408
1712233693298 116549.0 409
1712233703399 112182.9 410
1712233713485 112182.9 411
1712233723580 112182.9 412
1712233733670 112182.9 413
1712233743769 112182.9 414
1712233753867 112182.9 415
1712233764679 112182.9 416
1712233774771 112182.9 417
1712233784875 112182.9 418
1712233794967 112182.9 419
1712233805056 112182.9 420
1712233815156 112182.9 421
1712233825258 112182.9 422
1712233835306 112182.9 423
1712233845398 112182.9 424
1712233855486 112182.9 425
1712233865583 117194.0 426
1712233875829 111741.0 427
1712233886142 106528.9 428
1712233896254 105030.5 429
1712233906354 105030.5 430
1712233916456 105030.5 431
1712233926602 105030.5 432
1712233936709 105030.5 433
1712233946824 105030.5 434
1712233956926 105030.5 435
1712233967045 105030.5 436
1712233977154 105030.5 437
1712233987253 105030.5 438
1712233997350 105030.5 439
1712234007465 105030.5 440
1712234017552 105030.5 441
1712234027660 105030.5 442
1712234037796 105030.5 443
1712234047921 105030.5 444
1712234058044 105030.5 445
1712234068173 105030.5 446
1712234078287 105030.5 447
1712234088413 105030.5 448
1712234098529 105030.5 449
1712234108644 105030.5 450
1712234118772 105030.5 451
1712234128890 105030.5 452
1712234139001 105030.5 453
1712234149124 105030.5 454
1712234159254 105030.5 455
1712234169395 105030.5 456
1712234179521 105030.5 457
1712234189638 105030.5 458
1712234199755 105030.5 459
1712234209871 105030.5 460
1712234219990 105030.5 461
1712234230125 105030.5 462
1712234240246 105030.5 463
1712234250362 105030.5 464
1712234260471 105030.5 465
1712234270599 105030.5 466
1712234280716 105030.5 467
1712234290843 105030.5 468
1712234300958 105030.5 469
1712234311076 105030.5 470
1712234321193 105030.5 471
1712234331307 105030.5 472
1712234341425 105030.5 473
1712234351537 105030.5 474
1712234361662 105030.5 475
1712234371787 105030.5 476
1712234381835 105030.5 477
1712234391950 105030.5 478
1712234402065 105030.5 479
1712234412194 105030.0 480
1712234422316 105030.0 481
1712234432438 105030.0 482
1712234442558 105030.0 483
1712234452678 105030.0 484
1712234462802 105030.0 485
1712234472918 105030.0 486
1712234483041 105030.0 487
1712234493169 105030.0 488
1712234503299 105030.0 489
1712234513423 105030.0 490
1712234523534 105030.0 491
1712234533649 105030.0 492
1712234543766 105030.0 493
1712234554500 105030.0 494
1712234564617 105030.0 495
1712234574745 105030.0 496
1712234584899 105030.0 497
1712234595024 105030.0 498
1712234605146 105030.0 499
1712234615274 105030.0 500
1712234625381 105030.0 501
1712234635492 105030.0 502
1712234645610 105030.0 503
1712234655716 105030.0 504
1712234665820 105030.0 505
1712234675914 105030.0 506
1712234686007 105030.0 507
1712234696105 105030.0 508
1712234706192 105030.0 509
1712234716316 105030.0 510
1712234726412 105030.0 511
1712234736523 105030.0 512
1712234746620 105030.0 513
1712234756703 105030.0 514
1712234766820 105030.0 515
1712234776926 105029.9 516
1712234787043 105029.9 517
1712234797137 105029.9 518
1712234807256 105029.9 519
1712234817365 105029.9 520
1712234827482 105029.9 521
1712234837601 105029.9 522
1712234847722 105029.9 523
1712234857817 105029.9 524
1712234867901 105029.9 525
1712234878003 105029.9 526
1712234888097 105029.9 527
1712234898194 105029.9 528
1712234908283 105029.9 529
1712234918372 105029.9 530
1712234928458 105029.9 531
1712234938580 105029.9 532
1712234948685 105029.9 533
1712234958792 105029.9 534
1712234968888 105029.9 535
1712234978971 105029.9 536
1712234989080 105029.9 537
1712234999177 105029.9 538
1712235009277 105029.9 539
1712235019380 105029.9 540
1712235029468 105029.9 541
1712235039562 105029.9 542
1712235049651 105029.9 543
1712235059742 105029.9 544
1712235069830 105029.9 545
1712235079933 105029.9 546
1712235090024 105029.9 547
1712235100133 105029.9 548
1712235110224 105029.9 549
1712235120325 118133.4 550
1712235130432 114330.3 551
1712235140527 112114.0 552
1712235150630 112114.0 553
1712235160739 112114.0 554
1712235170843 112114.0 555
1712235180955 112114.0 556
1712235191056 112114.0 557
1712235201141 112114.0 558
1712235211242 112114.0 559
1712235221350 112114.0 560
1712235231438 112114.0 561
1712235241529 112114.0 562
1712235251623 112114.0 563
1712235261720 112114.0 564
1712235271818 112114.0 565
1712235281912 112114.0 566
1712235292021 112114.0 567
1712235302143 115241.5 568
1712235312250 108724.5 569
1712235322368 106548.5 570
1712235332467 105021.2 571
1712235343355 105021.2 572
1712235353457 105021.2 573
1712235363568 105021.2 574
1712235373684 105021.2 575
1712235383790 105021.2 576
1712235393893 105021.2 577
1712235403993 105021.2 578
1712235414102 105021.2 579
1712235424211 105021.2 580
1712235434313 105021.2 581
1712235444405 105021.2 582
1712235454544 105020.7 583
1712235464661 105020.7 584
1712235474775 105020.7 585
1712235484890 105020.7 586
1712235494946 105020.7 587
1712235505047 105020.7 588
1712235515140 105020.7 589
1712235525245 105020.7 590
1712235535322 105020.7 591
1712235545447 105020.7 592
1712235555537 105020.7 593
1712235565586 105020.7 594
1712235575683 105020.7 595
1712235585782 105020.7 596
1712235595890 105020.7 597
1712235605986 105020.7 598
1712235616081 105020.7 599
1712235626171 105020.7 600
1712235636263 105020.7 601
1712235646366 105020.7 602
1712235656457 105020.7 603
1712235666561 105020.7 604
1712235676664 105020.7 605
1712235686765 105020.7 606
1712235696866 105020.7 607
1712235706968 105020.7 608
1712235717077 105020.7 609
1712235727171 105020.7 610
1712235737284 105020.7 611
1712235747376 105020.7 612
1712235757474 105020.7 613
1712235767568 105020.7 614
1712235777673 105020.7 615
1712235787768 105020.7 616
1712235797862 105020.7 617
1712235807967 105020.7 618
1712235818075 105020.7 619
1712235828177 105020.7 620
1712235838273 105020.7 621
1712235848364 105020.7 622
1712235858449 105020.7 623
1712235868551 105020.7 624
1712235878655 105020.7 625
1712235888753 105020.7 626
1712235898846 105020.7 627
1712235908943 105020.7 628
1712235919034 105020.7 629
1712235929127 105020.7 630
1712235939217 105020.7 631
1712235949308 105020.7 632
1712235959405 105020.7 633
1712235969510 105020.7 634
1712235979606 105020.7 635
1712235989718 105020.7 636
1712235999821 105020.7 637
1712236009920 105020.7 638
1712236020011 105020.7 639
1712236030105 105020.7 640
1712236040200 105020.7 641
1712236050294 105020.7 642
1712236060336 105020.7 643
1712236070438 105020.7 644
1712236080538 105020.7 645
1712236090633 105020.7 646
1712236100723 105020.7 647
1712236110817 105020.7 648
1712236120918 105020.7 649
1712236131011 105020.7 650
1712236141119 105020.7 651
1712236151206 105020.7 652
1712236161315 105020.7 653
1712236171409 105020.7 654
1712236181514 105020.7 655
1712236191608 105020.7 656
1712236201712 105020.7 657
1712236211802 105020.7 658
1712236221914 105020.7 659
1712236232026 105020.7 660
1712236242126 105020.7 661
1712236252217 105020.7 662
1712236262313 105020.7 663
1712236272428 105020.7 664
1712236282556 105020.7 665
1712236292657 105020.7 666
1712236302764 105020.7 667
1712236312881 105020.7 668
1712236322981 105020.7 669
1712236333069 105020.7 670
1712236343171 105020.7 671
1712236353271 105020.7 672
1712236363396 105020.7 673
1712236373506 105020.7 674
1712236383609 105020.7 675
1712236393725 105020.7 676
1712236403828 105020.7 677
1712236413966 105020.7 678
1712236424071 105020.7 679
1712236434190 105020.7 680
1712236444293 105020.7 681
1712236454402 105020.7 682
1712236464509 105020.7 683
1712236474615 105020.7 684
1712236484716 105020.7 685
1712236494818 105020.7 686
1712236504929 105020.1 687
1712236515018 105020.1 688
1712236525126 105020.1 689
1712236535234 105020.1 690
1712236545330 117464.5 691
1712236555434 114749.0 692
1712236565536 111486.4 693
1712236575640 111486.4 694
1712236585746 111486.4 695
1712236595855 111486.4 696
1712236605956 111486.4 697
1712236616052 111486.4 698
1712236626149 111486.4 699
1712236636251 111486.4 700
1712236646348 111486.4 701
1712236656444 111486.4 702
1712236666540 111486.4 703
1712236676636 111486.4 704
1712236686727 111486.4 705
1712236696829 111486.4 706
1712236706937 111486.4 707
1712236717053 111486.4 708
1712236727187 115632.4 709
1712236737315 109070.7 710
1712236747423 107980.1 711
