1712229564048 150995.2 0
1712229574152 152625.3 1
1712229584266 159154.7 2
1712229594363 163510.4 3
1712229604440 167998.5 4
1712229614573 169079.4 5
1712229624644 169079.4 6
1712229634736 169079.4 7
1712229644825 169079.4 8
1712229654901 169079.4 9
1712229664978 169079.4 10
1712229675049 169079.4 11
1712229685136 169079.4 12
1712229695202 169079.4 13
1712229705281 169079.4 14
1712229715356 169079.4 15
1712229725420 169079.4 16
1712229735493 169079.4 17
1712229745581 169079.4 18
1712229755660 169079.4 19
1712229765773 169079.4 20
1712229775841 169079.4 21
1712229785911 169079.4 22
1712229795987 169079.4 23
1712229806072 169079.4 24
1712229816159 169079.4 25
1712229826234 169079.4 26
1712229836307 169079.4 27
1712229846387 169079.4 28
1712229856457 169079.4 29
1712229866546 169079.4 30
1712229876639 169079.4 31
1712229886710 169079.4 32
1712229896773 169079.5 33
1712229906859 169079.5 34
1712229916931 169079.5 35
1712229927012 169079.5 36
1712229937088 169079.5 37
1712229947161 169079.5 38
1712229957239 169079.5 39
1712229967306 169079.5 40
1712229977384 169079.5 41
1712229987461 169079.5 42
1712229997549 169079.5 43
1712230007633 169079.5 44
1712230017719 169079.5 45
1712230027803 169079.5 46
1712230037882 169079.5 47
1712230047948 169079.5 48
1712230058038 169079.5 49
1712230068117 169079.5 50
1712230078210 169079.5 51
1712230088303 169079.5 52
1712230098371 169079.5 53
1712230108445 169079.5 54
1712230118527 169079.5 55
1712230128629 169079.5 56
1712230138713 169079.5 57
1712230148789 169079.5 58
1712230158882 169079.5 59
1712230168947 169079.5 60
1712230179025 169079.5 61
1712230189113 169079.5 62
1712230199191 169079.5 63
1712230209267 169079.5 64
1712230219342 169079.5 65
1712230229431 169079.5 66
1712230239529 169079.5 67
1712230249600 169079.5 68
1712230259672 169080.0 69
1712230269763 169080.0 70
1712230279850 169080.0 71
1712230289931 169080.0 72
1712230300024 169080.0 73
1712230310094 169080.0 74
1712230320164 169080.0 75
1712230330255 169080.0 76
1712230340358 169080.0 77
1712230350450 169080.0 78
1712230360525 169080.0 79
1712230370618 169080.0 80
1712230380700 169080.0 81
1712230390792 169080.0 82
1712230400892 169080.0 83
1712230410975 169080.0 84
1712230421075 169080.0 85
1712230431161 169080.0 86
1712230441247 169080.0 87
1712230451337 169080.0 88
1712230461426 169080.0 89
1712230471523 169080.0 90
1712230481609 169080.0 91
1712230491680 169080.0 92
1712230501779 169080.0 93
1712230511878 169080.0 94
1712230521998 169080.0 95
1712230532099 169080.0 96
1712230542186 169080.0 97
1712230552272 169080.0 98
1712230562356 169080.0 99
1712230572439 169080.0 100
1712230582536 169080.0 101
1712230592611 169080.0 102
1712230602720 169080.0 103
1712230612801 169080.0 104
1712230622895 169080.0 105
1712230632969 169080.0 106
1712230643065 169080.0 107
1712230653165 169080.0 108
1712230663267 169080.0 109
1712230673361 169080.0 110
1712230683454 169080.0 111
1712230693535 169080.0 112
1712230703632 169080.0 113
1712230713706 169080.0 114
1712230723788 169080.0 115
1712230733861 169080.0 116
1712230743932 169080.0 117
1712230754023 169080.0 118
1712230764112 169080.0 119
1712230774192 169080.0 120
1712230784262 169080.0 121
1712230794340 169080.0 122
1712230804419 169080.0 123
1712230814491 169080.0 124
1712230824587 158040.7 125
1712230834672 160804.4 126
1712230844753 162979.6 127
1712230854852 162979.6 128
1712230864931 162979.6 129
1712230875014 162979.6 130
1712230885090 162979.6 131
1712230895172 162979.6 132
1712230905257 162979.6 133
1712230915332 162979.6 134
1712230925428 162979.6 135
1712230935512 162979.6 136
1712230945597 162979.6 137
1712230955676 162979.6 138
1712230965776 162979.6 139
1712230975867 162979.6 140
1712230985949 162979.6 141
1712230996039 162979.6 142
1712231006169 159422.3 143
1712231016269 165926.3 144
1712231026359 169181.6 145
1712231036446 170942.7 146
1712231046545 170942.7 147
1712231056631 170942.7 148
1712231066747 170942.7 149
1712231076838 170942.7 150
1712231086927 170942.7 151
1712231097011 170942.7 152
1712231107092 170942.7 153
1712231117203 170942.7 154
1712231127321 170942.7 155
1712231137401 170942.7 156
1712231147491 170942.7 157
1712231157583 170942.8 158
1712231167684 170942.8 159
1712231177760 170942.8 160
1712231187836 170942.8 161
1712231197916 170942.8 162
1712231207992 170942.8 163
1712231218078 170942.8 164
1712231228172 170942.8 165
1712231238262 170942.8 166
1712231248355 170942.8 167
1712231258436 170942.8 168
1712231268522 170942.8 169
1712231278606 170942.8 170
1712231288698 170943.3 171
1712231298782 170943.3 172
1712231308882 170943.3 173
1712231318963 170943.3 174
1712231329036 170943.3 175
1712231339133 170943.3 176
1712231349221 170943.3 177
1712231359307 170943.3 178
1712231369391 170943.3 179
1712231379480 170943.3 180
1712231389561 170943.3 181
1712231399658 170943.3 182
1712231409752 170943.3 183
1712231419848 170943.3 184
1712231429931 170943.3 185
1712231440044 170943.3 186
1712231450151 170943.3 187
1712231460233 170943.3 188
1712231470331 170943.3 189
1712231480417 170943.3 190
1712231490514 170943.3 191
1712231500627 170943.3 192
1712231510731 170943.3 193
1712231520810 170943.3 194
1712231530901 170943.3 195
1712231540988 170943.3 196
1712231551079 170943.3 197
1712231561174 170943.3 198
1712231571261 170943.3 199
1712231581337 170943.3 200
1712231591429 170943.3 201
1712231601537 170943.3 202
1712231611624 170943.3 203
1712231621733 170943.3 204
1712231631812 170943.3 205
1712231641899 170943.3 206
1712231651997 170943.3 207
1712231662038 170943.3 208
1712231672070 170943.3 209
1712231682159 170943.3 210
1712231692251 170943.3 211
1712231702343 170943.3 212
1712231712458 170943.3 213
1712231722551 170943.3 214
1712231732644 170943.3 215
1712231742728 170943.3 216
1712231752838 170943.3 217
1712231762933 170943.3 218
1712231773035 170943.3 219
1712231783126 170943.3 220
1712231793222 170943.3 221
1712231803309 170943.3 222
1712231813405 170943.3 223
1712231823513 170943.3 224
1712231833598 170943.3 225
1712231843697 170943.3 226
1712231853805 170943.3 227
1712231863890 170943.3 228
1712231874000 170943.3 229
1712231884095 170943.3 230
1712231894196 170943.3 231
1712231904290 170943.3 232
1712231914380 170943.3 233
1712231924490 170943.3 234
1712231934568 170943.3 235
1712231944659 170943.3 236
1712231954764 170943.3 237
1712231964848 170943.3 238
1712231974928 170943.3 239
1712231985011 170943.3 240
1712231995102 170943.3 241
1712232005207 170943.3 242
1712232015306 170943.3 243
1712232025381 170943.3 244
1712232035490 170943.3 245
1712232045587 170943.3 246
1712232055676 170943.3 247
1712232065760 170943.3 248
1712232075879 170943.3 249
1712232085971 170943.3 250
1712232096064 170943.3 251
1712232106164 170943.3 252
1712232116283 170943.3 253
1712232126379 170943.3 254
1712232136462 170943.3 255
1712232146553 170943.3 256
1712232156652 170943.3 257
1712232166731 170943.3 258
1712232176834 170943.3 259
1712232186939 170943.3 260
1712232197055 170943.3 261
1712232207160 170943.3 262
1712232217278 170943.3 263
1712232227381 170943.3 264
1712232237489 170943.3 265
1712232247611 161240.5 266
1712232257734 161240.5 267
1712232267833 163991.0 268
1712232277944 163991.0 269
1712232288051 163991.0 270
1712232298175 163991.0 271
1712232308284 163991.0 272
1712232318390 163991.0 273
1712232328499 163991.0 274
1712232338609 163991.5 275
1712232348721 163991.5 276
1712232358831 163991.5 277
1712232368941 163991.5 278
1712232379057 163991.5 279
1712232389156 163991.5 280
1712232399259 163991.5 281
1712232409366 163991.5 282
1712232420830 163991.5 283
1712232430948 158762.7 284
1712232441141 164270.3 285
1712232451349 167539.7 286
1712232461483 169699.5 287
1712232471597 171133.8 288
1712232481703 171133.8 289
1712232491812 171133.8 290
1712232501941 171133.8 291
1712232512049 171133.8 292
1712232522159 171133.8 293
1712232532278 171133.8 294
1712232542388 171133.8 295
1712232552500 171133.8 296
1712232562631 171133.8 297
1712232572751 171133.8 298
1712232582890 171133.8 299
1712232592996 171133.8 300
1712232603130 171133.8 301
1712232613238 171133.8 302
1712232623352 171133.8 303
1712232633451 171133.8 304
1712232643578 171133.8 305
1712232653680 171133.8 306
1712232663790 171133.8 307
1712232673907 171133.8 308
1712232684020 171133.8 309
1712232694141 171133.8 310
1712232704246 171133.8 311
1712232714290 171133.8 312
1712232724401 171133.8 313
1712232734522 171133.8 314
1712232744622 171133.8 315
1712232754740 171133.8 316
1712232764827 171133.8 317
1712232774926 171133.8 318
1712232785014 171133.8 319
1712232795103 171133.8 320
1712232805185 171133.8 321
1712232815287 171133.8 322
1712232825372 171133.8 323
1712232835464 171133.8 324
1712232845563 171133.8 325
1712232855657 171133.8 326
1712232865742 171133.8 327
1712232875834 171133.8 328
1712232885925 171133.8 329
1712232896003 171133.8 330
1712232906100 171133.8 331
1712232916178 171133.8 332
1712232926277 171133.8 333
1712232936370 171133.8 334
1712232946462 171133.8 335
1712232956549 171133.8 336
1712232966638 171133.8 337
1712232976729 171133.8 338
1712232986810 171133.8 339
1712232996917 171133.8 340
1712233007016 171133.8 341
1712233017100 171133.8 342
1712233027191 171133.8 343
1712233037282 171133.8 344
1712233047368 171133.8 345
1712233057467 171133.8 346
1712233067568 171133.8 347
1712233077600 171133.9 348
1712233087684 171133.9 349
1712233097721 171133.9 350
1712233107804 171133.9 351
1712233117896 171133.9 352
1712233127999 171133.9 353
1712233138090 171133.9 354
1712233148180 171133.9 355
1712233158268 171133.9 356
1712233168370 171133.9 357
1712233178476 171133.9 358
1712233188580 171133.9 359
1712233198681 171133.9 360
1712233208783 171133.9 361
1712233218894 171133.9 362
1712233228985 171133.9 363
1712233239078 171133.9 364
1712233249181 171133.9 365
1712233259276 171133.9 366
1712233269367 171133.9 367
1712233279458 171133.9 368
1712233289553 171133.9 369
1712233299659 171133.9 370
1712233309757 171133.9 371
1712233319802 171133.9 372
1712233329903 171133.9 373
1712233340020 171133.9 374
1712233350065 171133.9 375
1712233360170 171133.9 376
1712233370288 171133.9 377
1712233380337 171134.4 378
1712233390432 171134.4 379
1712233400533 171134.4 380
1712233410625 171134.4 381
1712233420716 171134.4 382
1712233430817 171134.4 383
1712233440925 171134.4 384
1712233451010 171134.4 385
1712233461110 171134.4 386
1712233471205 171134.4 387
1712233481308 171134.4 388
1712233491409 171134.4 389
1712233501510 171134.4 390
1712233511607 171134.4 391
1712233521711 171134.4 392
1712233531814 171134.4 393
1712233541910 171134.4 394
1712233551997 171134.4 395
1712233562093 171134.4 396
1712233572192 171134.4 397
1712233582287 171134.4 398
1712233592393 171134.4 399
1712233602493 171134.4 400
1712233612594 171134.4 401
1712233622672 171134.4 402
1712233632755 171134.4 403
1712233642844 171134.4 404
1712233652941 171134.4 405
1712233663030 171134.4 406
1712233673122 171134.4 407
1712233683217 157971.0 408
1712233693298 159598.7 409
1712233703399 163964.9 410
1712233713485 163964.9 411
1712233723580 163964.9 412
1712233733670 163964.9 413
1712233743769 163964.9 414
1712233753867 163964.9 415
1712233764679 163964.9 416
1712233774771 163964.9 417
1712233784875 163964.9 418
1712233794967 163964.9 419
1712233805056 163964.9 420
1712233815156 163964.9 421
1712233825258 163964.9 422
1712233835306 163964.9 423
1712233845398 163964.9 424
1712233855486 163964.9 425
1712233865583 158953.7 426
1712233875829 164406.7 427
1712233886142 169618.8 428
1712233896254 171117.2 429
1712233906354 171117.2 430
1712233916456 171117.2 431
1712233926602 171117.2 432
1712233936709 171117.2 433
1712233946824 171117.2 434
1712233956926 171117.2 435
1712233967045 171117.2 436
1712233977154 171117.2 437
1712233987253 171117.2 438
1712233997350 171117.2 439
1712234007465 171117.2 440
1712234017552 171117.2 441
1712234027660 171117.2 442
1712234037796 171117.2 443
1712234047921 171117.2 444
1712234058044 171117.2 445
1712234068173 171117.2 446
1712234078287 171117.2 447
1712234088413 171117.2 448
1712234098529 171117.2 449
1712234108644 171117.2 450
1712234118772 171117.2 451
1712234128890 171117.2 452
1712234139001 171117.2 453
1712234149124 171117.2 454
1712234159254 171117.2 455
1712234169395 171117.2 456
1712234179521 171117.2 457
1712234189638 171117.2 458
1712234199755 171117.2 459
1712234209871 171117.2 460
1712234219990 171117.2 461
1712234230125 171117.2 462
1712234240246 171117.2 463
1712234250362 171117.2 464
1712234260471 171117.2 465
1712234270599 171117.2 466
1712234280716 171117.2 467
1712234290843 171117.2 468
1712234300958 171117.2 469
1712234311076 171117.2 470
1712234321193 171117.2 471
1712234331307 171117.2 472
1712234341425 171117.2 473
1712234351537 171117.2 474
1712234361662 171117.2 475
1712234371787 171117.2 476
1712234381835 171117.2 477
1712234391950 171117.2 478
1712234402065 171117.2 479
1712234412194 171117.8 480
1712234422316 171117.8 481
1712234432438 171117.8 482
1712234442558 171117.8 483
1712234452678 171117.8 484
1712234462802 171117.8 485
1712234472918 171117.8 486
1712234483041 171117.8 487
1712234493169 171117.8 488
1712234503299 171117.8 489
1712234513423 171117.8 490
1712234523534 171117.8 491
1712234533649 171117.8 492
1712234543766 171117.8 493
1712234554500 171117.8 494
1712234564617 171117.8 495
1712234574745 171117.8 496
1712234584899 171117.8 497
1712234595024 171117.8 498
1712234605146 171117.8 499
1712234615274 171117.8 500
1712234625381 171117.8 501
1712234635492 171117.8 502
1712234645610 171117.8 503
1712234655716 171117.8 504
1712234665820 171117.8 505
1712234675914 171117.8 506
1712234686007 171117.8 507
1712234696105 171117.8 508
1712234706192 171117.8 509
1712234716316 171117.8 510
1712234726412 171117.8 511
1712234736523 171117.8 512
1712234746620 171117.8 513
1712234756703 171117.8 514
1712234766820 171117.8 515
1712234776926 171117.8 516
1712234787043 171117.8 517
1712234797137 171117.8 518
1712234807256 171117.8 519
1712234817365 171117.8 520
1712234827482 171117.8 521
1712234837601 171117.8 522
1712234847722 171117.8 523
1712234857817 171117.8 524
1712234867901 171117.8 525
1712234878003 171117.8 526
1712234888097 171117.8 527
1712234898194 171117.8 528
1712234908283 171117.8 529
1712234918372 171117.8 530
1712234928458 171117.8 531
1712234938580 171117.8 532
1712234948685 171117.8 533
1712234958792 171117.8 534
1712234968888 171117.8 535
1712234978971 171117.8 536
1712234989080 171117.8 537
1712234999177 171117.8 538
1712235009277 171117.8 539
1712235019380 171117.8 540
1712235029468 171117.8 541
1712235039562 171117.8 542
1712235049651 171117.8 543
1712235059742 171117.8 544
1712235069830 171117.8 545
1712235079933 171117.8 546
1712235090024 171117.8 547
1712235100133 171117.8 548
1712235110224 171117.8 549
1712235120325 158014.3 550
1712235130432 161817.4 551
1712235140527 164033.8 552
1712235150630 164033.8 553
1712235160739 164033.8 554
1712235170843 164033.8 555
1712235180955 164033.8 556
1712235191056 164033.8 557
1712235201141 164033.8 558
1712235211242 164033.8 559
1712235221350 164033.8 560
1712235231438 164033.8 561
1712235241529 164033.8 562
1712235251623 164033.8 563
1712235261720 164033.8 564
1712235271818 164033.8 565
1712235281912 164033.8 566
1712235292021 164033.8 567
1712235302143 160906.3 568
1712235312250 167423.3 569
1712235322368 169599.3 570
1712235332467 171126.5 571
1712235343355 171126.5 572
1712235353457 171126.5 573
1712235363568 171126.5 574
1712235373684 171126.5 575
1712235383790 171126.5 576
1712235393893 171126.5 577
1712235403993 171126.5 578
1712235414102 171126.5 579
1712235424211 171126.5 580
1712235434313 171126.5 581
1712235444405 171126.5 582
1712235454544 171127.0 583
1712235464661 171127.0 584
1712235474775 171127.0 585
1712235484890 171127.0 586
1712235494946 171127.0 587
1712235505047 171127.0 588
1712235515140 171127.0 589
1712235525245 171127.0 590
1712235535322 171127.0 591
1712235545447 171127.0 592
1712235555537 171127.0 593
1712235565586 171127.0 594
1712235575683 171127.0 595
1712235585782 171127.0 596
1712235595890 171127.0 597
1712235605986 171127.0 598
1712235616081 171127.0 599
1712235626171 171127.0 600
1712235636263 171127.0 601
1712235646366 171127.0 602
1712235656457 171127.0 603
1712235666561 171127.0 604
1712235676664 171127.0 605
1712235686765 171127.0 606
1712235696866 171127.0 607
1712235706968 171127.0 608
1712235717077 171127.0 609
1712235727171 171127.0 610
1712235737284 171127.0 611
1712235747376 171127.0 612
1712235757474 171127.0 613
1712235767568 171127.0 614
1712235777673 171127.0 615
1712235787768 171127.0 616
1712235797862 171127.0 617
1712235807967 171127.0 618
1712235818075 171127.0 619
1712235828177 171127.0 620
1712235838273 171127.0 621
1712235848364 171127.0 622
1712235858449 171127.0 623
1712235868551 171127.0 624
1712235878655 171127.0 625
1712235888753 171127.0 626
1712235898846 171127.0 627
1712235908943 171127.0 628
1712235919034 171127.0 629
1712235929127 171127.0 630
1712235939217 171127.0 631
1712235949308 171127.0 632
1712235959405 171127.0 633
1712235969510 171127.0 634
1712235979606 171127.0 635
1712235989718 171127.0 636
1712235999821 171127.0 637
1712236009920 171127.0 638
1712236020011 171127.0 639
1712236030105 171127.0 640
1712236040200 171127.0 641
1712236050294 171127.0 642
1712236060336 171127.0 643
1712236070438 171127.0 644
1712236080538 171127.0 645
1712236090633 171127.0 646
1712236100723 171127.0 647
1712236110817 171127.0 648
1712236120918 171127.0 649
1712236131011 171127.0 650
1712236141119 171127.0 651
1712236151206 171127.0 652
1712236161315 171127.0 653
1712236171409 171127.0 654
1712236181514 171127.0 655
1712236191608 171127.0 656
1712236201712 171127.0 657
1712236211802 171127.0 658
1712236221914 171127.0 659
1712236232026 171127.0 660
1712236242126 171127.0 661
1712236252217 171127.0 662
1712236262313 171127.0 663
1712236272428 171127.0 664
1712236282556 171127.1 665
1712236292657 171127.1 666
1712236302764 171127.1 667
1712236312881 171127.1 668
1712236322981 171127.1 669
1712236333069 171127.1 670
1712236343171 171127.1 671
1712236353271 171127.1 672
1712236363396 171127.1 673
1712236373506 171127.1 674
1712236383609 171127.1 675
1712236393725 171127.1 676
1712236403828 171127.1 677
1712236413966 171127.1 678
1712236424071 171127.1 679
1712236434190 171127.1 680
1712236444293 171127.1 681
1712236454402 171127.1 682
1712236464509 171127.1 683
1712236474615 171127.1 684
1712236484716 171127.1 685
1712236494818 171127.1 686
1712236504929 171127.6 687
1712236515018 171127.6 688
1712236525126 171127.6 689
1712236535234 171127.6 690
1712236545330 158683.3 691
1712236555434 161398.7 692
1712236565536 164661.3 693
1712236575640 164661.3 694
1712236585746 164661.3 695
1712236595855 164661.3 696
1712236605956 164661.3 697
1712236616052 164661.3 698
1712236626149 164661.3 699
1712236636251 164661.3 700
1712236646348 164661.3 701
1712236656444 164661.3 702
1712236666540 164661.3 703
1712236676636 164661.3 704
1712236686727 164661.3 705
1712236696829 164661.3 706
1712236706937 164661.3 707
1712236717053 164661.3 708
1712236727187 160515.3 709
1712236737315 167077.1 710
1712236747423 168167.7 711
