1712229564048 2.9 0
1712229574152 2.9 1
1712229584266 6.6 2
1712229594363 6.6 3
1712229604440 6.6 4
1712229614573 38.9 5
1712229624644 38.9 6
1712229634736 38.9 7
1712229644825 38.9 8
1712229654901 38.9 9
1712229664978 38.9 10
1712229675049 38.9 11
1712229685136 38.9 12
1712229695202 38.9 13
1712229705281 38.9 14
1712229715356 38.9 15
1712229725420 38.9 16
1712229735493 38.9 17
1712229745581 38.9 18
1712229755660 38.9 19
1712229765773 38.9 20
1712229775841 38.9 21
1712229785911 38.9 22
1712229795987 38.9 23
1712229806072 38.9 24
1712229816159 38.9 25
1712229826234 38.9 26
1712229836307 38.9 27
1712229846387 38.9 28
1712229856457 38.9 29
1712229866546 38.9 30
1712229876639 38.9 31
1712229886710 38.9 32
1712229896773 38.9 33
1712229906859 38.9 34
1712229916931 38.9 35
1712229927012 38.9 36
1712229937088 38.9 37
1712229947161 38.9 38
1712229957239 38.9 39
1712229967306 38.9 40
1712229977384 38.9 41
1712229987461 38.9 42
1712229997549 38.9 43
1712230007633 38.9 44
1712230017719 38.9 45
1712230027803 38.9 46
1712230037882 38.9 47
1712230047948 38.9 48
1712230058038 38.9 49
1712230068117 38.9 50
1712230078210 38.9 51
1712230088303 38.9 52
1712230098371 38.9 53
1712230108445 38.9 54
1712230118527 38.9 55
1712230128629 38.9 56
1712230138713 38.9 57
1712230148789 38.9 58
1712230158882 38.9 59
1712230168947 38.9 60
1712230179025 38.9 61
1712230189113 38.9 62
1712230199191 38.9 63
1712230209267 38.9 64
1712230219342 38.9 65
1712230229431 38.9 66
1712230239529 38.9 67
1712230249600 38.9 68
1712230259672 38.9 69
1712230269763 38.9 70
1712230279850 38.9 71
1712230289931 38.9 72
1712230300024 38.9 73
1712230310094 38.9 74
1712230320164 38.9 75
1712230330255 38.9 76
1712230340358 38.9 77
1712230350450 38.9 78
1712230360525 38.9 79
1712230370618 38.9 80
1712230380700 38.9 81
1712230390792 38.9 82
1712230400892 38.9 83
1712230410975 38.9 84
1712230421075 38.9 85
1712230431161 38.9 86
1712230441247 38.9 87
1712230451337 38.9 88
1712230461426 38.9 89
1712230471523 38.9 90
1712230481609 38.9 91
1712230491680 38.9 92
1712230501779 38.9 93
1712230511878 38.9 94
1712230521998 38.9 95
1712230532099 38.9 96
1712230542186 38.9 97
1712230552272 38.9 98
1712230562356 38.9 99
1712230572439 38.9 100
1712230582536 38.9 101
1712230592611 38.9 102
1712230602720 38.9 103
1712230612801 38.9 104
1712230622895 38.9 105
1712230632969 38.9 106
1712230643065 38.9 107
1712230653165 38.9 108
1712230663267 38.9 109
1712230673361 38.9 110
1712230683454 38.9 111
1712230693535 38.9 112
1712230703632 38.9 113
1712230713706 38.9 114
1712230723788 38.9 115
1712230733861 38.9 116
1712230743932 38.9 117
1712230754023 38.9 118
1712230764112 38.9 119
1712230774192 38.9 120
1712230784262 38.9 121
1712230794340 38.9 122
1712230804419 38.9 123
1712230814491 38.9 124
1712230824587 39.0 125
1712230834672 39.0 126
1712230844753 48.6 127
1712230854852 48.6 128
1712230864931 48.6 129
1712230875014 48.6 130
1712230885090 48.6 131
1712230895172 48.6 132
1712230905257 48.6 133
1712230915332 48.6 134
1712230925428 48.6 135
1712230935512 48.6 136
1712230945597 48.6 137
1712230955676 48.6 138
1712230965776 48.6 139
1712230975867 48.6 140
1712230985949 48.6 141
1712230996039 48.6 142
1712231006169 48.6 143
1712231016269 48.6 144
1712231026359 48.6 145
1712231036446 48.6 146
1712231046545 48.6 147
1712231056631 48.6 148
1712231066747 48.6 149
1712231076838 48.6 150
1712231086927 48.6 151
1712231097011 48.6 152
1712231107092 48.6 153
1712231117203 48.6 154
1712231127321 48.6 155
1712231137401 48.6 156
1712231147491 48.6 157
1712231157583 48.6 158
1712231167684 48.6 159
1712231177760 48.6 160
1712231187836 48.6 161
1712231197916 48.6 162
1712231207992 48.6 163
1712231218078 48.6 164
1712231228172 48.6 165
1712231238262 48.6 166
1712231248355 48.6 167
1712231258436 48.6 168
1712231268522 48.6 169
1712231278606 48.6 170
1712231288698 48.6 171
1712231298782 48.6 172
1712231308882 48.6 173
1712231318963 48.6 174
1712231329036 48.6 175
1712231339133 48.6 176
1712231349221 48.6 177
1712231359307 48.6 178
1712231369391 48.6 179
1712231379480 48.6 180
1712231389561 48.6 181
1712231399658 48.6 182
1712231409752 48.6 183
1712231419848 48.6 184
1712231429931 48.6 185
1712231440044 48.6 186
1712231450151 48.6 187
1712231460233 48.6 188
1712231470331 48.6 189
1712231480417 48.6 190
1712231490514 48.6 191
1712231500627 48.6 192
1712231510731 48.6 193
1712231520810 48.6 194
1712231530901 48.6 195
1712231540988 48.6 196
1712231551079 48.6 197
1712231561174 48.6 198
1712231571261 48.6 199
1712231581337 48.6 200
1712231591429 48.6 201
1712231601537 48.6 202
1712231611624 48.6 203
1712231621733 48.6 204
1712231631812 48.6 205
1712231641899 48.6 206
1712231651997 48.6 207
1712231662038 48.6 208
1712231672070 48.6 209
1712231682159 48.6 210
1712231692251 48.6 211
1712231702343 48.6 212
1712231712458 48.6 213
1712231722551 48.6 214
1712231732644 48.6 215
1712231742728 48.6 216
1712231752838 48.6 217
1712231762933 48.6 218
1712231773035 48.6 219
1712231783126 48.6 220
1712231793222 48.6 221
1712231803309 48.6 222
1712231813405 48.6 223
1712231823513 48.6 224
1712231833598 48.6 225
1712231843697 48.6 226
1712231853805 48.6 227
1712231863890 48.6 228
1712231874000 48.6 229
1712231884095 48.6 230
1712231894196 48.6 231
1712231904290 48.6 232
1712231914380 48.6 233
1712231924490 48.6 234
1712231934568 48.6 235
1712231944659 48.6 236
1712231954764 48.6 237
1712231964848 48.6 238
1712231974928 48.6 239
1712231985011 48.6 240
1712231995102 48.6 241
1712232005207 48.6 242
1712232015306 48.6 243
1712232025381 48.6 244
1712232035490 48.6 245
1712232045587 48.6 246
1712232055676 48.6 247
1712232065760 48.6 248
1712232075879 48.6 249
1712232085971 48.6 250
1712232096064 48.6 251
1712232106164 48.6 252
1712232116283 48.6 253
1712232126379 48.6 254
1712232136462 48.6 255
1712232146553 48.6 256
1712232156652 48.6 257
1712232166731 48.6 258
1712232176834 48.6 259
1712232186939 48.6 260
1712232197055 48.6 261
1712232207160 48.6 262
1712232217278 48.6 263
1712232227381 48.6 264
1712232237489 48.6 265
1712232247611 48.6 266
1712232257734 48.6 267
1712232267833 48.6 268
1712232277944 48.6 269
1712232288051 48.6 270
1712232298175 48.6 271
1712232308284 48.6 272
1712232318390 48.6 273
1712232328499 48.6 274
1712232338609 48.6 275
1712232348721 48.6 276
1712232358831 48.6 277
1712232368941 48.6 278
1712232379057 48.6 279
1712232389156 48.6 280
1712232399259 48.6 281
1712232409366 48.6 282
1712232420830 48.6 283
1712232430948 48.6 284
1712232441141 48.6 285
1712232451349 48.6 286
1712232461483 48.6 287
1712232471597 48.6 288
1712232481703 48.6 289
1712232491812 48.6 290
1712232501941 48.6 291
1712232512049 48.6 292
1712232522159 48.6 293
1712232532278 48.6 294
1712232542388 48.6 295
1712232552500 48.6 296
1712232562631 48.6 297
1712232572751 48.6 298
1712232582890 48.6 299
1712232592996 48.6 300
1712232603130 48.6 301
1712232613238 48.6 302
1712232623352 48.6 303
1712232633451 48.6 304
1712232643578 48.6 305
1712232653680 48.6 306
1712232663790 48.6 307
1712232673907 48.6 308
1712232684020 48.6 309
1712232694141 48.6 310
1712232704246 48.6 311
1712232714290 48.6 312
1712232724401 48.6 313
1712232734522 48.6 314
1712232744622 48.6 315
1712232754740 48.6 316
1712232764827 48.6 317
1712232774926 48.6 318
1712232785014 48.6 319
1712232795103 48.6 320
1712232805185 48.6 321
1712232815287 48.6 322
1712232825372 48.6 323
1712232835464 48.6 324
1712232845563 48.6 325
1712232855657 48.6 326
1712232865742 48.6 327
1712232875834 48.6 328
1712232885925 48.6 329
1712232896003 48.6 330
1712232906100 48.6 331
1712232916178 48.6 332
1712232926277 48.6 333
1712232936370 48.6 334
1712232946462 48.6 335
1712232956549 48.6 336
1712232966638 48.6 337
1712232976729 48.6 338
1712232986810 48.6 339
1712232996917 48.6 340
1712233007016 48.6 341
1712233017100 48.6 342
1712233027191 48.6 343
1712233037282 48.6 344
1712233047368 48.6 345
1712233057467 48.6 346
1712233067568 48.6 347
1712233077600 48.6 348
1712233087684 48.6 349
1712233097721 48.6 350
1712233107804 48.6 351
1712233117896 48.6 352
1712233127999 48.6 353
1712233138090 48.6 354
1712233148180 48.6 355
1712233158268 48.6 356
1712233168370 48.6 357
1712233178476 48.6 358
1712233188580 48.6 359
1712233198681 48.6 360
1712233208783 48.6 361
1712233218894 48.6 362
1712233228985 48.6 363
1712233239078 48.6 364
1712233249181 48.6 365
1712233259276 48.6 366
1712233269367 48.6 367
1712233279458 48.6 368
1712233289553 48.6 369
1712233299659 48.6 370
1712233309757 48.6 371
1712233319802 48.6 372
1712233329903 48.6 373
1712233340020 48.6 374
1712233350065 48.6 375
1712233360170 48.6 376
1712233370288 48.6 377
1712233380337 48.6 378
1712233390432 48.6 379
1712233400533 48.6 380
1712233410625 48.6 381
1712233420716 48.6 382
1712233430817 48.6 383
1712233440925 48.6 384
1712233451010 48.6 385
1712233461110 48.6 386
1712233471205 48.6 387
1712233481308 48.6 388
1712233491409 48.6 389
1712233501510 48.6 390
1712233511607 48.6 391
1712233521711 48.6 392
1712233531814 48.6 393
1712233541910 48.6 394
1712233551997 48.6 395
1712233562093 48.6 396
1712233572192 48.6 397
1712233582287 48.6 398
1712233592393 48.6 399
1712233602493 48.6 400
1712233612594 48.6 401
1712233622672 48.6 402
1712233632755 48.6 403
1712233642844 48.6 404
1712233652941 48.6 405
1712233663030 48.6 406
1712233673122 48.6 407
1712233683217 48.6 408
1712233693298 48.6 409
1712233703399 48.6 410
1712233713485 48.6 411
1712233723580 48.6 412
1712233733670 48.6 413
1712233743769 48.6 414
1712233753867 48.6 415
1712233764679 48.6 416
1712233774771 48.6 417
1712233784875 48.6 418
1712233794967 48.6 419
1712233805056 48.6 420
1712233815156 48.6 421
1712233825258 48.6 422
1712233835306 48.6 423
1712233845398 48.6 424
1712233855486 48.6 425
1712233865583 48.6 426
1712233875829 48.6 427
1712233886142 48.6 428
1712233896254 48.6 429
1712233906354 48.6 430
1712233916456 48.6 431
1712233926602 48.6 432
1712233936709 48.6 433
1712233946824 48.6 434
1712233956926 48.6 435
1712233967045 48.6 436
1712233977154 48.6 437
1712233987253 48.6 438
1712233997350 48.6 439
1712234007465 48.6 440
1712234017552 48.6 441
1712234027660 48.6 442
1712234037796 48.6 443
1712234047921 48.6 444
1712234058044 48.6 445
1712234068173 48.6 446
1712234078287 48.6 447
1712234088413 48.6 448
1712234098529 48.6 449
1712234108644 48.6 450
1712234118772 48.6 451
1712234128890 48.6 452
1712234139001 48.6 453
1712234149124 48.6 454
1712234159254 48.6 455
1712234169395 48.6 456
1712234179521 48.6 457
1712234189638 48.6 458
1712234199755 48.6 459
1712234209871 48.6 460
1712234219990 48.6 461
1712234230125 48.6 462
1712234240246 48.6 463
1712234250362 48.6 464
1712234260471 48.6 465
1712234270599 48.6 466
1712234280716 48.6 467
1712234290843 48.6 468
1712234300958 48.6 469
1712234311076 48.6 470
1712234321193 48.6 471
1712234331307 48.6 472
1712234341425 48.6 473
1712234351537 48.6 474
1712234361662 48.6 475
1712234371787 48.6 476
1712234381835 48.6 477
1712234391950 48.6 478
1712234402065 48.6 479
1712234412194 48.6 480
1712234422316 48.6 481
1712234432438 48.6 482
1712234442558 48.6 483
1712234452678 48.6 484
1712234462802 48.6 485
1712234472918 48.6 486
1712234483041 48.6 487
1712234493169 48.6 488
1712234503299 48.6 489
1712234513423 48.6 490
1712234523534 48.6 491
1712234533649 48.6 492
1712234543766 48.6 493
1712234554500 48.6 494
1712234564617 48.6 495
1712234574745 48.6 496
1712234584899 48.6 497
1712234595024 48.6 498
1712234605146 48.6 499
1712234615274 48.6 500
1712234625381 48.6 501
1712234635492 48.6 502
1712234645610 48.6 503
1712234655716 48.6 504
1712234665820 48.6 505
1712234675914 48.6 506
1712234686007 48.6 507
1712234696105 48.6 508
1712234706192 48.6 509
1712234716316 48.6 510
1712234726412 48.6 511
1712234736523 48.6 512
1712234746620 48.6 513
1712234756703 48.6 514
1712234766820 48.6 515
1712234776926 48.6 516
1712234787043 48.6 517
1712234797137 48.6 518
1712234807256 48.6 519
1712234817365 48.6 520
1712234827482 48.6 521
1712234837601 48.6 522
1712234847722 48.6 523
1712234857817 48.6 524
1712234867901 48.6 525
1712234878003 48.6 526
1712234888097 48.6 527
1712234898194 48.6 528
1712234908283 48.6 529
1712234918372 48.6 530
1712234928458 48.6 531
1712234938580 48.6 532
1712234948685 48.6 533
1712234958792 48.6 534
1712234968888 48.6 535
1712234978971 48.6 536
1712234989080 48.6 537
1712234999177 48.6 538
1712235009277 48.6 539
1712235019380 48.6 540
1712235029468 48.6 541
1712235039562 48.6 542
1712235049651 48.6 543
1712235059742 48.6 544
1712235069830 48.6 545
1712235079933 48.6 546
1712235090024 48.6 547
1712235100133 48.6 548
1712235110224 48.6 549
1712235120325 48.6 550
1712235130432 48.6 551
1712235140527 48.6 552
1712235150630 48.6 553
1712235160739 48.6 554
1712235170843 48.6 555
1712235180955 48.6 556
1712235191056 48.6 557
1712235201141 48.6 558
1712235211242 48.6 559
1712235221350 48.6 560
1712235231438 48.6 561
1712235241529 48.6 562
1712235251623 48.6 563
1712235261720 48.6 564
1712235271818 48.6 565
1712235281912 48.6 566
1712235292021 48.6 567
1712235302143 48.6 568
1712235312250 48.6 569
1712235322368 48.6 570
1712235332467 48.6 571
1712235343355 48.6 572
1712235353457 48.6 573
1712235363568 48.6 574
1712235373684 48.6 575
1712235383790 48.6 576
1712235393893 48.6 577
1712235403993 48.6 578
1712235414102 48.6 579
1712235424211 48.6 580
1712235434313 48.6 581
1712235444405 48.6 582
1712235454544 48.6 583
1712235464661 48.6 584
1712235474775 48.6 585
1712235484890 48.6 586
1712235494946 48.6 587
1712235505047 48.6 588
1712235515140 48.6 589
1712235525245 48.6 590
1712235535322 48.6 591
1712235545447 48.6 592
1712235555537 48.6 593
1712235565586 48.6 594
1712235575683 48.6 595
1712235585782 48.6 596
1712235595890 48.6 597
1712235605986 48.6 598
1712235616081 48.6 599
1712235626171 48.6 600
1712235636263 48.6 601
1712235646366 48.6 602
1712235656457 48.6 603
1712235666561 48.6 604
1712235676664 48.6 605
1712235686765 48.6 606
1712235696866 48.6 607
1712235706968 48.6 608
1712235717077 48.6 609
1712235727171 48.6 610
1712235737284 48.6 611
1712235747376 48.6 612
1712235757474 48.6 613
1712235767568 48.6 614
1712235777673 48.6 615
1712235787768 48.6 616
1712235797862 48.6 617
1712235807967 48.6 618
1712235818075 48.6 619
1712235828177 48.6 620
1712235838273 48.6 621
1712235848364 48.6 622
1712235858449 48.6 623
1712235868551 48.6 624
1712235878655 48.6 625
1712235888753 48.6 626
1712235898846 48.6 627
1712235908943 48.6 628
1712235919034 48.6 629
1712235929127 48.6 630
1712235939217 48.6 631
1712235949308 48.6 632
1712235959405 48.6 633
1712235969510 48.6 634
1712235979606 48.6 635
1712235989718 48.6 636
1712235999821 48.6 637
1712236009920 48.6 638
1712236020011 48.6 639
1712236030105 48.6 640
1712236040200 48.6 641
1712236050294 48.6 642
1712236060336 48.6 643
1712236070438 48.6 644
1712236080538 48.6 645
1712236090633 48.6 646
1712236100723 48.6 647
1712236110817 48.6 648
1712236120918 48.6 649
1712236131011 48.6 650
1712236141119 48.6 651
1712236151206 48.6 652
1712236161315 48.6 653
1712236171409 48.6 654
1712236181514 48.6 655
1712236191608 48.6 656
1712236201712 48.6 657
1712236211802 48.6 658
1712236221914 48.6 659
1712236232026 48.6 660
1712236242126 48.6 661
1712236252217 48.6 662
1712236262313 48.6 663
1712236272428 48.6 664
1712236282556 48.6 665
1712236292657 48.6 666
1712236302764 48.6 667
1712236312881 48.6 668
1712236322981 48.6 669
1712236333069 48.6 670
1712236343171 48.6 671
1712236353271 48.6 672
1712236363396 48.6 673
1712236373506 48.6 674
1712236383609 48.6 675
1712236393725 48.6 676
1712236403828 48.6 677
1712236413966 48.6 678
1712236424071 48.6 679
1712236434190 48.6 680
1712236444293 48.6 681
1712236454402 48.6 682
1712236464509 48.6 683
1712236474615 48.6 684
1712236484716 48.6 685
1712236494818 48.6 686
1712236504929 48.6 687
1712236515018 48.6 688
1712236525126 48.6 689
1712236535234 48.6 690
1712236545330 48.6 691
1712236555434 48.6 692
1712236565536 48.6 693
1712236575640 48.6 694
1712236585746 48.6 695
1712236595855 48.6 696
1712236605956 48.6 697
1712236616052 48.6 698
1712236626149 48.6 699
1712236636251 48.6 700
1712236646348 48.6 701
1712236656444 48.6 702
1712236666540 48.6 703
1712236676636 48.6 704
1712236686727 48.6 705
1712236696829 48.6 706
1712236706937 48.6 707
1712236717053 48.6 708
1712236727187 48.6 709
1712236737315 48.6 710
1712236747423 48.6 711
