1712229564048 124.8 0
1712229574152 124.8 1
1712229584266 284.7 2
1712229594363 284.7 3
1712229604440 284.7 4
1712229614573 1670.9 5
1712229624644 1670.9 6
1712229634736 1670.9 7
1712229644825 1670.9 8
1712229654901 1670.9 9
1712229664978 1670.9 10
1712229675049 1670.9 11
1712229685136 1670.9 12
1712229695202 1670.9 13
1712229705281 1670.9 14
1712229715356 1670.9 15
1712229725420 1670.9 16
1712229735493 1670.9 17
1712229745581 1670.9 18
1712229755660 1670.9 19
1712229765773 1670.9 20
1712229775841 1670.9 21
1712229785911 1670.9 22
1712229795987 1670.9 23
1712229806072 1670.9 24
1712229816159 1670.9 25
1712229826234 1670.9 26
1712229836307 1670.9 27
1712229846387 1670.9 28
1712229856457 1670.9 29
1712229866546 1670.9 30
1712229876639 1670.9 31
1712229886710 1670.9 32
1712229896773 1670.9 33
1712229906859 1670.9 34
1712229916931 1670.9 35
1712229927012 1670.9 36
1712229937088 1670.9 37
1712229947161 1670.9 38
1712229957239 1670.9 39
1712229967306 1670.9 40
1712229977384 1670.9 41
1712229987461 1670.9 42
1712229997549 1670.9 43
1712230007633 1670.9 44
1712230017719 1670.9 45
1712230027803 1670.9 46
1712230037882 1670.9 47
1712230047948 1670.9 48
1712230058038 1670.9 49
1712230068117 1670.9 50
1712230078210 1670.9 51
1712230088303 1670.9 52
1712230098371 1670.9 53
1712230108445 1670.9 54
1712230118527 1670.9 55
1712230128629 1670.9 56
1712230138713 1670.9 57
1712230148789 1670.9 58
1712230158882 1670.9 59
1712230168947 1670.9 60
1712230179025 1670.9 61
1712230189113 1670.9 62
1712230199191 1670.9 63
1712230209267 1670.9 64
1712230219342 1670.9 65
1712230229431 1670.9 66
1712230239529 1670.9 67
1712230249600 1670.9 68
1712230259672 1670.9 69
1712230269763 1670.9 70
1712230279850 1670.9 71
1712230289931 1670.9 72
1712230300024 1670.9 73
1712230310094 1670.9 74
1712230320164 1670.9 75
1712230330255 1670.9 76
1712230340358 1670.9 77
1712230350450 1670.9 78
1712230360525 1670.9 79
1712230370618 1670.9 80
1712230380700 1670.9 81
1712230390792 1670.9 82
1712230400892 1670.9 83
1712230410975 1670.9 84
1712230421075 1670.9 85
1712230431161 1670.9 86
1712230441247 1670.9 87
1712230451337 1670.9 88
1712230461426 1670.9 89
1712230471523 1670.9 90
1712230481609 1670.9 91
1712230491680 1670.9 92
1712230501779 1670.9 93
1712230511878 1670.9 94
1712230521998 1670.9 95
1712230532099 1670.9 96
1712230542186 1670.9 97
1712230552272 1670.9 98
1712230562356 1670.9 99
1712230572439 1670.9 100
1712230582536 1670.9 101
1712230592611 1670.9 102
1712230602720 1670.9 103
1712230612801 1670.9 104
1712230622895 1670.9 105
1712230632969 1670.9 106
1712230643065 1670.9 107
1712230653165 1670.9 108
1712230663267 1670.9 109
1712230673361 1670.9 110
1712230683454 1670.9 111
1712230693535 1670.9 112
1712230703632 1670.9 113
1712230713706 1670.9 114
1712230723788 1670.9 115
1712230733861 1670.9 116
1712230743932 1670.9 117
1712230754023 1670.9 118
1712230764112 1670.9 119
1712230774192 1670.9 120
1712230784262 1670.9 121
1712230794340 1670.9 122
1712230804419 1670.9 123
1712230814491 1670.9 124
1712230824587 1673.0 125
1712230834672 1673.0 126
1712230844753 2086.1 127
1712230854852 2086.1 128
1712230864931 2086.1 129
1712230875014 2086.1 130
1712230885090 2086.1 131
1712230895172 2086.1 132
1712230905257 2086.1 133
1712230915332 2086.1 134
1712230925428 2086.1 135
1712230935512 2086.1 136
1712230945597 2086.1 137
1712230955676 2086.1 138
1712230965776 2086.1 139
1712230975867 2086.1 140
1712230985949 2086.1 141
1712230996039 2086.1 142
1712231006169 2088.2 143
1712231016269 2088.2 144
1712231026359 2088.2 145
1712231036446 2088.2 146
1712231046545 2088.2 147
1712231056631 2088.2 148
1712231066747 2088.2 149
1712231076838 2088.2 150
1712231086927 2088.2 151
1712231097011 2088.2 152
1712231107092 2088.2 153
1712231117203 2088.2 154
1712231127321 2088.2 155
1712231137401 2088.2 156
1712231147491 2088.2 157
1712231157583 2088.2 158
1712231167684 2088.2 159
1712231177760 2088.2 160
1712231187836 2088.2 161
1712231197916 2088.2 162
1712231207992 2088.2 163
1712231218078 2088.2 164
1712231228172 2088.2 165
1712231238262 2088.2 166
1712231248355 2088.2 167
1712231258436 2088.2 168
1712231268522 2088.2 169
1712231278606 2088.2 170
1712231288698 2088.2 171
1712231298782 2088.2 172
1712231308882 2088.2 173
1712231318963 2088.2 174
1712231329036 2088.2 175
1712231339133 2088.2 176
1712231349221 2088.2 177
1712231359307 2088.2 178
1712231369391 2088.2 179
1712231379480 2088.2 180
1712231389561 2088.2 181
1712231399658 2088.2 182
1712231409752 2088.2 183
1712231419848 2088.2 184
1712231429931 2088.2 185
1712231440044 2088.2 186
1712231450151 2088.2 187
1712231460233 2088.2 188
1712231470331 2088.2 189
1712231480417 2088.2 190
1712231490514 2088.2 191
1712231500627 2088.2 192
1712231510731 2088.2 193
1712231520810 2088.2 194
1712231530901 2088.2 195
1712231540988 2088.2 196
1712231551079 2088.2 197
1712231561174 2088.2 198
1712231571261 2088.2 199
1712231581337 2088.2 200
1712231591429 2088.2 201
1712231601537 2088.2 202
1712231611624 2088.2 203
1712231621733 2088.2 204
1712231631812 2088.2 205
1712231641899 2088.2 206
1712231651997 2088.2 207
1712231662038 2088.2 208
1712231672070 2088.2 209
1712231682159 2088.2 210
1712231692251 2088.2 211
1712231702343 2088.2 212
1712231712458 2088.2 213
1712231722551 2088.2 214
1712231732644 2088.2 215
1712231742728 2088.2 216
1712231752838 2088.2 217
1712231762933 2088.2 218
1712231773035 2088.2 219
1712231783126 2088.2 220
1712231793222 2088.2 221
1712231803309 2088.2 222
1712231813405 2088.2 223
1712231823513 2088.2 224
1712231833598 2088.2 225
1712231843697 2088.2 226
1712231853805 2088.2 227
1712231863890 2088.2 228
1712231874000 2088.2 229
1712231884095 2088.2 230
1712231894196 2088.2 231
1712231904290 2088.2 232
1712231914380 2088.2 233
1712231924490 2088.2 234
1712231934568 2088.2 235
1712231944659 2088.2 236
1712231954764 2088.2 237
1712231964848 2088.2 238
1712231974928 2088.2 239
1712231985011 2088.2 240
1712231995102 2088.2 241
1712232005207 2088.2 242
1712232015306 2088.2 243
1712232025381 2088.2 244
1712232035490 2088.2 245
1712232045587 2088.2 246
1712232055676 2088.2 247
1712232065760 2088.2 248
1712232075879 2088.2 249
1712232085971 2088.2 250
1712232096064 2088.2 251
1712232106164 2088.2 252
1712232116283 2088.2 253
1712232126379 2088.2 254
1712232136462 2088.2 255
1712232146553 2088.2 256
1712232156652 2088.2 257
1712232166731 2088.2 258
1712232176834 2088.2 259
1712232186939 2088.2 260
1712232197055 2088.2 261
1712232207160 2088.2 262
1712232217278 2088.2 263
1712232227381 2088.2 264
1712232237489 2088.2 265
1712232247611 2088.2 266
1712232257734 2088.2 267
1712232267833 2088.2 268
1712232277944 2088.2 269
1712232288051 2088.2 270
1712232298175 2088.2 271
1712232308284 2088.2 272
1712232318390 2088.2 273
1712232328499 2088.2 274
1712232338609 2088.2 275
1712232348721 2088.2 276
1712232358831 2088.2 277
1712232368941 2088.2 278
1712232379057 2088.2 279
1712232389156 2088.2 280
1712232399259 2088.2 281
1712232409366 2088.2 282
1712232420830 2088.2 283
1712232430948 2088.2 284
1712232441141 2088.2 285
1712232451349 2088.2 286
1712232461483 2088.2 287
1712232471597 2088.2 288
1712232481703 2088.2 289
1712232491812 2088.2 290
1712232501941 2088.2 291
1712232512049 2088.2 292
1712232522159 2088.2 293
1712232532278 2088.2 294
1712232542388 2088.2 295
1712232552500 2088.2 296
1712232562631 2088.2 297
1712232572751 2088.2 298
1712232582890 2088.2 299
1712232592996 2088.2 300
1712232603130 2088.2 301
1712232613238 2088.2 302
1712232623352 2088.2 303
1712232633451 2088.2 304
1712232643578 2088.2 305
1712232653680 2088.2 306
1712232663790 2088.2 307
1712232673907 2088.2 308
1712232684020 2088.2 309
1712232694141 2088.2 310
1712232704246 2088.2 311
1712232714290 2088.2 312
1712232724401 2088.2 313
1712232734522 2088.2 314
1712232744622 2088.2 315
1712232754740 2088.2 316
1712232764827 2088.2 317
1712232774926 2088.2 318
1712232785014 2088.2 319
1712232795103 2088.2 320
1712232805185 2088.2 321
1712232815287 2088.2 322
1712232825372 2088.2 323
1712232835464 2088.2 324
1712232845563 2088.2 325
1712232855657 2088.2 326
1712232865742 2088.2 327
1712232875834 2088.2 328
1712232885925 2088.2 329
1712232896003 2088.2 330
1712232906100 2088.2 331
1712232916178 2088.2 332
1712232926277 2088.2 333
1712232936370 2088.2 334
1712232946462 2088.2 335
1712232956549 2088.2 336
1712232966638 2088.2 337
1712232976729 2088.2 338
1712232986810 2088.2 339
1712232996917 2088.2 340
1712233007016 2088.2 341
1712233017100 2088.2 342
1712233027191 2088.2 343
1712233037282 2088.2 344
1712233047368 2088.2 345
1712233057467 2088.2 346
1712233067568 2088.2 347
1712233077600 2088.2 348
1712233087684 2088.2 349
1712233097721 2088.2 350
1712233107804 2088.2 351
1712233117896 2088.2 352
1712233127999 2088.2 353
1712233138090 2088.2 354
1712233148180 2088.2 355
1712233158268 2088.2 356
1712233168370 2088.2 357
1712233178476 2088.2 358
1712233188580 2088.2 359
1712233198681 2088.2 360
1712233208783 2088.2 361
1712233218894 2088.2 362
1712233228985 2088.2 363
1712233239078 2088.2 364
1712233249181 2088.2 365
1712233259276 2088.2 366
1712233269367 2088.2 367
1712233279458 2088.2 368
1712233289553 2088.2 369
1712233299659 2088.2 370
1712233309757 2088.2 371
1712233319802 2088.2 372
1712233329903 2088.2 373
1712233340020 2088.2 374
1712233350065 2088.2 375
1712233360170 2088.2 376
1712233370288 2088.2 377
1712233380337 2088.2 378
1712233390432 2088.2 379
1712233400533 2088.2 380
1712233410625 2088.2 381
1712233420716 2088.2 382
1712233430817 2088.2 383
1712233440925 2088.2 384
1712233451010 2088.2 385
1712233461110 2088.2 386
1712233471205 2088.2 387
1712233481308 2088.2 388
1712233491409 2088.2 389
1712233501510 2088.2 390
1712233511607 2088.2 391
1712233521711 2088.2 392
1712233531814 2088.2 393
1712233541910 2088.2 394
1712233551997 2088.2 395
1712233562093 2088.2 396
1712233572192 2088.2 397
1712233582287 2088.2 398
1712233592393 2088.2 399
1712233602493 2088.2 400
1712233612594 2088.2 401
1712233622672 2088.2 402
1712233632755 2088.2 403
1712233642844 2088.2 404
1712233652941 2088.2 405
1712233663030 2088.2 406
1712233673122 2088.2 407
1712233683217 2088.2 408
1712233693298 2088.2 409
1712233703399 2088.2 410
1712233713485 2088.2 411
1712233723580 2088.2 412
1712233733670 2088.2 413
1712233743769 2088.2 414
1712233753867 2088.2 415
1712233764679 2088.2 416
1712233774771 2088.2 417
1712233784875 2088.2 418
1712233794967 2088.2 419
1712233805056 2088.2 420
1712233815156 2088.2 421
1712233825258 2088.2 422
1712233835306 2088.2 423
1712233845398 2088.2 424
1712233855486 2088.2 425
1712233865583 2088.2 426
1712233875829 2088.2 427
1712233886142 2088.2 428
1712233896254 2088.2 429
1712233906354 2088.2 430
1712233916456 2088.2 431
1712233926602 2088.2 432
1712233936709 2088.2 433
1712233946824 2088.2 434
1712233956926 2088.2 435
1712233967045 2088.2 436
1712233977154 2088.2 437
1712233987253 2088.2 438
1712233997350 2088.2 439
1712234007465 2088.2 440
1712234017552 2088.2 441
1712234027660 2088.2 442
1712234037796 2088.2 443
1712234047921 2088.2 444
1712234058044 2088.2 445
1712234068173 2088.2 446
1712234078287 2088.2 447
1712234088413 2088.2 448
1712234098529 2088.2 449
1712234108644 2088.2 450
1712234118772 2088.2 451
1712234128890 2088.2 452
1712234139001 2088.2 453
1712234149124 2088.2 454
1712234159254 2088.2 455
1712234169395 2088.2 456
1712234179521 2088.2 457
1712234189638 2088.2 458
1712234199755 2088.2 459
1712234209871 2088.2 460
1712234219990 2088.2 461
1712234230125 2088.2 462
1712234240246 2088.2 463
1712234250362 2088.2 464
1712234260471 2088.2 465
1712234270599 2088.2 466
1712234280716 2088.2 467
1712234290843 2088.2 468
1712234300958 2088.2 469
1712234311076 2088.2 470
1712234321193 2088.2 471
1712234331307 2088.2 472
1712234341425 2088.2 473
1712234351537 2088.2 474
1712234361662 2088.2 475
1712234371787 2088.2 476
1712234381835 2088.2 477
1712234391950 2088.2 478
1712234402065 2088.2 479
1712234412194 2088.2 480
1712234422316 2088.2 481
1712234432438 2088.2 482
1712234442558 2088.2 483
1712234452678 2088.2 484
1712234462802 2088.2 485
1712234472918 2088.2 486
1712234483041 2088.2 487
1712234493169 2088.2 488
1712234503299 2088.2 489
1712234513423 2088.2 490
1712234523534 2088.2 491
1712234533649 2088.2 492
1712234543766 2088.2 493
1712234554500 2088.2 494
1712234564617 2088.2 495
1712234574745 2088.2 496
1712234584899 2088.2 497
1712234595024 2088.2 498
1712234605146 2088.2 499
1712234615274 2088.2 500
1712234625381 2088.2 501
1712234635492 2088.2 502
1712234645610 2088.2 503
1712234655716 2088.2 504
1712234665820 2088.2 505
1712234675914 2088.2 506
1712234686007 2088.2 507
1712234696105 2088.2 508
1712234706192 2088.2 509
1712234716316 2088.2 510
1712234726412 2088.2 511
1712234736523 2088.2 512
1712234746620 2088.2 513
1712234756703 2088.2 514
1712234766820 2088.2 515
1712234776926 2088.2 516
1712234787043 2088.2 517
1712234797137 2088.2 518
1712234807256 2088.2 519
1712234817365 2088.2 520
1712234827482 2088.2 521
1712234837601 2088.2 522
1712234847722 2088.2 523
1712234857817 2088.2 524
1712234867901 2088.2 525
1712234878003 2088.2 526
1712234888097 2088.2 527
1712234898194 2088.2 528
1712234908283 2088.2 529
1712234918372 2088.2 530
1712234928458 2088.2 531
1712234938580 2088.2 532
1712234948685 2088.2 533
1712234958792 2088.2 534
1712234968888 2088.2 535
1712234978971 2088.2 536
1712234989080 2088.2 537
1712234999177 2088.2 538
1712235009277 2088.2 539
1712235019380 2088.2 540
1712235029468 2088.2 541
1712235039562 2088.2 542
1712235049651 2088.2 543
1712235059742 2088.2 544
1712235069830 2088.2 545
1712235079933 2088.2 546
1712235090024 2088.2 547
1712235100133 2088.2 548
1712235110224 2088.2 549
1712235120325 2088.2 550
1712235130432 2088.2 551
1712235140527 2088.2 552
1712235150630 2088.2 553
1712235160739 2088.2 554
1712235170843 2088.2 555
1712235180955 2088.2 556
1712235191056 2088.2 557
1712235201141 2088.2 558
1712235211242 2088.2 559
1712235221350 2088.2 560
1712235231438 2088.2 561
1712235241529 2088.2 562
1712235251623 2088.2 563
1712235261720 2088.2 564
1712235271818 2088.2 565
1712235281912 2088.2 566
1712235292021 2088.2 567
1712235302143 2088.2 568
1712235312250 2088.2 569
1712235322368 2088.2 570
1712235332467 2088.2 571
1712235343355 2088.2 572
1712235353457 2088.2 573
1712235363568 2088.2 574
1712235373684 2088.2 575
1712235383790 2088.2 576
1712235393893 2088.2 577
1712235403993 2088.2 578
1712235414102 2088.2 579
1712235424211 2088.2 580
1712235434313 2088.2 581
1712235444405 2088.2 582
1712235454544 2088.2 583
1712235464661 2088.2 584
1712235474775 2088.2 585
1712235484890 2088.2 586
1712235494946 2088.2 587
1712235505047 2088.2 588
1712235515140 2088.2 589
1712235525245 2088.2 590
1712235535322 2088.2 591
1712235545447 2088.2 592
1712235555537 2088.2 593
1712235565586 2088.2 594
1712235575683 2088.2 595
1712235585782 2088.2 596
1712235595890 2088.2 597
1712235605986 2088.2 598
1712235616081 2088.2 599
1712235626171 2088.2 600
1712235636263 2088.2 601
1712235646366 2088.2 602
1712235656457 2088.2 603
1712235666561 2088.2 604
1712235676664 2088.2 605
1712235686765 2088.2 606
1712235696866 2088.2 607
1712235706968 2088.2 608
1712235717077 2088.2 609
1712235727171 2088.2 610
1712235737284 2088.2 611
1712235747376 2088.2 612
1712235757474 2088.2 613
1712235767568 2088.2 614
1712235777673 2088.2 615
1712235787768 2088.2 616
1712235797862 2088.2 617
1712235807967 2088.2 618
1712235818075 2088.2 619
1712235828177 2088.2 620
1712235838273 2088.2 621
1712235848364 2088.2 622
1712235858449 2088.2 623
1712235868551 2088.2 624
1712235878655 2088.2 625
1712235888753 2088.2 626
1712235898846 2088.2 627
1712235908943 2088.2 628
1712235919034 2088.2 629
1712235929127 2088.2 630
1712235939217 2088.2 631
1712235949308 2088.2 632
1712235959405 2088.2 633
1712235969510 2088.2 634
1712235979606 2088.2 635
1712235989718 2088.2 636
1712235999821 2088.2 637
1712236009920 2088.2 638
1712236020011 2088.2 639
1712236030105 2088.2 640
1712236040200 2088.2 641
1712236050294 2088.2 642
1712236060336 2088.2 643
1712236070438 2088.2 644
1712236080538 2088.2 645
1712236090633 2088.2 646
1712236100723 2088.2 647
1712236110817 2088.2 648
1712236120918 2088.2 649
1712236131011 2088.2 650
1712236141119 2088.2 651
1712236151206 2088.2 652
1712236161315 2088.2 653
1712236171409 2088.2 654
1712236181514 2088.2 655
1712236191608 2088.2 656
1712236201712 2088.2 657
1712236211802 2088.2 658
1712236221914 2088.2 659
1712236232026 2088.2 660
1712236242126 2088.2 661
1712236252217 2088.2 662
1712236262313 2088.2 663
1712236272428 2088.2 664
1712236282556 2088.2 665
1712236292657 2088.2 666
1712236302764 2088.2 667
1712236312881 2088.2 668
1712236322981 2088.2 669
1712236333069 2088.2 670
1712236343171 2088.2 671
1712236353271 2088.2 672
1712236363396 2088.2 673
1712236373506 2088.2 674
1712236383609 2088.2 675
1712236393725 2088.2 676
1712236403828 2088.2 677
1712236413966 2088.2 678
1712236424071 2088.2 679
1712236434190 2088.2 680
1712236444293 2088.2 681
1712236454402 2088.2 682
1712236464509 2088.2 683
1712236474615 2088.2 684
1712236484716 2088.2 685
1712236494818 2088.2 686
1712236504929 2088.2 687
1712236515018 2088.2 688
1712236525126 2088.2 689
1712236535234 2088.2 690
1712236545330 2088.2 691
1712236555434 2088.2 692
1712236565536 2088.2 693
1712236575640 2088.2 694
1712236585746 2088.2 695
1712236595855 2088.2 696
1712236605956 2088.2 697
1712236616052 2088.2 698
1712236626149 2088.2 699
1712236636251 2088.2 700
1712236646348 2088.2 701
1712236656444 2088.2 702
1712236666540 2088.2 703
1712236676636 2088.2 704
1712236686727 2088.2 705
1712236696829 2088.2 706
1712236706937 2088.2 707
1712236717053 2088.2 708
1712236727187 2088.2 709
1712236737315 2088.2 710
1712236747423 2088.2 711
