1712229564048 0.0 0
1712229574152 0.0 1
1712229584266 0.0 2
1712229594363 0.0 3
1712229604440 0.0 4
1712229614573 99.0 5
1712229624644 99.0 6
1712229634736 99.0 7
1712229644825 99.0 8
1712229654901 99.0 9
1712229664978 99.0 10
1712229675049 99.0 11
1712229685136 99.0 12
1712229695202 99.0 13
1712229705281 99.0 14
1712229715356 99.0 15
1712229725420 99.0 16
1712229735493 99.0 17
1712229745581 100.0 18
1712229755660 99.0 19
1712229765773 99.0 20
1712229775841 99.0 21
1712229785911 99.0 22
1712229795987 99.0 23
1712229806072 99.0 24
1712229816159 99.0 25
1712229826234 99.0 26
1712229836307 100.0 27
1712229846387 99.0 28
1712229856457 99.0 29
1712229866546 100.0 30
1712229876639 99.0 31
1712229886710 99.0 32
1712229896773 99.0 33
1712229906859 99.0 34
1712229916931 99.0 35
1712229927012 99.0 36
1712229937088 99.0 37
1712229947161 99.0 38
1712229957239 99.0 39
1712229967306 99.0 40
1712229977384 100.0 41
1712229987461 99.0 42
1712229997549 100.0 43
1712230007633 99.0 44
1712230017719 99.0 45
1712230027803 99.0 46
1712230037882 99.0 47
1712230047948 99.0 48
1712230058038 99.0 49
1712230068117 99.0 50
1712230078210 100.0 51
1712230088303 100.0 52
1712230098371 99.0 53
1712230108445 99.0 54
1712230118527 99.0 55
1712230128629 99.0 56
1712230138713 99.0 57
1712230148789 99.0 58
1712230158882 100.0 59
1712230168947 100.0 60
1712230179025 99.0 61
1712230189113 99.0 62
1712230199191 95.0 63
1712230209267 99.0 64
1712230219342 99.0 65
1712230229431 99.0 66
1712230239529 99.0 67
1712230249600 99.0 68
1712230259672 99.0 69
1712230269763 100.0 70
1712230279850 100.0 71
1712230289931 99.0 72
1712230300024 100.0 73
1712230310094 99.0 74
1712230320164 99.0 75
1712230330255 99.0 76
1712230340358 99.0 77
1712230350450 99.0 78
1712230360525 99.0 79
1712230370618 99.0 80
1712230380700 99.0 81
1712230390792 99.0 82
1712230400892 99.0 83
1712230410975 99.0 84
1712230421075 99.0 85
1712230431161 99.0 86
1712230441247 99.0 87
1712230451337 100.0 88
1712230461426 99.0 89
1712230471523 99.0 90
1712230481609 99.0 91
1712230491680 99.0 92
1712230501779 99.0 93
1712230511878 99.0 94
1712230521998 99.0 95
1712230532099 99.0 96
1712230542186 99.0 97
1712230552272 99.0 98
1712230562356 99.0 99
1712230572439 99.0 100
1712230582536 99.0 101
1712230592611 99.0 102
1712230602720 99.0 103
1712230612801 99.0 104
1712230622895 100.0 105
1712230632969 99.0 106
1712230643065 99.0 107
1712230653165 100.0 108
1712230663267 100.0 109
1712230673361 99.0 110
1712230683454 99.0 111
1712230693535 99.0 112
1712230703632 99.0 113
1712230713706 99.0 114
1712230723788 99.0 115
1712230733861 99.0 116
1712230743932 99.0 117
1712230754023 99.0 118
1712230764112 99.0 119
1712230774192 99.0 120
1712230784262 99.0 121
1712230794340 99.0 122
1712230804419 99.0 123
1712230814491 99.0 124
1712230824587 0.0 125
1712230834672 0.0 126
1712230844753 99.0 127
1712230854852 99.0 128
1712230864931 100.0 129
1712230875014 99.0 130
1712230885090 100.0 131
1712230895172 100.0 132
1712230905257 100.0 133
1712230915332 99.0 134
1712230925428 100.0 135
1712230935512 100.0 136
1712230945597 99.0 137
1712230955676 99.0 138
1712230965776 100.0 139
1712230975867 100.0 140
1712230985949 100.0 141
1712230996039 100.0 142
1712231006169 0.0 143
1712231016269 0.0 144
1712231026359 0.0 145
1712231036446 99.0 146
1712231046545 99.0 147
1712231056631 99.0 148
1712231066747 100.0 149
1712231076838 99.0 150
1712231086927 99.0 151
1712231097011 100.0 152
1712231107092 99.0 153
1712231117203 99.0 154
1712231127321 100.0 155
1712231137401 99.0 156
1712231147491 99.0 157
1712231157583 99.0 158
1712231167684 99.0 159
1712231177760 99.0 160
1712231187836 99.0 161
1712231197916 99.0 162
1712231207992 100.0 163
1712231218078 99.0 164
1712231228172 99.0 165
1712231238262 99.0 166
1712231248355 99.0 167
1712231258436 100.0 168
1712231268522 99.0 169
1712231278606 99.0 170
1712231288698 99.0 171
1712231298782 99.0 172
1712231308882 99.0 173
1712231318963 99.0 174
1712231329036 99.0 175
1712231339133 99.0 176
1712231349221 99.0 177
1712231359307 99.0 178
1712231369391 99.0 179
1712231379480 99.0 180
1712231389561 99.0 181
1712231399658 99.0 182
1712231409752 99.0 183
1712231419848 99.0 184
1712231429931 99.0 185
1712231440044 99.0 186
1712231450151 99.0 187
1712231460233 99.0 188
1712231470331 99.0 189
1712231480417 99.0 190
1712231490514 99.0 191
1712231500627 99.0 192
1712231510731 99.0 193
1712231520810 99.0 194
1712231530901 99.0 195
1712231540988 99.0 196
1712231551079 99.0 197
1712231561174 99.0 198
1712231571261 99.0 199
1712231581337 99.0 200
1712231591429 99.0 201
1712231601537 100.0 202
1712231611624 100.0 203
1712231621733 99.0 204
1712231631812 100.0 205
1712231641899 100.0 206
1712231651997 99.0 207
1712231662038 99.0 208
1712231672070 99.0 209
1712231682159 100.0 210
1712231692251 99.0 211
1712231702343 99.0 212
1712231712458 99.0 213
1712231722551 99.0 214
1712231732644 99.0 215
1712231742728 99.0 216
1712231752838 99.0 217
1712231762933 100.0 218
1712231773035 99.0 219
1712231783126 99.0 220
1712231793222 99.0 221
1712231803309 99.0 222
1712231813405 99.0 223
1712231823513 99.0 224
1712231833598 99.0 225
1712231843697 99.0 226
1712231853805 100.0 227
1712231863890 100.0 228
1712231874000 99.0 229
1712231884095 99.0 230
1712231894196 100.0 231
1712231904290 100.0 232
1712231914380 99.0 233
1712231924490 100.0 234
1712231934568 99.0 235
1712231944659 99.0 236
1712231954764 99.0 237
1712231964848 99.0 238
1712231974928 99.0 239
1712231985011 99.0 240
1712231995102 99.0 241
1712232005207 99.0 242
1712232015306 99.0 243
1712232025381 99.0 244
1712232035490 99.0 245
1712232045587 99.0 246
1712232055676 99.0 247
1712232065760 100.0 248
1712232075879 99.0 249
1712232085971 99.0 250
1712232096064 99.0 251
1712232106164 99.0 252
1712232116283 99.0 253
1712232126379 99.0 254
1712232136462 99.0 255
1712232146553 99.0 256
1712232156652 99.0 257
1712232166731 99.0 258
1712232176834 99.0 259
1712232186939 99.0 260
1712232197055 99.0 261
1712232207160 99.0 262
1712232217278 99.0 263
1712232227381 99.0 264
1712232237489 99.0 265
1712232247611 0.0 266
1712232257734 0.0 267
1712232267833 0.0 268
1712232277944 100.0 269
1712232288051 99.0 270
1712232298175 100.0 271
1712232308284 100.0 272
1712232318390 99.0 273
1712232328499 99.0 274
1712232338609 99.0 275
1712232348721 100.0 276
1712232358831 99.0 277
1712232368941 99.0 278
1712232379057 99.0 279
1712232389156 100.0 280
1712232399259 99.0 281
1712232409366 99.0 282
1712232420830 99.0 283
1712232430948 0.0 284
1712232441141 0.0 285
1712232451349 0.0 286
1712232461483 0.0 287
1712232471597 99.0 288
1712232481703 99.0 289
1712232491812 96.0 290
1712232501941 99.0 291
1712232512049 99.0 292
1712232522159 99.0 293
1712232532278 99.0 294
1712232542388 99.0 295
1712232552500 99.0 296
1712232562631 99.0 297
1712232572751 100.0 298
1712232582890 99.0 299
1712232592996 99.0 300
1712232603130 99.0 301
1712232613238 99.0 302
1712232623352 99.0 303
1712232633451 99.0 304
1712232643578 99.0 305
1712232653680 99.0 306
1712232663790 99.0 307
1712232673907 99.0 308
1712232684020 99.0 309
1712232694141 99.0 310
1712232704246 99.0 311
1712232714290 99.0 312
1712232724401 99.0 313
1712232734522 99.0 314
1712232744622 99.0 315
1712232754740 99.0 316
1712232764827 99.0 317
1712232774926 99.0 318
1712232785014 99.0 319
1712232795103 99.0 320
1712232805185 99.0 321
1712232815287 99.0 322
1712232825372 100.0 323
1712232835464 99.0 324
1712232845563 99.0 325
1712232855657 99.0 326
1712232865742 99.0 327
1712232875834 99.0 328
1712232885925 99.0 329
1712232896003 100.0 330
1712232906100 100.0 331
1712232916178 99.0 332
1712232926277 99.0 333
1712232936370 99.0 334
1712232946462 99.0 335
1712232956549 99.0 336
1712232966638 99.0 337
1712232976729 99.0 338
1712232986810 100.0 339
1712232996917 99.0 340
1712233007016 100.0 341
1712233017100 100.0 342
1712233027191 99.0 343
1712233037282 100.0 344
1712233047368 99.0 345
1712233057467 99.0 346
1712233067568 99.0 347
1712233077600 99.0 348
1712233087684 99.0 349
1712233097721 99.0 350
1712233107804 99.0 351
1712233117896 99.0 352
1712233127999 99.0 353
1712233138090 99.0 354
1712233148180 99.0 355
1712233158268 100.0 356
1712233168370 99.0 357
1712233178476 99.0 358
1712233188580 99.0 359
1712233198681 100.0 360
1712233208783 99.0 361
1712233218894 99.0 362
1712233228985 99.0 363
1712233239078 99.0 364
1712233249181 100.0 365
1712233259276 99.0 366
1712233269367 99.0 367
1712233279458 99.0 368
1712233289553 99.0 369
1712233299659 99.0 370
1712233309757 99.0 371
1712233319802 99.0 372
1712233329903 99.0 373
1712233340020 99.0 374
1712233350065 99.0 375
1712233360170 98.0 376
1712233370288 99.0 377
1712233380337 99.0 378
1712233390432 99.0 379
1712233400533 99.0 380
1712233410625 99.0 381
1712233420716 99.0 382
1712233430817 99.0 383
1712233440925 99.0 384
1712233451010 100.0 385
1712233461110 99.0 386
1712233471205 99.0 387
1712233481308 100.0 388
1712233491409 99.0 389
1712233501510 99.0 390
1712233511607 99.0 391
1712233521711 99.0 392
1712233531814 99.0 393
1712233541910 99.0 394
1712233551997 99.0 395
1712233562093 99.0 396
1712233572192 99.0 397
1712233582287 99.0 398
1712233592393 99.0 399
1712233602493 99.0 400
1712233612594 99.0 401
1712233622672 99.0 402
1712233632755 99.0 403
1712233642844 99.0 404
1712233652941 99.0 405
1712233663030 99.0 406
1712233673122 99.0 407
1712233683217 0.0 408
1712233693298 0.0 409
1712233703399 0.0 410
1712233713485 99.0 411
1712233723580 99.0 412
1712233733670 100.0 413
1712233743769 99.0 414
1712233753867 99.0 415
1712233764679 100.0 416
1712233774771 0.0 417
1712233784875 100.0 418
1712233794967 99.0 419
1712233805056 100.0 420
1712233815156 100.0 421
1712233825258 100.0 422
1712233835306 100.0 423
1712233845398 100.0 424
1712233855486 100.0 425
1712233865583 0.0 426
1712233875829 0.0 427
1712233886142 0.0 428
1712233896254 0.0 429
1712233906354 99.0 430
1712233916456 99.0 431
1712233926602 99.0 432
1712233936709 99.0 433
1712233946824 99.0 434
1712233956926 99.0 435
1712233967045 99.0 436
1712233977154 99.0 437
1712233987253 99.0 438
1712233997350 99.0 439
1712234007465 99.0 440
1712234017552 99.0 441
1712234027660 99.0 442
1712234037796 100.0 443
1712234047921 100.0 444
1712234058044 99.0 445
1712234068173 99.0 446
1712234078287 99.0 447
1712234088413 100.0 448
1712234098529 99.0 449
1712234108644 99.0 450
1712234118772 99.0 451
1712234128890 99.0 452
1712234139001 99.0 453
1712234149124 99.0 454
1712234159254 99.0 455
1712234169395 99.0 456
1712234179521 99.0 457
1712234189638 99.0 458
1712234199755 99.0 459
1712234209871 99.0 460
1712234219990 99.0 461
1712234230125 99.0 462
1712234240246 99.0 463
1712234250362 98.0 464
1712234260471 99.0 465
1712234270599 99.0 466
1712234280716 99.0 467
1712234290843 99.0 468
1712234300958 100.0 469
1712234311076 99.0 470
1712234321193 99.0 471
1712234331307 99.0 472
1712234341425 99.0 473
1712234351537 100.0 474
1712234361662 100.0 475
1712234371787 99.0 476
1712234381835 100.0 477
1712234391950 100.0 478
1712234402065 99.0 479
1712234412194 99.0 480
1712234422316 99.0 481
1712234432438 99.0 482
1712234442558 99.0 483
1712234452678 99.0 484
1712234462802 99.0 485
1712234472918 99.0 486
1712234483041 99.0 487
1712234493169 96.0 488
1712234503299 100.0 489
1712234513423 99.0 490
1712234523534 99.0 491
1712234533649 99.0 492
1712234543766 99.0 493
1712234554500 99.0 494
1712234564617 0.0 495
1712234574745 98.0 496
1712234584899 99.0 497
1712234595024 100.0 498
1712234605146 94.0 499
1712234615274 99.0 500
1712234625381 100.0 501
1712234635492 99.0 502
1712234645610 99.0 503
1712234655716 99.0 504
1712234665820 99.0 505
1712234675914 99.0 506
1712234686007 99.0 507
1712234696105 99.0 508
1712234706192 99.0 509
1712234716316 99.0 510
1712234726412 99.0 511
1712234736523 99.0 512
1712234746620 100.0 513
1712234756703 99.0 514
1712234766820 99.0 515
1712234776926 100.0 516
1712234787043 99.0 517
1712234797137 99.0 518
1712234807256 99.0 519
1712234817365 99.0 520
1712234827482 99.0 521
1712234837601 95.0 522
1712234847722 99.0 523
1712234857817 99.0 524
1712234867901 99.0 525
1712234878003 99.0 526
1712234888097 99.0 527
1712234898194 99.0 528
1712234908283 100.0 529
1712234918372 99.0 530
1712234928458 99.0 531
1712234938580 99.0 532
1712234948685 99.0 533
1712234958792 100.0 534
1712234968888 99.0 535
1712234978971 99.0 536
1712234989080 99.0 537
1712234999177 100.0 538
1712235009277 99.0 539
1712235019380 99.0 540
1712235029468 99.0 541
1712235039562 99.0 542
1712235049651 99.0 543
1712235059742 100.0 544
1712235069830 99.0 545
1712235079933 99.0 546
1712235090024 99.0 547
1712235100133 99.0 548
1712235110224 0.0 549
1712235120325 0.0 550
1712235130432 0.0 551
1712235140527 99.0 552
1712235150630 99.0 553
1712235160739 100.0 554
1712235170843 99.0 555
1712235180955 100.0 556
1712235191056 99.0 557
1712235201141 100.0 558
1712235211242 100.0 559
1712235221350 95.0 560
1712235231438 100.0 561
1712235241529 100.0 562
1712235251623 98.0 563
1712235261720 96.0 564
1712235271818 99.0 565
1712235281912 99.0 566
1712235292021 100.0 567
1712235302143 0.0 568
1712235312250 0.0 569
1712235322368 0.0 570
1712235332467 99.0 571
1712235343355 99.0 572
1712235353457 0.0 573
1712235363568 100.0 574
1712235373684 99.0 575
1712235383790 99.0 576
1712235393893 99.0 577
1712235403993 100.0 578
1712235414102 99.0 579
1712235424211 99.0 580
1712235434313 100.0 581
1712235444405 99.0 582
1712235454544 99.0 583
1712235464661 99.0 584
1712235474775 99.0 585
1712235484890 99.0 586
1712235494946 99.0 587
1712235505047 100.0 588
1712235515140 99.0 589
1712235525245 99.0 590
1712235535322 99.0 591
1712235545447 99.0 592
1712235555537 99.0 593
1712235565586 99.0 594
1712235575683 99.0 595
1712235585782 99.0 596
1712235595890 99.0 597
1712235605986 99.0 598
1712235616081 99.0 599
1712235626171 99.0 600
1712235636263 99.0 601
1712235646366 99.0 602
1712235656457 99.0 603
1712235666561 100.0 604
1712235676664 99.0 605
1712235686765 99.0 606
1712235696866 99.0 607
1712235706968 99.0 608
1712235717077 99.0 609
1712235727171 99.0 610
1712235737284 99.0 611
1712235747376 99.0 612
1712235757474 99.0 613
1712235767568 99.0 614
1712235777673 99.0 615
1712235787768 99.0 616
1712235797862 99.0 617
1712235807967 99.0 618
1712235818075 99.0 619
1712235828177 99.0 620
1712235838273 100.0 621
1712235848364 100.0 622
1712235858449 99.0 623
1712235868551 99.0 624
1712235878655 99.0 625
1712235888753 99.0 626
1712235898846 99.0 627
1712235908943 99.0 628
1712235919034 99.0 629
1712235929127 99.0 630
1712235939217 99.0 631
1712235949308 99.0 632
1712235959405 99.0 633
1712235969510 100.0 634
1712235979606 100.0 635
1712235989718 99.0 636
1712235999821 99.0 637
1712236009920 99.0 638
1712236020011 99.0 639
1712236030105 99.0 640
1712236040200 99.0 641
1712236050294 99.0 642
1712236060336 99.0 643
1712236070438 99.0 644
1712236080538 99.0 645
1712236090633 99.0 646
1712236100723 100.0 647
1712236110817 99.0 648
1712236120918 99.0 649
1712236131011 99.0 650
1712236141119 99.0 651
1712236151206 99.0 652
1712236161315 99.0 653
1712236171409 99.0 654
1712236181514 99.0 655
1712236191608 99.0 656
1712236201712 99.0 657
1712236211802 99.0 658
1712236221914 99.0 659
1712236232026 99.0 660
1712236242126 98.0 661
1712236252217 99.0 662
1712236262313 99.0 663
1712236272428 99.0 664
1712236282556 100.0 665
1712236292657 99.0 666
1712236302764 99.0 667
1712236312881 100.0 668
1712236322981 99.0 669
1712236333069 99.0 670
1712236343171 99.0 671
1712236353271 99.0 672
1712236363396 99.0 673
1712236373506 100.0 674
1712236383609 99.0 675
1712236393725 99.0 676
1712236403828 100.0 677
1712236413966 99.0 678
1712236424071 99.0 679
1712236434190 100.0 680
1712236444293 100.0 681
1712236454402 99.0 682
1712236464509 99.0 683
1712236474615 99.0 684
1712236484716 99.0 685
1712236494818 99.0 686
1712236504929 99.0 687
1712236515018 99.0 688
1712236525126 99.0 689
1712236535234 99.0 690
1712236545330 0.0 691
1712236555434 0.0 692
1712236565536 0.0 693
1712236575640 99.0 694
1712236585746 100.0 695
1712236595855 100.0 696
1712236605956 99.0 697
1712236616052 100.0 698
1712236626149 100.0 699
1712236636251 100.0 700
1712236646348 99.0 701
1712236656444 100.0 702
1712236666540 100.0 703
1712236676636 100.0 704
1712236686727 100.0 705
1712236696829 100.0 706
1712236706937 99.0 707
1712236717053 100.0 708
1712236727187 0.0 709
1712236737315 0.0 710
1712236747423 0.0 711
