1712229564048 0.0 0
1712229574152 0.01131600000007893 1
1712229584266 0.04343499999959022 2
1712229594363 0.2527109999991808 3
1712229604440 1.536457000000155 4
1712229614573 1.5813679999992019 5
1712229624644 1.612567999998646 6
1712229634736 1.6265160000002652 7
1712229644825 1.8632459999989806 8
1712229654901 2.072070000000167 9
1712229664978 2.105142000000342 10
1712229675049 2.111860999999408 11
1712229685136 2.113298999998733 12
1712229695202 2.1141349999998056 13
1712229705281 2.142422999999326 14
1712229715356 2.1533149999995658 15
1712229725420 2.1576699999986886 16
1712229735493 2.1867739999997866 17
1712229745581 2.1988819999987754 18
1712229755660 2.210505999999441 19
1712229765773 2.2190080000000307 20
1712229775841 2.227799000000232 21
1712229785911 2.233041999999841 22
1712229795987 2.242471999999907 23
1712229806072 2.2433599999985745 24
1712229816159 2.2441220000000612 25
1712229826234 2.271902999998929 26
1712229836307 2.2894859999996697 27
1712229846387 2.290730999999141 28
1712229856457 2.305129999998826 29
1712229866546 2.305924000000232 30
1712229876639 2.3116599999993923 31
1712229886710 2.3175030000002153 32
1712229896773 2.3384189999997034 33
1712229906859 2.355277999999089 34
1712229916931 2.3623329999991256 35
1712229927012 2.3706959999999526 36
1712229937088 2.372124999999869 37
1712229947161 2.3811729999997624 38
1712229957239 2.3959349999986443 39
1712229967306 2.4139519999989716 40
1712229977384 2.429164999999557 41
1712229987461 2.431235000000015 42
1712229997549 2.4377039999999397 43
1712230007633 2.4442589999998745 44
1712230017719 2.446570000000065 45
1712230027803 2.4870149999987916 46
1712230037882 2.4911149999988993 47
1712230047948 2.5097640000003594 48
1712230058038 2.517556999999215 49
1712230068117 2.525406999999177 50
1712230078210 2.527219999999943 51
1712230088303 2.5322120000000723 52
1712230098371 2.5376149999992776 53
1712230108445 2.5435559999987163 54
1712230118527 2.5472049999989395 55
1712230128629 2.5491989999991347 56
1712230138713 2.558015999999043 57
1712230148789 2.5630089999995107 58
1712230158882 2.5687139999990904 59
1712230168947 2.5735069999991538 60
1712230179025 2.574101000000155 61
1712230189113 2.5766679999996995 62
1712230199191 2.5836060000001453 63
1712230209267 2.5876619999999093 64
1712230219342 2.591212999999698 65
1712230229431 2.596668000000136 66
1712230239529 2.647294000000329 67
1712230249600 2.7052889999995386 68
1712230259672 2.8037309999999707 69
1712230269763 2.9196929999998247 70
1712230279850 2.9259449999990466 71
1712230289931 2.9326399999990826 72
1712230300024 2.938336999999592 73
1712230310094 2.989466999999422 74
1712230320164 4.415758999999525 75
1712230330255 10.837605999999141 76
1712230340358 15.002527999999074 77
1712230350450 16.491298999999344 78
1712230360525 17.48246199999994 79
1712230370618 18.39651699999922 80
1712230380700 19.495672999999442 81
1712230390792 20.420350000000326 82
1712230400892 21.378842999998596 83
1712230410975 21.925938000000315 84
1712230421075 22.703306999999768 85
1712230431161 23.56366100000014 86
1712230441247 24.342294999998558 87
1712230451337 24.40848399999959 88
1712230461426 24.419930000000022 89
1712230471523 24.42566099999931 90
1712230481609 24.43624699999964 91
1712230491680 24.45321299999887 92
1712230501779 24.464044999998805 93
1712230511878 24.525245999999242 94
1712230521998 24.530360999999175 95
1712230532099 24.540687999999136 96
1712230542186 28.9324689999994 97
1712230552272 33.22190899999987 98
1712230562356 33.786199999998644 99
1712230572439 34.386891000000105 100
1712230582536 35.006335999998555 101
1712230592611 35.97840999999971 102
1712230602720 36.552998999999545 103
1712230612801 37.10741699999926 104
1712230622895 37.3786229999987 105
1712230632969 38.27386899999874 106
1712230643065 39.37510800000018 107
1712230653165 40.15041999999994 108
1712230663267 40.9443940000001 109
1712230673361 41.54731299999912 110
1712230683454 42.11376399999972 111
1712230693535 42.818294999999125 112
1712230703632 43.4698329999992 113
1712230713706 44.46164499999941 114
1712230723788 45.21329799999876 115
1712230733861 45.84894699999859 116
1712230743932 46.47822300000007 117
1712230754023 47.39725999999973 118
1712230764112 47.96638499999972 119
1712230774192 48.477026999999 120
1712230784262 49.2571939999998 121
1712230794340 49.86033099999986 122
1712230804419 50.89633499999945 123
1712230814491 51.912820999999894 124
1712230824587 52.8828539999995 125
1712230834672 53.702314999998634 126
1712230844753 54.4257779999989 127
1712230854852 55.32799100000011 128
1712230864931 56.06946799999969 129
1712230875014 56.76284399999895 130
1712230885090 57.80183399999987 131
1712230895172 58.84363200000007 132
1712230905257 59.68491699999868 133
1712230915332 60.37574599999971 134
1712230925428 61.34468099999867 135
1712230935512 62.270574000000124 136
1712230945597 63.00315599999885 137
1712230955676 63.77343099999962 138
1712230965776 64.5164449999993 139
1712230975867 65.23845299999994 140
1712230985949 66.17478800000026 141
1712230996039 66.18413499999951 142
1712231006169 66.19108499999857 143
1712231016269 66.20515700000033 144
1712231026359 66.208521999999 145
1712231036446 67.02978699999949 146
1712231046545 71.24181899999894 147
1712231056631 72.3812969999999 148
1712231066747 72.82525499999974 149
1712231076838 73.46030799999971 150
1712231086927 74.22574600000007 151
1712231097011 74.88450000000012 152
1712231107092 75.50992099999894 153
1712231117203 76.23612799999864 154
1712231127321 76.94560099999944 155
1712231137401 77.68962599999941 156
1712231147491 78.62758399999984 157
1712231157583 79.22886699999981 158
1712231167684 81.825370999999 159
1712231177760 84.44198700000015 160
1712231187836 85.68488499999876 161
1712231197916 86.37571599999865 162
1712231207992 87.03205399999933 163
1712231218078 87.64316299999882 164
1712231228172 88.2592509999995 165
1712231238262 88.73998299999948 166
1712231248355 89.52030299999933 167
1712231258436 90.04409099999975 168
1712231268522 90.47389800000019 169
1712231278606 105.53732200000013 170
1712231288698 110.77642000000014 171
1712231298782 112.27144500000031 172
1712231308882 114.59278799999993 173
1712231318963 114.92669399999977 174
1712231329036 127.04776700000002 175
1712231339133 140.8091199999999 176
1712231349221 143.80740100000003 177
1712231359307 145.7363749999986 178
1712231369391 145.74519899999905 179
1712231379480 146.5301959999997 180
1712231389561 157.13368099999934 181
1712231399658 161.92753300000004 182
1712231409752 174.25012400000014 183
1712231419848 182.49490399999922 184
1712231429931 186.66853699999956 185
1712231440044 202.1088609999988 186
1712231450151 203.8582239999996 187
1712231460233 203.88027299999885 188
1712231470331 203.89367800000036 189
1712231480417 204.97371799999928 190
1712231490514 205.05210199999965 191
1712231500627 210.08640399999967 192
1712231510731 213.15696099999877 193
1712231520810 213.161161 194
1712231530901 213.1686609999997 195
1712231540988 213.1748950000001 196
1712231551079 213.19340699999884 197
1712231561174 213.20301999999901 198
1712231571261 213.209476 199
1712231581337 213.22533099999964 200
1712231591429 215.62093999999888 201
1712231601537 218.26826099999926 202
1712231611624 219.9589189999988 203
1712231621733 220.45387999999912 204
1712231631812 221.03072599999905 205
1712231641899 221.53214099999968 206
1712231651997 222.26684899999964 207
1712231662038 222.8164829999987 208
1712231672070 223.53353799999968 209
1712231682159 224.27564299999904 210
1712231692251 224.79454499999883 211
1712231702343 225.41201 212
1712231712458 225.96264899999915 213
1712231722551 226.23081699999966 214
1712231732644 226.8939849999988 215
1712231742728 227.56295599999976 216
1712231752838 228.04275499999858 217
1712231762933 228.42991299999994 218
1712231773035 228.62636799999927 219
1712231783126 228.6386399999992 220
1712231793222 228.64819199999874 221
1712231803309 228.65103799999997 222
1712231813405 228.65817400000014 223
1712231823513 228.66285400000015 224
1712231833598 228.669355 225
1712231843697 228.67322799999965 226
1712231853805 228.6741519999996 227
1712231863890 234.1387999999988 228
1712231874000 236.13745599999856 229
1712231884095 237.37358399999903 230
1712231894196 241.64795599999889 231
1712231904290 244.31002699999954 232
1712231914380 244.7509140000002 233
1712231924490 245.3648350000003 234
1712231934568 245.9120239999993 235
1712231944659 246.4480769999991 236
1712231954764 247.02437999999893 237
1712231964848 247.69565599999987 238
1712231974928 248.33898799999952 239
1712231985011 248.994177999999 240
1712231995102 249.51972299999943 241
1712232005207 250.25636499999928 242
1712232015306 250.79542899999979 243
1712232025381 251.3090629999988 244
1712232035490 251.84176599999955 245
1712232045587 252.8538840000001 246
1712232055676 253.39699800000017 247
1712232065760 254.05903399999988 248
1712232075879 254.73119599999882 249
1712232085971 255.2167699999991 250
1712232096064 255.52892599999905 251
1712232106164 256.05216800000017 252
1712232116283 256.46823199999926 253
1712232126379 257.0141989999993 254
1712232136462 257.45436599999994 255
1712232146553 258.0207219999993 256
1712232156652 259.9287569999997 257
1712232166731 264.7338089999994 258
1712232176834 267.8362649999999 259
1712232186939 269.06389899999886 260
1712232197055 269.9972289999987 261
1712232207160 270.05931299999975 262
1712232217278 270.07648100000006 263
1712232227381 270.09632299999976 264
1712232237489 270.1035609999999 265
1712232247611 270.1197059999995 266
1712232257734 270.12676999999894 267
1712232267833 270.13461499999903 268
1712232277944 272.828759 269
1712232288051 279.01117499999964 270
1712232298175 279.66354899999897 271
1712232308284 279.72830599999907 272
1712232318390 281.98599599999943 273
1712232328499 282.8876939999991 274
1712232338609 282.90219499999876 275
1712232348721 283.0745819999993 276
1712232358831 283.0950780000003 277
1712232368941 283.1268779999991 278
1712232379057 286.6194009999999 279
1712232389156 286.72233499999857 280
1712232399259 292.620574999999 281
1712232409366 299.95132699999886 282
1712232420830 305.77707499999997 283
1712232430948 307.22239999999874 284
1712232441141 308.5171929999997 285
1712232451349 309.7497379999986 286
1712232461483 311.3335470000002 287
1712232471597 313.68816700000025 288
1712232481703 315.18271599999935 289
1712232491812 315.6137519999993 290
1712232501941 318.2476889999998 291
1712232512049 321.1901429999998 292
1712232522159 321.32475499999964 293
1712232532278 321.40764800000034 294
1712232542388 321.8681770000003 295
1712232552500 323.45392100000026 296
1712232562631 325.1732460000003 297
1712232572751 325.20456000000013 298
1712232582890 330.00131599999986 299
1712232592996 332.30005600000004 300
1712232603130 334.7947069999991 301
1712232613238 334.7992720000002 302
1712232623352 339.3387079999993 303
1712232633451 343.1176969999997 304
1712232643578 348.94137299999966 305
1712232653680 353.9322149999989 306
1712232663790 355.09730899999886 307
1712232673907 356.1251109999994 308
1712232684020 368.02637999999934 309
1712232694141 376.33347799999865 310
1712232704246 378.4826720000001 311
1712232714290 379.57687199999964 312
1712232724401 380.52764099999877 313
1712232734522 381.82838900000024 314
1712232744622 382.80353399999876 315
1712232754740 383.68196499999976 316
1712232764827 384.86820799999987 317
1712232774926 385.7200269999994 318
1712232785014 386.781547999999 319
1712232795103 388.04864199999975 320
1712232805185 399.6319539999986 321
1712232815287 414.01460399999996 322
1712232825372 414.08933999999863 323
1712232835464 415.4307630000003 324
1712232845563 417.5896809999995 325
1712232855657 418.14738000000034 326
1712232865742 422.373603 327
1712232875834 424.8601859999999 328
1712232885925 424.8738489999996 329
1712232896003 432.91112599999906 330
1712232906100 444.08928299999934 331
1712232916178 447.2885409999999 332
1712232926277 448.99347299999863 333
1712232936370 451.19148700000005 334
1712232946462 456.0151729999998 335
1712232956549 463.61594999999943 336
1712232966638 466.125403 337
1712232976729 466.1288079999995 338
1712232986810 466.15232599999945 339
1712232996917 466.16553099999874 340
1712233007016 466.19105299999865 341
1712233017100 466.2355470000002 342
1712233027191 466.2546399999992 343
1712233037282 466.2575340000003 344
1712233047368 466.2657710000003 345
1712233057467 466.2934580000001 346
1712233067568 466.3110120000001 347
1712233077600 466.34536300000036 348
1712233087684 473.8054209999991 349
1712233097721 480.5151509999996 350
1712233107804 480.5581349999993 351
1712233117896 480.57258999999976 352
1712233127999 481.8536839999997 353
1712233138090 489.23125999999866 354
1712233148180 501.3939109999992 355
1712233158268 515.0743719999991 356
1712233168370 519.3598669999992 357
1712233178476 521.9567389999993 358
1712233188580 525.5235279999997 359
1712233198681 526.9251329999988 360
1712233208783 529.1497600000002 361
1712233218894 533.3711219999986 362
1712233228985 533.3978659999993 363
1712233239078 534.0009469999986 364
1712233249181 536.5738619999993 365
1712233259276 537.9498050000002 366
1712233269367 537.9667520000003 367
1712233279458 539.0149700000002 368
1712233289553 540.2895529999987 369
1712233299659 540.6136299999998 370
1712233309757 546.208263999999 371
1712233319802 551.425428999999 372
1712233329903 551.5896529999991 373
1712233340020 552.5830779999997 374
1712233350065 556.2873589999999 375
1712233360170 556.4133389999988 376
1712233370288 556.5057539999998 377
1712233380337 556.556591999999 378
1712233390432 556.6082619999997 379
1712233400533 556.7042669999992 380
1712233410625 556.809953 381
1712233420716 556.9034460000003 382
1712233430817 557.0618249999989 383
1712233440925 557.2060279999987 384
1712233451010 557.3514839999989 385
1712233461110 557.559256999999 386
1712233471205 557.635753999999 387
1712233481308 557.7425640000001 388
1712233491409 557.8963590000003 389
1712233501510 558.0222909999993 390
1712233511607 558.1032369999994 391
1712233521711 558.1962349999994 392
1712233531814 558.3613949999999 393
1712233541910 558.4908629999991 394
1712233551997 558.6111529999998 395
1712233562093 558.7460049999991 396
1712233572192 558.8622720000003 397
1712233582287 559.0130969999991 398
1712233592393 559.1484220000002 399
1712233602493 559.2840099999994 400
1712233612594 559.4458240000004 401
1712233622672 559.5956459999998 402
1712233632755 559.738401999999 403
1712233642844 559.8705489999993 404
1712233652941 560.0494559999988 405
1712233663030 560.169179999999 406
1712233673122 560.3255329999993 407
1712233683217 560.469853999999 408
1712233693298 560.5773179999997 409
1712233703399 560.7158999999992 410
1712233713485 560.7939819999992 411
1712233723580 560.8746620000002 412
1712233733670 561.0173109999996 413
1712233743769 561.162816 414
1712233753867 561.2872079999997 415
1712233764679 561.3998009999996 416
1712233774771 561.5752539999994 417
1712233784875 561.6599869999991 418
1712233794967 561.7435669999995 419
1712233805056 561.8606159999999 420
1712233815156 562.0104219999994 421
1712233825258 562.1402349999989 422
1712233835306 562.250657999999 423
1712233845398 562.3581529999992 424
1712233855486 562.4778809999989 425
1712233865583 565.6091089999991 426
1712233875829 568.0296969999999 427
1712233886142 568.1040780000003 428
1712233896254 570.6748599999992 429
1712233906354 572.7979999999989 430
1712233916456 573.2527859999991 431
1712233926602 575.8542820000002 432
1712233936709 586.3809860000001 433
1712233946824 590.1677490000002 434
1712233956926 596.6592549999987 435
1712233967045 599.2115959999992 436
1712233977154 607.7701289999986 437
1712233987253 621.8619440000002 438
1712233997350 626.4196080000002 439
1712234007465 626.4356769999995 440
1712234017552 626.4383539999999 441
1712234027660 628.853482999999 442
1712234037796 633.470100999999 443
1712234047921 633.6851009999991 444
1712234058044 635.9231179999988 445
1712234068173 638.2484139999997 446
1712234078287 638.2702799999988 447
1712234088413 638.3556079999998 448
1712234098529 647.2109220000002 449
1712234108644 655.8967949999987 450
1712234118772 656.0440849999995 451
1712234128890 656.0758229999992 452
1712234139001 658.6604740000002 453
1712234149124 663.0778219999993 454
1712234159254 663.0838119999989 455
1712234169395 663.0925790000001 456
1712234179521 664.4929609999999 457
1712234189638 664.5765149999988 458
1712234199755 668.2061589999994 459
1712234209871 668.956666 460
1712234219990 669.0746999999992 461
1712234230125 669.4982089999994 462
1712234240246 684.0299149999992 463
1712234250362 697.6635139999999 464
1712234260471 709.7102539999996 465
1712234270599 720.7197039999992 466
1712234280716 727.0498619999998 467
1712234290843 739.4925270000003 468
1712234300958 743.0688149999987 469
1712234311076 743.2020190000003 470
1712234321193 743.2238079999988 471
1712234331307 743.2367639999993 472
1712234341425 743.2793709999987 473
1712234351537 743.3085819999997 474
1712234361662 743.3236049999996 475
1712234371787 747.1410599999999 476
1712234381835 750.6407679999993 477
1712234391950 750.687516 478
1712234402065 750.7109810000002 479
1712234412194 751.0659399999986 480
1712234422316 755.5826120000002 481
1712234432438 765.3825039999992 482
1712234442558 766.5926159999999 483
1712234452678 766.6248959999994 484
1712234462802 766.6431789999988 485
1712234472918 767.8041780000003 486
1712234483041 767.8207289999991 487
1712234493169 769.1014689999993 488
1712234503299 769.5770729999986 489
1712234513423 772.7164780000003 490
1712234523534 772.9784330000002 491
1712234533649 773.0300869999992 492
1712234543766 773.057718 493
1712234554500 778.3916099999988 494
1712234564617 790.1662809999998 495
1712234574745 793.1316979999992 496
1712234584899 794.3203799999992 497
1712234595024 796.1725229999993 498
1712234605146 796.2712119999997 499
1712234615274 796.2803210000002 500
1712234625381 802.4233399999994 501
1712234635492 810.1217219999999 502
1712234645610 810.7476659999993 503
1712234655716 811.0104709999996 504
1712234665820 813.297231999999 505
1712234675914 816.5607380000001 506
1712234686007 816.7307449999989 507
1712234696105 816.8540689999991 508
1712234706192 818.6775019999986 509
1712234716316 819.590447999999 510
1712234726412 819.7625169999992 511
1712234736523 819.850645999999 512
1712234746620 819.8785749999988 513
1712234756703 820.0562389999996 514
1712234766820 820.1696379999994 515
1712234776926 820.2237699999987 516
1712234787043 820.2711710000003 517
1712234797137 820.2950729999993 518
1712234807256 820.3089380000001 519
1712234817365 820.320432999999 520
1712234827482 820.4274420000002 521
1712234837601 820.556994999999 522
1712234847722 820.7199459999993 523
1712234857817 820.8614199999993 524
1712234867901 821.0193989999989 525
1712234878003 821.1889840000003 526
1712234888097 821.2937430000002 527
1712234898194 821.4124510000001 528
1712234908283 821.5117799999989 529
1712234918372 821.6520839999994 530
1712234928458 821.806133 531
1712234938580 821.906841 532
1712234948685 821.9980509999987 533
1712234958792 822.1520029999992 534
1712234968888 822.3178310000003 535
1712234978971 824.2072939999998 536
1712234989080 824.3454869999987 537
1712234999177 824.4917239999995 538
1712235009277 824.6397660000002 539
1712235019380 824.7814309999994 540
1712235029468 824.9370609999987 541
1712235039562 825.0923299999995 542
1712235049651 825.237459 543
1712235059742 825.3977070000001 544
1712235069830 825.5541409999987 545
1712235079933 825.6602860000003 546
1712235090024 825.7371629999998 547
1712235100133 825.8594519999988 548
1712235110224 825.9818059999998 549
1712235120325 826.1109739999993 550
1712235130432 826.179392 551
1712235140527 826.2726999999995 552
1712235150630 826.4409559999986 553
1712235160739 826.5514019999991 554
1712235170843 826.6300869999995 555
1712235180955 826.7295139999987 556
1712235191056 826.8828240000003 557
1712235201141 827.0013909999998 558
1712235211242 827.1388819999993 559
1712235221350 827.2622419999989 560
1712235231438 827.4583669999993 561
1712235241529 827.5365359999996 562
1712235251623 827.6194049999995 563
1712235261720 827.737380999999 564
1712235271818 827.8571429999993 565
1712235281912 828.0235159999993 566
1712235292021 828.1992140000002 567
1712235302143 828.3174449999988 568
1712235312250 828.4065119999996 569
1712235322368 828.4901449999998 570
1712235332467 828.660269 571
1712235343355 828.8607809999994 572
1712235353457 828.9508549999991 573
1712235363568 829.0349119999992 574
1712235373684 829.1357150000003 575
1712235383790 829.2753309999989 576
1712235393893 829.417347999999 577
1712235403993 829.5695930000002 578
1712235414102 829.7204689999999 579
1712235424211 829.8357340000002 580
1712235434313 829.9351690000003 581
1712235444405 829.952960999999 582
1712235454544 830.0950080000002 583
1712235464661 830.2323149999993 584
1712235474775 830.297215999999 585
1712235484890 830.3290989999987 586
1712235494946 830.3894769999988 587
1712235505047 830.435852999999 588
1712235515140 830.6561849999998 589
1712235525245 830.7330559999991 590
1712235535322 830.8041479999993 591
1712235545447 831.0838199999998 592
1712235555537 831.6159189999998 593
1712235565586 831.7910899999988 594
1712235575683 831.9310800000003 595
1712235585782 832.1284500000002 596
1712235595890 832.3012669999989 597
1712235605986 832.4874889999992 598
1712235616081 832.6131829999995 599
1712235626171 832.7846699999991 600
1712235636263 832.9943779999994 601
1712235646366 833.1667699999998 602
1712235656457 833.3309449999997 603
1712235666561 833.4667709999994 604
1712235676664 833.572345999999 605
1712235686765 833.7753199999988 606
1712235696866 833.945690999999 607
1712235706968 834.0627509999995 608
1712235717077 834.1715160000003 609
1712235727171 834.3367529999996 610
1712235737284 834.4974189999994 611
1712235747376 834.6818399999993 612
1712235757474 834.7959199999987 613
1712235767568 834.9027289999995 614
1712235777673 835.0367269999988 615
1712235787768 835.2244659999997 616
1712235797862 835.3622439999999 617
1712235807967 835.5369840000003 618
1712235818075 835.7034349999994 619
1712235828177 835.892801 620
1712235838273 836.0878359999988 621
1712235848364 836.238734999999 622
1712235858449 836.4450930000003 623
1712235868551 836.5938239999996 624
1712235878655 836.7584229999993 625
1712235888753 836.9561889999986 626
1712235898846 837.1350480000001 627
1712235908943 837.2601049999994 628
1712235919034 837.4200639999999 629
1712235929127 837.596825999999 630
1712235939217 837.7112719999986 631
1712235949308 837.9182869999986 632
1712235959405 838.043067999999 633
1712235969510 838.1874630000002 634
1712235979606 838.3587209999987 635
1712235989718 838.5199940000002 636
1712235999821 838.60664 637
1712236009920 838.7297859999999 638
1712236020011 838.8535329999995 639
1712236030105 844.2425869999988 640
1712236040200 844.3019800000002 641
1712236050294 845.3040430000001 642
1712236060336 845.3281150000003 643
1712236070438 845.433814 644
1712236080538 845.4641169999995 645
1712236090633 848.2823279999993 646
1712236100723 853.5188280000002 647
1712236110817 855.6525860000002 648
1712236120918 856.4071879999992 649
1712236131011 856.9536889999999 650
1712236141119 857.5560989999994 651
1712236151206 858.256347999999 652
1712236161315 858.6118699999988 653
1712236171409 859.0028619999994 654
1712236181514 859.4059619999989 655
1712236191608 860.6366629999993 656
1712236201712 861.7023479999989 657
1712236211802 862.3820959999994 658
1712236221914 862.9126230000002 659
1712236232026 863.625994 660
1712236242126 864.1046189999997 661
1712236252217 864.6225759999998 662
1712236262313 865.1145450000004 663
1712236272428 866.755052999999 664
1712236282556 868.2627899999989 665
1712236292657 868.4144649999998 666
1712236302764 868.4403050000001 667
1712236312881 868.4817409999996 668
1712236322981 868.5101830000003 669
1712236333069 868.5494799999997 670
1712236343171 868.583498 671
1712236353271 868.9433799999988 672
1712236363396 868.9891829999997 673
1712236373506 873.505439999999 674
1712236383609 873.5907909999987 675
1712236393725 876.7057089999998 676
1712236403828 876.7399029999997 677
1712236413966 876.7916609999993 678
1712236424071 876.8145409999997 679
1712236434190 876.8383869999998 680
1712236444293 876.8815290000002 681
1712236454402 876.8976289999991 682
1712236464509 876.9310189999997 683
1712236474615 876.9626369999987 684
1712236484716 876.9831779999986 685
1712236494818 877.030788 686
1712236504929 877.0726099999993 687
1712236515018 877.0950089999988 688
1712236525126 877.1032919999998 689
1712236535234 877.1296599999987 690
1712236545330 877.1509260000003 691
1712236555434 877.1883559999987 692
1712236565536 877.2223819999999 693
1712236575640 877.253299 694
1712236585746 877.2876779999988 695
1712236595855 877.2987329999996 696
1712236605956 877.3405189999994 697
1712236616052 877.3836670000001 698
1712236626149 877.414229 699
1712236636251 877.4389859999992 700
1712236646348 877.4723489999997 701
1712236656444 877.4936959999995 702
1712236666540 877.5244320000002 703
1712236676636 877.6119839999992 704
1712236686727 877.6579929999989 705
1712236696829 877.6841409999997 706
1712236706937 877.713366 707
1712236717053 877.7343979999987 708
1712236727187 877.761962999999 709
1712236737315 877.8063000000002 710
1712236747423 877.8677989999996 711
