1712229564048 0.0 0
1712229574152 0.0235659999998461 1
1712229584266 0.06610399999772198 2
1712229594363 0.30940499999996973 3
1712229604440 1.607506000000285 4
1712229614573 1.6802549999993062 5
1712229624644 1.7393080000001646 6
1712229634736 1.7782059999990452 7
1712229644825 2.035675999999512 8
1712229654901 2.323434999998426 9
1712229664978 2.3666919999996026 10
1712229675049 2.392141000000265 11
1712229685136 2.4136020000005374 12
1712229695202 2.439742999998998 13
1712229705281 2.750668000000587 14
1712229715356 2.7804829999986396 15
1712229725420 2.8133190000007744 16
1712229735493 2.8814480000000913 17
1712229745581 2.921911999997974 18
1712229755660 2.9677689999989525 19
1712229765773 3.0114450000000943 20
1712229775841 3.045150999998441 21
1712229785911 3.0719499999977415 22
1712229795987 3.101818999999523 23
1712229806072 3.119965999998385 24
1712229816159 3.136678999999276 25
1712229826234 3.1817899999987276 26
1712229836307 3.212019999999029 27
1712229846387 3.2222279999987222 28
1712229856457 3.256138999997347 29
1712229866546 3.269473000000289 30
1712229876639 3.299353999998857 31
1712229886710 3.3250609999995504 32
1712229896773 3.368481999998039 33
1712229906859 3.4084449999973003 34
1712229916931 3.4383170000000973 35
1712229927012 3.4704659999988507 36
1712229937088 3.48193899999751 37
1712229947161 3.5059299999993527 38
1712229957239 3.553794999999809 39
1712229967306 3.5997239999996964 40
1712229977384 3.640951999997924 41
1712229987461 3.659275999998499 42
1712229997549 3.6828679999998712 43
1712230007633 3.7023389999994833 44
1712230017719 3.7124819999989995 45
1712230027803 3.769444999998086 46
1712230037882 3.782918000000791 47
1712230047948 4.366902999998274 48
1712230058038 4.40758199999982 49
1712230068117 4.422051999998075 50
1712230078210 4.453223000000435 51
1712230088303 4.494400999999925 52
1712230098371 4.519305999998323 53
1712230108445 4.53937600000063 54
1712230118527 4.5537659999972675 55
1712230128629 4.5696160000006785 56
1712230138713 4.592195999997784 57
1712230148789 4.609159999999974 58
1712230158882 4.630001999998058 59
1712230168947 4.655620999998064 60
1712230179025 4.670984000000317 61
1712230189113 4.685084999997343 62
1712230199191 4.7123629999987315 63
1712230209267 4.731078000000707 64
1712230219342 4.7525319999986095 65
1712230229431 4.781720999999379 66
1712230239529 4.845344999997906 67
1712230249600 4.947534999999334 68
1712230259672 5.142209999998158 69
1712230269763 5.269925000000512 70
1712230279850 5.287176999998337 71
1712230289931 5.317920999998023 72
1712230300024 5.353334999999788 73
1712230310094 5.411039999999048 74
1712230320164 6.9725670000007085 75
1712230330255 13.283550000000105 76
1712230340358 17.45850000000064 77
1712230350450 18.961230000000796 78
1712230360525 19.98525299999892 79
1712230370618 20.917084000000614 80
1712230380700 22.035437999998976 81
1712230390792 22.979365999999573 82
1712230400892 23.96276299999954 83
1712230410975 24.58860300000015 84
1712230421075 25.34917199999836 85
1712230431161 26.278775999999198 86
1712230441247 27.05411699999968 87
1712230451337 27.141422000000603 88
1712230461426 27.17257999999856 89
1712230471523 27.19663699999728 90
1712230481609 27.21954199999891 91
1712230491680 27.252588999999716 92
1712230501779 27.27625099999932 93
1712230511878 27.349182999998447 94
1712230521998 27.364238999998634 95
1712230532099 27.395495000000665 96
1712230542186 31.797962999997253 97
1712230552272 36.097107999998116 98
1712230562356 36.67601499999728 99
1712230572439 37.28953999999794 100
1712230582536 37.919662000000244 101
1712230592611 38.91136799999731 102
1712230602720 39.50735200000054 103
1712230612801 40.06523200000083 104
1712230622895 40.339844999998604 105
1712230632969 41.248404999998456 106
1712230643065 42.361619999999675 107
1712230653165 43.148127000000386 108
1712230663267 43.96498299999803 109
1712230673361 44.573974999999336 110
1712230683454 45.144571999997424 111
1712230693535 45.854465000000346 112
1712230703632 46.51369899999918 113
1712230713706 47.5107480000006 114
1712230723788 48.273386999997456 115
1712230733861 48.918204999998125 116
1712230743932 49.55315499999779 117
1712230754023 50.479991000000155 118
1712230764112 51.05598800000007 119
1712230774192 51.57684199999858 120
1712230784262 52.368375999998534 121
1712230794340 52.98046400000021 122
1712230804419 54.028808999999455 123
1712230814491 55.057278000000224 124
1712230824587 56.03958899999998 125
1712230834672 56.86617099999785 126
1712230844753 57.60181200000079 127
1712230854852 58.51644899999883 128
1712230864931 59.26477899999736 129
1712230875014 59.96756900000037 130
1712230885090 61.01692899999762 131
1712230895172 62.072173000000475 132
1712230905257 62.925302999999985 133
1712230915332 63.62354899999991 134
1712230925428 64.60125399999743 135
1712230935512 65.53721099999893 136
1712230945597 66.28340000000026 137
1712230955676 67.06407399999807 138
1712230965776 67.83062199999767 139
1712230975867 68.56406199999765 140
1712230985949 69.50829800000065 141
1712230996039 69.52986500000043 142
1712231006169 69.55637299999944 143
1712231016269 69.60793299999932 144
1712231026359 69.62377899999774 145
1712231036446 70.51508900000044 146
1712231046545 74.7062909999986 147
1712231056631 75.85554199999751 148
1712231066747 76.33656100000007 149
1712231076838 76.9833269999981 150
1712231086927 77.77977099999771 151
1712231097011 78.44619899999816 152
1712231107092 79.07986199999868 153
1712231117203 79.81406799999968 154
1712231127321 80.56301199999871 155
1712231137401 81.32385599999907 156
1712231147491 82.2746100000004 157
1712231157583 82.89783700000044 158
1712231167684 85.50970799999777 159
1712231177760 88.13428700000077 160
1712231187836 89.39821499999744 161
1712231197916 90.2014769999987 162
1712231207992 90.76435700000002 163
1712231218078 91.38263499999812 164
1712231228172 92.0079310000001 165
1712231238262 92.49815099999978 166
1712231248355 93.2918099999988 167
1712231258436 93.8434500000003 168
1712231268522 94.2918869999994 169
1712231278606 109.35573999999906 170
1712231288698 114.60254399999758 171
1712231298782 116.10621800000081 172
1712231308882 118.43985999999859 173
1712231318963 118.78491199999917 174
1712231329036 130.97084899999754 175
1712231339133 144.68932099999802 176
1712231349221 147.70807299999797 177
1712231359307 149.66821399999753 178
1712231369391 149.71096599999873 179
1712231379480 150.51928399999815 180
1712231389561 161.16558799999984 181
1712231399658 165.95362000000023 182
1712231409752 178.31218299999819 183
1712231419848 186.57428499999878 184
1712231429931 190.76763500000015 185
1712231440044 206.22819399999935 186
1712231450151 208.0021459999989 187
1712231460233 208.0754280000001 188
1712231470331 208.11150899999848 189
1712231480417 209.20790699999998 190
1712231490514 209.30065299999842 191
1712231500627 214.34848799999963 192
1712231510731 217.4254430000001 193
1712231520810 217.44832499999757 194
1712231530901 217.47217199999795 195
1712231540988 217.48869999999806 196
1712231551079 217.51620099999855 197
1712231561174 217.54722799999945 198
1712231571261 217.56351899999936 199
1712231581337 217.61920299999838 200
1712231591429 220.02642399999968 201
1712231601537 222.68847800000003 202
1712231611624 224.4013500000001 203
1712231621733 224.9291090000006 204
1712231631812 225.51261800000066 205
1712231641899 226.03340399999797 206
1712231651997 226.78842900000018 207
1712231662038 227.36287599999923 208
1712231672070 228.0869649999986 209
1712231682159 228.84674399999858 210
1712231692251 229.36977900000056 211
1712231702343 229.98975099999734 212
1712231712458 230.53963400000066 213
1712231722551 230.81519800000024 214
1712231732644 231.48417499999778 215
1712231742728 232.1622779999998 216
1712231752838 232.65211099999942 217
1712231762933 233.06606699999975 218
1712231773035 233.2746530000004 219
1712231783126 233.29381899999862 220
1712231793222 233.30842499999926 221
1712231803309 233.31973199999993 222
1712231813405 233.33929499999795 223
1712231823513 233.35467199999766 224
1712231833598 233.36962700000004 225
1712231843697 233.38009600000078 226
1712231853805 233.38975500000015 227
1712231863890 238.87533199999962 228
1712231874000 240.8811829999977 229
1712231884095 242.16186899999957 230
1712231894196 246.44902499999807 231
1712231904290 249.12534199999936 232
1712231914380 249.57426900000064 233
1712231924490 250.1976680000007 234
1712231934568 250.75584199999867 235
1712231944659 251.3019319999985 236
1712231954764 251.88679899999988 237
1712231964848 252.61195799999768 238
1712231974928 253.2651459999979 239
1712231985011 253.92935699999725 240
1712231995102 254.46262500000012 241
1712232005207 255.23401499999818 242
1712232015306 255.78522899999734 243
1712232025381 256.3170549999995 244
1712232035490 256.90089799999987 245
1712232045587 257.88165300000037 246
1712232055676 258.4397059999974 247
1712232065760 259.1105690000004 248
1712232075879 259.7928159999974 249
1712232085971 260.2854789999983 250
1712232096064 260.6116000000002 251
1712232106164 261.1447889999981 252
1712232116283 261.57836099999986 253
1712232126379 262.15440300000046 254
1712232136462 262.6359349999984 255
1712232146553 263.2141499999998 256
1712232156652 265.13064400000076 257
1712232166731 269.95556299999953 258
1712232176834 273.0708709999999 259
1712232186939 274.3070320000006 260
1712232197055 275.25042199999734 261
1712232207160 275.33181799999875 262
1712232217278 275.3662349999977 263
1712232227381 275.40321699999913 264
1712232237489 275.4340090000005 265
1712232247611 275.4822499999973 266
1712232257734 275.5121139999974 267
1712232267833 275.53285699999833 268
1712232277944 278.2418199999993 269
1712232288051 284.47275199999785 270
1712232298175 285.1353789999994 271
1712232308284 285.19649299999946 272
1712232318390 287.4673269999985 273
1712232328499 288.3791539999984 274
1712232338609 288.40605199999845 275
1712232348721 288.58964299999934 276
1712232358831 288.6388200000001 277
1712232368941 288.719850999998 278
1712232379057 292.22408899999937 279
1712232389156 292.3405899999998 280
1712232399259 298.25458499999877 281
1712232409366 305.6084200000005 282
1712232420830 311.43730700000015 283
1712232430948 312.89760000000024 284
1712232441141 314.2231790000005 285
1712232451349 315.4707199999975 286
1712232461483 317.0977559999992 287
1712232471597 319.4707920000001 288
1712232481703 320.980098 289
1712232491812 321.43416699999943 290
1712232501941 324.08114099999875 291
1712232512049 327.06240199999957 292
1712232522159 327.21275400000013 293
1712232532278 327.31513300000006 294
1712232542388 327.78067499999815 295
1712232552500 329.3810209999974 296
1712232562631 331.12017899999773 297
1712232572751 331.17835299999933 298
1712232582890 335.98190599999725 299
1712232592996 338.32826999999816 300
1712232603130 340.80025000000023 301
1712232613238 340.8317709999974 302
1712232623352 345.4204379999974 303
1712232633451 349.1883639999978 304
1712232643578 355.0207960000007 305
1712232653680 360.0589059999984 306
1712232663790 361.2863550000002 307
1712232673907 362.27458999999726 308
1712232684020 374.3716659999991 309
1712232694141 382.5242130000006 310
1712232704246 384.6830009999976 311
1712232714290 385.80583099999785 312
1712232724401 386.7898529999984 313
1712232734522 388.10928499999864 314
1712232744622 389.0998560000007 315
1712232754740 390.00543800000014 316
1712232764827 391.23105099999884 317
1712232774926 392.1357229999994 318
1712232785014 393.2304210000002 319
1712232795103 394.49097699999766 320
1712232805185 406.1217429999997 321
1712232815287 420.50349300000016 322
1712232825372 420.58904099999927 323
1712232835464 421.93956400000025 324
1712232845563 424.1149979999973 325
1712232855657 424.7747159999999 326
1712232865742 429.02135199999975 327
1712232875834 431.52084599999944 328
1712232885925 431.7123729999985 329
1712232896003 439.7675029999991 330
1712232906100 450.9564709999977 331
1712232916178 454.17490199999884 332
1712232926277 455.8941699999996 333
1712232936370 458.0995819999989 334
1712232946462 462.9364800000003 335
1712232956549 470.5617289999973 336
1712232966638 473.0891279999996 337
1712232976729 473.1077320000004 338
1712232986810 473.171957999999 339
1712232996917 473.19984999999724 340
1712233007016 473.24063000000024 341
1712233017100 473.34792000000016 342
1712233027191 473.38575499999934 343
1712233037282 473.40360599999985 344
1712233047368 473.43004199999996 345
1712233057467 473.507959999999 346
1712233067568 473.56617499999993 347
1712233077600 473.6149489999989 348
1712233087684 481.2730840000004 349
1712233097721 487.8562889999994 350
1712233107804 488.017065 351
1712233117896 488.0565319999987 352
1712233127999 489.3940599999987 353
1712233138090 496.80724199999895 354
1712233148180 509.02333299999736 355
1712233158268 522.6712009999974 356
1712233168370 526.9877809999998 357
1712233178476 529.6207109999996 358
1712233188580 533.2084680000007 359
1712233198681 534.6425080000008 360
1712233208783 536.8882009999979 361
1712233218894 541.1140529999975 362
1712233228985 541.1695230000005 363
1712233239078 541.7847750000001 364
1712233249181 544.3797229999982 365
1712233259276 545.7696639999995 366
1712233269367 545.8031579999988 367
1712233279458 546.8643819999998 368
1712233289553 548.1766919999973 369
1712233299659 548.5331979999974 370
1712233309757 554.2389750000002 371
1712233319802 559.3788289999975 372
1712233329903 559.5601879999995 373
1712233340020 560.5934049999996 374
1712233350065 564.3216159999974 375
1712233360170 564.4785459999985 376
1712233370288 564.5924610000002 377
1712233380337 564.6501719999978 378
1712233390432 564.7110339999999 379
1712233400533 564.8305199999995 380
1712233410625 564.9530219999979 381
1712233420716 565.0748309999981 382
1712233430817 565.2546110000003 383
1712233440925 565.4210710000007 384
1712233451010 565.5848029999979 385
1712233461110 565.8180339999999 386
1712233471205 565.9187500000007 387
1712233481308 566.0541459999986 388
1712233491409 566.2190239999982 389
1712233501510 566.3589639999991 390
1712233511607 566.4488290000008 391
1712233521711 566.564065999999 392
1712233531814 566.7621760000002 393
1712233541910 566.9122029999999 394
1712233551997 567.0546439999998 395
1712233562093 567.2137239999975 396
1712233572192 567.3638839999985 397
1712233582287 567.539338999999 398
1712233592393 567.7074979999998 399
1712233602493 567.8822579999978 400
1712233612594 568.0737379999991 401
1712233622672 568.2421030000005 402
1712233632755 568.3980730000003 403
1712233642844 568.5473710000006 404
1712233652941 568.7719539999998 405
1712233663030 568.9233849999982 406
1712233673122 569.0858640000006 407
1712233683217 569.2388800000008 408
1712233693298 569.3571899999988 409
1712233703399 569.5069189999995 410
1712233713485 569.594302999998 411
1712233723580 569.6948429999975 412
1712233733670 569.8516469999995 413
1712233743769 570.0065709999981 414
1712233753867 570.1423809999978 415
1712233764679 570.2742829999988 416
1712233774771 570.4646369999973 417
1712233784875 570.5645909999985 418
1712233794967 570.6626639999995 419
1712233805056 570.7919569999976 420
1712233815156 570.9547949999978 421
1712233825258 571.0979929999994 422
1712233835306 571.2181949999976 423
1712233845398 571.3580899999979 424
1712233855486 571.5112640000007 425
1712233865583 574.6862010000004 426
1712233875829 577.1200499999977 427
1712233886142 577.2338129999989 428
1712233896254 579.8279939999993 429
1712233906354 581.9847310000005 430
1712233916456 582.473872999999 431
1712233926602 585.0901200000008 432
1712233936709 595.6271429999979 433
1712233946824 599.4435620000004 434
1712233956926 605.9943810000004 435
1712233967045 608.5527770000008 436
1712233977154 617.1603250000007 437
1712233987253 631.2424939999983 438
1712233997350 635.8207709999988 439
1712234007465 635.849037 440
1712234017552 635.8636409999999 441
1712234027660 638.3297280000006 442
1712234037796 642.978869999999 443
1712234047921 643.2179350000006 444
1712234058044 645.4722819999988 445
1712234068173 647.8398589999997 446
1712234078287 647.8918859999976 447
1712234088413 648.0162700000001 448
1712234098529 656.878894999998 449
1712234108644 665.5783449999981 450
1712234118772 665.7395609999985 451
1712234128890 665.7866169999979 452
1712234139001 668.3844089999984 453
1712234149124 672.821595999998 454
1712234159254 672.8626769999973 455
1712234169395 672.8928899999992 456
1712234179521 674.3018740000007 457
1712234189638 674.4157979999982 458
1712234199755 678.0647529999987 459
1712234209871 678.8610049999988 460
1712234219990 678.9973910000008 461
1712234230125 679.425213999999 462
1712234240246 694.0133849999984 463
1712234250362 707.6588410000004 464
1712234260471 719.7551299999977 465
1712234270599 730.7341610000003 466
1712234280716 737.0818419999996 467
1712234290843 749.5387379999993 468
1712234300958 753.126483 469
1712234311076 753.2717769999981 470
1712234321193 753.3107189999973 471
1712234331307 753.3406790000008 472
1712234341425 753.4039720000001 473
1712234351537 753.4408939999994 474
1712234361662 753.4661369999994 475
1712234371787 757.2932809999984 476
1712234381835 760.7929829999994 477
1712234391950 760.8782890000002 478
1712234402065 760.9154710000003 479
1712234412194 761.2837589999981 480
1712234422316 765.8142709999993 481
1712234432438 775.6379529999977 482
1712234442558 776.8632279999983 483
1712234452678 776.9266150000003 484
1712234462802 776.961503999999 485
1712234472918 778.1402699999999 486
1712234483041 778.167559999998 487
1712234493169 779.4589879999985 488
1712234503299 779.9420229999996 489
1712234513423 783.1594850000001 490
1712234523534 783.3757889999979 491
1712234533649 783.4402459999983 492
1712234543766 783.4851729999973 493
1712234554500 788.8342279999997 494
1712234564617 800.6304039999995 495
1712234574745 803.5988859999998 496
1712234584899 804.8034359999983 497
1712234595024 806.6940389999982 498
1712234605146 806.8089579999978 499
1712234615274 806.8480820000004 500
1712234625381 813.0014219999975 501
1712234635492 820.7062540000006 502
1712234645610 821.3511889999972 503
1712234655716 821.6297290000002 504
1712234665820 823.9306890000007 505
1712234675914 827.2065059999986 506
1712234686007 827.3907240000008 507
1712234696105 827.5280469999998 508
1712234706192 829.3607919999995 509
1712234716316 830.287640999999 510
1712234726412 830.4739709999994 511
1712234736523 830.576635999998 512
1712234746620 830.6162220000006 513
1712234756703 830.8350629999986 514
1712234766820 830.957359 515
1712234776926 831.0240310000008 516
1712234787043 831.0923359999979 517
1712234797137 831.1318169999977 518
1712234807256 831.1616939999985 519
1712234817365 831.1853940000001 520
1712234827482 831.3026649999993 521
1712234837601 831.4421980000006 522
1712234847722 831.6159530000004 523
1712234857817 831.7647489999981 524
1712234867901 831.9510699999992 525
1712234878003 832.1383519999981 526
1712234888097 832.2668620000004 527
1712234898194 832.4161839999979 528
1712234908283 832.5407029999988 529
1712234918372 832.6948179999999 530
1712234928458 832.8614629999975 531
1712234938580 832.9609729999975 532
1712234948685 833.0542119999991 533
1712234958792 833.2273580000001 534
1712234968888 833.4059049999996 535
1712234978971 835.3200279999983 536
1712234989080 835.4768989999975 537
1712234999177 835.6406349999997 538
1712235009277 835.8139819999997 539
1712235019380 835.9888879999999 540
1712235029468 836.1624859999974 541
1712235039562 836.3240499999993 542
1712235049651 836.4788139999982 543
1712235059742 836.6453809999985 544
1712235069830 836.8114969999988 545
1712235079933 836.9348690000006 546
1712235090024 837.0269049999988 547
1712235100133 837.1866420000006 548
1712235110224 837.321348999998 549
1712235120325 837.4605090000005 550
1712235130432 837.5553169999985 551
1712235140527 837.6644820000001 552
1712235150630 837.8536009999989 553
1712235160739 837.9725099999996 554
1712235170843 838.0752890000003 555
1712235180955 838.1857769999988 556
1712235191056 838.3474979999992 557
1712235201141 838.4822019999992 558
1712235211242 838.6318379999975 559
1712235221350 838.7643480000006 560
1712235231438 838.9750989999993 561
1712235241529 839.0768419999986 562
1712235251623 839.1821649999983 563
1712235261720 839.3137309999984 564
1712235271818 839.4510989999981 565
1712235281912 839.6267879999978 566
1712235292021 839.8136539999978 567
1712235302143 839.9350080000004 568
1712235312250 840.0332729999973 569
1712235322368 840.1445099999983 570
1712235332467 840.3254909999996 571
1712235343355 840.5711179999998 572
1712235353457 840.7037309999978 573
1712235363568 840.8111079999981 574
1712235373684 840.9366190000001 575
1712235383790 841.1006329999982 576
1712235393893 841.2604379999975 577
1712235403993 841.4326709999987 578
1712235414102 841.6157219999986 579
1712235424211 841.7400940000007 580
1712235434313 841.8548749999973 581
1712235444405 841.8958170000005 582
1712235454544 842.0600739999973 583
1712235464661 842.2330919999986 584
1712235474775 842.5630829999973 585
1712235484890 842.6116719999991 586
1712235494946 842.7477330000002 587
1712235505047 842.8720649999996 588
1712235515140 843.1068930000001 589
1712235525245 843.2055010000004 590
1712235535322 843.2963400000008 591
1712235545447 847.8690859999988 592
1712235555537 855.3224210000008 593
1712235565586 855.6220329999996 594
1712235575683 855.7591289999982 595
1712235585782 855.9598289999994 596
1712235595890 856.1286959999998 597
1712235605986 856.3065349999997 598
1712235616081 856.4448169999996 599
1712235626171 856.6361099999995 600
1712235636263 856.8607620000002 601
1712235646366 857.0402589999976 602
1712235656457 857.2236310000008 603
1712235666561 857.3772069999977 604
1712235676664 857.4895299999989 605
1712235686765 857.708376999999 606
1712235696866 857.9197829999976 607
1712235706968 858.0465899999981 608
1712235717077 858.1748520000001 609
1712235727171 858.3442350000005 610
1712235737284 858.5023799999981 611
1712235747376 858.7158290000007 612
1712235757474 858.8361970000005 613
1712235767568 858.9745509999993 614
1712235777673 859.1315119999999 615
1712235787768 859.3305880000007 616
1712235797862 859.4705539999995 617
1712235807967 859.6506520000003 618
1712235818075 859.8390749999999 619
1712235828177 860.0372949999983 620
1712235838273 860.2411289999982 621
1712235848364 860.4153049999986 622
1712235858449 860.6355650000005 623
1712235868551 860.7939599999991 624
1712235878655 860.9615579999991 625
1712235888753 861.166785999998 626
1712235898846 861.3394919999992 627
1712235908943 861.4666919999981 628
1712235919034 861.6420230000003 629
1712235929127 861.8361239999977 630
1712235939217 861.9679109999997 631
1712235949308 862.1904089999989 632
1712235959405 862.3258160000005 633
1712235969510 862.4737280000008 634
1712235979606 862.6458039999998 635
1712235989718 862.8447469999992 636
1712235999821 862.9632569999994 637
1712236009920 863.0987569999998 638
1712236020011 863.2388539999993 639
1712236030105 868.6281999999992 640
1712236040200 868.689656999999 641
1712236050294 869.6957860000002 642
1712236060336 869.7375629999988 643
1712236070438 870.0483859999986 644
1712236080538 870.0812540000006 645
1712236090633 872.9083439999995 646
1712236100723 878.1411589999989 647
1712236110817 880.2740539999977 648
1712236120918 881.0394669999987 649
1712236131011 881.5923719999992 650
1712236141119 882.1893429999982 651
1712236151206 882.8946680000008 652
1712236161315 883.2538329999988 653
1712236171409 883.6563709999973 654
1712236181514 884.0705549999984 655
1712236191608 885.3033079999987 656
1712236201712 886.3716999999997 657
1712236211802 887.0510909999975 658
1712236221914 887.5778570000002 659
1712236232026 888.2937229999989 660
1712236242126 888.7756929999996 661
1712236252217 889.2923889999984 662
1712236262313 889.8034679999982 663
1712236272428 891.4842379999973 664
1712236282556 893.0051019999992 665
1712236292657 893.1589789999998 666
1712236302764 893.1922849999974 667
1712236312881 893.2349819999981 668
1712236322981 893.2557290000004 669
1712236333069 893.3015209999976 670
1712236343171 893.344384 671
1712236353271 894.0927779999984 672
1712236363396 894.2242809999989 673
1712236373506 898.7826590000004 674
1712236383609 898.8896109999987 675
1712236393725 902.0059889999975 676
1712236403828 902.0370259999981 677
1712236413966 902.1026299999976 678
1712236424071 902.1343649999981 679
1712236434190 902.1633010000005 680
1712236444293 902.1990689999984 681
1712236454402 902.287304999998 682
1712236464509 902.3257919999996 683
1712236474615 902.3578400000006 684
1712236484716 902.4506770000007 685
1712236494818 902.5159029999995 686
1712236504929 902.549074999999 687
1712236515018 902.5731899999992 688
1712236525126 902.5986379999995 689
1712236535234 902.6301649999987 690
1712236545330 902.650494999998 691
1712236555434 902.7004779999988 692
1712236565536 902.7371160000002 693
1712236575640 902.7667829999991 694
1712236585746 902.8043460000008 695
1712236595855 902.8248539999986 696
1712236605956 902.8748190000006 697
1712236616052 902.934495999998 698
1712236626149 902.9675260000004 699
1712236636251 902.9952359999988 700
1712236646348 903.0310040000004 701
1712236656444 903.0544200000004 702
1712236666540 903.0958570000003 703
1712236676636 903.1871189999983 704
1712236686727 903.2225919999983 705
1712236696829 903.2446380000001 706
1712236706937 903.276554 707
1712236717053 903.2973619999975 708
1712236727187 903.3320529999983 709
1712236737315 903.3809000000001 710
1712236747423 903.4608809999991 711
