1712229564048 7560.4 0
1712229574152 10887.6 1
1712229584266 16059.2 2
1712229594363 15776.6 3
1712229604440 16510.9 4
1712229614573 15050.3 5
1712229624644 15314.0 6
1712229634736 15403.5 7
1712229644825 15698.8 8
1712229654901 16032.5 9
1712229664978 16081.8 10
1712229675049 16109.2 11
1712229685136 16049.6 12
1712229695202 16162.5 13
1712229705281 16229.2 14
1712229715356 16273.5 15
1712229725420 16303.2 16
1712229735493 16317.8 17
1712229745581 16313.5 18
1712229755660 16305.2 19
1712229765773 16342.1 20
1712229775841 16328.1 21
1712229785911 16322.0 22
1712229795987 16291.6 23
1712229806072 16307.6 24
1712229816159 16306.2 25
1712229826234 16385.0 26
1712229836307 16398.7 27
1712229846387 16413.5 28
1712229856457 16451.6 29
1712229866546 16425.7 30
1712229876639 16434.1 31
1712229886710 16404.7 32
1712229896773 16466.7 33
1712229906859 16454.1 34
1712229916931 14800.1 35
1712229927012 14159.0 36
1712229937088 14120.9 37
1712229947161 14142.4 38
1712229957239 14171.1 39
1712229967306 14223.0 40
1712229977384 14243.9 41
1712229987461 14243.8 42
1712229997549 14246.6 43
1712230007633 14274.4 44
1712230017719 14277.3 45
1712230027803 14316.6 46
1712230037882 14311.7 47
1712230047948 14298.8 48
1712230058038 14295.3 49
1712230068117 14320.4 50
1712230078210 14356.1 51
1712230088303 14354.7 52
1712230098371 14359.2 53
1712230108445 14366.2 54
1712230118527 14367.0 55
1712230128629 14378.5 56
1712230138713 14387.3 57
1712230148789 14413.0 58
1712230158882 14469.6 59
1712230168947 14456.8 60
1712230179025 14446.0 61
1712230189113 14452.9 62
1712230199191 14457.8 63
1712230209267 14482.8 64
1712230219342 14431.4 65
1712230229431 14439.3 66
1712230239529 14459.3 67
1712230249600 14533.6 68
1712230259672 14675.5 69
1712230269763 14638.2 70
1712230279850 14642.3 71
1712230289931 14663.8 72
1712230300024 14648.6 73
1712230310094 14642.2 74
1712230320164 14687.1 75
1712230330255 14699.5 76
1712230340358 14698.9 77
1712230350450 14702.7 78
1712230360525 14831.6 79
1712230370618 14815.6 80
1712230380700 14833.2 81
1712230390792 14743.3 82
1712230400892 14744.9 83
1712230410975 14763.0 84
1712230421075 14722.7 85
1712230431161 14734.2 86
1712230441247 14739.4 87
1712230451337 14753.4 88
1712230461426 14763.0 89
1712230471523 14761.7 90
1712230481609 14759.3 91
1712230491680 14767.0 92
1712230501779 14786.2 93
1712230511878 14373.1 94
1712230521998 14385.0 95
1712230532099 14395.9 96
1712230542186 14391.4 97
1712230552272 14478.5 98
1712230562356 14483.0 99
1712230572439 14507.0 100
1712230582536 14515.1 101
1712230592611 14524.2 102
1712230602720 14514.0 103
1712230612801 14519.9 104
1712230622895 14529.1 105
1712230632969 14540.5 106
1712230643065 14547.1 107
1712230653165 14553.9 108
1712230663267 14550.8 109
1712230673361 14565.2 110
1712230683454 14579.4 111
1712230693535 14588.1 112
1712230703632 14595.2 113
1712230713706 14598.5 114
1712230723788 14597.3 115
1712230733861 14602.3 116
1712230743932 14617.3 117
1712230754023 14619.4 118
1712230764112 14646.8 119
1712230774192 14637.5 120
1712230784262 14629.6 121
1712230794340 14631.9 122
1712230804419 14633.7 123
1712230814491 14658.2 124
1712230824587 9023.1 125
1712230834672 10697.5 126
1712230844753 11226.8 127
1712230854852 11262.2 128
1712230864931 11240.6 129
1712230875014 11229.1 130
1712230885090 11232.3 131
1712230895172 11225.6 132
1712230905257 11227.9 133
1712230915332 11229.5 134
1712230925428 11226.9 135
1712230935512 11236.2 136
1712230945597 11238.9 137
1712230955676 11225.9 138
1712230965776 11236.9 139
1712230975867 11227.1 140
1712230985949 11235.3 141
1712230996039 11243.5 142
1712231006169 13926.1 143
1712231016269 16477.2 144
1712231026359 15777.0 145
1712231036446 13700.2 146
1712231046545 14598.9 147
1712231056631 15131.6 148
1712231066747 14986.8 149
1712231076838 15086.5 150
1712231086927 15150.0 151
1712231097011 15202.5 152
1712231107092 15245.8 153
1712231117203 15278.6 154
1712231127321 15301.7 155
1712231137401 15313.6 156
1712231147491 15382.4 157
1712231157583 15461.9 158
1712231167684 15486.3 159
1712231177760 15498.9 160
1712231187836 15514.7 161
1712231197916 15517.2 162
1712231207992 15528.4 163
1712231218078 15547.0 164
1712231228172 15545.9 165
1712231238262 15566.8 166
1712231248355 15564.1 167
1712231258436 15593.0 168
1712231268522 15623.6 169
1712231278606 15637.7 170
1712231288698 15782.8 171
1712231298782 15572.1 172
1712231308882 15566.1 173
1712231318963 15567.3 174
1712231329036 15594.9 175
1712231339133 15603.3 176
1712231349221 15629.9 177
1712231359307 15673.0 178
1712231369391 15637.0 179
1712231379480 15627.9 180
1712231389561 15636.8 181
1712231399658 15680.7 182
1712231409752 15771.2 183
1712231419848 15773.6 184
1712231429931 15780.0 185
1712231440044 15780.4 186
1712231450151 15801.1 187
1712231460233 15824.0 188
1712231470331 15823.1 189
1712231480417 15833.4 190
1712231490514 15873.0 191
1712231500627 15864.8 192
1712231510731 15871.1 193
1712231520810 15874.9 194
1712231530901 15925.8 195
1712231540988 15903.9 196
1712231551079 16133.9 197
1712231561174 16133.9 198
1712231571261 16138.1 199
1712231581337 16147.7 200
1712231591429 16159.8 201
1712231601537 16160.7 202
1712231611624 16177.1 203
1712231621733 16186.2 204
1712231631812 16159.0 205
1712231641899 16165.4 206
1712231651997 16124.9 207
1712231662038 16235.1 208
1712231672070 16276.1 209
1712231682159 16299.5 210
1712231692251 16280.3 211
1712231702343 16246.5 212
1712231712458 16131.0 213
1712231722551 16150.7 214
1712231732644 16139.3 215
1712231742728 16131.4 216
1712231752838 16180.0 217
1712231762933 16161.2 218
1712231773035 16174.8 219
1712231783126 16183.6 220
1712231793222 16180.9 221
1712231803309 16168.1 222
1712231813405 16177.5 223
1712231823513 16193.6 224
1712231833598 16204.3 225
1712231843697 16237.1 226
1712231853805 16160.5 227
1712231863890 16165.6 228
1712231874000 16229.4 229
1712231884095 16226.7 230
1712231894196 16220.4 231
1712231904290 16259.7 232
1712231914380 16260.0 233
1712231924490 16268.3 234
1712231934568 16259.2 235
1712231944659 16323.6 236
1712231954764 16330.0 237
1712231964848 16325.9 238
1712231974928 16332.9 239
1712231985011 16329.8 240
1712231995102 16335.6 241
1712232005207 16359.0 242
1712232015306 16315.2 243
1712232025381 14056.3 244
1712232035490 14072.0 245
1712232045587 14091.5 246
1712232055676 14164.8 247
1712232065760 14191.9 248
1712232075879 14212.8 249
1712232085971 14227.0 250
1712232096064 14333.2 251
1712232106164 14347.2 252
1712232116283 14287.1 253
1712232126379 14319.1 254
1712232136462 14337.0 255
1712232146553 14348.3 256
1712232156652 14345.6 257
1712232166731 14376.4 258
1712232176834 14388.9 259
1712232186939 14406.3 260
1712232197055 14567.9 261
1712232207160 14671.1 262
1712232217278 14651.6 263
1712232227381 14662.3 264
1712232237489 14672.5 265
1712232247611 9015.8 266
1712232257734 9695.9 267
1712232267833 11260.7 268
1712232277944 10926.7 269
1712232288051 10964.5 270
1712232298175 10962.4 271
1712232308284 10992.6 272
1712232318390 11001.9 273
1712232328499 11020.4 274
1712232338609 11026.0 275
1712232348721 11035.7 276
1712232358831 11036.7 277
1712232368941 11045.1 278
1712232379057 11034.1 279
1712232389156 11056.2 280
1712232399259 11039.8 281
1712232409366 11046.6 282
1712232420830 11051.0 283
1712232430948 13312.6 284
1712232441141 15880.5 285
1712232451349 15660.0 286
1712232461483 15495.1 287
1712232471597 14566.9 288
1712232481703 15315.8 289
1712232491812 15780.8 290
1712232501941 15924.7 291
1712232512049 16018.5 292
1712232522159 16039.8 293
1712232532278 16104.1 294
1712232542388 16125.9 295
1712232552500 16142.9 296
1712232562631 16174.0 297
1712232572751 16183.2 298
1712232582890 16228.8 299
1712232592996 16225.5 300
1712232603130 16231.9 301
1712232613238 16270.6 302
1712232623352 16277.5 303
1712232633451 16279.3 304
1712232643578 16268.4 305
1712232653680 16353.8 306
1712232663790 16346.2 307
1712232673907 16364.4 308
1712232684020 16360.4 309
1712232694141 16318.5 310
1712232704246 16271.3 311
1712232714290 16271.0 312
1712232724401 16299.6 313
1712232734522 16312.2 314
1712232744622 16296.1 315
1712232754740 16248.9 316
1712232764827 16252.4 317
1712232774926 16146.6 318
1712232785014 16176.9 319
1712232795103 16221.5 320
1712232805185 16221.5 321
1712232815287 16232.9 322
1712232825372 16250.1 323
1712232835464 16242.1 324
1712232845563 16265.3 325
1712232855657 16294.1 326
1712232865742 16300.1 327
1712232875834 16309.1 328
1712232885925 16320.3 329
1712232896003 16330.9 330
1712232906100 16359.3 331
1712232916178 16383.7 332
1712232926277 16341.7 333
1712232936370 16407.1 334
1712232946462 16420.2 335
1712232956549 16452.8 336
1712232966638 16451.8 337
1712232976729 16458.5 338
1712232986810 16481.7 339
1712232996917 16478.9 340
1712233007016 16474.3 341
1712233017100 16456.2 342
1712233027191 16470.7 343
1712233037282 16471.5 344
1712233047368 16478.3 345
1712233057467 16475.3 346
1712233067568 16488.5 347
1712233077600 16485.0 348
1712233087684 15787.0 349
1712233097721 15784.3 350
1712233107804 16255.7 351
1712233117896 16137.5 352
1712233127999 16162.9 353
1712233138090 16186.8 354
1712233148180 16241.7 355
1712233158268 16292.8 356
1712233168370 16269.7 357
1712233178476 16272.0 358
1712233188580 16291.5 359
1712233198681 16274.8 360
1712233208783 16280.7 361
1712233218894 16282.9 362
1712233228985 14476.4 363
1712233239078 14481.4 364
1712233249181 14534.9 365
1712233259276 14536.7 366
1712233269367 14584.2 367
1712233279458 14585.2 368
1712233289553 14562.4 369
1712233299659 14567.0 370
1712233309757 14569.0 371
1712233319802 14581.0 372
1712233329903 14823.5 373
1712233340020 14867.6 374
1712233350065 14815.7 375
1712233360170 14801.9 376
1712233370288 14742.8 377
1712233380337 14721.3 378
1712233390432 14765.9 379
1712233400533 14779.0 380
1712233410625 14767.0 381
1712233420716 14781.5 382
1712233430817 14802.9 383
1712233440925 14786.7 384
1712233451010 14795.2 385
1712233461110 14821.7 386
1712233471205 14811.5 387
1712233481308 14812.1 388
1712233491409 14816.1 389
1712233501510 14862.8 390
1712233511607 14855.5 391
1712233521711 14868.5 392
1712233531814 14806.1 393
1712233541910 14813.7 394
1712233551997 14878.9 395
1712233562093 14844.9 396
1712233572192 14868.9 397
1712233582287 14951.3 398
1712233592393 14957.9 399
1712233602493 14954.9 400
1712233612594 14997.4 401
1712233622672 15007.0 402
1712233632755 15025.7 403
1712233642844 15017.7 404
1712233652941 15027.9 405
1712233663030 15144.3 406
1712233673122 15126.2 407
1712233683217 9349.2 408
1712233693298 10317.4 409
1712233703399 11993.7 410
1712233713485 11664.3 411
1712233723580 11663.8 412
1712233733670 11658.8 413
1712233743769 11675.5 414
1712233753867 11670.7 415
1712233764679 11681.3 416
1712233774771 11909.7 417
1712233784875 12029.2 418
1712233794967 12071.6 419
1712233805056 12069.3 420
1712233815156 12068.8 421
1712233825258 11369.9 422
1712233835306 11311.7 423
1712233845398 11713.5 424
1712233855486 11825.5 425
1712233865583 13988.0 426
1712233875829 15877.9 427
1712233886142 16603.0 428
1712233896254 16083.9 429
1712233906354 14410.5 430
1712233916456 14873.8 431
1712233926602 15164.5 432
1712233936709 15014.7 433
1712233946824 15089.1 434
1712233956926 15113.9 435
1712233967045 15212.8 436
1712233977154 15283.8 437
1712233987253 15338.8 438
1712233997350 15371.5 439
1712234007465 15451.9 440
1712234017552 15414.3 441
1712234027660 15732.3 442
1712234037796 15880.3 443
1712234047921 15912.9 444
1712234058044 15918.2 445
1712234068173 15901.7 446
1712234078287 15901.7 447
1712234088413 15914.1 448
1712234098529 15950.0 449
1712234108644 15973.2 450
1712234118772 15995.4 451
1712234128890 15625.0 452
1712234139001 15643.8 453
1712234149124 15668.8 454
1712234159254 15698.8 455
1712234169395 15716.0 456
1712234179521 15784.8 457
1712234189638 15724.5 458
1712234199755 15733.1 459
1712234209871 15766.4 460
1712234219990 15789.0 461
1712234230125 15800.6 462
1712234240246 15808.1 463
1712234250362 15817.3 464
1712234260471 15825.3 465
1712234270599 15846.7 466
1712234280716 15856.9 467
1712234290843 15882.3 468
1712234300958 15885.2 469
1712234311076 15897.6 470
1712234321193 15902.3 471
1712234331307 15918.8 472
1712234341425 15930.0 473
1712234351537 15950.4 474
1712234361662 15968.1 475
1712234371787 16023.0 476
1712234381835 16071.6 477
1712234391950 16197.9 478
1712234402065 16226.5 479
1712234412194 16182.6 480
1712234422316 15532.6 481
1712234432438 14386.7 482
1712234442558 14394.9 483
1712234452678 14465.9 484
1712234462802 14503.0 485
1712234472918 14524.3 486
1712234483041 14541.3 487
1712234493169 14536.5 488
1712234503299 14551.8 489
1712234513423 14561.0 490
1712234523534 14566.0 491
1712234533649 14581.8 492
1712234543766 14598.1 493
1712234554500 14578.2 494
1712234564617 14819.5 495
1712234574745 14882.9 496
1712234584899 14907.7 497
1712234595024 14664.2 498
1712234605146 14660.7 499
1712234615274 14772.8 500
1712234625381 14739.3 501
1712234635492 14610.0 502
1712234645610 14639.8 503
1712234655716 14654.0 504
1712234665820 14701.9 505
1712234675914 14725.6 506
1712234686007 14702.6 507
1712234696105 14697.8 508
1712234706192 14717.1 509
1712234716316 14732.2 510
1712234726412 14662.6 511
1712234736523 14661.5 512
1712234746620 14667.3 513
1712234756703 14733.9 514
1712234766820 14788.9 515
1712234776926 14789.5 516
1712234787043 14792.3 517
1712234797137 14792.9 518
1712234807256 14796.7 519
1712234817365 14763.2 520
1712234827482 14777.3 521
1712234837601 14784.8 522
1712234847722 14795.6 523
1712234857817 14834.4 524
1712234867901 14844.6 525
1712234878003 14849.7 526
1712234888097 14861.8 527
1712234898194 14871.8 528
1712234908283 14848.8 529
1712234918372 14837.6 530
1712234928458 14846.5 531
1712234938580 14808.6 532
1712234948685 14795.3 533
1712234958792 14854.0 534
1712234968888 14819.5 535
1712234978971 14891.0 536
1712234989080 14907.6 537
1712234999177 14898.2 538
1712235009277 14918.8 539
1712235019380 14921.3 540
1712235029468 14832.8 541
1712235039562 14823.8 542
1712235049651 14869.5 543
1712235059742 14856.6 544
1712235069830 14870.3 545
1712235079933 14877.4 546
1712235090024 14844.5 547
1712235100133 14849.6 548
1712235110224 15598.3 549
1712235120325 9199.1 550
1712235130432 10878.1 551
1712235140527 11364.8 552
1712235150630 11374.0 553
1712235160739 11369.6 554
1712235170843 11361.3 555
1712235180955 11357.0 556
1712235191056 11371.6 557
1712235201141 11374.2 558
1712235211242 11374.5 559
1712235221350 11367.0 560
1712235231438 11381.2 561
1712235241529 11372.4 562
1712235251623 11388.1 563
1712235261720 11385.5 564
1712235271818 11391.6 565
1712235281912 11364.2 566
1712235292021 11368.0 567
1712235302143 14759.6 568
1712235312250 16044.8 569
1712235322368 16306.9 570
1712235332467 13764.7 571
1712235343355 14823.0 572
1712235353457 15663.5 573
1712235363568 15790.1 574
1712235373684 15875.0 575
1712235383790 15934.4 576
1712235393893 15997.6 577
1712235403993 16063.0 578
1712235414102 16075.2 579
1712235424211 16070.3 580
1712235434313 16106.4 581
1712235444405 16261.6 582
1712235454544 16125.6 583
1712235464661 16286.4 584
1712235474775 16348.0 585
1712235484890 15734.4 586
1712235494946 15937.4 587
1712235505047 15992.9 588
1712235515140 16017.4 589
1712235525245 15971.0 590
1712235535322 16038.3 591
1712235545447 16311.9 592
1712235555537 16374.2 593
1712235565586 16324.5 594
1712235575683 16235.3 595
1712235585782 16161.0 596
1712235595890 16141.0 597
1712235605986 16110.7 598
1712235616081 16120.7 599
1712235626171 16128.6 600
1712235636263 14909.0 601
1712235646366 14946.4 602
1712235656457 14927.3 603
1712235666561 14953.9 604
1712235676664 14974.0 605
1712235686765 14996.7 606
1712235696866 15024.8 607
1712235706968 15016.8 608
1712235717077 14895.1 609
1712235727171 14867.0 610
1712235737284 14881.3 611
1712235747376 14893.5 612
1712235757474 14891.7 613
1712235767568 14919.8 614
1712235777673 14925.4 615
1712235787768 14949.7 616
1712235797862 14972.6 617
1712235807967 14972.2 618
1712235818075 14973.7 619
1712235828177 14981.6 620
1712235838273 15017.5 621
1712235848364 14968.0 622
1712235858449 15002.8 623
1712235868551 15019.6 624
1712235878655 14982.3 625
1712235888753 14987.0 626
1712235898846 15010.1 627
1712235908943 15072.2 628
1712235919034 15083.2 629
1712235929127 15046.7 630
1712235939217 15058.7 631
1712235949308 15079.3 632
1712235959405 15097.7 633
1712235969510 15102.7 634
1712235979606 15108.8 635
1712235989718 15158.0 636
1712235999821 15157.8 637
1712236009920 15145.5 638
1712236020011 15151.5 639
1712236030105 15165.4 640
1712236040200 15169.7 641
1712236050294 15177.8 642
1712236060336 15176.6 643
1712236070438 15527.6 644
1712236080538 15651.6 645
1712236090633 15564.0 646
1712236100723 15548.2 647
1712236110817 15479.6 648
1712236120918 15514.4 649
1712236131011 15522.5 650
1712236141119 15540.4 651
1712236151206 15534.5 652
1712236161315 15545.4 653
1712236171409 15549.2 654
1712236181514 15551.3 655
1712236191608 15556.0 656
1712236201712 15562.1 657
1712236211802 15564.3 658
1712236221914 15571.7 659
1712236232026 15470.6 660
1712236242126 15470.9 661
1712236252217 15490.9 662
1712236262313 15440.9 663
1712236272428 15556.0 664
1712236282556 15562.6 665
1712236292657 15567.2 666
1712236302764 15564.5 667
1712236312881 15607.1 668
1712236322981 15376.6 669
1712236333069 15427.9 670
1712236343171 15461.4 671
1712236353271 15581.5 672
1712236363396 15625.7 673
1712236373506 15616.8 674
1712236383609 15627.9 675
1712236393725 15650.8 676
1712236403828 15661.6 677
1712236413966 15662.7 678
1712236424071 15663.9 679
1712236434190 15674.6 680
1712236444293 15635.6 681
1712236454402 15655.1 682
1712236464509 15667.8 683
1712236474615 15680.3 684
1712236484716 15673.0 685
1712236494818 15681.5 686
1712236504929 15698.2 687
1712236515018 15694.8 688
1712236525126 15702.7 689
1712236535234 15008.9 690
1712236545330 9257.4 691
1712236555434 10850.4 692
1712236565536 11595.7 693
1712236575640 11602.4 694
1712236585746 11615.2 695
1712236595855 11607.0 696
1712236605956 11705.5 697
1712236616052 11707.9 698
1712236626149 11711.7 699
1712236636251 11729.0 700
1712236646348 11714.3 701
1712236656444 11705.5 702
1712236666540 11714.1 703
1712236676636 11722.0 704
1712236686727 11731.4 705
1712236696829 11720.2 706
1712236706937 11720.6 707
1712236717053 11707.1 708
1712236727187 13914.9 709
1712236737315 16851.3 710
1712236747423 15068.1 711
