1712229564048 44.8 0
1712229574152 64.6 1
1712229584266 95.2 2
1712229594363 93.5 3
1712229604440 97.9 4
1712229614573 89.2 5
1712229624644 90.8 6
1712229634736 91.3 7
1712229644825 93.1 8
1712229654901 95.1 9
1712229664978 95.3 10
1712229675049 95.5 11
1712229685136 95.2 12
1712229695202 95.8 13
1712229705281 96.2 14
1712229715356 96.5 15
1712229725420 96.7 16
1712229735493 96.7 17
1712229745581 96.7 18
1712229755660 96.7 19
1712229765773 96.9 20
1712229775841 96.8 21
1712229785911 96.8 22
1712229795987 96.6 23
1712229806072 96.7 24
1712229816159 96.7 25
1712229826234 97.1 26
1712229836307 97.2 27
1712229846387 97.3 28
1712229856457 97.5 29
1712229866546 97.4 30
1712229876639 97.4 31
1712229886710 97.3 32
1712229896773 97.6 33
1712229906859 97.6 34
1712229916931 87.7 35
1712229927012 83.9 36
1712229937088 83.7 37
1712229947161 83.8 38
1712229957239 84.0 39
1712229967306 84.3 40
1712229977384 84.4 41
1712229987461 84.4 42
1712229997549 84.5 43
1712230007633 84.6 44
1712230017719 84.6 45
1712230027803 84.9 46
1712230037882 84.9 47
1712230047948 84.8 48
1712230058038 84.8 49
1712230068117 84.9 50
1712230078210 85.1 51
1712230088303 85.1 52
1712230098371 85.1 53
1712230108445 85.2 54
1712230118527 85.2 55
1712230128629 85.2 56
1712230138713 85.3 57
1712230148789 85.5 58
1712230158882 85.8 59
1712230168947 85.7 60
1712230179025 85.6 61
1712230189113 85.7 62
1712230199191 85.7 63
1712230209267 85.9 64
1712230219342 85.6 65
1712230229431 85.6 66
1712230239529 85.7 67
1712230249600 86.2 68
1712230259672 87.0 69
1712230269763 86.8 70
1712230279850 86.8 71
1712230289931 86.9 72
1712230300024 86.8 73
1712230310094 86.8 74
1712230320164 87.1 75
1712230330255 87.2 76
1712230340358 87.1 77
1712230350450 87.2 78
1712230360525 87.9 79
1712230370618 87.8 80
1712230380700 87.9 81
1712230390792 87.4 82
1712230400892 87.4 83
1712230410975 87.5 84
1712230421075 87.3 85
1712230431161 87.4 86
1712230441247 87.4 87
1712230451337 87.5 88
1712230461426 87.5 89
1712230471523 87.5 90
1712230481609 87.5 91
1712230491680 87.6 92
1712230501779 87.7 93
1712230511878 85.2 94
1712230521998 85.3 95
1712230532099 85.4 96
1712230542186 85.3 97
1712230552272 85.8 98
1712230562356 85.9 99
1712230572439 86.0 100
1712230582536 86.1 101
1712230592611 86.1 102
1712230602720 86.1 103
1712230612801 86.1 104
1712230622895 86.1 105
1712230632969 86.2 106
1712230643065 86.2 107
1712230653165 86.3 108
1712230663267 86.3 109
1712230673361 86.4 110
1712230683454 86.4 111
1712230693535 86.5 112
1712230703632 86.5 113
1712230713706 86.6 114
1712230723788 86.5 115
1712230733861 86.6 116
1712230743932 86.7 117
1712230754023 86.7 118
1712230764112 86.8 119
1712230774192 86.8 120
1712230784262 86.7 121
1712230794340 86.7 122
1712230804419 86.8 123
1712230814491 86.9 124
1712230824587 53.5 125
1712230834672 63.4 126
1712230844753 66.6 127
1712230854852 66.8 128
1712230864931 66.6 129
1712230875014 66.6 130
1712230885090 66.6 131
1712230895172 66.6 132
1712230905257 66.6 133
1712230915332 66.6 134
1712230925428 66.6 135
1712230935512 66.6 136
1712230945597 66.6 137
1712230955676 66.6 138
1712230965776 66.6 139
1712230975867 66.6 140
1712230985949 66.6 141
1712230996039 66.7 142
1712231006169 82.6 143
1712231016269 97.7 144
1712231026359 93.5 145
1712231036446 81.2 146
1712231046545 86.6 147
1712231056631 89.7 148
1712231066747 88.9 149
1712231076838 89.4 150
1712231086927 89.8 151
1712231097011 90.1 152
1712231107092 90.4 153
1712231117203 90.6 154
1712231127321 90.7 155
1712231137401 90.8 156
1712231147491 91.2 157
1712231157583 91.7 158
1712231167684 91.8 159
1712231177760 91.9 160
1712231187836 92.0 161
1712231197916 92.0 162
1712231207992 92.1 163
1712231218078 92.2 164
1712231228172 92.2 165
1712231238262 92.3 166
1712231248355 92.3 167
1712231258436 92.4 168
1712231268522 92.6 169
1712231278606 92.7 170
1712231288698 93.6 171
1712231298782 92.3 172
1712231308882 92.3 173
1712231318963 92.3 174
1712231329036 92.5 175
1712231339133 92.5 176
1712231349221 92.7 177
1712231359307 92.9 178
1712231369391 92.7 179
1712231379480 92.7 180
1712231389561 92.7 181
1712231399658 93.0 182
1712231409752 93.5 183
1712231419848 93.5 184
1712231429931 93.6 185
1712231440044 93.6 186
1712231450151 93.7 187
1712231460233 93.8 188
1712231470331 93.8 189
1712231480417 93.9 190
1712231490514 94.1 191
1712231500627 94.1 192
1712231510731 94.1 193
1712231520810 94.1 194
1712231530901 94.4 195
1712231540988 94.3 196
1712231551079 95.7 197
1712231561174 95.7 198
1712231571261 95.7 199
1712231581337 95.7 200
1712231591429 95.8 201
1712231601537 95.8 202
1712231611624 95.9 203
1712231621733 96.0 204
1712231631812 95.8 205
1712231641899 95.8 206
1712231651997 95.6 207
1712231662038 96.3 208
1712231672070 96.5 209
1712231682159 96.6 210
1712231692251 96.5 211
1712231702343 96.3 212
1712231712458 95.6 213
1712231722551 95.8 214
1712231732644 95.7 215
1712231742728 95.6 216
1712231752838 95.9 217
1712231762933 95.8 218
1712231773035 95.9 219
1712231783126 95.9 220
1712231793222 95.9 221
1712231803309 95.9 222
1712231813405 95.9 223
1712231823513 96.0 224
1712231833598 96.1 225
1712231843697 96.3 226
1712231853805 95.8 227
1712231863890 95.8 228
1712231874000 96.2 229
1712231884095 96.2 230
1712231894196 96.2 231
1712231904290 96.4 232
1712231914380 96.4 233
1712231924490 96.5 234
1712231934568 96.4 235
1712231944659 96.8 236
1712231954764 96.8 237
1712231964848 96.8 238
1712231974928 96.8 239
1712231985011 96.8 240
1712231995102 96.9 241
1712232005207 97.0 242
1712232015306 96.7 243
1712232025381 83.3 244
1712232035490 83.4 245
1712232045587 83.5 246
1712232055676 84.0 247
1712232065760 84.1 248
1712232075879 84.3 249
1712232085971 84.3 250
1712232096064 85.0 251
1712232106164 85.1 252
1712232116283 84.7 253
1712232126379 84.9 254
1712232136462 85.0 255
1712232146553 85.1 256
1712232156652 85.1 257
1712232166731 85.2 258
1712232176834 85.3 259
1712232186939 85.4 260
1712232197055 86.4 261
1712232207160 87.0 262
1712232217278 86.9 263
1712232227381 86.9 264
1712232237489 87.0 265
1712232247611 53.5 266
1712232257734 57.5 267
1712232267833 66.8 268
1712232277944 64.8 269
1712232288051 65.0 270
1712232298175 65.0 271
1712232308284 65.2 272
1712232318390 65.2 273
1712232328499 65.3 274
1712232338609 65.4 275
1712232348721 65.4 276
1712232358831 65.4 277
1712232368941 65.5 278
1712232379057 65.4 279
1712232389156 65.6 280
1712232399259 65.5 281
1712232409366 65.5 282
1712232420830 65.5 283
1712232430948 78.9 284
1712232441141 94.2 285
1712232451349 92.8 286
1712232461483 91.9 287
1712232471597 86.4 288
1712232481703 90.8 289
1712232491812 93.6 290
1712232501941 94.4 291
1712232512049 95.0 292
1712232522159 95.1 293
1712232532278 95.5 294
1712232542388 95.6 295
1712232552500 95.7 296
1712232562631 95.9 297
1712232572751 95.9 298
1712232582890 96.2 299
1712232592996 96.2 300
1712232603130 96.2 301
1712232613238 96.5 302
1712232623352 96.5 303
1712232633451 96.5 304
1712232643578 96.5 305
1712232653680 97.0 306
1712232663790 96.9 307
1712232673907 97.0 308
1712232684020 97.0 309
1712232694141 96.7 310
1712232704246 96.5 311
1712232714290 96.5 312
1712232724401 96.6 313
1712232734522 96.7 314
1712232744622 96.6 315
1712232754740 96.3 316
1712232764827 96.4 317
1712232774926 95.7 318
1712232785014 95.9 319
1712232795103 96.2 320
1712232805185 96.2 321
1712232815287 96.2 322
1712232825372 96.3 323
1712232835464 96.3 324
1712232845563 96.4 325
1712232855657 96.6 326
1712232865742 96.6 327
1712232875834 96.7 328
1712232885925 96.8 329
1712232896003 96.8 330
1712232906100 97.0 331
1712232916178 97.1 332
1712232926277 96.9 333
1712232936370 97.3 334
1712232946462 97.4 335
1712232956549 97.5 336
1712232966638 97.5 337
1712232976729 97.6 338
1712232986810 97.7 339
1712232996917 97.7 340
1712233007016 97.7 341
1712233017100 97.6 342
1712233027191 97.7 343
1712233037282 97.7 344
1712233047368 97.7 345
1712233057467 97.7 346
1712233067568 97.8 347
1712233077600 97.7 348
1712233087684 93.6 349
1712233097721 93.6 350
1712233107804 96.4 351
1712233117896 95.7 352
1712233127999 95.8 353
1712233138090 96.0 354
1712233148180 96.3 355
1712233158268 96.6 356
1712233168370 96.5 357
1712233178476 96.5 358
1712233188580 96.6 359
1712233198681 96.5 360
1712233208783 96.5 361
1712233218894 96.5 362
1712233228985 85.8 363
1712233239078 85.9 364
1712233249181 86.2 365
1712233259276 86.2 366
1712233269367 86.5 367
1712233279458 86.5 368
1712233289553 86.3 369
1712233299659 86.4 370
1712233309757 86.4 371
1712233319802 86.4 372
1712233329903 87.9 373
1712233340020 88.1 374
1712233350065 87.8 375
1712233360170 87.8 376
1712233370288 87.4 377
1712233380337 87.3 378
1712233390432 87.5 379
1712233400533 87.6 380
1712233410625 87.6 381
1712233420716 87.6 382
1712233430817 87.8 383
1712233440925 87.7 384
1712233451010 87.7 385
1712233461110 87.9 386
1712233471205 87.8 387
1712233481308 87.8 388
1712233491409 87.8 389
1712233501510 88.1 390
1712233511607 88.1 391
1712233521711 88.2 392
1712233531814 87.8 393
1712233541910 87.8 394
1712233551997 88.2 395
1712233562093 88.0 396
1712233572192 88.2 397
1712233582287 88.6 398
1712233592393 88.7 399
1712233602493 88.7 400
1712233612594 88.9 401
1712233622672 89.0 402
1712233632755 89.1 403
1712233642844 89.0 404
1712233652941 89.1 405
1712233663030 89.8 406
1712233673122 89.7 407
1712233683217 55.4 408
1712233693298 61.2 409
1712233703399 71.1 410
1712233713485 69.2 411
1712233723580 69.2 412
1712233733670 69.1 413
1712233743769 69.2 414
1712233753867 69.2 415
1712233764679 69.3 416
1712233774771 70.6 417
1712233784875 71.3 418
1712233794967 71.6 419
1712233805056 71.6 420
1712233815156 71.6 421
1712233825258 67.4 422
1712233835306 67.1 423
1712233845398 69.4 424
1712233855486 70.1 425
1712233865583 82.9 426
1712233875829 94.1 427
1712233886142 98.4 428
1712233896254 95.4 429
1712233906354 85.4 430
1712233916456 88.2 431
1712233926602 89.9 432
1712233936709 89.0 433
1712233946824 89.5 434
1712233956926 89.6 435
1712233967045 90.2 436
1712233977154 90.6 437
1712233987253 90.9 438
1712233997350 91.1 439
1712234007465 91.6 440
1712234017552 91.4 441
1712234027660 93.3 442
1712234037796 94.2 443
1712234047921 94.3 444
1712234058044 94.4 445
1712234068173 94.3 446
1712234078287 94.3 447
1712234088413 94.4 448
1712234098529 94.6 449
1712234108644 94.7 450
1712234118772 94.8 451
1712234128890 92.6 452
1712234139001 92.7 453
1712234149124 92.9 454
1712234159254 93.1 455
1712234169395 93.2 456
1712234179521 93.6 457
1712234189638 93.2 458
1712234199755 93.3 459
1712234209871 93.5 460
1712234219990 93.6 461
1712234230125 93.7 462
1712234240246 93.7 463
1712234250362 93.8 464
1712234260471 93.8 465
1712234270599 94.0 466
1712234280716 94.0 467
1712234290843 94.2 468
1712234300958 94.2 469
1712234311076 94.3 470
1712234321193 94.3 471
1712234331307 94.4 472
1712234341425 94.4 473
1712234351537 94.6 474
1712234361662 94.7 475
1712234371787 95.0 476
1712234381835 95.3 477
1712234391950 96.0 478
1712234402065 96.2 479
1712234412194 95.9 480
1712234422316 92.1 481
1712234432438 85.3 482
1712234442558 85.3 483
1712234452678 85.8 484
1712234462802 86.0 485
1712234472918 86.1 486
1712234483041 86.2 487
1712234493169 86.2 488
1712234503299 86.3 489
1712234513423 86.3 490
1712234523534 86.4 491
1712234533649 86.5 492
1712234543766 86.5 493
1712234554500 86.4 494
1712234564617 87.9 495
1712234574745 88.2 496
1712234584899 88.4 497
1712234595024 86.9 498
1712234605146 86.9 499
1712234615274 87.6 500
1712234625381 87.4 501
1712234635492 86.6 502
1712234645610 86.8 503
1712234655716 86.9 504
1712234665820 87.2 505
1712234675914 87.3 506
1712234686007 87.2 507
1712234696105 87.1 508
1712234706192 87.3 509
1712234716316 87.3 510
1712234726412 86.9 511
1712234736523 86.9 512
1712234746620 87.0 513
1712234756703 87.4 514
1712234766820 87.7 515
1712234776926 87.7 516
1712234787043 87.7 517
1712234797137 87.7 518
1712234807256 87.7 519
1712234817365 87.5 520
1712234827482 87.6 521
1712234837601 87.7 522
1712234847722 87.7 523
1712234857817 87.9 524
1712234867901 88.0 525
1712234878003 88.0 526
1712234888097 88.1 527
1712234898194 88.2 528
1712234908283 88.0 529
1712234918372 88.0 530
1712234928458 88.0 531
1712234938580 87.8 532
1712234948685 87.7 533
1712234958792 88.1 534
1712234968888 87.9 535
1712234978971 88.3 536
1712234989080 88.4 537
1712234999177 88.3 538
1712235009277 88.5 539
1712235019380 88.5 540
1712235029468 87.9 541
1712235039562 87.9 542
1712235049651 88.2 543
1712235059742 88.1 544
1712235069830 88.2 545
1712235079933 88.2 546
1712235090024 88.0 547
1712235100133 88.0 548
1712235110224 92.5 549
1712235120325 54.5 550
1712235130432 64.5 551
1712235140527 67.4 552
1712235150630 67.4 553
1712235160739 67.4 554
1712235170843 67.4 555
1712235180955 67.3 556
1712235191056 67.4 557
1712235201141 67.4 558
1712235211242 67.4 559
1712235221350 67.4 560
1712235231438 67.5 561
1712235241529 67.4 562
1712235251623 67.5 563
1712235261720 67.5 564
1712235271818 67.5 565
1712235281912 67.4 566
1712235292021 67.4 567
1712235302143 87.5 568
1712235312250 95.1 569
1712235322368 96.7 570
1712235332467 81.6 571
1712235343355 87.9 572
1712235353457 92.9 573
1712235363568 93.6 574
1712235373684 94.1 575
1712235383790 94.5 576
1712235393893 94.8 577
1712235403993 95.2 578
1712235414102 95.3 579
1712235424211 95.3 580
1712235434313 95.5 581
1712235444405 96.4 582
1712235454544 95.6 583
1712235464661 96.6 584
1712235474775 96.9 585
1712235484890 93.3 586
1712235494946 94.5 587
1712235505047 94.8 588
1712235515140 95.0 589
1712235525245 94.7 590
1712235535322 95.1 591
1712235545447 96.7 592
1712235555537 97.1 593
1712235565586 96.8 594
1712235575683 96.3 595
1712235585782 95.8 596
1712235595890 95.7 597
1712235605986 95.5 598
1712235616081 95.6 599
1712235626171 95.6 600
1712235636263 88.4 601
1712235646366 88.6 602
1712235656457 88.5 603
1712235666561 88.7 604
1712235676664 88.8 605
1712235686765 88.9 606
1712235696866 89.1 607
1712235706968 89.0 608
1712235717077 88.3 609
1712235727171 88.1 610
1712235737284 88.2 611
1712235747376 88.3 612
1712235757474 88.3 613
1712235767568 88.5 614
1712235777673 88.5 615
1712235787768 88.6 616
1712235797862 88.8 617
1712235807967 88.8 618
1712235818075 88.8 619
1712235828177 88.8 620
1712235838273 89.0 621
1712235848364 88.7 622
1712235858449 88.9 623
1712235868551 89.0 624
1712235878655 88.8 625
1712235888753 88.9 626
1712235898846 89.0 627
1712235908943 89.4 628
1712235919034 89.4 629
1712235929127 89.2 630
1712235939217 89.3 631
1712235949308 89.4 632
1712235959405 89.5 633
1712235969510 89.5 634
1712235979606 89.6 635
1712235989718 89.9 636
1712235999821 89.9 637
1712236009920 89.8 638
1712236020011 89.8 639
1712236030105 89.9 640
1712236040200 89.9 641
1712236050294 90.0 642
1712236060336 90.0 643
1712236070438 92.1 644
1712236080538 92.8 645
1712236090633 92.3 646
1712236100723 92.2 647
1712236110817 91.8 648
1712236120918 92.0 649
1712236131011 92.0 650
1712236141119 92.1 651
1712236151206 92.1 652
1712236161315 92.2 653
1712236171409 92.2 654
1712236181514 92.2 655
1712236191608 92.2 656
1712236201712 92.3 657
1712236211802 92.3 658
1712236221914 92.3 659
1712236232026 91.7 660
1712236242126 91.7 661
1712236252217 91.8 662
1712236262313 91.5 663
1712236272428 92.2 664
1712236282556 92.3 665
1712236292657 92.3 666
1712236302764 92.3 667
1712236312881 92.5 668
1712236322981 91.2 669
1712236333069 91.5 670
1712236343171 91.7 671
1712236353271 92.4 672
1712236363396 92.6 673
1712236373506 92.6 674
1712236383609 92.7 675
1712236393725 92.8 676
1712236403828 92.9 677
1712236413966 92.9 678
1712236424071 92.9 679
1712236434190 92.9 680
1712236444293 92.7 681
1712236454402 92.8 682
1712236464509 92.9 683
1712236474615 93.0 684
1712236484716 92.9 685
1712236494818 93.0 686
1712236504929 93.1 687
1712236515018 93.1 688
1712236525126 93.1 689
1712236535234 89.0 690
1712236545330 54.9 691
1712236555434 64.3 692
1712236565536 68.7 693
1712236575640 68.8 694
1712236585746 68.9 695
1712236595855 68.8 696
1712236605956 69.4 697
1712236616052 69.4 698
1712236626149 69.4 699
1712236636251 69.5 700
1712236646348 69.5 701
1712236656444 69.4 702
1712236666540 69.5 703
1712236676636 69.5 704
1712236686727 69.6 705
1712236696829 69.5 706
1712236706937 69.5 707
1712236717053 69.4 708
1712236727187 82.5 709
1712236737315 99.9 710
1712236747423 89.3 711
