1712244176142 0.0 0
1712244186224 6.0 1
1712244196319 5.4 2
1712244206424 7.7 3
1712244216517 11.0 4
1712244226620 12.7 5
1712244236774 12.3 6
1712244246887 11.9 7
1712244257002 12.4 8
1712244267095 12.5 9
1712244277196 13.0 10
1712244287278 12.3 11
1712244297375 12.2 12
1712244307472 15.2 13
1712244317571 12.4 14
1712244327689 12.6 15
1712244337759 10.3 16
1712244347851 7.5 17
1712244357967 9.1 18
1712244368047 7.6 19
1712244378135 7.2 20
1712244388202 7.1 21
1712244398270 7.6 22
1712244408349 7.2 23
1712244418422 7.1 24
1712244428542 7.1 25
1712244438626 7.3 26
1712244448706 7.2 27
1712244458774 8.0 28
1712244468853 9.3 29
1712244478922 7.5 30
