1712244176142 118154.9 0
1712244186224 110426.5 1
1712244196319 107053.7 2
1712244206424 105902.3 3
1712244216517 104279.5 4
1712244226620 104279.5 5
1712244236774 104279.5 6
1712244246887 104279.5 7
1712244257002 104279.5 8
1712244267095 104279.5 9
1712244277196 104279.5 10
1712244287278 104279.5 11
1712244297375 104279.5 12
1712244307472 104279.5 13
1712244317571 104279.5 14
1712244327689 104279.5 15
1712244337759 104279.5 16
1712244347851 104279.5 17
1712244357967 104279.5 18
1712244368047 104279.5 19
1712244378135 104279.4 20
1712244388202 104279.4 21
1712244398270 104279.4 22
1712244408349 104279.4 23
1712244418422 104279.4 24
1712244428542 104279.4 25
1712244438626 104279.4 26
1712244448706 104279.4 27
1712244458774 104279.4 28
1712244468853 104279.4 29
1712244478922 104279.4 30
