1712244176142 157992.8 0
1712244186224 165721.2 1
1712244196319 169094.0 2
1712244206424 170245.4 3
1712244216517 171868.3 4
1712244226620 171868.3 5
1712244236774 171868.3 6
1712244246887 171868.3 7
1712244257002 171868.3 8
1712244267095 171868.3 9
1712244277196 171868.3 10
1712244287278 171868.3 11
1712244297375 171868.3 12
1712244307472 171868.3 13
1712244317571 171868.3 14
1712244327689 171868.3 15
1712244337759 171868.3 16
1712244347851 171868.3 17
1712244357967 171868.3 18
1712244368047 171868.3 19
1712244378135 171868.3 20
1712244388202 171868.3 21
1712244398270 171868.3 22
1712244408349 171868.3 23
1712244418422 171868.3 24
1712244428542 171868.3 25
1712244438626 171868.3 26
1712244448706 171868.3 27
1712244458774 171868.3 28
1712244468853 171868.3 29
1712244478922 171868.3 30
