1712244176142 57.2 0
1712244186224 60.0 1
1712244196319 61.2 2
1712244206424 61.7 3
1712244216517 62.2 4
1712244226620 62.2 5
1712244236774 62.2 6
1712244246887 62.2 7
1712244257002 62.2 8
1712244267095 62.2 9
1712244277196 62.2 10
1712244287278 62.2 11
1712244297375 62.2 12
1712244307472 62.2 13
1712244317571 62.2 14
1712244327689 62.2 15
1712244337759 62.2 16
1712244347851 62.2 17
1712244357967 62.2 18
1712244368047 62.2 19
1712244378135 62.2 20
1712244388202 62.2 21
1712244398270 62.2 22
1712244408349 62.2 23
1712244418422 62.2 24
1712244428542 62.2 25
1712244438626 62.2 26
1712244448706 62.2 27
1712244458774 62.2 28
1712244468853 62.2 29
1712244478922 62.2 30
