1712244176142 3835.2 0
1712244186224 3835.2 1
1712244196319 3835.2 2
1712244206424 3835.2 3
1712244216517 3835.2 4
1712244226620 3835.2 5
1712244236774 3835.2 6
1712244246887 3835.2 7
1712244257002 3835.2 8
1712244267095 3835.2 9
1712244277196 3835.2 10
1712244287278 3835.2 11
1712244297375 3835.2 12
1712244307472 3835.2 13
1712244317571 3835.2 14
1712244327689 3835.2 15
1712244337759 3835.2 16
1712244347851 3835.2 17
1712244357967 3835.2 18
1712244368047 3835.2 19
1712244378135 3835.2 20
1712244388202 3835.2 21
1712244398270 3835.2 22
1712244408349 3835.2 23
1712244418422 3835.2 24
1712244428542 3835.2 25
1712244438626 3835.2 26
1712244448706 3835.2 27
1712244458774 3835.2 28
1712244468853 3835.2 29
1712244478922 3835.2 30
