1712244176142 89.3 0
1712244186224 89.3 1
1712244196319 89.3 2
1712244206424 89.3 3
1712244216517 89.3 4
1712244226620 89.3 5
1712244236774 89.3 6
1712244246887 89.3 7
1712244257002 89.3 8
1712244267095 89.3 9
1712244277196 89.3 10
1712244287278 89.3 11
1712244297375 89.3 12
1712244307472 89.3 13
1712244317571 89.3 14
1712244327689 89.3 15
1712244337759 89.3 16
1712244347851 89.3 17
1712244357967 89.3 18
1712244368047 89.3 19
1712244378135 89.3 20
1712244388202 89.3 21
1712244398270 89.3 22
1712244408349 89.3 23
1712244418422 89.3 24
1712244428542 89.3 25
1712244438626 89.3 26
1712244448706 89.3 27
1712244458774 89.3 28
1712244468853 89.3 29
1712244478922 89.3 30
