1712244176142 0.0 0
1712244186224 0.0 1
1712244196319 0.0 2
1712244206424 0.0 3
1712244216517 99.0 4
1712244226620 99.0 5
1712244236774 99.0 6
1712244246887 100.0 7
1712244257002 99.0 8
1712244267095 99.0 9
1712244277196 99.0 10
1712244287278 100.0 11
1712244297375 100.0 12
1712244307472 100.0 13
1712244317571 99.0 14
1712244327689 99.0 15
1712244337759 100.0 16
1712244347851 99.0 17
1712244357967 99.0 18
1712244368047 100.0 19
1712244378135 100.0 20
1712244388202 100.0 21
1712244398270 100.0 22
1712244408349 100.0 23
1712244418422 99.0 24
1712244428542 100.0 25
1712244438626 99.0 26
1712244448706 100.0 27
1712244458774 100.0 28
1712244468853 100.0 29
1712244478922 100.0 30
