1712244176142 0.0002839999979187269 0
1712244186224 0.7320779999972729 1
1712244196319 1.534072999998898 2
1712244206424 2.2587619999976596 3
1712244216517 2.959586999997555 4
1712244226620 3.118254999997589 5
1712244236774 3.3116749999971944 6
1712244246887 3.4252509999969334 7
1712244257002 3.5375369999965187 8
1712244267095 3.6893229999986943 9
1712244277196 3.8076379999984056 10
1712244287278 3.939664999998058 11
1712244297375 4.110321999996813 12
1712244307472 5.940538999999262 13
1712244317571 6.40071899999748 14
1712244327689 7.067299999998795 15
1712244337759 8.044153999999253 16
1712244347851 8.773889999996754 17
1712244357967 9.513977999999042 18
1712244368047 9.979112999997596 19
1712244378135 10.658613999999943 20
1712244388202 10.870843999997305 21
1712244398270 11.052433999997447 22
1712244408349 11.20868899999914 23
1712244418422 11.362342999997054 24
1712244428542 11.525126999997156 25
1712244438626 11.732007999999041 26
1712244448706 11.899330999996891 27
1712244458774 12.052462999999989 28
1712244468853 13.339184999997087 29
1712244478922 13.895129999997152 30
