1712244176142 0.0002840000015567057 0
1712244186224 0.19695100000171806 1
1712244196319 0.4176690000022063 2
1712244206424 0.5862919999999576 3
1712244216517 0.7544029999990016 4
1712244226620 0.8906470000001718 5
1712244236774 1.067497000000003 6
1712244246887 1.1710860000021057 7
1712244257002 1.2750520000008692 8
1712244267095 1.3860480000003008 9
1712244277196 1.4948030000014114 10
1712244287278 1.6082859999987704 11
1712244297375 1.7638699999988603 12
1712244307472 2.0620789999993576 13
1712244317571 2.244187000000238 14
1712244327689 2.4257270000016433 15
1712244337759 2.638328000000911 16
1712244347851 2.779451999998855 17
1712244357967 2.9545629999993253 18
1712244368047 3.137042999998812 19
1712244378135 3.3280889999987266 20
1712244388202 3.517888000002131 21
1712244398270 3.681313000000955 22
1712244408349 3.830141000002186 23
1712244418422 3.970110999998724 24
1712244428542 4.117303999999422 25
1712244438626 4.308410000001459 26
1712244448706 4.458450999998604 27
1712244458774 4.598611000001256 28
1712244468853 4.782452999999805 29
1712244478922 4.883378999998968 30
