1712244176142 9046.5 0
1712244186224 15215.2 1
1712244196319 15905.0 2
1712244206424 16287.7 3
1712244216517 14746.2 4
1712244226620 15155.6 5
1712244236774 15635.0 6
1712244246887 15798.8 7
1712244257002 15967.0 8
1712244267095 16186.3 9
1712244277196 16264.7 10
1712244287278 16304.9 11
1712244297375 16314.1 12
1712244307472 16411.4 13
1712244317571 16445.7 14
1712244327689 16384.2 15
1712244337759 16004.8 16
1712244347851 15358.0 17
1712244357967 14444.9 18
1712244368047 14454.0 19
1712244378135 14510.9 20
1712244388202 14526.4 21
1712244398270 14525.4 22
1712244408349 14541.8 23
1712244418422 14533.8 24
1712244428542 14548.5 25
1712244438626 14554.0 26
1712244448706 14478.7 27
1712244458774 14553.4 28
1712244468853 14783.9 29
1712244478922 14884.9 30
