1712244176142 53.6 0
1712244186224 90.2 1
1712244196319 94.3 2
1712244206424 96.6 3
1712244216517 87.4 4
1712244226620 89.9 5
1712244236774 92.7 6
1712244246887 93.7 7
1712244257002 94.7 8
1712244267095 96.0 9
1712244277196 96.4 10
1712244287278 96.7 11
1712244297375 96.7 12
1712244307472 97.3 13
1712244317571 97.5 14
1712244327689 97.1 15
1712244337759 94.9 16
1712244347851 91.1 17
1712244357967 85.6 18
1712244368047 85.7 19
1712244378135 86.0 20
1712244388202 86.1 21
1712244398270 86.1 22
1712244408349 86.2 23
1712244418422 86.2 24
1712244428542 86.3 25
1712244438626 86.3 26
1712244448706 85.8 27
1712244458774 86.3 28
1712244468853 87.7 29
1712244478922 88.2 30
