1712244508274 0.0 0
1712244518360 7.5 1
1712244528436 7.8 2
1712244538533 5.8 3
1712244548607 6.1 4
1712244558673 5.5 5
1712244568785 7.4 6
1712244578817 8.9 7
1712244588855 8.1 8
1712244598921 10.3 9
1712244608999 7.8 10
1712244619073 7.3 11
1712244629137 7.0 12
1712244639226 7.1 13
1712244649309 7.5 14
1712244659384 9.2 15
1712244669488 7.5 16
1712244679585 7.2 17
1712244689655 7.3 18
1712244699757 8.1 19
1712244709834 8.2 20
1712244719901 7.6 21
1712244729967 9.0 22
1712244740044 7.3 23
1712244750113 7.1 24
1712244760184 7.1 25
1712244770256 7.1 26
1712244780326 7.8 27
1712244790404 7.4 28
1712244800472 6.9 29
1712244810566 7.1 30
1712244820665 7.0 31
1712244830731 7.2 32
1712244840793 7.5 33
1712244850897 7.5 34
1712244860982 7.8 35
1712244871051 7.7 36
1712244881129 7.2 37
1712244891192 8.2 38
1712244901264 7.4 39
1712244911355 8.2 40
1712244921387 8.3 41
1712244931459 9.3 42
1712244941492 8.2 43
1712244951578 9.0 44
1712244961610 8.1 45
1712244971651 7.6 46
1712244981753 7.5 47
1712244991792 7.7 48
1712245001824 9.0 49
1712245011877 8.1 50
1712245021907 9.3 51
1712245031940 7.7 52
1712245041966 8.4 53
1712245051992 7.4 54
1712245062024 7.5 55
1712245072064 7.5 56
1712245082141 7.1 57
1712245092210 7.4 58
1712245102277 6.9 59
1712245112355 7.2 60
1712245122383 7.2 61
1712245132456 7.0 62
1712245142551 7.3 63
1712245152621 7.3 64
1712245162698 7.2 65
1712245172787 7.3 66
1712245182815 7.0 67
1712245192895 7.5 68
1712245202978 8.2 69
1712245213077 7.0 70
1712245223156 7.0 71
1712245233240 7.0 72
1712245243269 9.1 73
1712245253350 9.3 74
1712245263440 7.2 75
1712245273520 7.3 76
1712245283596 7.1 77
1712245293688 7.0 78
1712245303721 7.1 79
1712245313788 7.8 80
1712245323880 7.0 81
1712245333954 7.3 82
1712245344026 6.8 83
1712245354100 7.0 84
1712245364129 7.1 85
1712245374226 7.1 86
1712245384330 7.1 87
1712245394416 7.2 88
1712245404530 7.0 89
1712245414632 7.0 90
1712245424666 6.9 91
1712245434760 7.1 92
1712245444827 6.9 93
1712245454915 7.2 94
1712245465002 7.1 95
1712245475074 7.1 96
1712245485109 6.9 97
1712245495210 7.0 98
1712245505295 7.0 99
1712245515386 7.2 100
1712245525474 7.0 101
1712245535556 7.0 102
1712245545593 7.1 103
1712245555703 8.6 104
1712245565806 7.0 105
1712245575905 7.1 106
1712245586007 7.0 107
1712245596109 6.9 108
1712245606149 7.0 109
1712245616241 7.2 110
1712245626332 7.0 111
1712245636417 7.2 112
1712245646528 7.0 113
1712245656609 7.1 114
1712245666639 6.9 115
1712245676721 7.0 116
1712245686826 7.0 117
1712245696927 7.2 118
1712245707002 7.2 119
1712245717090 6.9 120
1712245727118 7.1 121
1712245737194 7.3 122
1712245747295 8.4 123
1712245757388 4.5 124
1712245767488 3.8 125
1712245777583 6.6 126
1712245787612 7.5 127
1712245797638 9.1 128
1712245807723 8.3 129
1712245817759 8.3 130
1712245827798 8.7 131
1712245837829 8.3 132
1712245847864 8.1 133
1712245857939 9.9 134
1712245868037 8.6 135
1712245878122 8.5 136
1712245888227 8.0 137
1712245898255 8.1 138
1712245908344 8.0 139
1712245920215 8.0 140
1712245930303 7.7 141
1712245940473 5.7 142
1712245950583 5.6 143
1712245960622 5.7 144
1712245970711 7.8 145
1712245980797 7.3 146
1712245990903 8.1 147
1712246000985 7.0 148
1712246011084 6.7 149
1712246021119 6.8 150
1712246031209 7.0 151
1712246041306 6.7 152
1712246051393 6.8 153
1712246061470 8.2 154
1712246071567 6.9 155
1712246081600 9.7 156
1712246091697 7.0 157
1712246101778 6.8 158
1712246111873 6.8 159
1712246121962 6.9 160
1712246132060 6.8 161
1712246142097 9.4 162
1712246152209 9.0 163
1712246162287 8.2 164
1712246172368 6.8 165
1712246182461 7.1 166
1712246192577 6.9 167
1712246202613 7.4 168
1712246212712 7.1 169
1712246222791 6.8 170
1712246232879 6.9 171
1712246242965 6.9 172
1712246253059 6.9 173
1712246263090 6.9 174
1712246273175 6.9 175
1712246283251 6.8 176
1712246293355 7.1 177
1712246303462 7.0 178
1712246313541 6.8 179
1712246323571 6.9 180
1712246333663 7.1 181
1712246343753 6.9 182
1712246353867 7.0 183
1712246363960 7.5 184
1712246374047 8.0 185
1712246384077 7.2 186
1712246394183 7.3 187
1712246404266 7.1 188
1712246414354 7.2 189
1712246424446 7.0 190
1712246434540 7.4 191
1712246444581 7.1 192
1712246454679 9.1 193
1712246464775 7.0 194
1712246474880 7.2 195
1712246484985 7.1 196
1712246495100 7.1 197
1712246505144 7.0 198
1712246515242 7.3 199
1712246525328 7.0 200
1712246535423 7.2 201
1712246545504 7.0 202
1712246555619 7.0 203
1712246565650 7.1 204
1712246575760 7.3 205
1712246585851 7.1 206
1712246595956 7.0 207
1712246606049 7.1 208
1712246616156 7.0 209
1712246626195 7.2 210
1712246636283 7.3 211
1712246646363 7.1 212
1712246656449 7.3 213
1712246666555 6.9 214
1712246676655 7.2 215
1712246686692 7.0 216
1712246696799 7.2 217
1712246706883 7.4 218
1712246716968 7.4 219
1712246727009 7.0 220
1712246737119 14.2 221
1712246747211 8.5 222
1712246757298 8.7 223
1712246767383 7.0 224
1712246777468 7.3 225
1712246787552 6.9 226
1712246797630 7.1 227
1712246807716 7.3 228
1712246817815 7.2 229
1712246827892 7.4 230
1712246837984 7.3 231
1712246848066 6.9 232
1712246858159 6.8 233
1712246868253 7.0 234
1712246878346 6.9 235
1712246888423 7.2 236
1712246898509 7.4 237
1712246908590 7.2 238
1712246918678 7.5 239
1712246928766 7.1 240
1712246938858 7.6 241
1712246948954 7.1 242
1712246959033 7.2 243
1712246969127 7.2 244
1712246979215 7.0 245
1712246989325 7.9 246
1712246999403 7.0 247
1712247009485 7.0 248
1712247019585 7.3 249
1712247029677 7.1 250
1712247039792 7.0 251
1712247049878 10.3 252
1712247059975 11.0 253
1712247070057 7.1 254
1712247080157 7.3 255
1712247090249 7.1 256
1712247100340 7.1 257
1712247110420 7.0 258
1712247120509 7.0 259
1712247130600 7.0 260
1712247140699 7.2 261
1712247150785 8.2 262
1712247160872 3.6 263
1712247170975 4.6 264
1712247181089 5.8 265
1712247191197 7.4 266
1712247201314 7.8 267
1712247211394 7.8 268
1712247221487 7.8 269
1712247231569 7.9 270
1712247241648 7.9 271
1712247251755 7.9 272
1712247261849 7.9 273
1712247271932 7.8 274
1712247282015 7.8 275
1712247292107 8.4 276
1712247302202 7.8 277
1712247312304 7.9 278
1712247322428 7.8 279
1712247332535 8.1 280
1712247342695 6.3 281
1712247352805 8.4 282
1712247362904 5.6 283
1712247373014 8.3 284
1712247383112 7.3 285
1712247393231 7.2 286
1712247403324 6.8 287
1712247413432 6.9 288
1712247423530 6.9 289
1712247433620 7.0 290
1712247443702 7.2 291
1712247453785 7.1 292
1712247463876 6.9 293
1712247473965 7.0 294
1712247484061 7.0 295
1712247494154 7.0 296
1712247504232 7.0 297
1712247514326 6.9 298
1712247524411 6.8 299
1712247534499 6.9 300
1712247544584 7.0 301
1712247554697 6.8 302
1712247564804 6.9 303
1712247574913 7.0 304
1712247585001 6.9 305
1712247595089 6.9 306
1712247605183 6.8 307
1712247615266 7.1 308
1712247625353 7.0 309
1712247635461 6.9 310
1712247645569 6.9 311
1712247655659 7.5 312
1712247665746 7.0 313
1712247675828 7.0 314
1712247685910 7.0 315
1712247696009 7.1 316
1712247706107 6.9 317
1712247716207 6.9 318
1712247726310 6.9 319
1712247736408 6.9 320
1712247746493 7.1 321
1712247756591 7.2 322
1712247766682 6.9 323
1712247776781 6.9 324
1712247786883 7.1 325
1712247796977 7.0 326
1712247807062 7.1 327
1712247817147 7.1 328
1712247827241 7.0 329
1712247837340 7.0 330
1712247847428 7.0 331
1712247857522 7.3 332
1712247867634 7.5 333
1712247877835 7.0 334
1712247887938 7.0 335
1712247898031 6.9 336
1712247908122 7.0 337
1712247918227 7.0 338
1712247928331 6.9 339
1712247938432 7.2 340
1712247948569 7.0 341
1712247958678 9.6 342
1712247968787 9.0 343
1712247978888 7.3 344
1712247988978 7.1 345
1712247999080 6.9 346
1712248009197 7.1 347
1712248019296 6.9 348
1712248029400 7.0 349
1712248039484 7.1 350
1712248049569 6.9 351
1712248059656 6.9 352
1712248069744 7.6 353
1712248079848 7.7 354
1712248089943 7.5 355
1712248100042 7.1 356
1712248110170 6.9 357
1712248120261 7.1 358
1712248130358 7.0 359
1712248140477 8.0 360
1712248150587 7.3 361
1712248160688 7.6 362
1712248170792 7.5 363
1712248180870 7.0 364
1712248190966 7.0 365
1712248201084 6.8 366
1712248211176 7.1 367
1712248221282 7.0 368
1712248231374 7.0 369
1712248241463 7.0 370
1712248251546 8.3 371
1712248261639 7.1 372
1712248271742 7.3 373
1712248281837 7.3 374
1712248291931 6.9 375
1712248302023 6.9 376
1712248312110 7.0 377
1712248322229 6.9 378
1712248332326 7.1 379
1712248342418 7.2 380
1712248352509 7.0 381
1712248362606 7.0 382
1712248372699 7.0 383
1712248382791 7.1 384
1712248392877 7.7 385
1712248402968 7.2 386
1712248413058 7.0 387
1712248423178 7.1 388
1712248433273 7.6 389
1712248443367 7.5 390
1712248453463 7.5 391
1712248463550 7.4 392
1712248473659 7.0 393
1712248483760 7.0 394
1712248493858 7.0 395
1712248503956 7.3 396
1712248514054 7.0 397
1712248524139 7.1 398
1712248534228 7.0 399
1712248544322 6.9 400
1712248554423 7.2 401
1712248564549 5.1 402
1712248574662 4.5 403
1712248584765 7.3 404
1712248594855 7.4 405
1712248604951 8.0 406
1712248615058 8.0 407
1712248625157 7.8 408
1712248635257 7.9 409
1712248645354 8.1 410
1712248655448 7.8 411
1712248665535 7.8 412
1712248675636 7.9 413
1712248685738 7.8 414
1712248695830 8.0 415
1712248706664 7.8 416
1712248716756 7.4 417
1712248726845 8.0 418
1712248737693 7.9 419
1712248747812 7.5 420
1712248757930 5.5 421
1712248768037 6.5 422
1712248778151 7.4 423
1712248788257 7.1 424
1712248798368 7.5 425
1712248808480 7.1 426
1712248818610 7.0 427
1712248828702 6.9 428
1712248838844 6.8 429
1712248848935 7.0 430
1712248859048 7.5 431
1712248869165 10.9 432
1712248879282 11.7 433
1712248889392 12.0 434
1712248899513 11.7 435
1712248909624 11.7 436
1712248919728 11.5 437
1712248929850 11.7 438
1712248939961 11.8 439
1712248950086 11.5 440
1712248960207 11.9 441
1712248970316 11.8 442
1712248980433 11.7 443
1712248990555 11.9 444
1712249000676 11.6 445
1712249010790 12.6 446
1712249020901 11.9 447
1712249031021 12.0 448
1712249041140 12.1 449
1712249051259 12.1 450
1712249061395 11.8 451
1712249071504 12.1 452
1712249081627 12.1 453
1712249091742 12.0 454
1712249101862 11.9 455
1712249111973 12.0 456
1712249122082 11.8 457
1712249132205 12.1 458
1712249142323 11.9 459
1712249152431 12.6 460
1712249162542 12.0 461
1712249172646 12.0 462
1712249182759 11.9 463
1712249192878 12.4 464
1712249202994 12.0 465
1712249213116 12.1 466
1712249223238 11.9 467
1712249233351 12.0 468
1712249243462 12.0 469
1712249253594 12.1 470
1712249263729 12.2 471
1712249273840 12.2 472
1712249283950 12.6 473
1712249294068 12.2 474
1712249304184 12.1 475
1712249314281 8.6 476
1712249324382 7.1 477
1712249334496 7.0 478
1712249344579 7.0 479
1712249354688 7.0 480
1712249364776 7.1 481
1712249374888 7.3 482
1712249384985 7.0 483
1712249395074 7.1 484
1712249405159 7.0 485
1712249415250 7.1 486
1712249425340 7.2 487
1712249435454 7.1 488
1712249445548 7.0 489
1712249455641 7.9 490
1712249465749 7.1 491
1712249475834 7.0 492
1712249486517 7.0 493
1712249496623 6.8 494
1712249506744 7.3 495
1712249516894 7.0 496
1712249527005 7.0 497
1712249537099 7.1 498
1712249547208 7.0 499
1712249557331 7.1 500
1712249567431 7.0 501
1712249577547 7.0 502
1712249587684 6.9 503
1712249597779 7.0 504
1712249607873 7.1 505
1712249617971 7.1 506
1712249628057 6.9 507
1712249638168 7.0 508
1712249648260 7.1 509
1712249658349 7.6 510
1712249668455 7.2 511
1712249678552 7.4 512
1712249688666 10.0 513
1712249698773 7.4 514
1712249708861 7.0 515
1712249718977 7.2 516
1712249729087 7.1 517
1712249739207 7.2 518
1712249749321 7.2 519
1712249759406 7.6 520
1712249769496 7.0 521
1712249779591 6.9 522
1712249789691 7.1 523
1712249799811 6.9 524
1712249809923 7.1 525
1712249820046 7.2 526
1712249830183 7.1 527
1712249840296 7.1 528
1712249850429 7.1 529
1712249860529 7.1 530
1712249870630 7.3 531
1712249880747 7.0 532
1712249890839 7.1 533
1712249900946 7.0 534
1712249911055 7.1 535
1712249921167 7.0 536
1712249931280 7.4 537
1712249941385 7.0 538
1712249951486 7.1 539
1712249961587 7.5 540
1712249971694 3.1 541
1712249981799 4.9 542
1712249991902 7.3 543
1712250002009 7.6 544
1712250012127 8.3 545
1712250022238 8.2 546
1712250032354 8.3 547
1712250042450 8.2 548
1712250052561 8.6 549
1712250062654 7.9 550
1712250072754 8.0 551
1712250082852 8.0 552
1712250092953 8.1 553
1712250103043 8.1 554
1712250113151 8.1 555
1712250123246 8.0 556
1712250133345 8.0 557
1712250143537 8.3 558
1712250153662 6.0 559
1712250163780 7.1 560
1712250173884 7.1 561
1712250183984 6.5 562
1712250194108 6.8 563
1712250204248 6.7 564
1712250214365 10.2 565
1712250224479 11.8 566
1712250234592 11.5 567
1712250244715 11.8 568
1712250254835 11.7 569
1712250264964 11.7 570
1712250275086 11.8 571
1712250285195 11.5 572
1712250295320 9.7 573
1712250305409 6.9 574
1712250315511 6.8 575
1712250325614 7.3 576
1712250335717 7.0 577
1712250345812 6.9 578
1712250355934 7.6 579
1712250366031 7.3 580
1712250376132 7.3 581
1712250386234 6.8 582
1712250396339 6.8 583
1712250406439 6.8 584
1712250416536 7.0 585
1712250426642 7.3 586
1712250436752 7.1 587
1712250446859 6.8 588
1712250456975 7.1 589
1712250467093 7.0 590
1712250477196 7.0 591
1712250487304 7.1 592
1712250497398 7.0 593
1712250507492 7.0 594
1712250517587 7.1 595
1712250527670 7.1 596
1712250537781 7.2 597
1712250547878 7.0 598
1712250557983 6.9 599
1712250568074 7.0 600
1712250578175 7.0 601
1712250588257 7.0 602
1712250598376 7.0 603
1712250608480 6.9 604
1712250618612 7.1 605
1712250628742 7.0 606
1712250638845 7.1 607
1712250648958 7.0 608
1712250659067 7.9 609
1712250669173 7.3 610
1712250679279 7.1 611
1712250689402 7.1 612
1712250699507 7.0 613
1712250709597 7.1 614
1712250719694 6.9 615
1712250729808 7.0 616
1712250739904 7.0 617
1712250749995 7.2 618
1712250760088 7.1 619
1712250770182 7.1 620
1712250780298 7.0 621
1712250790397 7.3 622
1712250800511 7.1 623
1712250810606 7.0 624
1712250820703 6.9 625
1712250830796 7.0 626
1712250840898 7.0 627
1712250850994 7.2 628
1712250861115 7.1 629
1712250871218 7.2 630
1712250881316 7.2 631
1712250891417 7.1 632
1712250901528 7.1 633
1712250911627 7.2 634
1712250921717 7.0 635
1712250931809 7.1 636
1712250941904 6.9 637
1712250951999 7.5 638
1712250962084 7.1 639
1712250972186 7.0 640
1712250982306 7.1 641
1712250992396 7.1 642
1712251002501 7.1 643
1712251012590 7.1 644
1712251022689 7.0 645
1712251032780 7.0 646
1712251042895 7.3 647
1712251052997 7.1 648
1712251063111 7.0 649
1712251073306 7.1 650
1712251083432 6.9 651
1712251093549 7.1 652
1712251103651 6.9 653
1712251113774 7.1 654
1712251123892 7.0 655
1712251133990 7.0 656
1712251144091 7.0 657
1712251154209 7.0 658
1712251164308 7.1 659
1712251174410 7.0 660
1712251184518 7.0 661
1712251194619 8.2 662
1712251204748 7.2 663
1712251214845 7.0 664
1712251224968 7.1 665
1712251235069 7.2 666
1712251245170 6.9 667
1712251255273 7.5 668
1712251265381 7.0 669
1712251275481 6.9 670
1712251285593 7.0 671
1712251295705 7.1 672
1712251305817 7.2 673
1712251315924 7.1 674
1712251326015 7.0 675
1712251336140 7.1 676
1712251346250 7.2 677
1712251356378 7.7 678
1712251366492 5.0 679
1712251376614 4.0 680
1712251386723 6.5 681
1712251396842 7.4 682
1712251406947 7.8 683
1712251417065 8.2 684
1712251427167 8.0 685
1712251437284 8.1 686
1712251447400 8.0 687
1712251457515 8.2 688
1712251467640 8.0 689
1712251477765 8.2 690
1712251487864 8.0 691
1712251497987 8.1 692
1712251508107 8.1 693
1712251518229 8.1 694
1712251528333 8.0 695
1712251538434 8.1 696
1712251548550 7.9 697
1712251558684 6.9 698
1712251568802 4.8 699
1712251578918 8.0 700
1712251589023 7.3 701
1712251599143 7.2 702
1712251609270 6.9 703
1712251619369 6.9 704
1712251629486 6.8 705
1712251639591 7.0 706
1712251649705 6.9 707
1712251659829 6.9 708
1712251669944 7.0 709
1712251680044 6.9 710
1712251690147 7.0 711
1712251700246 6.9 712
1712251710357 7.0 713
1712251720445 7.0 714
1712251730542 7.0 715
1712251740671 7.0 716
1712251750772 6.9 717
1712251760879 6.9 718
1712251770973 6.8 719
1712251781075 7.0 720
1712251791171 7.1 721
1712251801273 7.7 722
1712251811374 7.0 723
1712251821737 6.9 724
1712251831859 6.8 725
1712251841974 7.2 726
1712251852071 7.8 727
1712251862194 7.0 728
1712251872294 7.1 729
1712251882412 7.1 730
1712251892523 7.0 731
1712251902632 7.0 732
1712251912736 6.9 733
1712251922842 7.1 734
1712251932942 7.0 735
1712251943053 6.9 736
1712251953169 6.9 737
1712251963292 7.0 738
1712251973403 7.0 739
1712251983513 6.9 740
1712251993616 6.8 741
1712252003715 6.9 742
1712252013808 6.8 743
1712252023925 7.0 744
1712252034040 7.0 745
1712252044141 6.9 746
1712252054249 7.0 747
1712252064350 7.0 748
1712252074479 7.0 749
1712252084590 7.1 750
1712252094709 7.0 751
1712252104828 9.2 752
1712252114949 7.1 753
1712252125049 7.0 754
1712252135159 7.1 755
1712252145288 7.0 756
1712252155417 7.6 757
1712252165528 7.0 758
1712252175625 7.0 759
1712252185839 7.0 760
1712252195952 7.1 761
1712252206054 7.1 762
1712252216173 7.2 763
1712252226268 7.1 764
1712252236373 7.1 765
1712252246466 7.0 766
1712252256560 7.2 767
1712252266650 7.1 768
1712252276756 7.1 769
1712252286857 7.0 770
1712252296960 7.0 771
1712252307057 7.0 772
1712252317159 7.1 773
1712252327265 7.0 774
1712252337376 7.2 775
1712252347494 7.0 776
1712252357594 7.3 777
1712252367714 7.0 778
1712252377826 7.1 779
1712252387926 7.0 780
1712252398026 6.9 781
1712252408136 6.9 782
1712252418270 7.1 783
1712252428377 7.1 784
1712252438487 7.1 785
1712252448616 7.9 786
1712252458765 8.3 787
1712252468886 7.1 788
1712252478995 7.0 789
1712252489099 6.9 790
1712252499216 7.1 791
1712252509338 7.0 792
1712252519446 7.0 793
1712252529540 7.0 794
1712252539644 7.2 795
1712252549773 7.2 796
1712252559908 7.2 797
1712252570032 7.1 798
1712252580141 7.0 799
1712252590244 7.4 800
1712252600339 7.0 801
1712252610445 7.3 802
1712252620548 7.2 803
1712252630658 7.1 804
1712252640769 7.1 805
1712252650988 7.4 806
1712252661130 7.2 807
1712252671244 7.0 808
1712252681366 7.1 809
1712252691481 7.1 810
1712252701598 7.0 811
1712252711695 7.1 812
1712252721799 7.1 813
1712252731904 7.0 814
1712252742010 7.1 815
1712252752120 7.6 816
1712252762229 7.1 817
1712252772337 3.1 818
1712252782458 4.9 819
1712252792567 6.9 820
1712252802676 7.6 821
1712252812811 8.0 822
1712252822925 8.3 823
1712252833031 8.0 824
1712252843140 8.1 825
1712252853261 8.0 826
1712252863384 8.1 827
1712252873499 8.2 828
1712252883611 8.1 829
1712252893714 8.2 830
1712252903824 8.0 831
1712252913936 8.1 832
1712252924044 8.1 833
1712252934267 8.1 834
1712252944416 8.0 835
1712252954579 4.4 836
1712252964746 6.8 837
1712252974879 5.2 838
1712252985005 8.4 839
1712252995122 7.7 840
1712253005238 8.9 841
1712253015352 7.0 842
1712253025460 6.8 843
1712253035579 6.9 844
1712253045689 7.0 845
1712253055790 8.1 846
1712253065887 7.1 847
1712253076004 6.9 848
1712253086116 6.8 849
1712253096211 7.0 850
1712253106316 7.0 851
1712253116421 7.0 852
1712253126529 6.8 853
1712253136635 6.9 854
1712253146743 6.9 855
1712253156841 7.0 856
1712253166960 7.1 857
1712253177080 7.3 858
1712253187187 6.9 859
1712253197303 7.1 860
1712253207430 9.1 861
1712253217552 12.9 862
1712253227667 12.6 863
1712253237783 12.6 864
1712253247903 13.8 865
1712253258031 13.4 866
1712253268168 14.3 867
1712253278290 12.6 868
1712253288400 16.4 869
1712253298495 11.7 870
1712253308618 9.8 871
1712253318738 7.2 872
1712253328840 7.0 873
1712253338940 7.0 874
1712253349048 7.1 875
1712253359161 7.4 876
1712253369276 7.1 877
1712253379397 7.4 878
1712253389495 6.9 879
1712253399600 7.1 880
1712253409715 6.8 881
1712253419813 7.6 882
1712253429911 7.1 883
1712253440016 7.0 884
1712253450114 6.9 885
1712253460221 7.2 886
1712253470324 6.9 887
1712253480424 7.0 888
1712253490574 7.0 889
1712253500694 7.0 890
1712253510812 7.0 891
1712253520930 7.0 892
1712253531068 7.0 893
1712253541187 6.9 894
1712253551345 7.7 895
1712253561473 7.8 896
1712253571617 6.9 897
1712253581733 7.0 898
1712253591848 7.1 899
1712253601958 7.1 900
1712253612064 7.1 901
1712253622172 7.1 902
1712253632274 7.0 903
1712253642382 7.1 904
1712253652484 7.9 905
1712253662600 7.2 906
1712253672700 7.0 907
1712253682825 7.2 908
1712253692937 7.0 909
1712253703041 7.1 910
1712253713155 7.0 911
1712253723259 6.9 912
1712253733357 6.9 913
1712253743462 7.0 914
1712253753578 7.0 915
1712253763698 7.1 916
1712253773831 7.0 917
1712253783969 7.0 918
1712253794080 7.0 919
1712253804216 7.1 920
1712253814340 7.0 921
1712253824463 7.0 922
1712253834579 7.1 923
1712253844690 6.9 924
1712253854817 7.0 925
1712253864944 7.0 926
1712253875062 7.1 927
1712253885173 7.1 928
1712253895301 7.0 929
1712253905442 7.5 930
1712253915564 12.1 931
1712253925688 10.4 932
1712253935840 7.0 933
1712253945967 7.4 934
1712253956090 7.5 935
1712253966223 7.0 936
1712253976356 7.0 937
1712253986468 6.9 938
1712253996592 7.1 939
1712254006718 7.5 940
1712254016839 7.4 941
1712254026957 6.9 942
1712254037069 7.1 943
1712254047182 6.9 944
1712254057297 6.9 945
1712254067408 7.2 946
1712254077506 7.0 947
1712254087601 7.1 948
1712254097706 7.1 949
1712254107807 7.1 950
1712254117922 7.1 951
1712254128017 7.1 952
1712254138132 7.1 953
1712254148241 7.1 954
1712254158368 7.2 955
1712254168474 9.5 956
1712254178589 2.4 957
1712254188691 4.6 958
1712254198827 5.9 959
1712254208941 7.3 960
1712254219052 8.1 961
1712254229155 8.1 962
1712254239272 8.0 963
1712254249397 8.4 964
1712254259506 9.3 965
1712254269623 8.1 966
1712254279724 8.1 967
1712254289834 8.1 968
1712254299941 8.0 969
1712254310067 8.1 970
1712254320168 8.0 971
1712254330272 8.1 972
1712254340406 8.0 973
1712254350527 8.5 974
1712254360654 6.9 975
1712254370963 4.9 976
1712254381070 5.5 977
1712254391165 6.7 978
1712254401275 7.0 979
1712254411377 6.9 980
1712254421487 7.0 981
1712254431591 6.9 982
1712254441690 6.9 983
1712254451801 7.0 984
1712254461898 7.1 985
1712254472007 6.8 986
1712254482118 7.0 987
1712254492236 7.0 988
1712254502349 7.2 989
1712254512504 6.8 990
1712254522608 6.9 991
1712254532725 7.1 992
1712254542885 7.0 993
1712254553019 7.5 994
1712254563159 7.0 995
1712254573274 7.3 996
1712254583398 7.1 997
1712254593504 6.9 998
1712254603609 7.0 999
1712254613725 6.9 1000
1712254623844 6.8 1001
1712254633964 6.9 1002
1712254644084 6.9 1003
1712254654194 7.0 1004
1712254664304 7.0 1005
1712254674403 6.9 1006
1712254684510 6.9 1007
1712254694610 6.9 1008
1712254704724 7.0 1009
1712254714843 7.0 1010
1712254724944 7.1 1011
1712254735058 7.1 1012
1712254745173 7.1 1013
1712254755292 7.0 1014
1712254765413 7.3 1015
1712254775541 6.8 1016
1712254785663 7.1 1017
1712254795766 7.0 1018
1712254805874 7.0 1019
1712254816003 7.0 1020
1712254826136 8.6 1021
1712254836250 11.6 1022
1712254846367 7.1 1023
1712254856499 7.6 1024
1712254866618 7.1 1025
1712254876725 6.9 1026
1712254886857 7.0 1027
1712254896999 6.9 1028
1712254907120 7.0 1029
1712254917273 7.0 1030
1712254927386 6.9 1031
1712254937501 7.1 1032
1712254947624 7.0 1033
1712254957760 8.7 1034
1712254967864 7.2 1035
1712254977993 7.0 1036
1712254988123 6.9 1037
1712254998266 7.0 1038
1712255008388 6.9 1039
1712255018487 8.6 1040
1712255028614 7.2 1041
1712255038732 7.0 1042
1712255048863 7.0 1043
1712255058996 7.0 1044
1712255069116 7.0 1045
1712255079215 7.1 1046
1712255089329 7.1 1047
1712255099459 7.0 1048
1712255109567 7.0 1049
1712255119678 7.0 1050
1712255129791 6.9 1051
1712255139895 6.9 1052
1712255150053 7.3 1053
1712255160166 7.6 1054
1712255170270 7.1 1055
1712255180398 7.1 1056
1712255190516 7.0 1057
1712255200640 6.8 1058
1712255210770 7.1 1059
1712255220903 6.9 1060
1712255231038 7.2 1061
1712255241159 7.4 1062
1712255251266 7.5 1063
1712255261373 7.4 1064
1712255271482 7.5 1065
1712255281620 7.1 1066
1712255291748 7.1 1067
1712255301872 6.9 1068
1712255311978 7.0 1069
1712255322079 7.0 1070
1712255332196 7.3 1071
1712255342297 7.1 1072
1712255352406 7.4 1073
1712255362507 7.1 1074
1712255372628 7.0 1075
1712255382763 7.0 1076
1712255392899 7.0 1077
1712255403003 7.1 1078
1712255413111 7.0 1079
1712255423231 7.0 1080
1712255433342 6.9 1081
1712255443467 7.0 1082
1712255453611 8.1 1083
1712255463714 7.0 1084
1712255473825 7.0 1085
1712255483974 7.4 1086
1712255494098 6.9 1087
1712255504230 7.0 1088
1712255514363 7.0 1089
1712255524564 7.0 1090
1712255534667 7.2 1091
1712255544764 7.0 1092
1712255554898 6.9 1093
1712255565012 7.1 1094
1712255575113 9.0 1095
1712255585232 2.4 1096
1712255595334 4.1 1097
1712255605447 6.2 1098
1712255615571 7.6 1099
1712255625691 7.9 1100
1712255635826 8.2 1101
1712255645939 8.1 1102
1712255656051 8.1 1103
1712255666154 8.1 1104
1712255676278 8.1 1105
1712255686391 8.1 1106
1712255696496 8.2 1107
1712255706596 8.1 1108
1712255716698 8.2 1109
1712255726809 8.0 1110
1712255736920 9.0 1111
1712255747037 8.7 1112
1712255757143 8.3 1113
1712255767274 7.1 1114
1712255777395 6.7 1115
1712255787516 3.6 1116
1712255797633 8.3 1117
1712255807733 7.4 1118
1712255817847 7.3 1119
1712255827948 7.2 1120
1712255838074 7.1 1121
1712255848192 7.0 1122
1712255858711 6.9 1123
1712255868815 6.7 1124
1712255878945 7.1 1125
1712255889056 6.9 1126
1712255899160 6.9 1127
1712255909268 7.0 1128
1712255919372 6.9 1129
1712255929489 7.1 1130
1712255939606 6.8 1131
1712255949724 6.9 1132
1712255959840 7.0 1133
1712255969960 7.0 1134
1712255980071 6.8 1135
1712255990184 7.2 1136
1712256000290 6.9 1137
1712256010403 6.8 1138
1712256020504 7.0 1139
1712256030632 6.9 1140
1712256040756 6.9 1141
1712256050893 7.6 1142
1712256061008 7.3 1143
1712256071157 7.2 1144
1712256081272 7.3 1145
1712256091383 7.2 1146
1712256101495 6.9 1147
1712256111604 7.1 1148
1712256121732 7.0 1149
1712256131841 7.0 1150
1712256141945 6.9 1151
1712256152066 7.0 1152
1712256162189 7.5 1153
1712256172320 7.3 1154
1712256182443 7.1 1155
1712256192653 7.1 1156
1712256202765 7.1 1157
1712256212900 7.0 1158
1712256223021 7.0 1159
1712256233148 6.9 1160
1712256243279 7.0 1161
1712256253415 7.1 1162
1712256263532 7.6 1163
1712256273651 7.1 1164
1712256283801 7.1 1165
1712256293905 7.3 1166
1712256304035 7.1 1167
1712256314152 7.1 1168
1712256324257 7.1 1169
1712256334372 7.1 1170
1712256344479 6.9 1171
1712256354609 7.5 1172
1712256364724 6.9 1173
1712256374843 7.0 1174
1712256385056 7.0 1175
1712256395173 7.0 1176
1712256405304 6.9 1177
1712256415466 7.2 1178
1712256425587 7.2 1179
1712256435726 7.1 1180
1712256445858 7.0 1181
1712256455980 7.1 1182
1712256466091 7.0 1183
1712256476214 7.2 1184
1712256486363 6.9 1185
1712256496476 7.1 1186
1712256506597 7.1 1187
1712256516708 7.0 1188
1712256526834 7.0 1189
1712256536952 7.2 1190
1712256547072 7.0 1191
1712256557196 7.0 1192
1712256567314 7.0 1193
1712256577465 7.0 1194
1712256587607 7.3 1195
1712256597738 7.2 1196
1712256607875 7.1 1197
1712256618021 7.0 1198
1712256628130 7.1 1199
1712256638278 7.1 1200
1712256648394 9.9 1201
1712256658528 7.9 1202
1712256668640 7.0 1203
1712256678749 7.1 1204
1712256688875 7.1 1205
1712256698995 7.0 1206
1712256709101 7.0 1207
1712256719220 7.0 1208
1712256729328 7.1 1209
1712256739433 7.2 1210
1712256749567 7.0 1211
1712256759689 7.1 1212
1712256769825 7.2 1213
1712256779968 7.3 1214
1712256790103 7.2 1215
1712256800223 7.1 1216
1712256810333 7.1 1217
1712256820483 7.0 1218
1712256830616 7.0 1219
1712256840739 7.2 1220
1712256850848 7.2 1221
1712256861068 7.3 1222
1712256871220 7.2 1223
1712256881358 7.3 1224
1712256891487 10.3 1225
1712256901598 7.2 1226
1712256911706 7.0 1227
1712256921847 7.0 1228
1712256931966 7.0 1229
1712256942101 7.1 1230
1712256952240 8.0 1231
1712256962356 7.0 1232
1712256972471 7.7 1233
1712256982592 6.2 1234
1712256992751 4.8 1235
1712257002886 3.5 1236
1712257012998 7.3 1237
1712257023124 7.4 1238
1712257033242 8.0 1239
1712257043351 8.1 1240
1712257053561 8.2 1241
1712257063737 8.1 1242
1712257073848 8.2 1243
1712257083997 8.1 1244
1712257094123 8.1 1245
1712257104267 8.1 1246
1712257114453 8.0 1247
1712257124572 8.0 1248
1712257134702 8.0 1249
1712257144811 8.0 1250
1712257154982 8.2 1251
1712257165438 7.8 1252
1712257175620 7.8 1253
1712257185743 4.6 1254
1712257196269 5.7 1255
1712257206390 7.2 1256
1712257216499 7.3 1257
1712257226610 6.9 1258
1712257236739 6.9 1259
1712257246842 6.9 1260
1712257256956 8.3 1261
1712257267065 7.1 1262
1712257277186 6.9 1263
1712257287300 6.9 1264
1712257297419 6.8 1265
1712257307554 7.2 1266
1712257317671 6.9 1267
1712257327790 6.8 1268
1712257337908 6.8 1269
1712257348016 6.7 1270
1712257358118 7.0 1271
1712257368225 7.0 1272
1712257378345 6.9 1273
1712257388459 6.8 1274
1712257398568 6.8 1275
1712257408677 6.7 1276
1712257418788 6.7 1277
1712257428908 6.7 1278
1712257439025 6.9 1279
1712257449165 6.9 1280
1712257459291 7.0 1281
1712257469412 7.0 1282
1712257479529 6.7 1283
1712257489637 6.8 1284
1712257499751 6.9 1285
1712257509857 6.8 1286
1712257519977 6.6 1287
1712257530105 6.8 1288
1712257540328 6.8 1289
1712257550451 10.6 1290
1712257560569 7.4 1291
1712257570674 7.1 1292
1712257580789 7.1 1293
1712257590905 7.0 1294
1712257601036 7.0 1295
1712257611162 7.0 1296
1712257621290 7.1 1297
1712257631426 6.9 1298
1712257641568 6.8 1299
1712257651704 7.0 1300
1712257661836 7.1 1301
1712257671985 6.9 1302
1712257682114 7.1 1303
1712257692241 8.0 1304
1712257702358 7.5 1305
1712257712477 7.0 1306
1712257722623 7.0 1307
1712257732746 7.0 1308
1712257742878 7.0 1309
1712257752987 7.1 1310
1712257763112 7.3 1311
1712257773225 7.1 1312
1712257783372 6.9 1313
1712257793515 7.1 1314
1712257803645 7.0 1315
1712257813755 7.0 1316
1712257823891 7.0 1317
1712257834005 7.0 1318
1712257844138 6.9 1319
1712257854254 7.7 1320
1712257864387 7.3 1321
1712257874521 7.2 1322
1712257884673 6.9 1323
1712257894798 6.9 1324
1712257904929 6.9 1325
1712257915050 6.9 1326
1712257925182 7.1 1327
1712257935404 7.1 1328
1712257945551 7.2 1329
1712257955690 6.9 1330
1712257965823 6.9 1331
1712257975942 7.1 1332
1712257986088 6.8 1333
1712257996220 7.0 1334
1712258006365 6.8 1335
1712258016494 6.8 1336
1712258026624 7.0 1337
1712258036748 7.0 1338
1712258046873 6.8 1339
1712258057028 7.0 1340
1712258067183 7.0 1341
1712258077313 6.9 1342
1712258087443 7.0 1343
1712258097579 7.1 1344
1712258107818 6.9 1345
1712258117946 7.0 1346
1712258128069 7.5 1347
1712258138203 7.0 1348
1712258148331 7.0 1349
1712258158467 7.6 1350
1712258168612 6.9 1351
1712258178743 7.1 1352
1712258188867 7.0 1353
1712258199009 6.9 1354
1712258209152 7.0 1355
1712258219284 7.1 1356
1712258229413 7.0 1357
1712258239559 7.1 1358
1712258249698 7.1 1359
1712258259835 7.0 1360
1712258269945 7.0 1361
1712258280080 7.0 1362
1712258290198 7.0 1363
1712258300317 7.0 1364
1712258310427 7.1 1365
1712258320543 7.1 1366
1712258330676 7.1 1367
1712258340794 7.1 1368
1712258350931 7.0 1369
1712258361060 6.9 1370
1712258371196 6.9 1371
1712258381329 8.5 1372
1712258391490 3.3 1373
1712258401615 3.7 1374
1712258411751 6.7 1375
1712258421870 7.6 1376
1712258431973 7.9 1377
1712258442119 8.1 1378
1712258452262 9.8 1379
1712258462386 13.3 1380
1712258472500 12.9 1381
1712258482609 8.0 1382
1712258492722 7.9 1383
1712258502837 8.0 1384
1712258513038 8.1 1385
1712258523154 8.2 1386
1712258533289 8.1 1387
1712258543421 8.2 1388
1712258553545 8.2 1389
1712258563680 8.0 1390
1712258573829 7.5 1391
1712258583970 8.1 1392
1712258594112 3.7 1393
1712258604245 7.4 1394
1712258614553 4.0 1395
1712258624677 7.5 1396
1712258634807 5.0 1397
1712258644963 6.9 1398
1712258655708 5.1 1399
1712258665846 6.6 1400
1712258675982 7.0 1401
1712258686115 7.0 1402
1712258696222 7.0 1403
1712258706345 7.1 1404
1712258716478 7.1 1405
1712258726588 7.1 1406
1712258736725 7.0 1407
1712258746833 7.1 1408
1712258756946 7.6 1409
1712258767060 7.1 1410
1712258777167 7.1 1411
1712258787273 7.0 1412
1712258797381 6.9 1413
1712258807495 7.0 1414
1712258817610 6.9 1415
1712258827738 7.0 1416
1712258837852 6.9 1417
1712258847980 6.9 1418
1712258858119 6.9 1419
1712258868260 6.9 1420
1712258878389 6.9 1421
1712258888525 7.4 1422
1712258898654 6.8 1423
1712258908761 6.9 1424
1712258918901 6.8 1425
1712258929018 7.0 1426
1712258939155 6.9 1427
1712258949264 7.1 1428
1712258959367 7.2 1429
1712258969486 7.0 1430
1712258979610 6.9 1431
1712258989725 7.1 1432
1712258999856 7.7 1433
1712259009981 7.0 1434
1712259020087 6.9 1435
1712259030339 7.0 1436
1712259040454 7.1 1437
1712259050573 7.1 1438
1712259060707 7.3 1439
1712259070835 7.6 1440
1712259080956 7.0 1441
1712259091076 6.9 1442
1712259101215 6.8 1443
1712259111339 6.9 1444
1712259121460 7.2 1445
1712259131585 7.1 1446
1712259141708 6.8 1447
1712259151823 6.9 1448
1712259161954 6.8 1449
1712259172073 6.9 1450
1712259182188 7.4 1451
1712259192295 7.0 1452
1712259202414 6.9 1453
1712259212522 6.9 1454
1712259222652 7.0 1455
1712259232796 7.0 1456
1712259242931 7.2 1457
1712259253070 6.9 1458
1712259263187 7.0 1459
1712259273313 7.0 1460
1712259283425 6.9 1461
1712259293551 7.0 1462
1712259303682 7.0 1463
1712259313797 7.0 1464
1712259323911 7.0 1465
1712259334045 6.9 1466
1712259344157 7.0 1467
1712259354289 7.4 1468
1712259364406 7.0 1469
1712259374511 8.1 1470
1712259384626 7.7 1471
1712259394750 6.9 1472
1712259404874 6.9 1473
1712259415006 7.0 1474
1712259425154 7.1 1475
1712259435296 7.3 1476
1712259445433 7.1 1477
1712259455560 7.1 1478
1712259465688 6.9 1479
1712259475833 7.0 1480
1712259485977 7.0 1481
1712259496121 7.0 1482
1712259506239 7.0 1483
1712259516484 7.0 1484
1712259526620 6.9 1485
1712259536770 7.0 1486
1712259546899 7.2 1487
1712259557045 7.0 1488
1712259567164 7.0 1489
1712259577299 6.9 1490
1712259587416 7.0 1491
1712259597542 7.0 1492
1712259607679 7.3 1493
1712259617824 7.1 1494
1712259627947 7.0 1495
1712259638072 7.1 1496
1712259648194 6.9 1497
1712259658308 7.6 1498
1712259668428 7.0 1499
1712259678569 6.9 1500
1712259688683 7.1 1501
1712259698811 7.0 1502
1712259708965 7.0 1503
1712259719106 6.9 1504
1712259729259 7.1 1505
1712259739390 7.1 1506
1712259749529 7.1 1507
1712259759657 7.1 1508
1712259769793 7.0 1509
1712259779934 7.1 1510
1712259790059 7.1 1511
1712259800176 7.0 1512
1712259810440 6.9 1513
1712259820606 7.1 1514
1712259830785 7.0 1515
1712259840917 8.0 1516
1712259851052 4.8 1517
1712259861168 3.7 1518
1712259871282 6.9 1519
1712259881406 7.6 1520
1712259891553 7.9 1521
1712259901673 8.0 1522
1712259911782 8.1 1523
1712259921909 8.1 1524
1712259932026 8.0 1525
1712259942136 8.2 1526
1712259952247 8.7 1527
1712259962371 8.0 1528
1712259972505 8.2 1529
1712259982627 8.0 1530
1712259992754 7.9 1531
1712260002868 8.0 1532
1712260013003 8.1 1533
1712260023252 7.8 1534
1712260033399 7.2 1535
1712260043556 6.2 1536
1712260053705 5.3 1537
1712260063825 8.0 1538
1712260073978 7.4 1539
1712260084102 6.9 1540
1712260094220 7.2 1541
1712260104355 7.1 1542
1712260114475 7.0 1543
1712260124599 6.9 1544
1712260134713 7.0 1545
1712260144836 7.2 1546
1712260154967 7.1 1547
1712260165157 6.9 1548
1712260175286 7.0 1549
1712260185784 7.1 1550
1712260195945 6.9 1551
1712260206085 7.2 1552
1712260216235 7.1 1553
1712260226367 6.9 1554
1712260236478 7.0 1555
1712260246625 7.0 1556
1712260256746 8.4 1557
1712260266882 7.1 1558
1712260277025 7.2 1559
1712260287141 12.0 1560
1712260297288 10.0 1561
1712260307465 7.0 1562
1712260317613 7.0 1563
1712260327758 7.0 1564
1712260337901 6.9 1565
1712260348027 6.9 1566
1712260358151 6.8 1567
1712260368268 6.9 1568
1712260378398 6.9 1569
1712260388523 7.0 1570
1712260398653 7.1 1571
1712260408775 6.9 1572
1712260418908 7.0 1573
1712260429042 7.0 1574
1712260439169 6.9 1575
1712260449296 7.0 1576
1712260459469 6.9 1577
1712260469602 7.0 1578
1712260479728 6.9 1579
1712260489855 9.6 1580
1712260499963 7.3 1581
1712260510090 7.2 1582
1712260520226 7.3 1583
1712260530351 7.0 1584
1712260540477 7.0 1585
1712260550640 7.6 1586
1712260560747 7.5 1587
1712260570899 7.2 1588
1712260581028 6.9 1589
1712260591148 7.0 1590
1712260601269 7.0 1591
1712260611413 6.9 1592
1712260621561 7.1 1593
1712260631694 7.1 1594
1712260641858 6.9 1595
1712260651987 7.0 1596
1712260662131 7.0 1597
1712260672251 6.9 1598
1712260682370 6.9 1599
1712260692484 7.1 1600
1712260702758 6.9 1601
1712260712889 7.1 1602
1712260723011 7.0 1603
1712260733138 6.9 1604
1712260743264 7.0 1605
1712260753401 7.3 1606
1712260763522 7.2 1607
1712260773669 6.9 1608
1712260783795 7.0 1609
1712260793921 7.0 1610
1712260804032 7.0 1611
1712260814153 7.0 1612
1712260824290 7.0 1613
1712260834433 7.1 1614
1712260844556 7.1 1615
1712260854691 7.7 1616
1712260864815 7.1 1617
1712260874955 7.1 1618
1712260885085 7.0 1619
1712260895232 7.1 1620
1712260905382 7.0 1621
1712260915521 7.2 1622
1712260925637 7.1 1623
1712260935783 7.2 1624
1712260945909 7.1 1625
1712260956046 7.1 1626
1712260966180 7.1 1627
1712260976311 7.0 1628
1712260986452 7.1 1629
1712260996686 7.3 1630
1712261006826 7.5 1631
1712261016983 7.1 1632
1712261027134 6.9 1633
1712261037280 7.1 1634
1712261047409 7.7 1635
1712261057555 7.1 1636
1712261067713 6.9 1637
1712261077858 7.0 1638
1712261087994 7.0 1639
1712261098119 7.0 1640
1712261108259 7.1 1641
1712261118393 7.0 1642
1712261128532 7.0 1643
1712261138651 7.0 1644
1712261148774 7.0 1645
1712261158901 7.9 1646
1712261169037 7.2 1647
1712261179194 7.0 1648
1712261189322 6.9 1649
1712261199469 8.9 1650
1712261209704 6.9 1651
1712261219854 7.0 1652
1712261229979 7.4 1653
1712261240118 7.4 1654
1712261250238 5.1 1655
1712261260350 4.1 1656
1712261270478 4.1 1657
1712261280599 7.3 1658
1712261290758 7.8 1659
1712261300910 8.0 1660
1712261311043 8.1 1661
1712261321189 8.0 1662
1712261331313 8.0 1663
1712261341446 8.2 1664
1712261351575 8.1 1665
1712261361703 8.0 1666
1712261371831 7.9 1667
1712261381958 8.0 1668
1712261392070 8.1 1669
1712261402187 8.0 1670
1712261412315 8.0 1671
1712261422445 8.0 1672
1712261432607 7.4 1673
1712261442961 7.8 1674
1712261453122 5.6 1675
1712261463252 6.2 1676
1712261473396 7.1 1677
1712261483557 6.8 1678
1712261493690 6.7 1679
1712261504513 7.0 1680
1712261514668 6.7 1681
1712261524794 7.0 1682
1712261534940 6.9 1683
1712261545086 7.2 1684
1712261555212 7.0 1685
1712261565326 7.0 1686
1712261575491 7.0 1687
1712261585610 7.0 1688
1712261595775 7.2 1689
1712261605951 7.0 1690
1712261616092 6.8 1691
1712261626229 7.0 1692
1712261636375 7.0 1693
1712261646519 7.0 1694
1712261656660 7.4 1695
1712261666842 7.0 1696
1712261676968 7.0 1697
1712261687093 7.0 1698
1712261697233 6.9 1699
1712261707370 7.1 1700
1712261717505 6.9 1701
1712261727752 6.9 1702
1712261737878 6.8 1703
1712261748042 6.9 1704
1712261758166 7.4 1705
1712261768296 6.9 1706
1712261778430 7.1 1707
1712261788554 6.9 1708
1712261798681 7.0 1709
1712261808823 6.9 1710
1712261818986 7.2 1711
1712261829127 6.8 1712
1712261839274 7.1 1713
1712261849408 6.9 1714
1712261859550 6.9 1715
1712261869705 6.9 1716
1712261879843 6.9 1717
1712261889983 7.0 1718
1712261900111 7.0 1719
1712261910255 6.9 1720
1712261920386 7.0 1721
1712261930513 6.9 1722
1712261940634 7.1 1723
1712261950898 7.1 1724
1712261961038 7.1 1725
1712261971165 6.9 1726
1712261981322 6.9 1727
1712261991439 7.0 1728
1712262001586 6.9 1729
1712262011734 7.2 1730
1712262021889 7.0 1731
1712262032040 7.0 1732
1712262042189 6.9 1733
1712262052330 7.6 1734
1712262062464 7.2 1735
1712262072588 7.4 1736
1712262082722 6.8 1737
1712262092872 6.8 1738
1712262103046 9.8 1739
1712262113200 12.4 1740
1712262123371 12.1 1741
1712262133512 12.4 1742
1712262143677 12.2 1743
1712262153826 12.2 1744
1712262163985 12.3 1745
1712262174151 12.3 1746
1712262184438 12.2 1747
1712262194598 12.3 1748
1712262204755 12.1 1749
1712262214886 12.2 1750
1712262225018 9.8 1751
1712262235166 6.9 1752
1712262245324 6.9 1753
1712262255453 7.2 1754
1712262265588 7.1 1755
1712262275740 6.9 1756
1712262285887 7.0 1757
1712262296039 6.9 1758
1712262306177 7.0 1759
1712262316314 7.1 1760
1712262326478 7.1 1761
1712262336626 6.9 1762
1712262346791 6.8 1763
1712262356940 7.5 1764
1712262367087 6.9 1765
1712262377217 7.0 1766
1712262387365 6.9 1767
1712262397497 7.0 1768
1712262407653 6.9 1769
1712262417791 6.9 1770
1712262427935 6.9 1771
1712262438197 7.1 1772
1712262448325 7.0 1773
1712262458470 7.0 1774
1712262468619 7.1 1775
1712262478757 6.9 1776
1712262488916 6.9 1777
1712262499086 7.0 1778
1712262509207 7.1 1779
1712262519333 7.0 1780
1712262529470 6.9 1781
1712262539604 7.0 1782
1712262549735 6.9 1783
1712262559857 7.5 1784
1712262569997 7.0 1785
1712262580140 7.2 1786
1712262590273 6.9 1787
1712262600404 6.9 1788
1712262610528 7.1 1789
1712262620669 7.1 1790
1712262630796 7.1 1791
1712262641082 7.0 1792
1712262651223 9.5 1793
1712262661350 2.9 1794
1712262671483 4.7 1795
1712262681608 5.5 1796
1712262691742 7.5 1797
1712262701866 8.0 1798
1712262711981 8.1 1799
1712262722111 8.2 1800
1712262732226 8.0 1801
1712262742374 8.2 1802
1712262752523 8.1 1803
1712262762664 8.0 1804
1712262772811 8.1 1805
1712262782930 8.0 1806
1712262793181 8.2 1807
1712262803309 8.1 1808
1712262813443 8.0 1809
1712262823613 8.3 1810
1712262833750 8.3 1811
1712262843888 7.0 1812
1712262854118 7.1 1813
1712262864265 5.9 1814
1712262874413 7.0 1815
1712262884552 7.0 1816
1712262894710 7.3 1817
1712262904837 6.9 1818
1712262914954 7.1 1819
1712262925074 7.1 1820
1712262935195 7.1 1821
1712262945317 6.9 1822
1712262955437 7.5 1823
1712262966185 7.1 1824
1712262976333 6.9 1825
1712262986479 7.1 1826
1712262996609 7.1 1827
1712263006741 6.9 1828
1712263016890 6.9 1829
1712263027014 6.9 1830
1712263037139 7.0 1831
1712263047257 7.1 1832
1712263057382 6.9 1833
1712263067538 7.0 1834
1712263077656 6.8 1835
1712263087785 6.9 1836
1712263097917 7.1 1837
1712263108045 6.9 1838
1712263118324 7.1 1839
1712263128487 10.4 1840
1712263138642 11.8 1841
1712263148798 12.2 1842
1712263158946 12.2 1843
1712263169095 12.0 1844
1712263179227 12.2 1845
1712263189358 11.2 1846
1712263199494 7.1 1847
1712263209623 6.8 1848
1712263219760 7.0 1849
1712263229894 6.9 1850
1712263240038 7.0 1851
1712263250178 7.7 1852
1712263260305 8.0 1853
1712263270444 7.0 1854
1712263280673 6.9 1855
1712263290827 6.9 1856
1712263300963 6.8 1857
1712263311102 6.9 1858
1712263321221 7.0 1859
1712263331370 7.2 1860
1712263341528 7.2 1861
1712263351691 7.1 1862
1712263361828 7.1 1863
1712263371956 7.1 1864
1712263382078 7.0 1865
1712263392201 6.9 1866
1712263402344 6.9 1867
1712263412484 6.9 1868
1712263422618 6.9 1869
1712263432759 6.9 1870
1712263442891 6.8 1871
1712263453178 7.0 1872
1712263463330 7.1 1873
1712263473459 6.9 1874
1712263483623 6.9 1875
1712263493751 6.9 1876
1712263503875 6.9 1877
1712263513994 6.9 1878
1712263524138 6.9 1879
1712263534260 6.8 1880
1712263544396 6.8 1881
1712263554522 7.5 1882
1712263564642 7.0 1883
1712263574765 7.1 1884
1712263584940 7.4 1885
1712263595090 6.9 1886
1712263605338 6.8 1887
1712263615502 7.1 1888
1712263625667 6.9 1889
1712263635803 6.9 1890
1712263645939 6.9 1891
1712263656103 7.0 1892
1712263666228 6.9 1893
1712263676388 7.1 1894
1712263686531 7.0 1895
1712263696670 7.0 1896
1712263706814 7.0 1897
1712263716939 6.9 1898
1712263727085 6.9 1899
1712263737216 6.7 1900
1712263747346 6.9 1901
1712263757590 7.3 1902
1712263767709 7.0 1903
1712263777835 7.3 1904
1712263787971 7.1 1905
1712263798099 6.9 1906
1712263808248 7.1 1907
1712263818377 7.1 1908
1712263828513 6.9 1909
1712263838651 7.0 1910
1712263848793 6.9 1911
1712263858938 7.6 1912
1712263869073 6.9 1913
1712263879202 7.0 1914
1712263889322 6.9 1915
1712263899470 6.9 1916
1712263909735 6.9 1917
1712263919891 7.0 1918
1712263930023 6.9 1919
1712263940165 7.0 1920
1712263950296 6.8 1921
1712263960452 6.9 1922
1712263970617 6.9 1923
1712263980741 6.9 1924
1712263990883 7.1 1925
1712264001039 7.2 1926
1712264011178 7.3 1927
1712264021321 7.1 1928
1712264031490 6.9 1929
1712264041657 7.0 1930
1712264051788 7.9 1931
1712264061940 4.4 1932
1712264072200 4.5 1933
1712264082361 6.5 1934
1712264092511 11.7 1935
1712264102637 9.9 1936
1712264112806 8.1 1937
1712264122966 8.1 1938
1712264133108 7.9 1939
1712264143276 7.9 1940
1712264153443 9.1 1941
1712264163587 8.0 1942
1712264173709 8.1 1943
1712264183831 8.1 1944
1712264193964 7.9 1945
1712264204107 8.0 1946
1712264214265 8.0 1947
1712264224432 8.1 1948
1712264234691 8.1 1949
1712264244868 7.2 1950
1712264255048 6.8 1951
1712264265254 5.0 1952
1712264275411 8.3 1953
1712264285602 7.4 1954
1712264295751 7.3 1955
1712264305886 7.1 1956
1712264316066 7.0 1957
1712264326252 6.9 1958
1712264336381 7.2 1959
1712264346522 6.9 1960
1712264356658 7.0 1961
1712264366794 7.0 1962
1712264376942 6.8 1963
1712264387135 6.8 1964
1712264397404 6.9 1965
1712264407555 6.9 1966
1712264417713 7.0 1967
1712264427843 7.1 1968
1712264437974 7.0 1969
1712264448116 7.0 1970
1712264458270 7.5 1971
1712264468407 6.9 1972
1712264478548 7.5 1973
1712264488672 7.2 1974
1712264498827 6.9 1975
1712264508974 7.9 1976
1712264519133 7.0 1977
1712264529269 6.9 1978
1712264539399 6.9 1979
1712264549536 7.2 1980
1712264559685 6.9 1981
1712264569810 6.9 1982
1712264579932 7.0 1983
1712264590087 6.9 1984
1712264600218 7.3 1985
1712264610350 6.8 1986
1712264620510 6.9 1987
1712264630658 6.9 1988
1712264640794 6.9 1989
1712264650917 7.1 1990
1712264661056 7.1 1991
1712264671208 7.0 1992
1712264681334 7.0 1993
1712264691465 6.9 1994
1712264701601 7.0 1995
1712264711749 7.0 1996
1712264721899 7.2 1997
1712264732044 7.2 1998
1712264742193 6.8 1999
1712264752333 7.6 2000
1712264762476 7.2 2001
1712264772606 7.0 2002
1712264782751 6.9 2003
1712264792899 7.0 2004
1712264803024 6.9 2005
1712264813175 7.0 2006
1712264823297 6.9 2007
1712264833426 6.9 2008
1712264843569 6.9 2009
1712264853695 7.0 2010
1712264863960 6.9 2011
1712264874122 7.0 2012
1712264884248 7.0 2013
1712264894397 6.9 2014
1712264904544 7.0 2015
1712264914689 6.9 2016
1712264924817 7.0 2017
1712264934956 7.1 2018
1712264945113 7.0 2019
1712264955241 6.9 2020
1712264965422 7.0 2021
1712264975593 6.8 2022
1712264985743 7.1 2023
1712264995926 6.8 2024
1712265006109 11.9 2025
1712265016287 12.3 2026
1712265026453 12.6 2027
1712265036649 12.2 2028
1712265046839 12.8 2029
1712265057011 13.2 2030
1712265067197 12.3 2031
1712265077369 12.1 2032
1712265087528 12.7 2033
1712265097692 12.0 2034
1712265107855 12.0 2035
1712265118014 12.0 2036
1712265128179 12.1 2037
1712265138313 12.1 2038
1712265148460 11.8 2039
1712265158597 7.1 2040
1712265168747 6.9 2041
1712265178873 7.2 2042
1712265189027 7.1 2043
1712265199148 7.0 2044
1712265209292 7.1 2045
1712265219421 6.9 2046
1712265229556 6.9 2047
1712265239693 6.9 2048
1712265249855 6.9 2049
1712265260026 7.4 2050
1712265270166 7.3 2051
1712265280352 7.0 2052
1712265290502 7.1 2053
1712265300657 7.2 2054
1712265310809 7.0 2055
1712265321077 6.8 2056
1712265331245 7.2 2057
1712265341385 6.9 2058
1712265351516 7.3 2059
1712265361650 7.3 2060
1712265371778 7.1 2061
1712265381921 7.1 2062
1712265392068 7.1 2063
1712265402197 7.1 2064
1712265412332 7.1 2065
1712265422526 7.0 2066
1712265432671 7.2 2067
1712265442802 7.0 2068
1712265452939 7.6 2069
1712265463094 5.7 2070
1712265473224 4.6 2071
1712265483372 4.2 2072
1712265493509 7.5 2073
1712265503682 7.8 2074
1712265513851 8.0 2075
1712265524017 8.1 2076
1712265534182 8.2 2077
1712265544330 8.0 2078
1712265554485 8.4 2079
1712265564640 8.2 2080
1712265574762 8.1 2081
1712265584891 8.0 2082
1712265595035 8.1 2083
1712265605198 8.5 2084
1712265615354 8.3 2085
1712265625481 8.1 2086
1712265635761 8.0 2087
1712265646005 6.8 2088
1712265656390 8.6 2089
1712265666546 4.5 2090
1712265676712 6.8 2091
1712265686854 4.0 2092
1712265697003 7.1 2093
1712265707161 5.9 2094
1712265717346 7.0 2095
1712265727480 4.4 2096
1712265737607 6.7 2097
1712265747766 6.9 2098
1712265757894 6.9 2099
1712265768073 6.7 2100
1712265778212 6.9 2101
1712265789017 6.8 2102
1712265799146 6.7 2103
1712265809271 7.2 2104
1712265819409 7.0 2105
1712265829529 7.0 2106
1712265839677 7.0 2107
1712265849823 7.3 2108
1712265859959 7.7 2109
1712265870094 7.2 2110
1712265880216 7.0 2111
1712265890338 6.9 2112
1712265900468 7.0 2113
1712265910594 7.1 2114
1712265920736 7.1 2115
1712265930872 7.1 2116
1712265941008 7.0 2117
1712265951239 7.2 2118
1712265961368 7.4 2119
1712265971506 6.9 2120
1712265981638 7.0 2121
1712265991776 7.1 2122
1712266001899 7.0 2123
1712266012020 7.0 2124
1712266022159 6.9 2125
1712266032301 7.1 2126
1712266042424 7.0 2127
1712266052580 9.2 2128
1712266062715 7.1 2129
1712266072853 7.0 2130
1712266082984 7.0 2131
1712266093118 7.0 2132
1712266103243 7.0 2133
1712266113480 7.2 2134
1712266123617 7.1 2135
1712266133747 7.1 2136
1712266143892 6.9 2137
1712266154056 7.0 2138
1712266164215 7.1 2139
1712266174351 7.1 2140
1712266184481 7.1 2141
1712266194605 6.9 2142
1712266204743 7.0 2143
1712266214868 7.0 2144
1712266225015 6.9 2145
1712266235143 7.1 2146
1712266245274 6.9 2147
1712266255406 8.0 2148
1712266265554 7.9 2149
1712266275695 7.2 2150
1712266285823 7.2 2151
1712266295964 7.0 2152
1712266306107 7.1 2153
1712266316236 6.9 2154
1712266326374 6.9 2155
1712266336515 7.4 2156
1712266346661 7.1 2157
1712266356799 6.9 2158
1712266366936 6.9 2159
1712266377079 7.0 2160
1712266387324 7.0 2161
1712266397449 7.1 2162
1712266407594 6.9 2163
1712266417746 7.0 2164
1712266427917 7.1 2165
1712266438040 6.9 2166
1712266448165 6.9 2167
1712266458315 7.0 2168
1712266468465 7.1 2169
1712266478595 7.0 2170
1712266488734 6.9 2171
1712266498861 7.0 2172
1712266508999 7.0 2173
1712266519137 7.1 2174
1712266529263 7.1 2175
1712266539401 7.0 2176
1712266549553 7.0 2177
1712266559686 7.5 2178
1712266569846 6.9 2179
1712266579990 7.0 2180
1712266590227 6.9 2181
1712266600374 7.0 2182
1712266610505 6.9 2183
1712266620626 7.4 2184
1712266630756 7.1 2185
1712266640931 7.1 2186
1712266651087 7.1 2187
1712266661224 6.9 2188
1712266671367 7.0 2189
1712266681499 7.0 2190
1712266691635 7.4 2191
1712266701775 7.0 2192
1712266711929 7.0 2193
1712266722084 7.0 2194
1712266732319 7.0 2195
1712266742448 7.0 2196
1712266752591 6.9 2197
1712266762733 6.9 2198
1712266772885 7.1 2199
1712266783035 6.9 2200
1712266793173 7.1 2201
1712266803303 7.3 2202
1712266813433 7.2 2203
1712266823575 6.9 2204
1712266833710 7.2 2205
1712266844022 7.0 2206
1712266854173 8.4 2207
1712266864311 7.2 2208
1712266874458 7.7 2209
1712266884604 7.1 2210
1712266894765 7.1 2211
1712266904928 7.0 2212
1712266915079 7.0 2213
1712266925274 7.0 2214
1712266935585 8.3 2215
1712266945764 4.3 2216
1712266955937 4.9 2217
1712266966093 6.4 2218
1712266976229 6.9 2219
1712266986353 7.7 2220
1712266996486 7.9 2221
1712267006616 7.9 2222
1712267016841 7.9 2223
1712267026972 8.0 2224
1712267037139 8.0 2225
1712267047277 8.0 2226
1712267057425 8.1 2227
1712267067564 7.9 2228
1712267077686 8.0 2229
1712267087845 7.9 2230
1712267097981 7.9 2231
1712267108105 7.9 2232
1712267118239 7.9 2233
1712267128425 6.2 2234
1712267138603 8.2 2235
1712267148749 6.7 2236
1712267158909 7.0 2237
1712267169068 6.6 2238
1712267179215 6.6 2239
1712267189366 6.8 2240
1712267199517 6.7 2241
1712267209687 7.0 2242
1712267219861 6.8 2243
1712267230018 7.0 2244
1712267240186 6.9 2245
1712267250339 7.0 2246
1712267260480 6.8 2247
1712267270643 6.7 2248
1712267280778 6.9 2249
1712267290909 6.8 2250
1712267301042 6.8 2251
1712267311191 7.0 2252
1712267321372 6.9 2253
1712267331517 7.0 2254
1712267341654 7.2 2255
1712267351794 6.9 2256
1712267361940 6.9 2257
1712267372068 6.9 2258
1712267383126 7.2 2259
1712267393265 6.6 2260
1712267403436 7.3 2261
1712267413597 6.9 2262
1712267423739 6.9 2263
1712267433882 6.9 2264
1712267444041 6.9 2265
1712267454174 7.7 2266
1712267464319 7.1 2267
1712267474461 7.1 2268
1712267484612 7.0 2269
1712267494773 6.9 2270
1712267504930 6.9 2271
1712267515060 7.0 2272
1712267525202 6.8 2273
1712267535367 6.9 2274
1712267545520 7.2 2275
1712267555657 6.9 2276
1712267565797 6.7 2277
1712267575957 6.8 2278
1712267586203 6.8 2279
1712267596411 6.9 2280
1712267606565 6.8 2281
1712267616714 7.0 2282
1712267626866 6.9 2283
1712267637009 6.9 2284
1712267647151 7.0 2285
1712267657303 6.9 2286
1712267667454 6.9 2287
1712267677659 7.0 2288
1712267687836 8.3 2289
1712267698000 9.8 2290
1712267708148 6.8 2291
1712267718291 7.0 2292
1712267728543 6.8 2293
1712267738756 6.9 2294
1712267748918 6.9 2295
1712267759068 7.5 2296
1712267769192 6.9 2297
1712267779329 6.9 2298
1712267789499 6.9 2299
1712267799644 6.9 2300
1712267809806 6.9 2301
1712267819959 7.0 2302
1712267830092 7.0 2303
1712267840357 7.0 2304
1712267850499 7.0 2305
1712267860631 9.7 2306
1712267870779 7.1 2307
1712267880935 6.8 2308
1712267891093 7.0 2309
1712267901222 7.2 2310
1712267911362 7.4 2311
1712267921492 7.0 2312
1712267931767 7.0 2313
1712267941932 7.7 2314
1712267952075 7.7 2315
1712267962234 7.3 2316
1712267972362 6.9 2317
1712267982485 7.1 2318
1712267992690 7.0 2319
1712268002961 6.9 2320
1712268013100 7.1 2321
1712268023250 7.0 2322
1712268033406 7.1 2323
1712268043557 6.9 2324
1712268053706 8.5 2325
1712268063839 7.2 2326
1712268074003 7.0 2327
1712268084145 6.9 2328
1712268094314 6.9 2329
1712268104459 6.9 2330
1712268114597 6.8 2331
1712268124747 6.9 2332
1712268134887 7.0 2333
1712268145034 7.1 2334
1712268155192 6.9 2335
1712268165354 7.1 2336
1712268175499 7.7 2337
1712268185628 7.2 2338
1712268195772 7.2 2339
1712268205898 7.0 2340
1712268216031 7.0 2341
1712268226162 6.8 2342
1712268236309 7.0 2343
1712268246462 7.0 2344
1712268256599 6.9 2345
1712268266744 6.9 2346
1712268276891 7.1 2347
1712268287037 6.9 2348
1712268297291 6.9 2349
1712268307423 6.9 2350
1712268317557 6.9 2351
1712268327698 7.0 2352
1712268337831 7.0 2353
1712268348017 7.0 2354
1712268358199 10.3 2355
1712268368361 3.1 2356
1712268378506 4.6 2357
1712268388648 4.5 2358
1712268398801 7.3 2359
1712268408938 7.6 2360
1712268419074 8.0 2361
1712268429215 8.1 2362
1712268439508 8.1 2363
1712268449646 8.5 2364
1712268459808 8.2 2365
1712268469965 8.0 2366
1712268480121 8.1 2367
1712268490264 8.2 2368
1712268500411 7.9 2369
1712268510551 8.3 2370
1712268520698 8.3 2371
1712268530872 8.1 2372
1712268541057 8.1 2373
1712268551238 6.3 2374
1712268561926 8.0 2375
1712268572120 4.4 2376
1712268582277 5.3 2377
1712268592425 7.1 2378
1712268602563 6.4 2379
1712268612704 6.5 2380
1712268622853 6.4 2381
1712268633000 6.6 2382
1712268643178 6.9 2383
1712268653328 7.8 2384
1712268663478 6.7 2385
1712268673753 6.9 2386
1712268683905 6.8 2387
1712268694076 7.1 2388
1712268704251 6.9 2389
1712268714407 6.9 2390
1712268724567 6.8 2391
1712268734711 6.8 2392
1712268744848 6.8 2393
1712268755032 6.9 2394
1712268765216 9.4 2395
1712268775391 11.7 2396
1712268785577 11.7 2397
1712268795873 12.0 2398
1712268806051 11.7 2399
1712268816238 11.8 2400
1712268826391 11.9 2401
1712268836550 9.1 2402
1712268846701 6.8 2403
1712268856850 6.9 2404
1712268867023 6.7 2405
1712268877169 6.9 2406
1712268887325 6.7 2407
1712268897472 6.9 2408
1712268907633 6.8 2409
1712268917897 6.9 2410
1712268928055 6.8 2411
1712268938218 6.9 2412
1712268948373 6.9 2413
1712268958529 7.4 2414
1712268968676 6.7 2415
1712268978841 6.9 2416
1712268988981 6.9 2417
1712268999121 7.1 2418
1712269009292 6.9 2419
1712269019450 7.1 2420
1712269029711 6.8 2421
1712269039865 6.9 2422
1712269050021 6.8 2423
1712269060164 7.0 2424
1712269070325 6.8 2425
1712269080468 6.7 2426
1712269090621 6.8 2427
1712269100762 6.8 2428
1712269110902 6.8 2429
1712269121057 6.8 2430
1712269131216 6.8 2431
1712269141372 6.9 2432
1712269151622 6.9 2433
1712269161785 7.0 2434
1712269171942 6.7 2435
1712269182091 7.0 2436
1712269192273 6.9 2437
1712269202454 7.0 2438
1712269212628 7.0 2439
1712269222816 6.8 2440
1712269232974 7.0 2441
1712269243124 6.9 2442
1712269253265 7.6 2443
1712269263428 6.9 2444
1712269273698 7.2 2445
1712269283860 6.9 2446
1712269294009 6.9 2447
1712269304192 7.1 2448
1712269314330 7.0 2449
1712269324487 6.9 2450
1712269334631 7.1 2451
1712269344787 7.0 2452
1712269354938 7.4 2453
1712269365116 7.2 2454
1712269375272 7.0 2455
1712269385416 6.9 2456
1712269395669 7.0 2457
1712269405834 6.9 2458
1712269416000 6.9 2459
1712269426146 7.0 2460
1712269436333 7.0 2461
1712269446493 7.1 2462
1712269456637 7.1 2463
1712269466793 7.0 2464
1712269476956 6.9 2465
1712269487128 7.0 2466
1712269497294 6.9 2467
1712269507444 7.1 2468
1712269517716 7.2 2469
1712269527873 6.8 2470
1712269538017 7.1 2471
1712269548173 7.0 2472
1712269558352 7.4 2473
1712269568519 6.9 2474
1712269578668 7.0 2475
1712269588814 7.0 2476
1712269598968 7.1 2477
1712269609154 6.8 2478
1712269619315 6.9 2479
1712269629571 7.0 2480
1712269639742 7.0 2481
1712269649896 6.9 2482
1712269660047 7.2 2483
1712269670204 7.1 2484
1712269680371 7.2 2485
1712269690539 7.0 2486
1712269700708 6.9 2487
1712269710856 6.9 2488
1712269721029 7.0 2489
1712269731358 7.1 2490
1712269741543 12.5 2491
1712269751730 8.4 2492
1712269761895 7.6 2493
1712269772075 7.2 2494
1712269782260 7.1 2495
1712269792430 8.0 2496
1712269802581 2.9 2497
1712269812750 4.5 2498
1712269823024 5.4 2499
1712269833196 7.1 2500
1712269843355 7.8 2501
1712269853510 8.4 2502
1712269863672 7.9 2503
1712269873838 8.0 2504
1712269884018 7.9 2505
1712269894163 7.9 2506
1712269904356 7.9 2507
1712269914506 7.9 2508
1712269924652 7.8 2509
1712269934815 7.9 2510
1712269944974 7.8 2511
1712269955128 7.8 2512
1712269966103 7.8 2513
1712269976296 8.6 2514
1712269986532 4.9 2515
1712269996833 6.7 2516
1712270007496 4.9 2517
1712270017672 6.2 2518
1712270027858 6.7 2519
1712270038033 6.5 2520
1712270048215 6.6 2521
1712270058370 6.7 2522
1712270068535 7.1 2523
1712270078683 7.2 2524
1712270088831 7.1 2525
1712270099093 7.1 2526
1712270109241 6.7 2527
1712270119393 6.7 2528
1712270129556 6.9 2529
1712270139718 6.9 2530
1712270149874 6.7 2531
1712270160033 7.3 2532
1712270170197 6.7 2533
1712270180363 6.8 2534
1712270190624 6.9 2535
1712270200778 7.0 2536
1712270210920 6.7 2537
1712270221063 6.8 2538
1712270231224 6.8 2539
1712270241377 6.8 2540
1712270251554 6.7 2541
1712270261729 7.0 2542
1712270271882 7.0 2543
1712270282039 6.8 2544
1712270292222 6.9 2545
1712270302379 8.0 2546
1712270312544 6.7 2547
1712270322694 6.7 2548
1712270332842 6.6 2549
1712270343017 6.9 2550
1712270353183 6.6 2551
1712270363344 6.9 2552
1712270373601 6.7 2553
1712270383758 6.8 2554
1712270393916 7.1 2555
1712270404070 6.7 2556
1712270414223 6.8 2557
1712270424417 6.5 2558
1712270434572 6.6 2559
1712270444739 6.8 2560
1712270455005 7.3 2561
1712270465153 6.9 2562
1712270475304 6.7 2563
1712270485462 6.7 2564
1712270495657 6.8 2565
1712270505816 6.7 2566
1712270515979 6.7 2567
1712270526132 6.6 2568
1712270536299 6.8 2569
1712270546578 6.7 2570
1712270556730 6.8 2571
1712270566917 6.7 2572
1712270577090 6.8 2573
1712270587245 6.9 2574
1712270597413 7.0 2575
1712270607579 6.7 2576
1712270617733 6.7 2577
1712270627906 6.9 2578
1712270638177 6.8 2579
1712270648342 8.7 2580
1712270658505 8.4 2581
1712270668657 6.9 2582
1712270678811 6.8 2583
1712270688976 7.0 2584
1712270699141 7.0 2585
1712270709344 6.8 2586
1712270719499 6.9 2587
1712270729760 7.1 2588
1712270739933 6.8 2589
1712270750093 7.2 2590
1712270760251 7.6 2591
1712270770408 7.0 2592
1712270780572 7.0 2593
1712270790736 6.9 2594
1712270800900 6.9 2595
1712270811093 7.3 2596
1712270821347 7.2 2597
1712270831542 7.0 2598
1712270841721 6.9 2599
1712270851892 7.0 2600
1712270862069 7.0 2601
1712270872251 6.9 2602
1712270882431 7.1 2603
1712270892604 6.9 2604
1712270902798 6.9 2605
1712270913022 6.9 2606
1712270923216 10.1 2607
1712270933312 8.2 2608
1712270943398 7.9 2609
1712270953591 7.2 2610
1712270963693 7.0 2611
1712270973811 9.4 2612
1712270983990 8.4 2613
1712270994081 7.2 2614
1712271004348 11.7 2615
1712271014565 11.3 2616
1712271024670 7.3 2617
1712271034788 8.2 2618
1712271044906 8.5 2619
1712271055036 7.3 2620
1712271065153 7.3 2621
1712271075331 6.9 2622
1712271085462 6.5 2623
1712271095746 7.0 2624
1712271105918 8.3 2625
1712271116126 6.8 2626
1712271126322 6.8 2627
1712271136493 6.8 2628
1712271146675 6.6 2629
1712271156789 6.9 2630
1712271166963 7.2 2631
1712271177259 7.0 2632
1712271187440 6.8 2633
1712271197642 6.8 2634
1712271207820 6.6 2635
1712271217948 7.2 2636
1712271228148 6.9 2637
1712271238361 2.7 2638
1712271248551 3.6 2639
1712271258730 6.7 2640
1712271269053 7.5 2641
1712271279187 8.0 2642
1712271289363 9.0 2643
1712271299538 9.1 2644
1712271309712 7.8 2645
1712271319898 8.1 2646
1712271330063 7.9 2647
1712271340165 7.7 2648
1712271350360 8.4 2649
1712271360641 8.6 2650
1712271370843 7.8 2651
1712271381035 7.9 2652
1712271391233 9.2 2653
1712271401361 7.8 2654
1712271411593 8.2 2655
1712271421948 6.2 2656
1712271432151 6.3 2657
1712271442354 4.8 2658
1712271452552 7.3 2659
1712271463274 6.4 2660
1712271473472 6.2 2661
1712271483650 6.3 2662
1712271493853 6.4 2663
1712271504026 6.3 2664
1712271514193 6.4 2665
1712271524292 6.6 2666
1712271534472 6.8 2667
1712271544805 6.3 2668
1712271554991 8.1 2669
1712271565175 6.3 2670
1712271575367 6.6 2671
1712271585473 6.5 2672
1712271595653 6.6 2673
1712271605829 6.5 2674
1712271616016 6.6 2675
1712271626212 6.6 2676
1712271636493 6.5 2677
1712271646613 6.6 2678
1712271656800 7.3 2679
1712271666984 6.5 2680
1712271677164 6.5 2681
1712271687371 6.5 2682
1712271697563 6.6 2683
1712271707658 6.7 2684
1712271717839 6.6 2685
1712271728124 6.5 2686
1712271738308 6.4 2687
1712271748487 6.4 2688
1712271758608 6.4 2689
1712271768793 7.0 2690
1712271779016 6.4 2691
1712271789212 7.2 2692
1712271799413 7.2 2693
1712271809608 6.7 2694
1712271819916 6.7 2695
1712271830097 7.1 2696
1712271840283 6.8 2697
1712271850469 6.9 2698
1712271860652 6.9 2699
1712271870828 7.0 2700
1712271881020 6.6 2701
1712271891198 6.6 2702
1712271901395 6.5 2703
1712271911714 6.3 2704
1712271921892 6.5 2705
1712271932076 6.4 2706
1712271942244 6.5 2707
1712271952433 7.3 2708
1712271962629 6.6 2709
1712271972833 6.7 2710
1712271983017 6.6 2711
1712271993206 6.5 2712
1712272003388 6.5 2713
1712272013571 6.8 2714
1712272023778 6.8 2715
1712272033968 6.7 2716
1712272044151 6.4 2717
1712272054348 6.5 2718
1712272064536 6.5 2719
1712272074728 6.9 2720
1712272084904 6.7 2721
1712272095219 6.7 2722
1712272105401 7.2 2723
1712272115620 6.6 2724
1712272125809 6.6 2725
1712272135988 6.8 2726
1712272146161 6.5 2727
1712272156368 6.6 2728
1712272166534 6.7 2729
1712272176718 6.6 2730
1712272186997 6.8 2731
1712272197201 6.8 2732
1712272207406 6.5 2733
1712272217612 6.5 2734
1712272227787 6.4 2735
1712272237927 6.6 2736
1712272248123 9.7 2737
1712272258276 9.2 2738
1712272268404 7.7 2739
1712272278754 7.6 2740
1712272288885 6.7 2741
1712272298995 6.9 2742
1712272309178 7.4 2743
1712272319297 6.9 2744
1712272329398 7.0 2745
1712272339518 7.0 2746
1712272349718 6.9 2747
1712272359960 6.8 2748
1712272370087 7.2 2749
1712272380269 7.3 2750
1712272390371 7.0 2751
1712272400466 6.9 2752
1712272410673 7.0 2753
1712272420793 6.9 2754
1712272430895 7.0 2755
1712272441098 7.3 2756
1712272451368 6.7 2757
1712272461480 7.1 2758
1712272471678 7.0 2759
1712272481784 7.7 2760
1712272491898 7.1 2761
1712272502090 7.0 2762
1712272512243 6.5 2763
1712272522337 8.2 2764
1712272532518 7.0 2765
1712272542740 6.4 2766
1712272552941 7.6 2767
1712272563123 9.9 2768
1712272573324 6.9 2769
1712272583522 6.7 2770
1712272593722 7.0 2771
1712272603847 6.6 2772
1712272614052 7.0 2773
1712272624259 6.6 2774
1712272634560 6.7 2775
1712272644734 6.8 2776
1712272654956 6.4 2777
1712272665061 7.9 2778
1712272675324 2.4 2779
1712272685512 4.6 2780
1712272695693 4.5 2781
1712272705875 7.2 2782
1712272716059 7.4 2783
1712272726291 8.0 2784
1712272736477 8.2 2785
1712272746665 7.9 2786
1712272756853 7.9 2787
1712272767040 8.0 2788
1712272777218 7.8 2789
1712272787344 7.9 2790
1712272797536 8.2 2791
1712272807722 8.0 2792
1712272817994 8.0 2793
1712272828171 7.8 2794
1712272838279 7.9 2795
1712272848489 8.0 2796
1712272858737 6.4 2797
1712272868960 5.6 2798
1712272879208 5.2 2799
1712272889436 7.1 2800
1712272899545 3.4 2801
1712272910238 5.8 2802
1712272921030 7.3 2803
1712272931266 6.4 2804
1712272941485 4.9 2805
1712272951674 5.9 2806
1712272961792 7.7 2807
1712272971981 7.2 2808
1712272982173 7.0 2809
1712272992365 6.9 2810
1712273002677 7.1 2811
1712273012889 7.0 2812
1712273023014 6.9 2813
1712273033219 7.5 2814
1712273043403 7.0 2815
1712273053597 7.1 2816
1712273063782 7.0 2817
1712273073966 7.1 2818
1712273084074 6.9 2819
1712273094382 7.5 2820
1712273104605 6.9 2821
1712273114797 6.9 2822
1712273124984 6.9 2823
1712273135182 7.0 2824
1712273145297 7.2 2825
1712273155501 8.4 2826
1712273165685 7.5 2827
1712273175863 7.2 2828
1712273186192 7.2 2829
1712273196394 7.4 2830
1712273206483 7.3 2831
1712273216673 7.8 2832
1712273226857 7.1 2833
1712273237032 7.0 2834
1712273247239 7.0 2835
1712273257402 6.9 2836
1712273267520 7.1 2837
1712273277718 7.1 2838
1712273288058 7.1 2839
1712273298241 7.0 2840
1712273308422 6.9 2841
1712273318524 7.0 2842
1712273328692 7.2 2843
1712273338903 6.9 2844
1712273349090 7.0 2845
1712273359372 6.9 2846
1712273369555 6.9 2847
1712273379674 6.8 2848
1712273389863 7.2 2849
1712273400069 7.5 2850
1712273410260 7.1 2851
1712273420448 7.7 2852
1712273430633 8.0 2853
1712273440750 6.9 2854
1712273450938 7.3 2855
1712273461235 7.5 2856
1712273471432 7.5 2857
1712273481624 7.2 2858
1712273491814 7.1 2859
1712273501955 7.1 2860
1712273512155 7.2 2861
1712273522344 6.9 2862
1712273532536 7.0 2863
1712273542734 6.8 2864
1712273553053 6.8 2865
1712273563145 7.0 2866
1712273573322 7.5 2867
1712273583504 7.0 2868
1712273593697 7.0 2869
1712273603933 6.9 2870
1712273614243 6.9 2871
1712273624336 6.9 2872
1712273634518 7.4 2873
1712273644698 7.0 2874
1712273654889 7.0 2875
1712273665080 7.6 2876
1712273675386 7.1 2877
1712273685502 7.0 2878
1712273695718 7.6 2879
1712273705912 7.1 2880
1712273716120 7.2 2881
1712273726311 7.8 2882
1712273736515 7.1 2883
1712273746628 7.0 2884
1712273756828 8.4 2885
1712273767011 7.1 2886
1712273777208 7.1 2887
1712273787520 7.0 2888
1712273797725 6.9 2889
1712273807913 7.2 2890
1712273818124 7.7 2891
1712273828293 7.3 2892
1712273838472 7.0 2893
1712273848661 6.9 2894
1712273858780 6.9 2895
1712273869102 7.3 2896
1712273879330 7.1 2897
1712273889521 7.4 2898
1712273899706 7.0 2899
1712273909891 7.2 2900
1712273919999 7.0 2901
1712273930202 7.1 2902
1712273940512 7.1 2903
1712273950720 7.1 2904
1712273960825 7.1 2905
1712273970987 10.3 2906
1712273981124 12.1 2907
1712273991248 7.7 2908
1712274001834 9.1 2909
1712274011939 6.9 2910
1712274022039 7.6 2911
1712274032218 7.7 2912
1712274042314 7.1 2913
1712274052441 8.1 2914
1712274062600 7.8 2915
1712274072793 6.9 2916
1712274082950 6.8 2917
1712274093109 6.9 2918
1712274103333 6.8 2919
1712274113521 7.9 2920
1712274123694 6.8 2921
1712274133847 6.0 2922
1712274144046 4.6 2923
1712274154196 7.2 2924
1712274164285 7.2 2925
1712274174441 7.4 2926
1712274184590 7.3 2927
1712274194882 7.3 2928
1712274205064 7.2 2929
1712274215226 8.5 2930
1712274225328 7.2 2931
1712274235514 7.5 2932
1712274245670 7.6 2933
1712274255834 7.5 2934
1712274266142 7.6 2935
1712274276297 7.2 2936
1712274286404 7.2 2937
1712274296571 7.5 2938
1712274306738 7.2 2939
1712274317023 7.2 2940
1712274327215 8.6 2941
1712274337378 7.2 2942
1712274347481 7.3 2943
1712274357637 8.1 2944
1712274367789 7.3 2945
1712274377953 7.4 2946
1712274388113 7.1 2947
1712274398204 8.3 2948
1712274408370 7.5 2949
1712274418548 7.3 2950
1712274430801 7.2 2951
1712274440978 7.3 2952
1712274451177 6.2 2953
1712274461267 6.3 2954
1712274471484 5.1 2955
1712274481660 7.5 2956
1712274491818 7.3 2957
1712274501985 6.8 2958
1712274512153 6.7 2959
1712274522889 6.8 2960
1712274533056 7.7 2961
1712274543226 7.5 2962
1712274553411 6.2 2963
1712274563588 6.2 2964
1712274573741 6.3 2965
1712274583980 6.4 2966
1712274594136 7.4 2967
1712274604302 6.7 2968
1712274614492 7.1 2969
1712274624655 8.4 2970
1712274634815 6.6 2971
1712274645021 6.8 2972
1712274655187 7.7 2973
1712274665357 7.1 2974
1712274675522 7.2 2975
1712274685714 7.1 2976
1712274695889 7.4 2977
1712274705988 6.6 2978
1712274716175 7.7 2979
1712274726345 7.2 2980
1712274736526 7.0 2981
1712274746691 7.3 2982
1712274756978 6.9 2983
1712274767075 6.9 2984
1712274777257 7.7 2985
1712274787439 7.7 2986
1712274797609 7.8 2987
1712274807789 7.0 2988
1712274817892 7.3 2989
1712274828081 7.1 2990
1712274838381 7.0 2991
1712274848549 6.6 2992
1712274858718 7.0 2993
1712274868879 6.9 2994
1712274878982 7.0 2995
1712274889169 7.5 2996
1712274899334 12.1 2997
1712274909622 7.8 2998
1712274919799 7.0 2999
1712274929995 6.8 3000
1712274940093 7.1 3001
1712274950295 7.2 3002
1712274960467 9.1 3003
1712274970800 7.1 3004
1712274981004 7.0 3005
1712274991178 8.1 3006
1712275001278 7.0 3007
1712275011443 7.8 3008
1712275021605 8.2 3009
1712275031772 7.6 3010
1712275041941 7.0 3011
1712275052111 6.9 3012
1712275062201 7.0 3013
1712275072511 7.1 3014
1712275082692 7.1 3015
1712275092853 6.9 3016
1712275103033 6.9 3017
1712275113214 7.0 3018
1712275123311 7.0 3019
1712275133509 7.3 3020
1712275143682 8.3 3021
1712275153860 7.1 3022
1712275164156 8.5 3023
1712275174358 8.2 3024
1712275184457 7.3 3025
1712275194632 8.6 3026
1712275204803 6.9 3027
1712275214959 6.7 3028
1712275225244 6.6 3029
1712275235406 8.5 3030
1712275245529 6.9 3031
1712275255699 7.6 3032
1712275265894 7.1 3033
1712275276062 7.1 3034
1712275286345 7.1 3035
1712275296511 7.1 3036
1712275306609 7.0 3037
1712275316782 7.2 3038
1712275326958 7.0 3039
1712275337141 7.2 3040
1712275347313 9.1 3041
1712275357484 7.1 3042
1712275367590 7.1 3043
1712275377748 7.3 3044
1712275387923 7.1 3045
1712275398227 7.3 3046
1712275408424 7.4 3047
1712275418527 7.1 3048
1712275428702 7.5 3049
1712275438859 7.6 3050
1712275449036 8.0 3051
1712275459214 7.8 3052
1712275469396 7.3 3053
1712275479604 7.2 3054
1712275489780 7.4 3055
1712275500011 7.6 3056
1712275510184 8.7 3057
1712275520350 7.8 3058
1712275530511 7.2 3059
1712275540601 7.0 3060
1712275550897 7.3 3061
1712275561067 7.6 3062
1712275571235 6.9 3063
1712275581397 6.9 3064
1712275591571 6.9 3065
1712275601669 7.2 3066
1712275611842 7.2 3067
1712275622135 7.1 3068
1712275632328 7.0 3069
1712275642499 9.9 3070
1712275652668 4.9 3071
1712275662773 3.8 3072
1712275672937 4.9 3073
1712275683294 7.1 3074
1712275693474 7.6 3075
1712275703634 7.2 3076
1712275713799 7.3 3077
1712275723901 7.4 3078
1712275734064 7.6 3079
1712275744334 7.5 3080
1712275754508 7.6 3081
1712275764672 7.5 3082
1712275774832 7.4 3083
1712275784932 7.2 3084
1712275795095 7.5 3085
1712275805254 7.4 3086
1712275815522 7.2 3087
1712275825697 7.4 3088
1712275835861 7.3 3089
1712275845954 7.3 3090
1712275856127 8.2 3091
1712275866293 7.5 3092
1712275876573 7.4 3093
1712275886741 7.4 3094
1712275896897 7.3 3095
1712275906996 7.3 3096
1712275917160 7.6 3097
1712275927333 7.4 3098
1712275937606 7.3 3099
1712275947760 7.7 3100
1712275957885 7.4 3101
1712275968207 7.5 3102
1712275978399 5.7 3103
1712275988607 5.5 3104
1712275999312 5.5 3105
1712276009505 5.4 3106
1712276019608 7.8 3107
1712276029819 6.9 3108
1712276040419 6.9 3109
1712276050608 8.2 3110
1712276060778 7.0 3111
1712276071068 6.5 3112
1712276081165 6.6 3113
1712276091348 7.3 3114
1712276101519 8.1 3115
1712276111686 7.9 3116
1712276121865 6.6 3117
1712276132035 8.6 3118
1712276142258 6.6 3119
1712276152426 7.5 3120
1712276162606 6.9 3121
1712276172771 7.2 3122
1712276182947 7.7 3123
1712276193108 6.8 3124
1712276203211 6.7 3125
1712276213393 7.0 3126
1712276223659 7.1 3127
1712276233846 6.8 3128
1712276244018 6.7 3129
1712276254195 6.7 3130
1712276264295 6.9 3131
1712276274484 7.6 3132
1712276284676 7.0 3133
1712276294978 6.7 3134
1712276305169 6.9 3135
1712276315333 8.0 3136
1712276325429 6.7 3137
1712276335600 6.9 3138
1712276345770 7.1 3139
1712276355976 6.9 3140
1712276366279 7.4 3141
1712276376446 7.1 3142
1712276386542 6.9 3143
1712276396713 7.7 3144
1712276406873 9.5 3145
1712276417074 7.1 3146
1712276427269 6.9 3147
1712276437565 7.0 3148
1712276447696 7.1 3149
1712276457866 7.9 3150
1712276468044 7.2 3151
1712276478237 7.1 3152
1712276488414 6.9 3153
1712276498526 7.2 3154
1712276508835 7.4 3155
1712276519017 7.3 3156
1712276529194 7.2 3157
1712276539402 7.0 3158
1712276549602 7.1 3159
1712276559705 7.5 3160
1712276569890 7.7 3161
1712276580176 7.3 3162
1712276590346 8.1 3163
1712276600502 7.1 3164
1712276610664 7.0 3165
1712276620761 7.0 3166
1712276630950 7.3 3167
1712276641125 7.1 3168
1712276651289 7.3 3169
1712276661598 7.4 3170
1712276671766 7.3 3171
1712276681871 6.9 3172
1712276692051 7.3 3173
1712276702237 7.2 3174
1712276712411 7.5 3175
1712276722711 7.1 3176
1712276732909 7.1 3177
1712276743007 7.0 3178
1712276753184 11.4 3179
1712276763370 7.3 3180
1712276773528 7.5 3181
1712276783697 6.9 3182
1712276793883 7.0 3183
1712276803974 7.0 3184
1712276814267 7.3 3185
1712276824451 7.4 3186
1712276834632 7.1 3187
1712276844835 7.2 3188
1712276854995 7.2 3189
1712276865096 7.0 3190
1712276875401 9.0 3191
1712276885603 7.8 3192
1712276895776 7.5 3193
1712276905964 7.7 3194
1712276916177 7.8 3195
1712276926289 7.6 3196
1712276936585 8.2 3197
1712276946777 7.4 3198
1712276956951 7.2 3199
1712276967121 7.7 3200
1712276977320 7.0 3201
1712276987431 7.3 3202
1712276997744 7.4 3203
1712277007935 8.2 3204
1712277018156 7.4 3205
1712277028370 7.1 3206
1712277038493 12.2 3207
1712277048656 14.6 3208
1712277058967 12.4 3209
1712277069141 8.6 3210
1712277079347 7.6 3211
1712277089513 7.7 3212
1712277099617 8.8 3213
1712277109903 7.5 3214
1712277120089 7.1 3215
1712277130277 7.7 3216
1712277140447 7.6 3217
1712277150627 8.0 3218
1712277160752 7.3 3219
1712277171105 7.8 3220
1712277181299 4.4 3221
1712277191484 4.4 3222
1712277201661 4.9 3223
1712277211845 6.8 3224
1712277221947 6.9 3225
1712277232208 7.3 3226
1712277242382 7.4 3227
1712277252559 7.3 3228
1712277262731 7.4 3229
1712277272920 7.4 3230
1712277283011 7.4 3231
1712277293292 7.7 3232
1712277303460 7.7 3233
1712277313645 8.0 3234
1712277323818 7.5 3235
1712277334012 7.2 3236
1712277344198 7.1 3237
1712277354367 7.9 3238
1712277364530 7.1 3239
1712277374699 7.5 3240
1712277384878 7.9 3241
1712277395043 7.4 3242
1712277405235 7.2 3243
1712277415412 7.5 3244
1712277425571 7.3 3245
1712277435744 7.3 3246
1712277445919 7.5 3247
1712277456090 7.3 3248
1712277466294 7.2 3249
1712277476485 7.6 3250
1712277486668 7.5 3251
1712277497043 6.7 3252
1712277507249 6.4 3253
1712277517505 4.9 3254
1712277528566 4.2 3255
1712277538812 5.1 3256
1712277548993 7.2 3257
1712277559184 6.5 3258
1712277569362 6.3 3259
1712277579467 6.4 3260
1712277589744 6.8 3261
1712277599924 6.9 3262
1712277610101 6.7 3263
1712277620277 7.5 3264
1712277630444 7.3 3265
1712277640548 7.3 3266
1712277650834 7.4 3267
1712277661004 9.4 3268
1712277671181 7.3 3269
1712277681367 7.0 3270
1712277691546 6.9 3271
1712277701652 6.9 3272
1712277711821 7.3 3273
1712277721988 6.8 3274
1712277732180 7.1 3275
1712277742381 7.8 3276
1712277752552 7.3 3277
1712277762761 6.9 3278
1712277772950 7.2 3279
1712277783130 9.5 3280
1712277793304 7.3 3281
1712277803509 7.1 3282
1712277813696 6.9 3283
1712277823924 7.0 3284
1712277834100 7.5 3285
1712277844261 7.3 3286
1712277854443 7.5 3287
1712277864639 7.5 3288
1712277874824 7.5 3289
1712277885051 7.3 3290
1712277895231 7.5 3291
1712277905417 7.1 3292
1712277915594 7.5 3293
1712277925770 7.2 3294
1712277935941 7.0 3295
1712277946156 7.2 3296
1712277956322 9.1 3297
1712277966492 12.4 3298
1712277976684 7.8 3299
1712277986858 7.3 3300
1712277997141 7.1 3301
1712278007247 7.1 3302
1712278017422 7.4 3303
1712278027621 7.0 3304
1712278037790 7.2 3305
1712278047974 6.9 3306
1712278058189 7.4 3307
1712278068407 7.5 3308
1712278078607 7.2 3309
1712278088789 7.3 3310
1712278098965 7.1 3311
1712278109147 7.1 3312
1712278119360 7.6 3313
1712278129540 7.6 3314
1712278139721 7.1 3315
1712278149898 8.2 3316
1712278160064 7.3 3317
1712278170230 7.0 3318
1712278180458 7.0 3319
1712278190651 7.1 3320
1712278200842 7.2 3321
1712278211024 8.1 3322
1712278221198 7.1 3323
1712278231380 7.3 3324
1712278241610 7.1 3325
1712278251796 8.0 3326
1712278261983 7.9 3327
1712278272175 7.5 3328
1712278282362 7.2 3329
1712278292659 7.5 3330
1712278302774 7.3 3331
1712278312961 7.9 3332
1712278323136 7.4 3333
1712278333333 8.3 3334
1712278343518 7.4 3335
1712278353819 7.3 3336
1712278363922 7.1 3337
1712278374113 7.6 3338
1712278384281 7.3 3339
1712278394466 7.7 3340
1712278404659 7.4 3341
1712278414948 7.8 3342
1712278425068 8.0 3343
1712278435273 7.4 3344
1712278445471 7.0 3345
1712278455676 7.8 3346
1712278465871 7.8 3347
1712278476177 8.1 3348
1712278486327 7.3 3349
1712278496532 10.3 3350
1712278506710 9.0 3351
1712278516916 7.2 3352
1712278527090 7.9 3353
1712278537417 7.1 3354
1712278547541 7.8 3355
1712278557743 10.2 3356
1712278567915 7.1 3357
1712278578081 7.9 3358
1712278588381 7.9 3359
1712278598515 7.3 3360
1712278608722 7.1 3361
1712278618956 7.3 3362
1712278629137 7.8 3363
1712278639330 8.1 3364
1712278649625 7.5 3365
1712278659741 7.1 3366
1712278669926 7.4 3367
1712278680125 7.5 3368
1712278690317 7.5 3369
1712278700522 7.9 3370
1712278710814 6.5 3371
1712278720923 2.9 3372
1712278731115 3.7 3373
1712278741295 6.9 3374
1712278751494 7.0 3375
1712278761662 6.9 3376
1712278771986 7.5 3377
1712278782092 7.6 3378
1712278792265 7.7 3379
1712278802446 7.3 3380
1712278812620 9.1 3381
1712278822798 7.3 3382
1712278833099 7.3 3383
1712278843205 7.2 3384
1712278853386 8.3 3385
1712278863557 7.3 3386
1712278873722 9.8 3387
1712278883886 7.1 3388
1712278894051 7.3 3389
1712278904157 7.4 3390
1712278914321 7.7 3391
1712278924503 7.6 3392
1712278934674 7.6 3393
1712278944962 7.3 3394
1712278955131 7.3 3395
1712278965228 7.3 3396
1712278975400 7.6 3397
1712278985568 7.2 3398
1712278995743 7.4 3399
1712279006041 7.3 3400
1712279016215 7.4 3401
1712279026320 7.0 3402
