1712244508274 125078.4 0
1712244518360 125078.3 1
1712244528436 117951.5 2
1712244538533 112455.5 3
1712244548607 108111.1 4
1712244558673 107034.9 5
1712244568785 107034.9 6
1712244578817 107034.9 7
1712244588855 107034.9 8
1712244598921 107034.9 9
1712244608999 107034.9 10
1712244619073 107034.9 11
1712244629137 107034.9 12
1712244639226 107034.9 13
1712244649309 107034.9 14
1712244659384 107034.9 15
1712244669488 107034.9 16
1712244679585 107034.9 17
1712244689655 107034.9 18
1712244699757 107034.9 19
1712244709834 107034.9 20
1712244719901 107034.9 21
1712244729967 107034.9 22
1712244740044 107034.9 23
1712244750113 107034.9 24
1712244760184 107034.9 25
1712244770256 107034.9 26
1712244780326 107034.9 27
1712244790404 107034.9 28
1712244800472 107034.8 29
1712244810566 107034.8 30
1712244820665 107034.8 31
1712244830731 107034.8 32
1712244840793 107034.8 33
1712244850897 107034.8 34
1712244860982 107034.8 35
1712244871051 107034.8 36
1712244881129 107034.8 37
1712244891192 107034.8 38
1712244901264 107034.8 39
1712244911355 107034.8 40
1712244921387 107034.8 41
1712244931459 107034.8 42
1712244941492 107034.8 43
1712244951578 107034.8 44
1712244961610 107034.8 45
1712244971651 107034.8 46
1712244981753 107034.8 47
1712244991792 107034.8 48
1712245001824 107034.8 49
1712245011877 107034.8 50
1712245021907 107034.8 51
1712245031940 107034.8 52
1712245041966 107034.8 53
1712245051992 107034.8 54
1712245062024 107034.8 55
1712245072064 107034.8 56
1712245082141 107034.8 57
1712245092210 107034.3 58
1712245102277 107034.3 59
1712245112355 107034.3 60
1712245122383 107034.3 61
1712245132456 107034.3 62
1712245142551 107034.3 63
1712245152621 107034.3 64
1712245162698 107034.3 65
1712245172787 107034.3 66
1712245182815 107034.3 67
1712245192895 107034.3 68
1712245202978 107034.3 69
1712245213077 107034.3 70
1712245223156 107034.3 71
1712245233240 107034.3 72
1712245243269 107034.3 73
1712245253350 107034.3 74
1712245263440 107034.3 75
1712245273520 107034.3 76
1712245283596 107034.3 77
1712245293688 107034.3 78
1712245303721 107034.3 79
1712245313788 107034.3 80
1712245323880 107034.3 81
1712245333954 107034.3 82
1712245344026 107034.3 83
1712245354100 107034.3 84
1712245364129 107034.3 85
1712245374226 107034.3 86
1712245384330 107034.3 87
1712245394416 107034.3 88
1712245404530 107034.3 89
1712245414632 107034.3 90
1712245424666 107034.3 91
1712245434760 107034.3 92
1712245444827 107034.3 93
1712245454915 107034.3 94
1712245465002 107034.3 95
1712245475074 107034.3 96
1712245485109 107034.3 97
1712245495210 107034.3 98
1712245505295 107034.3 99
1712245515386 107034.3 100
1712245525474 107034.3 101
1712245535556 107034.3 102
1712245545593 107034.3 103
1712245555703 107034.3 104
1712245565806 107034.3 105
1712245575905 107034.3 106
1712245586007 107034.3 107
1712245596109 107034.3 108
1712245606149 107034.3 109
1712245616241 107034.3 110
1712245626332 107034.3 111
1712245636417 107034.3 112
1712245646528 107034.3 113
1712245656609 107034.3 114
1712245666639 107034.3 115
1712245676721 107034.3 116
1712245686826 107034.3 117
1712245696927 107034.3 118
1712245707002 107034.3 119
1712245717090 107034.3 120
1712245727118 107034.3 121
1712245737194 107034.3 122
1712245747295 118768.2 123
1712245757388 117096.4 124
1712245767488 111669.6 125
1712245777583 111669.6 126
1712245787612 111669.6 127
1712245797638 111669.6 128
1712245807723 111669.6 129
1712245817759 111669.6 130
1712245827798 111669.6 131
1712245837829 111669.6 132
1712245847864 111669.6 133
1712245857939 111669.6 134
1712245868037 111669.6 135
1712245878122 111669.6 136
1712245888227 111669.6 137
1712245898255 111669.6 138
1712245908344 111669.6 139
1712245920215 111669.6 140
1712245930303 117851.0 141
1712245940473 111866.0 142
1712245950583 107510.0 143
1712245960622 106256.3 144
1712245970711 104603.8 145
1712245980797 104603.8 146
1712245990903 104603.8 147
1712246000985 104603.8 148
1712246011084 104603.8 149
1712246021119 104603.8 150
1712246031209 104603.8 151
1712246041306 104603.8 152
1712246051393 104603.8 153
1712246061470 104603.8 154
1712246071567 104603.8 155
1712246081600 104603.8 156
1712246091697 104603.8 157
1712246101778 104603.8 158
1712246111873 104603.8 159
1712246121962 104603.8 160
1712246132060 104603.2 161
1712246142097 104603.2 162
1712246152209 104603.2 163
1712246162287 104603.2 164
1712246172368 104603.2 165
1712246182461 104603.2 166
1712246192577 104603.2 167
1712246202613 104603.2 168
1712246212712 104603.2 169
1712246222791 104603.2 170
1712246232879 104603.2 171
1712246242965 104603.2 172
1712246253059 104603.2 173
1712246263090 104603.2 174
1712246273175 104603.2 175
1712246283251 104603.2 176
1712246293355 104603.2 177
1712246303462 104603.2 178
1712246313541 104603.2 179
1712246323571 104603.2 180
1712246333663 104603.2 181
1712246343753 104603.2 182
1712246353867 104603.2 183
1712246363960 104603.2 184
1712246374047 104603.2 185
1712246384077 104603.2 186
1712246394183 104603.2 187
1712246404266 104603.2 188
1712246414354 104603.2 189
1712246424446 104603.2 190
1712246434540 104603.2 191
1712246444581 104603.2 192
1712246454679 104603.2 193
1712246464775 104603.2 194
1712246474880 104603.2 195
1712246484985 104603.2 196
1712246495100 104603.2 197
1712246505144 104603.2 198
1712246515242 104603.2 199
1712246525328 104603.2 200
1712246535423 104603.2 201
1712246545504 104603.2 202
1712246555619 104603.2 203
1712246565650 104603.2 204
1712246575760 104603.2 205
1712246585851 104603.2 206
1712246595956 104603.2 207
1712246606049 104603.2 208
1712246616156 104603.2 209
1712246626195 104603.2 210
1712246636283 104603.2 211
1712246646363 104603.2 212
1712246656449 104603.2 213
1712246666555 104603.2 214
1712246676655 104603.2 215
1712246686692 104603.2 216
1712246696799 104603.2 217
1712246706883 104603.2 218
1712246716968 104603.2 219
1712246727009 104603.2 220
1712246737119 104603.2 221
1712246747211 104603.2 222
1712246757298 104603.2 223
1712246767383 104603.2 224
1712246777468 104603.2 225
1712246787552 104603.2 226
1712246797630 104603.2 227
1712246807716 104603.2 228
1712246817815 104603.2 229
1712246827892 104603.2 230
1712246837984 104603.2 231
1712246848066 104603.2 232
1712246858159 104603.2 233
1712246868253 104603.2 234
1712246878346 104603.2 235
1712246888423 104603.2 236
1712246898509 104603.2 237
1712246908590 104603.2 238
1712246918678 104603.2 239
1712246928766 104603.2 240
1712246938858 104603.2 241
1712246948954 104603.2 242
1712246959033 104603.2 243
1712246969127 104603.2 244
1712246979215 104603.2 245
1712246989325 104603.2 246
1712246999403 104603.2 247
1712247009485 104603.2 248
1712247019585 104603.2 249
1712247029677 104603.2 250
1712247039792 104603.2 251
1712247049878 104603.2 252
1712247059975 104603.2 253
1712247070057 104603.2 254
1712247080157 104603.2 255
1712247090249 104603.2 256
1712247100340 104603.2 257
1712247110420 104603.2 258
1712247120509 104603.2 259
1712247130600 104603.2 260
1712247140699 104603.2 261
1712247150785 116948.8 262
1712247160872 116948.8 263
1712247170975 112014.2 264
1712247181089 110935.1 265
1712247191197 110935.1 266
1712247201314 110935.1 267
1712247211394 110935.1 268
1712247221487 110935.1 269
1712247231569 110935.1 270
1712247241648 110935.1 271
1712247251755 110935.1 272
1712247261849 110935.1 273
1712247271932 110935.1 274
1712247282015 110935.1 275
1712247292107 110935.1 276
1712247302202 110935.1 277
1712247312304 110935.1 278
1712247322428 110935.1 279
1712247332535 110935.1 280
1712247342695 111826.2 281
1712247352805 107455.2 282
1712247362904 106111.5 283
1712247373014 104543.6 284
1712247383112 104543.6 285
1712247393231 104543.6 286
1712247403324 104543.6 287
1712247413432 104543.6 288
1712247423530 104543.6 289
1712247433620 104543.6 290
1712247443702 104543.6 291
1712247453785 104543.6 292
1712247463876 104543.6 293
1712247473965 104543.6 294
1712247484061 104543.6 295
1712247494154 104543.6 296
1712247504232 104543.6 297
1712247514326 104543.6 298
1712247524411 104543.5 299
1712247534499 104543.5 300
1712247544584 104543.5 301
1712247554697 104543.5 302
1712247564804 104543.5 303
1712247574913 104543.5 304
1712247585001 104543.5 305
1712247595089 104543.5 306
1712247605183 104543.5 307
1712247615266 104543.5 308
1712247625353 104543.5 309
1712247635461 104543.5 310
1712247645569 104543.5 311
1712247655659 104543.5 312
1712247665746 104543.5 313
1712247675828 104543.5 314
1712247685910 104543.5 315
1712247696009 104543.5 316
1712247706107 104543.5 317
1712247716207 104543.5 318
1712247726310 104543.5 319
1712247736408 104543.5 320
1712247746493 104543.5 321
1712247756591 104543.5 322
1712247766682 104543.5 323
1712247776781 104543.5 324
1712247786883 104543.5 325
1712247796977 104543.5 326
1712247807062 104543.5 327
1712247817147 104543.5 328
1712247827241 104543.5 329
1712247837340 104543.5 330
1712247847428 104543.5 331
1712247857522 104543.5 332
1712247867634 104543.5 333
1712247877835 104543.5 334
1712247887938 104543.5 335
1712247898031 104543.5 336
1712247908122 104543.5 337
1712247918227 104543.5 338
1712247928331 104543.5 339
1712247938432 104543.5 340
1712247948569 104543.5 341
1712247958678 104543.5 342
1712247968787 104543.5 343
1712247978888 104543.5 344
1712247988978 104543.5 345
1712247999080 104543.5 346
1712248009197 104543.5 347
1712248019296 104543.5 348
1712248029400 104543.5 349
1712248039484 104543.5 350
1712248049569 104543.5 351
1712248059656 104543.5 352
1712248069744 104543.5 353
1712248079848 104543.5 354
1712248089943 104543.5 355
1712248100042 104543.5 356
1712248110170 104543.5 357
1712248120261 104543.5 358
1712248130358 104543.5 359
1712248140477 104543.5 360
1712248150587 104543.5 361
1712248160688 104543.5 362
1712248170792 104543.5 363
1712248180870 104543.5 364
1712248190966 104543.5 365
1712248201084 104543.5 366
1712248211176 104542.9 367
1712248221282 104542.9 368
1712248231374 104542.9 369
1712248241463 104542.9 370
1712248251546 104542.9 371
1712248261639 104542.9 372
1712248271742 104542.9 373
1712248281837 104542.9 374
1712248291931 104542.9 375
1712248302023 104542.9 376
1712248312110 104542.9 377
1712248322229 104542.9 378
1712248332326 104542.9 379
1712248342418 104542.9 380
1712248352509 104542.9 381
1712248362606 104542.9 382
1712248372699 104542.9 383
1712248382791 104542.9 384
1712248392877 104542.9 385
1712248402968 104542.9 386
1712248413058 104542.9 387
1712248423178 104542.9 388
1712248433273 104542.9 389
1712248443367 104542.9 390
1712248453463 104542.9 391
1712248463550 104542.9 392
1712248473659 104542.9 393
1712248483760 104542.9 394
1712248493858 104542.9 395
1712248503956 104542.9 396
1712248514054 104542.9 397
1712248524139 104542.9 398
1712248534228 104542.9 399
1712248544322 104542.9 400
1712248554423 116991.9 401
1712248564549 115354.7 402
1712248574662 111002.9 403
1712248584765 111002.9 404
1712248594855 111002.9 405
1712248604951 111002.9 406
1712248615058 111002.9 407
1712248625157 111002.9 408
1712248635257 111002.9 409
1712248645354 111002.9 410
1712248655448 111002.9 411
1712248665535 111002.9 412
1712248675636 111002.9 413
1712248685738 111002.9 414
1712248695830 111002.9 415
1712248706664 111002.9 416
1712248716756 111002.9 417
1712248726845 111002.9 418
1712248737693 115250.5 419
1712248747812 108733.9 420
1712248757930 106522.6 421
1712248768037 104570.3 422
1712248778151 104570.3 423
1712248788257 104570.3 424
1712248798368 104570.3 425
1712248808480 104570.3 426
1712248818610 104570.3 427
1712248828702 104570.3 428
1712248838844 104570.3 429
1712248848935 104570.3 430
1712248859048 104570.3 431
1712248869165 104570.3 432
1712248879282 104570.3 433
1712248889392 104570.3 434
1712248899513 104570.3 435
1712248909624 104570.3 436
1712248919728 104570.3 437
1712248929850 104570.3 438
1712248939961 104570.3 439
1712248950086 104570.3 440
1712248960207 104570.3 441
1712248970316 104570.3 442
1712248980433 104570.3 443
1712248990555 104570.3 444
1712249000676 104570.3 445
1712249010790 104570.3 446
1712249020901 104570.3 447
1712249031021 104570.3 448
1712249041140 104570.3 449
1712249051259 104570.3 450
1712249061395 104570.3 451
1712249071504 104570.3 452
1712249081627 104570.3 453
1712249091742 104570.3 454
1712249101862 104570.3 455
1712249111973 104570.3 456
1712249122082 104570.3 457
1712249132205 104570.3 458
1712249142323 104570.3 459
1712249152431 104570.3 460
1712249162542 104570.3 461
1712249172646 104570.3 462
1712249182759 104570.3 463
1712249192878 104570.3 464
1712249202994 104570.3 465
1712249213116 104570.3 466
1712249223238 104570.3 467
1712249233351 104570.3 468
1712249243462 104570.3 469
1712249253594 104569.7 470
1712249263729 104569.7 471
1712249273840 104569.7 472
1712249283950 104569.7 473
1712249294068 104569.7 474
1712249304184 104569.7 475
1712249314281 104569.7 476
1712249324382 104569.7 477
1712249334496 104569.7 478
1712249344579 104569.7 479
1712249354688 104569.7 480
1712249364776 104569.7 481
1712249374888 104569.7 482
1712249384985 104569.7 483
1712249395074 104569.7 484
1712249405159 104569.7 485
1712249415250 104569.7 486
1712249425340 104569.7 487
1712249435454 104569.7 488
1712249445548 104569.7 489
1712249455641 104569.7 490
1712249465749 104569.7 491
1712249475834 104569.7 492
1712249486517 104569.7 493
1712249496623 104569.7 494
1712249506744 104569.7 495
1712249516894 104569.7 496
1712249527005 104569.7 497
1712249537099 104569.7 498
1712249547208 104569.7 499
1712249557331 104569.7 500
1712249567431 104569.7 501
1712249577547 104569.7 502
1712249587684 104569.7 503
1712249597779 104569.7 504
1712249607873 104569.7 505
1712249617971 104569.7 506
1712249628057 104569.7 507
1712249638168 104569.7 508
1712249648260 104569.7 509
1712249658349 104569.7 510
1712249668455 104569.7 511
1712249678552 104569.7 512
1712249688666 104569.7 513
1712249698773 104569.7 514
1712249708861 104569.7 515
1712249718977 104569.7 516
1712249729087 104569.7 517
1712249739207 104569.7 518
1712249749321 104569.7 519
1712249759406 104569.7 520
1712249769496 104569.7 521
1712249779591 104569.7 522
1712249789691 104569.7 523
1712249799811 104569.7 524
1712249809923 104569.7 525
1712249820046 104569.7 526
1712249830183 104569.7 527
1712249840296 104569.7 528
1712249850429 104569.7 529
1712249860529 104569.7 530
1712249870630 104569.7 531
1712249880747 104569.7 532
1712249890839 104569.7 533
1712249900946 104569.7 534
1712249911055 104569.7 535
1712249921167 104569.7 536
1712249931280 104569.7 537
1712249941385 104569.7 538
1712249951486 104569.7 539
1712249961587 116085.1 540
1712249971694 116085.1 541
1712249981799 111146.1 542
1712249991902 111146.1 543
1712250002009 111146.1 544
1712250012127 111146.1 545
1712250022238 111146.1 546
1712250032354 111146.1 547
1712250042450 111146.1 548
1712250052561 111146.1 549
1712250062654 111146.1 550
1712250072754 111146.1 551
1712250082852 111146.1 552
1712250092953 111146.1 553
1712250103043 111146.1 554
1712250113151 111146.1 555
1712250123246 111146.1 556
1712250133345 111146.1 557
1712250143537 115246.8 558
1712250153662 108727.5 559
1712250163780 106552.9 560
1712250173884 104559.1 561
1712250183984 104559.1 562
1712250194108 104559.1 563
1712250204248 104559.1 564
1712250214365 104559.1 565
1712250224479 104559.1 566
1712250234592 104559.1 567
1712250244715 104559.1 568
1712250254835 104559.1 569
1712250264964 104559.1 570
1712250275086 104559.1 571
1712250285195 104558.5 572
1712250295320 104558.5 573
1712250305409 104558.5 574
1712250315511 104558.5 575
1712250325614 104558.5 576
1712250335717 104558.5 577
1712250345812 104558.5 578
1712250355934 104558.5 579
1712250366031 104558.5 580
1712250376132 104558.5 581
1712250386234 104558.5 582
1712250396339 104558.5 583
1712250406439 104558.5 584
1712250416536 104558.5 585
1712250426642 104558.5 586
1712250436752 104558.5 587
1712250446859 104558.5 588
1712250456975 104558.5 589
1712250467093 104558.5 590
1712250477196 104558.5 591
1712250487304 104558.5 592
1712250497398 104558.5 593
1712250507492 104558.5 594
1712250517587 104558.5 595
1712250527670 104558.5 596
1712250537781 104558.5 597
1712250547878 104558.5 598
1712250557983 104558.5 599
1712250568074 104558.5 600
1712250578175 104558.5 601
1712250588257 104558.5 602
1712250598376 104558.5 603
1712250608480 104558.5 604
1712250618612 104558.5 605
1712250628742 104558.5 606
1712250638845 104558.5 607
1712250648958 104558.5 608
1712250659067 104558.5 609
1712250669173 104558.5 610
1712250679279 104558.5 611
1712250689402 104558.5 612
1712250699507 104558.5 613
1712250709597 104558.5 614
1712250719694 104558.5 615
1712250729808 104558.5 616
1712250739904 104558.5 617
1712250749995 104558.5 618
1712250760088 104558.5 619
1712250770182 104558.5 620
1712250780298 104558.5 621
1712250790397 104558.5 622
1712250800511 104558.5 623
1712250810606 104558.5 624
1712250820703 104558.5 625
1712250830796 104558.5 626
1712250840898 104558.5 627
1712250850994 104558.5 628
1712250861115 104558.5 629
1712250871218 104558.5 630
1712250881316 104558.5 631
1712250891417 104558.5 632
1712250901528 104558.5 633
1712250911627 104558.5 634
1712250921717 104558.5 635
1712250931809 104558.5 636
1712250941904 104558.5 637
1712250951999 104558.5 638
1712250962084 104558.5 639
1712250972186 104558.5 640
1712250982306 104558.5 641
1712250992396 104558.5 642
1712251002501 104558.5 643
1712251012590 104558.5 644
1712251022689 104558.5 645
1712251032780 104558.5 646
1712251042895 104558.5 647
1712251052997 104558.5 648
1712251063111 104558.5 649
1712251073306 104558.5 650
1712251083432 104558.5 651
1712251093549 104558.5 652
1712251103651 104558.5 653
1712251113774 104558.5 654
1712251123892 104558.5 655
1712251133990 104558.5 656
1712251144091 104558.5 657
1712251154209 104558.5 658
1712251164308 104558.5 659
1712251174410 104558.5 660
1712251184518 104558.5 661
1712251194619 104558.5 662
1712251204748 104558.5 663
1712251214845 104558.5 664
1712251224968 104558.5 665
1712251235069 104558.5 666
1712251245170 104558.5 667
1712251255273 104558.5 668
1712251265381 104558.5 669
1712251275481 104558.5 670
1712251285593 104558.5 671
1712251295705 104558.5 672
1712251305817 104558.5 673
1712251315924 104558.5 674
1712251326015 104557.9 675
1712251336140 104557.9 676
1712251346250 104557.9 677
1712251356378 104557.9 678
1712251366492 116973.6 679
1712251376614 114268.6 680
1712251386723 110984.5 681
1712251396842 110984.5 682
1712251406947 110984.5 683
1712251417065 110984.5 684
1712251427167 110984.5 685
1712251437284 110984.5 686
1712251447400 110984.5 687
1712251457515 110984.5 688
1712251467640 110984.4 689
1712251477765 110984.4 690
1712251487864 110984.4 691
1712251497987 110984.4 692
1712251508107 110984.4 693
1712251518229 110984.4 694
1712251528333 110984.4 695
1712251538434 110984.4 696
1712251548550 113048.6 697
1712251558684 107596.6 698
1712251568802 106098.1 699
1712251578918 104541.3 700
1712251589023 104541.3 701
1712251599143 104541.3 702
1712251609270 104541.3 703
1712251619369 104541.3 704
1712251629486 104541.3 705
1712251639591 104541.3 706
1712251649705 104541.3 707
1712251659829 104541.3 708
1712251669944 104541.3 709
1712251680044 104541.3 710
1712251690147 104541.3 711
1712251700246 104541.3 712
1712251710357 104541.3 713
1712251720445 104541.3 714
1712251730542 104541.3 715
1712251740671 104541.3 716
1712251750772 104541.3 717
1712251760879 104541.3 718
1712251770973 104541.3 719
1712251781075 104541.3 720
1712251791171 104541.3 721
1712251801273 104541.3 722
1712251811374 104541.3 723
1712251821737 104541.3 724
1712251831859 104541.3 725
1712251841974 104541.3 726
1712251852071 104541.3 727
1712251862194 104541.3 728
1712251872294 104541.3 729
1712251882412 104541.3 730
1712251892523 104541.3 731
1712251902632 104541.3 732
1712251912736 104541.3 733
1712251922842 104541.3 734
1712251932942 104541.3 735
1712251943053 104541.3 736
1712251953169 104541.3 737
1712251963292 104541.3 738
1712251973403 104541.3 739
1712251983513 104541.3 740
1712251993616 104541.3 741
1712252003715 104541.3 742
1712252013808 104541.3 743
1712252023925 104541.3 744
1712252034040 104541.3 745
1712252044141 104541.3 746
1712252054249 104541.3 747
1712252064350 104541.3 748
1712252074479 104541.3 749
1712252084590 104541.3 750
1712252094709 104541.3 751
1712252104828 104541.3 752
1712252114949 104541.3 753
1712252125049 104541.3 754
1712252135159 104541.3 755
1712252145288 104541.3 756
1712252155417 104541.3 757
1712252165528 104541.3 758
1712252175625 104541.3 759
1712252185839 104541.3 760
1712252195952 104541.3 761
1712252206054 104541.3 762
1712252216173 104541.3 763
1712252226268 104541.2 764
1712252236373 104541.2 765
1712252246466 104541.2 766
1712252256560 104541.2 767
1712252266650 104541.2 768
1712252276756 104541.2 769
1712252286857 104541.2 770
1712252296960 104541.2 771
1712252307057 104541.2 772
1712252317159 104541.2 773
1712252327265 104541.2 774
1712252337376 104541.2 775
1712252347494 104541.2 776
1712252357594 104541.2 777
1712252367714 104540.7 778
1712252377826 104540.7 779
1712252387926 104540.7 780
1712252398026 104540.7 781
1712252408136 104540.7 782
1712252418270 104540.7 783
1712252428377 104540.7 784
1712252438487 104540.7 785
1712252448616 104540.7 786
1712252458765 104540.7 787
1712252468886 104540.7 788
1712252478995 104540.7 789
1712252489099 104540.7 790
1712252499216 104540.7 791
1712252509338 104540.7 792
1712252519446 104540.7 793
1712252529540 104540.7 794
1712252539644 104540.7 795
1712252549773 104540.7 796
1712252559908 104540.7 797
1712252570032 104540.7 798
1712252580141 104540.7 799
1712252590244 104540.7 800
1712252600339 104540.7 801
1712252610445 104540.7 802
1712252620548 104540.7 803
1712252630658 104540.7 804
1712252640769 104540.7 805
1712252650988 104540.7 806
1712252661130 104540.7 807
1712252671244 104540.7 808
1712252681366 104540.7 809
1712252691481 104540.7 810
1712252701598 104540.7 811
1712252711695 104540.7 812
1712252721799 104540.7 813
1712252731904 104540.7 814
1712252742010 104540.7 815
1712252752120 104540.7 816
1712252762229 116935.9 817
1712252772337 116935.9 818
1712252782458 110956.7 819
1712252792567 110956.7 820
1712252802676 110956.7 821
1712252812811 110956.7 822
1712252822925 110956.7 823
1712252833031 110956.7 824
1712252843140 110956.7 825
1712252853261 110956.7 826
1712252863384 110956.7 827
1712252873499 110956.7 828
1712252883611 110956.7 829
1712252893714 110956.7 830
1712252903824 110956.7 831
1712252913936 110956.7 832
1712252924044 110956.7 833
1712252934267 110956.7 834
1712252944416 115202.2 835
1712252954579 108662.3 836
1712252964746 107516.6 837
1712252974879 104539.9 838
1712252985005 104539.9 839
1712252995122 104539.9 840
1712253005238 104539.9 841
1712253015352 104539.9 842
1712253025460 104539.9 843
1712253035579 104539.9 844
1712253045689 104539.9 845
1712253055790 104539.9 846
1712253065887 104539.9 847
1712253076004 104539.9 848
1712253086116 104539.9 849
1712253096211 104539.9 850
1712253106316 104539.9 851
1712253116421 104539.9 852
1712253126529 104539.9 853
1712253136635 104539.9 854
1712253146743 104539.9 855
1712253156841 104539.9 856
1712253166960 104539.9 857
1712253177080 104539.9 858
1712253187187 104539.9 859
1712253197303 104539.9 860
1712253207430 104539.9 861
1712253217552 104539.9 862
1712253227667 104539.9 863
1712253237783 104539.9 864
1712253247903 104539.9 865
1712253258031 104539.9 866
1712253268168 104539.9 867
1712253278290 104539.9 868
1712253288400 104539.9 869
1712253298495 104539.9 870
1712253308618 104539.9 871
1712253318738 104539.9 872
1712253328840 104539.9 873
1712253338940 104539.9 874
1712253349048 104539.9 875
1712253359161 104539.9 876
1712253369276 104539.9 877
1712253379397 104539.9 878
1712253389495 104539.9 879
1712253399600 104539.9 880
1712253409715 104539.4 881
1712253419813 104539.4 882
1712253429911 104539.4 883
1712253440016 104539.4 884
1712253450114 104539.4 885
1712253460221 104539.4 886
1712253470324 104539.4 887
1712253480424 104539.4 888
1712253490574 104539.4 889
1712253500694 104539.4 890
1712253510812 104539.4 891
1712253520930 104539.4 892
1712253531068 104539.3 893
1712253541187 104539.3 894
1712253551345 104539.3 895
1712253561473 104539.3 896
1712253571617 104539.3 897
1712253581733 104539.3 898
1712253591848 104539.3 899
1712253601958 104539.3 900
1712253612064 104539.3 901
1712253622172 104539.3 902
1712253632274 104539.3 903
1712253642382 104539.3 904
1712253652484 104539.3 905
1712253662600 104539.3 906
1712253672700 104539.3 907
1712253682825 104539.3 908
1712253692937 104539.3 909
1712253703041 104539.3 910
1712253713155 104539.3 911
1712253723259 104539.3 912
1712253733357 104539.3 913
1712253743462 104539.3 914
1712253753578 104539.3 915
1712253763698 104539.3 916
1712253773831 104539.3 917
1712253783969 104539.3 918
1712253794080 104539.3 919
1712253804216 104539.3 920
1712253814340 104539.3 921
1712253824463 104539.3 922
1712253834579 104539.3 923
1712253844690 104539.3 924
1712253854817 104539.3 925
1712253864944 104539.3 926
1712253875062 104539.3 927
1712253885173 104539.3 928
1712253895301 104539.3 929
1712253905442 104539.3 930
1712253915564 104539.3 931
1712253925688 104539.3 932
1712253935840 104539.3 933
1712253945967 104539.3 934
1712253956090 104539.3 935
1712253966223 104539.3 936
1712253976356 104539.3 937
1712253986468 104539.3 938
1712253996592 104539.3 939
1712254006718 104539.3 940
1712254016839 104539.3 941
1712254026957 104539.3 942
1712254037069 104539.3 943
1712254047182 104539.3 944
1712254057297 104539.3 945
1712254067408 104539.3 946
1712254077506 104539.3 947
1712254087601 104539.3 948
1712254097706 104539.3 949
1712254107807 104539.3 950
1712254117922 104539.3 951
1712254128017 104539.3 952
1712254138132 104539.3 953
1712254148241 104539.3 954
1712254158368 104539.3 955
1712254168474 117290.9 956
1712254178589 117290.9 957
1712254188691 111238.2 958
1712254198827 110140.2 959
1712254208941 110140.2 960
1712254219052 110140.2 961
1712254229155 110140.2 962
1712254239272 110140.2 963
1712254249397 110140.2 964
1712254259506 110140.2 965
1712254269623 110140.2 966
1712254279724 110140.2 967
1712254289834 110140.2 968
1712254299941 110140.2 969
1712254310067 110140.2 970
1712254320168 110140.2 971
1712254330272 110140.2 972
1712254340406 110140.2 973
1712254350527 110140.2 974
1712254360654 111488.0 975
1712254370963 107147.7 976
1712254381070 106051.2 977
1712254391165 104464.2 978
1712254401275 104464.2 979
1712254411377 104464.2 980
1712254421487 104464.2 981
1712254431591 104464.2 982
1712254441690 104464.2 983
1712254451801 104463.6 984
1712254461898 104463.6 985
1712254472007 104463.6 986
1712254482118 104463.6 987
1712254492236 104463.6 988
1712254502349 104463.6 989
1712254512504 104463.6 990
1712254522608 104463.6 991
1712254532725 104463.6 992
1712254542885 104463.6 993
1712254553019 104463.6 994
1712254563159 104463.6 995
1712254573274 104463.6 996
1712254583398 104463.6 997
1712254593504 104463.6 998
1712254603609 104463.6 999
1712254613725 104463.6 1000
1712254623844 104463.6 1001
1712254633964 104463.6 1002
1712254644084 104463.6 1003
1712254654194 104463.6 1004
1712254664304 104463.6 1005
1712254674403 104463.6 1006
1712254684510 104463.6 1007
1712254694610 104463.6 1008
1712254704724 104463.6 1009
1712254714843 104463.6 1010
1712254724944 104463.6 1011
1712254735058 104463.6 1012
1712254745173 104463.6 1013
1712254755292 104463.6 1014
1712254765413 104463.6 1015
1712254775541 104463.6 1016
1712254785663 104463.6 1017
1712254795766 104463.6 1018
1712254805874 104463.6 1019
1712254816003 104463.6 1020
1712254826136 104463.6 1021
1712254836250 104463.6 1022
1712254846367 104463.6 1023
1712254856499 104463.6 1024
1712254866618 104463.6 1025
1712254876725 104463.6 1026
1712254886857 104463.6 1027
1712254896999 104463.6 1028
1712254907120 104463.6 1029
1712254917273 104463.6 1030
1712254927386 104463.6 1031
1712254937501 104463.6 1032
1712254947624 104463.6 1033
1712254957760 104463.6 1034
1712254967864 104463.6 1035
1712254977993 104463.6 1036
1712254988123 104463.6 1037
1712254998266 104463.6 1038
1712255008388 104463.6 1039
1712255018487 104463.6 1040
1712255028614 104463.6 1041
1712255038732 104463.6 1042
1712255048863 104463.6 1043
1712255058996 104463.6 1044
1712255069116 104463.6 1045
1712255079215 104463.6 1046
1712255089329 104463.6 1047
1712255099459 104463.6 1048
1712255109567 104463.6 1049
1712255119678 104463.6 1050
1712255129791 104463.6 1051
1712255139895 104463.6 1052
1712255150053 104463.6 1053
1712255160166 104463.6 1054
1712255170270 104463.6 1055
1712255180398 104463.6 1056
1712255190516 104463.6 1057
1712255200640 104463.6 1058
1712255210770 104463.6 1059
1712255220903 104463.6 1060
1712255231038 104463.6 1061
1712255241159 104463.6 1062
1712255251266 104463.6 1063
1712255261373 104463.6 1064
1712255271482 104463.6 1065
1712255281620 104463.6 1066
1712255291748 104463.6 1067
1712255301872 104463.6 1068
1712255311978 104463.6 1069
1712255322079 104463.6 1070
1712255332196 104463.6 1071
1712255342297 104463.6 1072
1712255352406 104463.6 1073
1712255362507 104463.6 1074
1712255372628 104463.6 1075
1712255382763 104463.6 1076
1712255392899 104463.6 1077
1712255403003 104463.6 1078
1712255413111 104463.6 1079
1712255423231 104463.6 1080
1712255433342 104463.6 1081
1712255443467 104463.6 1082
1712255453611 104463.6 1083
1712255463714 104463.6 1084
1712255473825 104463.6 1085
1712255483974 104463.6 1086
1712255494098 104463.0 1087
1712255504230 104463.0 1088
1712255514363 104463.0 1089
1712255524564 104463.0 1090
1712255534667 104463.0 1091
1712255544764 104463.0 1092
1712255554898 104463.0 1093
1712255565012 104463.0 1094
1712255575113 116862.7 1095
1712255585232 116862.7 1096
1712255595334 111929.0 1097
1712255605447 110842.8 1098
1712255615571 110842.8 1099
1712255625691 110842.8 1100
1712255635826 110842.8 1101
1712255645939 110842.8 1102
1712255656051 110842.8 1103
1712255666154 110842.8 1104
1712255676278 110842.8 1105
1712255686391 110842.8 1106
1712255696496 110842.8 1107
1712255706596 110842.8 1108
1712255716698 110842.8 1109
1712255726809 110842.8 1110
1712255736920 110842.8 1111
1712255747037 110842.8 1112
1712255757143 110842.8 1113
1712255767274 111477.8 1114
1712255777395 107125.9 1115
1712255787516 106037.1 1116
1712255797633 104447.1 1117
1712255807733 104447.1 1118
1712255817847 104447.1 1119
1712255827948 104447.1 1120
1712255838074 104447.1 1121
1712255848192 104447.1 1122
1712255858711 104447.1 1123
1712255868815 104447.1 1124
1712255878945 104447.1 1125
1712255889056 104447.1 1126
1712255899160 104447.1 1127
1712255909268 104447.1 1128
1712255919372 104447.1 1129
1712255929489 104447.1 1130
1712255939606 104447.1 1131
1712255949724 104447.1 1132
1712255959840 104447.1 1133
1712255969960 104447.1 1134
1712255980071 104447.1 1135
1712255990184 104447.1 1136
1712256000290 104447.1 1137
1712256010403 104447.1 1138
1712256020504 104447.1 1139
1712256030632 104447.1 1140
1712256040756 104447.1 1141
1712256050893 104447.1 1142
1712256061008 104447.1 1143
1712256071157 104447.1 1144
1712256081272 104447.1 1145
1712256091383 104447.1 1146
1712256101495 104447.1 1147
1712256111604 104447.1 1148
1712256121732 104447.1 1149
1712256131841 104447.1 1150
1712256141945 104447.1 1151
1712256152066 104447.1 1152
1712256162189 104447.1 1153
1712256172320 104447.1 1154
1712256182443 104447.1 1155
1712256192653 104447.1 1156
1712256202765 104447.1 1157
1712256212900 104447.1 1158
1712256223021 104447.1 1159
1712256233148 104447.1 1160
1712256243279 104447.1 1161
1712256253415 104447.1 1162
1712256263532 104447.1 1163
1712256273651 104447.1 1164
1712256283801 104447.1 1165
1712256293905 104447.1 1166
1712256304035 104447.1 1167
1712256314152 104447.1 1168
1712256324257 104447.1 1169
1712256334372 104447.1 1170
1712256344479 104447.1 1171
1712256354609 104447.1 1172
1712256364724 104447.1 1173
1712256374843 104447.1 1174
1712256385056 104447.1 1175
1712256395173 104447.1 1176
1712256405304 104447.1 1177
1712256415466 104447.1 1178
1712256425587 104447.1 1179
1712256435726 104447.1 1180
1712256445858 104447.1 1181
1712256455980 104447.1 1182
1712256466091 104447.1 1183
1712256476214 104447.1 1184
1712256486363 104447.1 1185
1712256496476 104447.1 1186
1712256506597 104447.1 1187
1712256516708 104447.1 1188
1712256526834 104447.1 1189
1712256536952 104446.5 1190
1712256547072 104446.5 1191
1712256557196 104446.5 1192
1712256567314 104446.5 1193
1712256577465 104446.5 1194
1712256587607 104446.5 1195
1712256597738 104446.5 1196
1712256607875 104446.5 1197
1712256618021 104446.5 1198
1712256628130 104446.5 1199
1712256638278 104446.5 1200
1712256648394 104446.5 1201
1712256658528 104446.5 1202
1712256668640 104446.5 1203
1712256678749 104446.5 1204
1712256688875 104446.5 1205
1712256698995 104446.5 1206
1712256709101 104446.5 1207
1712256719220 104446.5 1208
1712256729328 104446.5 1209
1712256739433 104446.5 1210
1712256749567 104446.5 1211
1712256759689 104446.5 1212
1712256769825 104446.5 1213
1712256779968 104446.5 1214
1712256790103 104446.5 1215
1712256800223 104446.5 1216
1712256810333 104446.5 1217
1712256820483 104446.5 1218
1712256830616 104446.5 1219
1712256840739 104446.5 1220
1712256850848 104446.5 1221
1712256861068 104446.5 1222
1712256871220 104446.5 1223
1712256881358 104446.5 1224
1712256891487 104446.5 1225
1712256901598 104446.5 1226
1712256911706 104446.5 1227
1712256921847 104446.5 1228
1712256931966 104446.5 1229
1712256942101 104446.5 1230
1712256952240 104446.5 1231
1712256962356 104446.5 1232
1712256972471 104446.5 1233
1712256982592 116826.4 1234
1712256992751 115189.7 1235
1712257002886 110832.1 1236
1712257012998 110832.1 1237
1712257023124 110832.1 1238
1712257033242 110832.1 1239
1712257043351 110832.1 1240
1712257053561 110832.1 1241
1712257063737 110832.1 1242
1712257073848 110832.1 1243
1712257083997 110832.1 1244
1712257094123 110832.1 1245
1712257104267 110832.1 1246
1712257114453 110832.1 1247
1712257124572 110832.1 1248
1712257134702 110832.1 1249
1712257144811 110832.1 1250
1712257154982 110832.1 1251
1712257165438 114767.0 1252
1712257175620 109264.9 1253
1712257185743 106020.1 1254
1712257196269 104424.0 1255
1712257206390 104424.0 1256
1712257216499 104424.0 1257
1712257226610 104424.0 1258
1712257236739 104424.0 1259
1712257246842 104424.0 1260
1712257256956 104424.0 1261
1712257267065 104424.0 1262
1712257277186 104424.0 1263
1712257287300 104424.0 1264
1712257297419 104424.0 1265
1712257307554 104424.0 1266
1712257317671 104424.0 1267
1712257327790 104424.0 1268
1712257337908 104424.0 1269
1712257348016 104424.0 1270
1712257358118 104424.0 1271
1712257368225 104424.0 1272
1712257378345 104424.0 1273
1712257388459 104424.0 1274
1712257398568 104424.0 1275
1712257408677 104424.0 1276
1712257418788 104424.0 1277
1712257428908 104424.0 1278
1712257439025 104424.0 1279
1712257449165 104424.0 1280
1712257459291 104424.0 1281
1712257469412 104424.0 1282
1712257479529 104424.0 1283
1712257489637 104424.0 1284
1712257499751 104424.0 1285
1712257509857 104424.0 1286
1712257519977 104424.0 1287
1712257530105 104424.0 1288
1712257540328 104424.0 1289
1712257550451 104424.0 1290
1712257560569 104424.0 1291
1712257570674 104424.0 1292
1712257580789 104424.0 1293
1712257590905 104423.4 1294
1712257601036 104423.4 1295
1712257611162 104423.4 1296
1712257621290 104423.4 1297
1712257631426 104423.4 1298
1712257641568 104423.4 1299
1712257651704 104423.4 1300
1712257661836 104423.4 1301
1712257671985 104423.4 1302
1712257682114 104423.4 1303
1712257692241 104423.4 1304
1712257702358 104423.4 1305
1712257712477 104423.4 1306
1712257722623 104423.4 1307
1712257732746 104423.4 1308
1712257742878 104423.4 1309
1712257752987 104423.4 1310
1712257763112 104423.4 1311
1712257773225 104423.4 1312
1712257783372 104423.4 1313
1712257793515 104423.4 1314
1712257803645 104423.4 1315
1712257813755 104423.4 1316
1712257823891 104423.4 1317
1712257834005 104423.4 1318
1712257844138 104423.4 1319
1712257854254 104423.4 1320
1712257864387 104423.4 1321
1712257874521 104423.4 1322
1712257884673 104423.4 1323
1712257894798 104423.4 1324
1712257904929 104423.4 1325
1712257915050 104423.4 1326
1712257925182 104423.4 1327
1712257935404 104423.4 1328
1712257945551 104423.4 1329
1712257955690 104423.4 1330
1712257965823 104423.4 1331
1712257975942 104423.4 1332
1712257986088 104423.4 1333
1712257996220 104423.4 1334
1712258006365 104423.4 1335
1712258016494 104423.4 1336
1712258026624 104423.4 1337
1712258036748 104423.4 1338
1712258046873 104423.4 1339
1712258057028 104423.4 1340
1712258067183 104423.4 1341
1712258077313 104423.4 1342
1712258087443 104423.4 1343
1712258097579 104423.4 1344
1712258107818 104423.4 1345
1712258117946 104423.4 1346
1712258128069 104423.4 1347
1712258138203 104423.4 1348
1712258148331 104423.4 1349
1712258158467 104423.4 1350
1712258168612 104423.4 1351
1712258178743 104423.4 1352
1712258188867 104423.4 1353
1712258199009 104423.4 1354
1712258209152 104423.4 1355
1712258219284 104423.4 1356
1712258229413 104423.4 1357
1712258239559 104423.4 1358
1712258249698 104423.4 1359
1712258259835 104423.4 1360
1712258269945 104423.4 1361
1712258280080 104423.4 1362
1712258290198 104423.4 1363
1712258300317 104423.4 1364
1712258310427 104423.4 1365
1712258320543 104423.4 1366
1712258330676 104423.4 1367
1712258340794 104423.4 1368
1712258350931 104423.4 1369
1712258361060 104423.4 1370
1712258371196 104423.4 1371
1712258381329 104423.4 1372
1712258391490 116948.3 1373
1712258401615 113139.4 1374
1712258411751 110972.7 1375
1712258421870 110972.7 1376
1712258431973 110972.7 1377
1712258442119 110972.7 1378
1712258452262 110972.7 1379
1712258462386 110972.7 1380
1712258472500 110972.7 1381
1712258482609 110972.7 1382
1712258492722 110972.7 1383
1712258502837 110972.7 1384
1712258513038 110972.7 1385
1712258523154 110972.7 1386
1712258533289 110972.7 1387
1712258543421 110972.7 1388
1712258553545 110972.7 1389
1712258563680 110972.7 1390
1712258573829 111428.2 1391
1712258583970 107083.5 1392
1712258594112 105990.4 1393
1712258604245 117544.0 1394
1712258614553 120116.1 1395
1712258624677 115218.1 1396
1712258634807 109677.4 1397
1712258644963 105678.3 1398
1712258655708 103874.1 1399
1712258665846 103874.1 1400
1712258675982 103874.1 1401
1712258686115 103874.1 1402
1712258696222 103874.1 1403
1712258706345 103874.1 1404
1712258716478 103874.1 1405
1712258726588 103874.1 1406
1712258736725 103874.1 1407
1712258746833 103874.1 1408
1712258756946 103874.1 1409
1712258767060 103874.1 1410
1712258777167 103874.1 1411
1712258787273 103874.1 1412
1712258797381 103874.1 1413
1712258807495 103874.1 1414
1712258817610 103874.1 1415
1712258827738 103874.1 1416
1712258837852 103874.1 1417
1712258847980 103874.1 1418
1712258858119 103874.1 1419
1712258868260 103874.1 1420
1712258878389 103874.1 1421
1712258888525 103874.1 1422
1712258898654 103874.0 1423
1712258908761 103874.0 1424
1712258918901 103874.0 1425
1712258929018 103874.0 1426
1712258939155 103874.0 1427
1712258949264 103874.0 1428
1712258959367 103874.0 1429
1712258969486 103874.0 1430
1712258979610 103874.0 1431
1712258989725 103874.0 1432
1712258999856 103874.0 1433
1712259009981 103874.0 1434
1712259020087 103874.0 1435
1712259030339 103874.0 1436
1712259040454 103874.0 1437
1712259050573 103874.0 1438
1712259060707 103874.0 1439
1712259070835 103874.0 1440
1712259080956 103874.0 1441
1712259091076 103874.0 1442
1712259101215 103874.0 1443
1712259111339 103874.0 1444
1712259121460 103874.0 1445
1712259131585 103874.0 1446
1712259141708 103874.0 1447
1712259151823 103874.0 1448
1712259161954 103874.0 1449
1712259172073 103874.0 1450
1712259182188 103874.0 1451
1712259192295 103874.0 1452
1712259202414 103874.0 1453
1712259212522 103874.0 1454
1712259222652 103874.0 1455
1712259232796 103874.0 1456
1712259242931 103874.0 1457
1712259253070 103874.0 1458
1712259263187 103874.0 1459
1712259273313 103874.0 1460
1712259283425 103874.0 1461
1712259293551 103874.0 1462
1712259303682 103874.0 1463
1712259313797 103874.0 1464
1712259323911 103874.0 1465
1712259334045 103874.0 1466
1712259344157 103874.0 1467
1712259354289 103874.0 1468
1712259364406 103874.0 1469
1712259374511 103874.0 1470
1712259384626 103874.0 1471
1712259394750 103874.0 1472
1712259404874 103874.0 1473
1712259415006 103874.0 1474
1712259425154 103874.0 1475
1712259435296 103874.0 1476
1712259445433 103874.0 1477
1712259455560 103874.0 1478
1712259465688 103874.0 1479
1712259475833 103874.0 1480
1712259485977 103874.0 1481
1712259496121 103874.0 1482
1712259506239 103874.0 1483
1712259516484 103874.0 1484
1712259526620 103874.0 1485
1712259536770 103874.0 1486
1712259546899 103874.0 1487
1712259557045 103874.0 1488
1712259567164 103874.0 1489
1712259577299 103874.0 1490
1712259587416 103874.0 1491
1712259597542 103874.0 1492
1712259607679 103874.0 1493
1712259617824 103874.0 1494
1712259627947 103874.0 1495
1712259638072 103874.0 1496
1712259648194 103874.0 1497
1712259658308 103873.5 1498
1712259668428 103873.5 1499
1712259678569 103873.5 1500
1712259688683 103873.5 1501
1712259698811 103873.5 1502
1712259708965 103873.5 1503
1712259719106 103873.5 1504
1712259729259 103873.5 1505
1712259739390 103873.5 1506
1712259749529 103873.5 1507
1712259759657 103873.5 1508
1712259769793 103873.5 1509
1712259779934 103873.5 1510
1712259790059 103873.5 1511
1712259800176 103873.5 1512
1712259810440 103873.5 1513
1712259820606 103873.5 1514
1712259830785 103873.5 1515
1712259840917 103873.5 1516
1712259851052 116084.8 1517
1712259861168 111183.3 1518
1712259871282 109013.2 1519
1712259881406 109013.2 1520
1712259891553 109013.2 1521
1712259901673 109013.2 1522
1712259911782 109013.2 1523
1712259921909 109013.2 1524
1712259932026 109013.2 1525
1712259942136 109013.2 1526
1712259952247 109013.2 1527
1712259962371 109013.2 1528
1712259972505 109013.2 1529
1712259982627 109013.2 1530
1712259992754 109013.2 1531
1712260002868 109013.2 1532
1712260013003 109013.2 1533
1712260023252 109013.2 1534
1712260033399 110497.5 1535
1712260043556 107236.6 1536
1712260053705 103927.6 1537
1712260063825 103927.6 1538
1712260073978 103927.6 1539
1712260084102 103927.6 1540
1712260094220 103927.6 1541
1712260104355 103927.6 1542
1712260114475 103927.6 1543
1712260124599 103927.6 1544
1712260134713 103927.6 1545
1712260144836 103927.6 1546
1712260154967 103927.6 1547
1712260165157 103927.6 1548
1712260175286 103927.6 1549
1712260185784 103936.0 1550
1712260195945 103936.0 1551
1712260206085 103936.0 1552
1712260216235 103936.0 1553
1712260226367 103936.0 1554
1712260236478 103936.0 1555
1712260246625 103936.0 1556
1712260256746 103936.0 1557
1712260266882 103936.0 1558
1712260277025 103936.0 1559
1712260287141 103936.0 1560
1712260297288 103936.0 1561
1712260307465 103936.0 1562
1712260317613 103936.0 1563
1712260327758 103936.0 1564
1712260337901 103936.0 1565
1712260348027 103936.0 1566
1712260358151 103936.0 1567
1712260368268 103936.0 1568
1712260378398 103936.0 1569
1712260388523 103936.0 1570
1712260398653 103936.0 1571
1712260408775 103935.9 1572
1712260418908 103935.9 1573
1712260429042 103935.9 1574
1712260439169 103935.9 1575
1712260449296 103935.9 1576
1712260459469 103935.9 1577
1712260469602 103935.9 1578
1712260479728 103935.9 1579
1712260489855 103935.9 1580
1712260499963 103935.9 1581
1712260510090 103935.9 1582
1712260520226 103935.9 1583
1712260530351 103935.9 1584
1712260540477 103935.9 1585
1712260550640 103935.9 1586
1712260560747 103935.9 1587
1712260570899 103935.9 1588
1712260581028 103935.9 1589
1712260591148 103935.9 1590
1712260601269 103935.9 1591
1712260611413 103935.9 1592
1712260621561 103935.9 1593
1712260631694 103935.9 1594
1712260641858 103935.9 1595
1712260651987 103935.9 1596
1712260662131 103935.9 1597
1712260672251 103935.9 1598
1712260682370 103935.9 1599
1712260692484 103935.4 1600
1712260702758 103935.4 1601
1712260712889 103935.4 1602
1712260723011 103935.4 1603
1712260733138 103935.4 1604
1712260743264 103935.4 1605
1712260753401 103935.4 1606
1712260763522 103935.4 1607
1712260773669 103935.4 1608
1712260783795 103935.4 1609
1712260793921 103935.4 1610
1712260804032 103935.4 1611
1712260814153 103935.4 1612
1712260824290 103935.4 1613
1712260834433 103935.4 1614
1712260844556 103935.4 1615
1712260854691 103935.4 1616
1712260864815 103935.4 1617
1712260874955 103935.4 1618
1712260885085 103935.4 1619
1712260895232 103935.4 1620
1712260905382 103935.4 1621
1712260915521 103935.4 1622
1712260925637 103935.4 1623
1712260935783 103935.4 1624
1712260945909 103935.4 1625
1712260956046 103935.4 1626
1712260966180 103935.4 1627
1712260976311 103935.4 1628
1712260986452 103935.4 1629
1712260996686 103935.4 1630
1712261006826 103935.4 1631
1712261016983 103935.4 1632
1712261027134 103935.4 1633
1712261037280 103935.4 1634
1712261047409 103935.4 1635
1712261057555 103935.4 1636
1712261067713 103935.4 1637
1712261077858 103935.4 1638
1712261087994 103935.4 1639
1712261098119 103935.4 1640
1712261108259 103935.4 1641
1712261118393 103935.4 1642
1712261128532 103935.4 1643
1712261138651 103935.4 1644
1712261148774 103935.4 1645
1712261158901 103935.4 1646
1712261169037 103935.4 1647
1712261179194 103935.4 1648
1712261189322 103935.4 1649
1712261199469 103935.4 1650
1712261209704 103935.4 1651
1712261219854 103935.4 1652
1712261229979 103935.4 1653
1712261240118 103935.4 1654
1712261250238 115633.9 1655
1712261260350 111826.3 1656
1712261270478 108567.4 1657
1712261280599 108567.4 1658
1712261290758 108567.4 1659
1712261300910 108567.4 1660
1712261311043 108567.4 1661
1712261321189 108567.4 1662
1712261331313 108567.4 1663
1712261341446 108567.4 1664
1712261351575 108567.4 1665
1712261361703 108567.4 1666
1712261371831 108567.4 1667
1712261381958 108567.4 1668
1712261392070 108567.4 1669
1712261402187 108567.4 1670
1712261412315 108567.4 1671
1712261422445 108567.4 1672
1712261432607 113280.6 1673
1712261442961 106620.8 1674
1712261453122 105468.0 1675
1712261463252 103770.4 1676
1712261473396 103770.4 1677
1712261483557 103770.4 1678
1712261493690 103770.4 1679
1712261504513 103770.4 1680
1712261514668 103770.4 1681
1712261524794 103770.4 1682
1712261534940 103770.4 1683
1712261545086 103770.4 1684
1712261555212 103770.4 1685
1712261565326 103770.4 1686
1712261575491 103770.4 1687
1712261585610 103770.4 1688
1712261595775 103770.4 1689
1712261605951 103770.4 1690
1712261616092 103770.4 1691
1712261626229 103770.4 1692
1712261636375 103770.4 1693
1712261646519 103770.4 1694
1712261656660 103770.4 1695
1712261666842 103770.4 1696
1712261676968 103770.4 1697
1712261687093 103770.4 1698
1712261697233 103770.4 1699
1712261707370 103770.4 1700
1712261717505 103770.4 1701
1712261727752 103770.4 1702
1712261737878 103769.8 1703
1712261748042 103769.8 1704
1712261758166 103769.8 1705
1712261768296 103769.8 1706
1712261778430 103769.8 1707
1712261788554 103769.8 1708
1712261798681 103769.8 1709
1712261808823 103769.8 1710
1712261818986 103769.8 1711
1712261829127 103769.8 1712
1712261839274 103769.8 1713
1712261849408 103769.8 1714
1712261859550 103769.8 1715
1712261869705 103769.8 1716
1712261879843 103769.8 1717
1712261889983 103769.8 1718
1712261900111 103769.8 1719
1712261910255 103769.8 1720
1712261920386 103769.8 1721
1712261930513 103769.8 1722
1712261940634 103769.8 1723
1712261950898 103769.8 1724
1712261961038 103769.8 1725
1712261971165 103769.8 1726
1712261981322 103769.8 1727
1712261991439 103769.8 1728
1712262001586 103769.8 1729
1712262011734 103769.8 1730
1712262021889 103769.8 1731
1712262032040 103769.8 1732
1712262042189 103769.8 1733
1712262052330 103769.8 1734
1712262062464 103769.8 1735
1712262072588 103769.8 1736
1712262082722 103769.8 1737
1712262092872 103769.8 1738
1712262103046 103769.8 1739
1712262113200 103769.8 1740
1712262123371 103769.8 1741
1712262133512 103769.8 1742
1712262143677 103769.8 1743
1712262153826 103769.8 1744
1712262163985 103769.8 1745
1712262174151 103769.8 1746
1712262184438 103769.8 1747
1712262194598 103769.8 1748
1712262204755 103769.8 1749
1712262214886 103769.8 1750
1712262225018 103769.8 1751
1712262235166 103769.8 1752
1712262245324 103769.8 1753
1712262255453 103769.8 1754
1712262265588 103769.8 1755
1712262275740 103769.8 1756
1712262285887 103769.8 1757
1712262296039 103769.8 1758
1712262306177 103769.8 1759
1712262316314 103769.8 1760
1712262326478 103769.8 1761
1712262336626 103769.8 1762
1712262346791 103769.8 1763
1712262356940 103769.8 1764
1712262367087 103769.8 1765
1712262377217 103769.8 1766
1712262387365 103769.8 1767
1712262397497 103769.8 1768
1712262407653 103769.8 1769
1712262417791 103769.8 1770
1712262427935 103769.8 1771
1712262438197 103769.8 1772
1712262448325 103769.8 1773
1712262458470 103769.8 1774
1712262468619 103769.8 1775
1712262478757 103769.8 1776
1712262488916 103769.8 1777
1712262499086 103769.8 1778
1712262509207 103769.8 1779
1712262519333 103769.8 1780
1712262529470 103769.8 1781
1712262539604 103769.8 1782
1712262549735 103769.8 1783
1712262559857 103769.8 1784
1712262569997 103769.8 1785
1712262580140 103769.8 1786
1712262590273 103769.8 1787
1712262600404 103769.8 1788
1712262610528 103769.8 1789
1712262620669 103769.8 1790
1712262630796 103769.8 1791
1712262641082 103769.8 1792
1712262651223 116039.3 1793
1712262661350 116039.3 1794
1712262671483 111111.2 1795
1712262681608 108945.0 1796
1712262691742 108945.0 1797
1712262701866 108945.0 1798
1712262711981 108945.0 1799
1712262722111 108945.0 1800
1712262732226 108945.0 1801
1712262742374 108945.0 1802
1712262752523 108945.0 1803
1712262762664 108945.0 1804
1712262772811 108945.0 1805
1712262782930 108945.0 1806
1712262793181 108944.5 1807
1712262803309 108944.5 1808
1712262813443 108944.5 1809
1712262823613 108944.5 1810
1712262833750 108944.5 1811
1712262843888 110136.1 1812
1712262854118 106868.9 1813
1712262864265 103740.3 1814
1712262874413 103740.3 1815
1712262884552 103740.3 1816
1712262894710 103740.3 1817
1712262904837 103740.3 1818
1712262914954 103740.3 1819
1712262925074 103740.3 1820
1712262935195 103740.3 1821
1712262945317 103740.3 1822
1712262955437 103740.3 1823
1712262966185 103740.3 1824
1712262976333 103740.3 1825
1712262986479 103740.3 1826
1712262996609 103740.3 1827
1712263006741 103740.3 1828
1712263016890 103740.3 1829
1712263027014 103740.3 1830
1712263037139 103740.3 1831
1712263047257 103740.3 1832
1712263057382 103740.3 1833
1712263067538 103740.3 1834
1712263077656 103740.3 1835
1712263087785 103740.3 1836
1712263097917 103740.3 1837
1712263108045 103740.3 1838
1712263118324 103740.3 1839
1712263128487 103740.3 1840
1712263138642 103740.3 1841
1712263148798 103740.3 1842
1712263158946 103740.3 1843
1712263169095 103740.3 1844
1712263179227 103740.3 1845
1712263189358 103740.3 1846
1712263199494 103740.3 1847
1712263209623 103740.3 1848
1712263219760 103740.3 1849
1712263229894 103740.3 1850
1712263240038 103740.3 1851
1712263250178 103740.3 1852
1712263260305 103740.3 1853
1712263270444 103740.3 1854
1712263280673 103740.3 1855
1712263290827 103740.3 1856
1712263300963 103740.3 1857
1712263311102 103740.3 1858
1712263321221 103740.3 1859
1712263331370 103740.3 1860
1712263341528 103740.3 1861
1712263351691 103740.3 1862
1712263361828 103740.3 1863
1712263371956 103740.3 1864
1712263382078 103740.3 1865
1712263392201 103740.3 1866
1712263402344 103740.3 1867
1712263412484 103740.3 1868
1712263422618 103740.3 1869
1712263432759 103740.3 1870
1712263442891 103740.3 1871
1712263453178 103740.3 1872
1712263463330 103740.3 1873
1712263473459 103740.3 1874
1712263483623 103740.2 1875
1712263493751 103740.2 1876
1712263503875 103740.2 1877
1712263513994 103740.2 1878
1712263524138 103740.2 1879
1712263534260 103740.2 1880
1712263544396 103740.2 1881
1712263554522 103740.2 1882
1712263564642 103740.2 1883
1712263574765 103740.2 1884
1712263584940 103740.2 1885
1712263595090 103740.2 1886
1712263605338 103740.2 1887
1712263615502 103740.2 1888
1712263625667 103740.2 1889
1712263635803 103740.2 1890
1712263645939 103740.2 1891
1712263656103 103740.2 1892
1712263666228 103740.2 1893
1712263676388 103740.2 1894
1712263686531 103740.2 1895
1712263696670 103740.2 1896
1712263706814 103740.2 1897
1712263716939 103740.2 1898
1712263727085 103740.2 1899
1712263737216 103740.2 1900
1712263747346 103740.2 1901
1712263757590 103740.2 1902
1712263767709 103740.2 1903
1712263777835 103740.2 1904
1712263787971 103740.2 1905
1712263798099 103740.2 1906
1712263808248 103740.2 1907
1712263818377 103740.2 1908
1712263828513 103739.7 1909
1712263838651 103739.7 1910
1712263848793 103739.7 1911
1712263858938 103739.7 1912
1712263869073 103739.7 1913
1712263879202 103739.7 1914
1712263889322 103739.7 1915
1712263899470 103739.7 1916
1712263909735 103739.7 1917
1712263919891 103739.7 1918
1712263930023 103739.7 1919
1712263940165 103739.7 1920
1712263950296 103739.7 1921
1712263960452 103739.7 1922
1712263970617 103739.7 1923
1712263980741 103739.7 1924
1712263990883 103739.7 1925
1712264001039 103739.7 1926
1712264011178 103739.7 1927
1712264021321 103739.7 1928
1712264031490 103739.7 1929
1712264041657 103739.7 1930
1712264051788 103739.7 1931
1712264061940 115617.8 1932
1712264072200 110729.6 1933
1712264082361 108567.0 1934
1712264092511 108567.0 1935
1712264102637 108567.0 1936
1712264112806 108567.0 1937
1712264122966 108567.0 1938
1712264133108 108567.0 1939
1712264143276 108567.0 1940
1712264153443 108567.0 1941
1712264163587 108567.0 1942
1712264173709 108567.0 1943
1712264183831 108567.0 1944
1712264193964 108567.0 1945
1712264204107 108567.0 1946
1712264214265 108567.0 1947
1712264224432 108567.0 1948
1712264234691 108567.0 1949
1712264244868 109813.8 1950
1712264255048 106857.0 1951
1712264265254 103713.0 1952
1712264275411 103713.0 1953
1712264285602 103713.0 1954
1712264295751 103713.0 1955
1712264305886 103713.0 1956
1712264316066 103713.0 1957
1712264326252 103713.0 1958
1712264336381 103713.0 1959
1712264346522 103713.0 1960
1712264356658 103713.0 1961
1712264366794 103713.0 1962
1712264376942 103713.0 1963
1712264387135 103713.0 1964
1712264397404 103713.0 1965
1712264407555 103713.0 1966
1712264417713 103713.0 1967
1712264427843 103713.0 1968
1712264437974 103713.0 1969
1712264448116 103713.0 1970
1712264458270 103713.0 1971
1712264468407 103713.0 1972
1712264478548 103713.0 1973
1712264488672 103713.0 1974
1712264498827 103713.0 1975
1712264508974 103713.0 1976
1712264519133 103713.0 1977
1712264529269 103713.0 1978
1712264539399 103713.0 1979
1712264549536 103713.0 1980
1712264559685 103713.0 1981
1712264569810 103713.0 1982
1712264579932 103713.0 1983
1712264590087 103713.0 1984
1712264600218 103713.0 1985
1712264610350 103713.0 1986
1712264620510 103713.0 1987
1712264630658 103713.0 1988
1712264640794 103713.0 1989
1712264650917 103713.0 1990
1712264661056 103713.0 1991
1712264671208 103713.0 1992
1712264681334 103713.0 1993
1712264691465 103713.0 1994
1712264701601 103713.0 1995
1712264711749 103713.0 1996
1712264721899 103713.0 1997
1712264732044 103713.0 1998
1712264742193 103713.0 1999
1712264752333 103713.0 2000
1712264762476 103713.0 2001
1712264772606 103713.0 2002
1712264782751 103713.0 2003
1712264792899 103713.0 2004
1712264803024 103713.0 2005
1712264813175 103713.0 2006
1712264823297 103713.0 2007
1712264833426 103713.0 2008
1712264843569 103713.0 2009
1712264853695 103713.0 2010
1712264863960 103713.0 2011
1712264874122 103712.4 2012
1712264884248 103712.4 2013
1712264894397 103712.4 2014
1712264904544 103712.4 2015
1712264914689 103712.4 2016
1712264924817 103712.4 2017
1712264934956 103712.4 2018
1712264945113 103712.4 2019
1712264955241 103712.4 2020
1712264965422 103712.4 2021
1712264975593 103712.4 2022
1712264985743 103712.4 2023
1712264995926 103712.4 2024
1712265006109 103712.4 2025
1712265016287 103712.4 2026
1712265026453 103712.4 2027
1712265036649 103712.4 2028
1712265046839 103712.4 2029
1712265057011 103712.4 2030
1712265067197 103712.4 2031
1712265077369 103712.4 2032
1712265087528 103712.4 2033
1712265097692 103712.4 2034
1712265107855 103712.4 2035
1712265118014 103712.4 2036
1712265128179 103712.4 2037
1712265138313 103712.4 2038
1712265148460 103712.4 2039
1712265158597 103712.4 2040
1712265168747 103712.4 2041
1712265178873 103712.4 2042
1712265189027 103712.4 2043
1712265199148 103712.4 2044
1712265209292 103712.4 2045
1712265219421 103712.4 2046
1712265229556 103712.4 2047
1712265239693 103712.4 2048
1712265249855 103712.4 2049
1712265260026 103712.4 2050
1712265270166 103712.4 2051
1712265280352 103712.4 2052
1712265290502 103712.4 2053
1712265300657 103712.4 2054
1712265310809 103712.4 2055
1712265321077 103712.4 2056
1712265331245 103712.4 2057
1712265341385 103712.4 2058
1712265351516 103712.4 2059
1712265361650 103712.4 2060
1712265371778 103712.4 2061
1712265381921 103712.4 2062
1712265392068 103712.4 2063
1712265402197 103712.4 2064
1712265412332 103712.4 2065
1712265422526 103712.4 2066
1712265432671 103712.4 2067
1712265442802 103712.4 2068
1712265452939 103712.4 2069
1712265463094 115282.5 2070
1712265473224 112468.7 2071
1712265483372 109230.1 2072
1712265493509 109230.1 2073
1712265503682 109230.1 2074
1712265513851 109230.1 2075
1712265524017 109230.1 2076
1712265534182 109230.1 2077
1712265544330 109230.1 2078
1712265554485 109230.1 2079
1712265564640 109230.1 2080
1712265574762 109230.1 2081
1712265584891 109230.1 2082
1712265595035 109230.1 2083
1712265605198 109230.1 2084
1712265615354 109230.1 2085
1712265625481 109230.1 2086
1712265635761 109230.1 2087
1712265646005 112186.3 2088
1712265656390 106621.7 2089
1712265666546 105527.3 2090
1712265676712 115752.9 2091
1712265686854 119181.2 2092
1712265697003 117551.4 2093
1712265707161 109931.3 2094
1712265717346 105699.4 2095
1712265727480 103959.5 2096
1712265737607 103959.5 2097
1712265747766 103959.5 2098
1712265757894 103959.5 2099
1712265768073 103959.5 2100
1712265778212 103959.5 2101
1712265789017 103959.5 2102
1712265799146 103959.5 2103
1712265809271 103959.5 2104
1712265819409 103959.5 2105
1712265829529 103959.5 2106
1712265839677 103959.5 2107
1712265849823 103959.5 2108
1712265859959 103959.5 2109
1712265870094 103959.5 2110
1712265880216 103959.5 2111
1712265890338 103959.5 2112
1712265900468 103959.0 2113
1712265910594 103959.0 2114
1712265920736 103959.0 2115
1712265930872 103959.0 2116
1712265941008 103959.0 2117
1712265951239 103959.0 2118
1712265961368 103959.0 2119
1712265971506 103959.0 2120
1712265981638 103959.0 2121
1712265991776 103959.0 2122
1712266001899 103959.0 2123
1712266012020 103959.0 2124
1712266022159 103959.0 2125
1712266032301 103959.0 2126
1712266042424 103959.0 2127
1712266052580 103959.0 2128
1712266062715 103959.0 2129
1712266072853 103959.0 2130
1712266082984 103959.0 2131
1712266093118 103959.0 2132
1712266103243 103959.0 2133
1712266113480 103959.0 2134
1712266123617 103959.0 2135
1712266133747 103959.0 2136
1712266143892 103959.0 2137
1712266154056 103959.0 2138
1712266164215 103959.0 2139
1712266174351 103959.0 2140
1712266184481 103959.0 2141
1712266194605 103959.0 2142
1712266204743 103959.0 2143
1712266214868 103959.0 2144
1712266225015 103959.0 2145
1712266235143 103959.0 2146
1712266245274 103959.0 2147
1712266255406 103959.0 2148
1712266265554 103959.0 2149
1712266275695 103959.0 2150
1712266285823 103959.0 2151
1712266295964 103959.0 2152
1712266306107 103959.0 2153
1712266316236 103959.0 2154
1712266326374 103959.0 2155
1712266336515 103959.0 2156
1712266346661 103959.0 2157
1712266356799 103959.0 2158
1712266366936 103959.0 2159
1712266377079 103959.0 2160
1712266387324 103959.0 2161
1712266397449 103959.0 2162
1712266407594 103959.0 2163
1712266417746 103959.0 2164
1712266427917 103959.0 2165
1712266438040 103958.9 2166
1712266448165 103958.9 2167
1712266458315 103958.9 2168
1712266468465 103958.9 2169
1712266478595 103958.9 2170
1712266488734 103958.9 2171
1712266498861 103958.9 2172
1712266508999 103958.9 2173
1712266519137 103958.9 2174
1712266529263 103958.9 2175
1712266539401 103958.9 2176
1712266549553 103958.9 2177
1712266559686 103958.9 2178
1712266569846 103958.9 2179
1712266579990 103958.9 2180
1712266590227 103958.9 2181
1712266600374 103958.9 2182
1712266610505 103958.9 2183
1712266620626 103958.9 2184
1712266630756 103958.9 2185
1712266640931 103958.9 2186
1712266651087 103958.9 2187
1712266661224 103958.9 2188
1712266671367 103958.9 2189
1712266681499 103958.9 2190
1712266691635 103958.9 2191
1712266701775 103958.9 2192
1712266711929 103958.9 2193
1712266722084 103958.9 2194
1712266732319 103958.9 2195
1712266742448 103958.9 2196
1712266752591 103958.9 2197
1712266762733 103958.9 2198
1712266772885 103958.9 2199
1712266783035 103958.9 2200
1712266793173 103958.9 2201
1712266803303 103958.9 2202
1712266813433 103958.9 2203
1712266823575 103958.9 2204
1712266833710 103958.9 2205
1712266844022 103958.9 2206
1712266854173 103958.9 2207
1712266864311 103958.9 2208
1712266874458 103958.9 2209
1712266884604 103958.9 2210
1712266894765 103958.9 2211
1712266904928 103958.9 2212
1712266915079 103958.9 2213
1712266925274 103958.9 2214
1712266935585 103958.9 2215
1712266945764 116040.6 2216
1712266955937 112199.9 2217
1712266966093 108926.5 2218
1712266976229 108926.5 2219
1712266986353 108926.5 2220
1712266996486 108926.5 2221
1712267006616 108926.5 2222
1712267016841 108926.5 2223
1712267026972 108926.5 2224
1712267037139 108926.5 2225
1712267047277 108926.5 2226
1712267057425 108926.5 2227
1712267067564 108926.5 2228
1712267077686 108926.5 2229
1712267087845 108926.5 2230
1712267097981 108926.5 2231
1712267108105 108926.5 2232
1712267118239 108926.5 2233
1712267128425 109787.7 2234
1712267138603 106701.0 2235
1712267148749 103673.9 2236
1712267158909 103673.9 2237
1712267169068 103673.9 2238
1712267179215 103673.9 2239
1712267189366 103673.9 2240
1712267199517 103673.9 2241
1712267209687 103673.9 2242
1712267219861 103673.9 2243
1712267230018 103673.9 2244
1712267240186 103673.9 2245
1712267250339 103673.9 2246
1712267260480 103673.9 2247
1712267270643 103673.9 2248
1712267280778 103673.9 2249
1712267290909 103673.9 2250
1712267301042 103673.9 2251
1712267311191 103673.9 2252
1712267321372 103673.9 2253
1712267331517 103673.9 2254
1712267341654 103673.9 2255
1712267351794 103673.9 2256
1712267361940 103673.9 2257
1712267372068 103673.9 2258
1712267383126 103673.9 2259
1712267393265 103673.9 2260
1712267403436 103673.9 2261
1712267413597 103673.9 2262
1712267423739 103673.9 2263
1712267433882 103673.9 2264
1712267444041 103673.9 2265
1712267454174 103673.9 2266
1712267464319 103673.9 2267
1712267474461 103673.8 2268
1712267484612 103673.8 2269
1712267494773 103673.8 2270
1712267504930 103673.8 2271
1712267515060 103673.8 2272
1712267525202 103673.8 2273
1712267535367 103673.8 2274
1712267545520 103673.8 2275
1712267555657 103673.8 2276
1712267565797 103673.8 2277
1712267575957 103673.8 2278
1712267586203 103673.8 2279
1712267596411 103673.8 2280
1712267606565 103673.8 2281
1712267616714 103673.8 2282
1712267626866 103673.8 2283
1712267637009 103673.8 2284
1712267647151 103673.8 2285
1712267657303 103673.8 2286
1712267667454 103673.8 2287
1712267677659 103673.8 2288
1712267687836 103673.8 2289
1712267698000 103673.8 2290
1712267708148 103673.8 2291
1712267718291 103673.8 2292
1712267728543 103673.8 2293
1712267738756 103673.8 2294
1712267748918 103673.8 2295
1712267759068 103673.8 2296
1712267769192 103673.8 2297
1712267779329 103673.8 2298
1712267789499 103673.8 2299
1712267799644 103673.8 2300
1712267809806 103673.8 2301
1712267819959 103673.8 2302
1712267830092 103673.8 2303
1712267840357 103673.8 2304
1712267850499 103673.8 2305
1712267860631 103673.8 2306
1712267870779 103673.8 2307
1712267880935 103673.8 2308
1712267891093 103673.8 2309
1712267901222 103673.8 2310
1712267911362 103673.8 2311
1712267921492 103673.8 2312
1712267931767 103673.8 2313
1712267941932 103673.8 2314
1712267952075 103673.8 2315
1712267962234 103673.8 2316
1712267972362 103673.8 2317
1712267982485 103673.3 2318
1712267992690 103673.3 2319
1712268002961 103673.3 2320
1712268013100 103673.3 2321
1712268023250 103673.3 2322
1712268033406 103673.3 2323
1712268043557 103673.3 2324
1712268053706 103673.3 2325
1712268063839 103673.3 2326
1712268074003 103673.3 2327
1712268084145 103673.3 2328
1712268094314 103673.3 2329
1712268104459 103673.3 2330
1712268114597 103673.3 2331
1712268124747 103673.3 2332
1712268134887 103673.3 2333
1712268145034 103673.3 2334
1712268155192 103673.3 2335
1712268165354 103673.3 2336
1712268175499 103673.3 2337
1712268185628 103673.3 2338
1712268195772 103673.3 2339
1712268205898 103673.3 2340
1712268216031 103673.3 2341
1712268226162 103673.3 2342
1712268236309 103673.3 2343
1712268246462 103673.3 2344
1712268256599 103673.3 2345
1712268266744 103673.3 2346
1712268276891 103673.3 2347
1712268287037 103673.3 2348
1712268297291 103673.3 2349
1712268307423 103673.3 2350
1712268317557 103673.3 2351
1712268327698 103673.3 2352
1712268337831 103673.3 2353
1712268348017 103673.3 2354
1712268358199 103673.3 2355
1712268368361 114697.5 2356
1712268378506 111938.9 2357
1712268388648 108655.2 2358
1712268398801 108655.2 2359
1712268408938 108655.2 2360
1712268419074 108655.2 2361
1712268429215 108655.2 2362
1712268439508 108655.2 2363
1712268449646 108655.2 2364
1712268459808 108655.2 2365
1712268469965 108655.2 2366
1712268480121 108655.2 2367
1712268490264 108655.2 2368
1712268500411 108655.2 2369
1712268510551 108655.2 2370
1712268520698 108655.2 2371
1712268530872 108655.2 2372
1712268541057 108655.2 2373
1712268551238 111663.1 2374
1712268561926 107299.3 2375
1712268572120 105255.5 2376
1712268582277 103493.4 2377
1712268592425 103493.4 2378
1712268602563 103493.4 2379
1712268612704 103493.4 2380
1712268622853 103493.4 2381
1712268633000 103493.4 2382
1712268643178 103493.4 2383
1712268653328 103493.4 2384
1712268663478 103493.4 2385
1712268673753 103493.4 2386
1712268683905 103493.4 2387
1712268694076 103493.3 2388
1712268704251 103493.3 2389
1712268714407 103493.3 2390
1712268724567 103493.3 2391
1712268734711 103493.3 2392
1712268744848 103493.3 2393
1712268755032 103493.3 2394
1712268765216 103493.3 2395
1712268775391 103493.3 2396
1712268785577 103493.3 2397
1712268795873 103493.3 2398
1712268806051 103493.3 2399
1712268816238 103493.3 2400
1712268826391 103493.3 2401
1712268836550 103493.3 2402
1712268846701 103493.3 2403
1712268856850 103493.3 2404
1712268867023 103493.3 2405
1712268877169 103493.3 2406
1712268887325 103493.3 2407
1712268897472 103493.3 2408
1712268907633 103493.3 2409
1712268917897 103493.3 2410
1712268928055 103493.3 2411
1712268938218 103493.3 2412
1712268948373 103493.3 2413
1712268958529 103493.3 2414
1712268968676 103493.3 2415
1712268978841 103493.3 2416
1712268988981 103493.3 2417
1712268999121 103493.3 2418
1712269009292 103493.3 2419
1712269019450 103493.3 2420
1712269029711 103492.8 2421
1712269039865 103492.8 2422
1712269050021 103492.8 2423
1712269060164 103492.8 2424
1712269070325 103492.8 2425
1712269080468 103492.8 2426
1712269090621 103492.8 2427
1712269100762 103492.8 2428
1712269110902 103492.8 2429
1712269121057 103492.8 2430
1712269131216 103492.8 2431
1712269141372 103492.8 2432
1712269151622 103492.8 2433
1712269161785 103492.8 2434
1712269171942 103492.8 2435
1712269182091 103492.8 2436
1712269192273 103492.8 2437
1712269202454 103492.8 2438
1712269212628 103492.8 2439
1712269222816 103492.8 2440
1712269232974 103492.8 2441
1712269243124 103492.8 2442
1712269253265 103492.8 2443
1712269263428 103492.8 2444
1712269273698 103492.8 2445
1712269283860 103492.8 2446
1712269294009 103492.8 2447
1712269304192 103492.8 2448
1712269314330 103492.8 2449
1712269324487 103492.8 2450
1712269334631 103492.8 2451
1712269344787 103492.8 2452
1712269354938 103492.8 2453
1712269365116 103492.8 2454
1712269375272 103492.8 2455
1712269385416 103492.8 2456
1712269395669 103492.8 2457
1712269405834 103492.8 2458
1712269416000 103492.8 2459
1712269426146 103492.8 2460
1712269436333 103492.8 2461
1712269446493 103492.8 2462
1712269456637 103492.8 2463
1712269466793 103492.8 2464
1712269476956 103492.8 2465
1712269487128 103492.8 2466
1712269497294 103492.8 2467
1712269507444 103492.8 2468
1712269517716 103492.8 2469
1712269527873 103492.8 2470
1712269538017 103492.8 2471
1712269548173 103492.8 2472
1712269558352 103492.8 2473
1712269568519 103492.8 2474
1712269578668 103492.8 2475
1712269588814 103492.8 2476
1712269598968 103492.8 2477
1712269609154 103492.8 2478
1712269619315 103492.8 2479
1712269629571 103492.8 2480
1712269639742 103492.8 2481
1712269649896 103492.8 2482
1712269660047 103492.8 2483
1712269670204 103492.8 2484
1712269680371 103492.8 2485
1712269690539 103492.8 2486
1712269700708 103492.8 2487
1712269710856 103492.8 2488
1712269721029 103492.8 2489
1712269731358 103492.8 2490
1712269741543 103492.8 2491
1712269751730 103492.8 2492
1712269761895 103492.8 2493
1712269772075 103492.8 2494
1712269782260 103492.8 2495
1712269792430 114720.3 2496
1712269802581 114720.3 2497
1712269812750 109839.7 2498
1712269823024 108755.1 2499
1712269833196 108755.1 2500
1712269843355 108755.1 2501
1712269853510 108755.1 2502
1712269863672 108755.1 2503
1712269873838 108755.1 2504
1712269884018 108755.1 2505
1712269894163 108755.1 2506
1712269904356 108755.1 2507
1712269914506 108755.1 2508
1712269924652 108755.1 2509
1712269934815 108755.1 2510
1712269944974 108755.1 2511
1712269955128 108755.1 2512
1712269966103 108755.1 2513
1712269976296 115426.3 2514
1712269986532 109440.1 2515
1712269996833 106871.8 2516
1712270007496 105067.2 2517
1712270017672 103439.0 2518
1712270027858 103439.0 2519
1712270038033 103439.0 2520
1712270048215 103439.0 2521
1712270058370 103439.0 2522
1712270068535 103438.4 2523
1712270078683 103438.4 2524
1712270088831 103438.4 2525
1712270099093 103438.4 2526
1712270109241 103438.4 2527
1712270119393 103438.4 2528
1712270129556 103438.4 2529
1712270139718 103438.4 2530
1712270149874 103438.4 2531
1712270160033 103438.4 2532
1712270170197 103438.4 2533
1712270180363 103438.4 2534
1712270190624 103438.4 2535
1712270200778 103438.4 2536
1712270210920 103438.4 2537
1712270221063 103438.4 2538
1712270231224 103438.4 2539
1712270241377 103438.4 2540
1712270251554 103438.4 2541
1712270261729 103438.4 2542
1712270271882 103438.4 2543
1712270282039 103438.4 2544
1712270292222 103438.4 2545
1712270302379 103438.4 2546
1712270312544 103438.4 2547
1712270322694 103438.4 2548
1712270332842 103438.4 2549
1712270343017 103438.4 2550
1712270353183 103438.4 2551
1712270363344 103438.4 2552
1712270373601 103438.4 2553
1712270383758 103438.4 2554
1712270393916 103438.4 2555
1712270404070 103438.4 2556
1712270414223 103438.4 2557
1712270424417 103438.4 2558
1712270434572 103438.4 2559
1712270444739 103438.4 2560
1712270455005 103438.4 2561
1712270465153 103438.4 2562
1712270475304 103438.4 2563
1712270485462 103438.4 2564
1712270495657 103438.4 2565
1712270505816 103438.4 2566
1712270515979 103438.4 2567
1712270526132 103438.4 2568
1712270536299 103438.4 2569
1712270546578 103438.4 2570
1712270556730 103438.4 2571
1712270566917 103438.4 2572
1712270577090 103438.4 2573
1712270587245 103438.4 2574
1712270597413 103438.4 2575
1712270607579 103438.4 2576
1712270617733 103438.4 2577
1712270627906 103438.4 2578
1712270638177 103438.4 2579
1712270648342 103438.4 2580
1712270658505 103438.4 2581
1712270668657 103438.4 2582
1712270678811 103438.4 2583
1712270688976 103438.4 2584
1712270699141 103438.4 2585
1712270709344 103438.4 2586
1712270719499 103438.4 2587
1712270729760 103438.4 2588
1712270739933 103438.4 2589
1712270750093 103438.4 2590
1712270760251 103438.4 2591
1712270770408 103438.4 2592
1712270780572 103438.4 2593
1712270790736 103438.4 2594
1712270800900 103438.4 2595
1712270811093 103438.4 2596
1712270821347 103438.4 2597
1712270831542 103438.4 2598
1712270841721 103438.4 2599
1712270851892 103438.4 2600
1712270862069 103438.4 2601
1712270872251 103438.4 2602
1712270882431 103438.4 2603
1712270892604 103438.4 2604
1712270902798 103438.4 2605
1712270913022 103438.4 2606
1712270923216 103438.4 2607
1712270933312 103438.4 2608
1712270943398 103438.4 2609
1712270953591 103438.4 2610
1712270963693 103438.4 2611
1712270973811 103438.4 2612
1712270983990 103438.4 2613
1712270994081 103438.4 2614
1712271004348 103438.4 2615
1712271014565 103438.4 2616
1712271024670 103438.4 2617
1712271034788 103438.4 2618
1712271044906 103438.4 2619
1712271055036 103438.4 2620
1712271065153 103438.4 2621
1712271075331 103438.4 2622
1712271085462 103438.4 2623
1712271095746 103438.4 2624
1712271105918 103438.4 2625
1712271116126 103438.4 2626
1712271126322 103437.8 2627
1712271136493 103437.8 2628
1712271146675 103437.8 2629
1712271156789 103437.8 2630
1712271166963 103437.8 2631
1712271177259 103437.8 2632
1712271187440 103437.8 2633
1712271197642 103437.8 2634
1712271207820 103437.8 2635
1712271217948 103437.8 2636
1712271228148 114238.8 2637
1712271238361 114238.8 2638
1712271248551 110420.9 2639
1712271258730 108260.3 2640
1712271269053 108260.3 2641
1712271279187 108260.3 2642
1712271289363 108260.3 2643
1712271299538 108260.3 2644
1712271309712 108260.3 2645
1712271319898 108260.3 2646
1712271330063 108260.3 2647
1712271340165 108260.3 2648
1712271350360 108260.3 2649
1712271360641 108260.3 2650
1712271370843 108260.3 2651
1712271381035 108260.3 2652
1712271391233 108260.3 2653
1712271401361 108260.3 2654
1712271411593 108260.3 2655
1712271421948 110330.3 2656
1712271432151 107030.6 2657
1712271442354 104903.9 2658
1712271452552 103124.3 2659
1712271463274 103124.3 2660
1712271473472 103124.3 2661
1712271483650 103124.3 2662
1712271493853 103124.3 2663
1712271504026 103124.3 2664
1712271514193 103124.3 2665
1712271524292 103124.3 2666
1712271534472 103124.3 2667
1712271544805 103124.3 2668
1712271554991 103124.3 2669
1712271565175 103124.3 2670
1712271575367 103124.3 2671
1712271585473 103124.3 2672
1712271595653 103124.3 2673
1712271605829 103124.3 2674
1712271616016 103124.3 2675
1712271626212 103124.3 2676
1712271636493 103124.3 2677
1712271646613 103124.3 2678
1712271656800 103124.3 2679
1712271666984 103124.3 2680
1712271677164 103124.3 2681
1712271687371 103124.3 2682
1712271697563 103124.3 2683
1712271707658 103124.3 2684
1712271717839 103124.3 2685
1712271728124 103124.3 2686
1712271738308 103124.3 2687
1712271748487 103124.3 2688
1712271758608 103124.3 2689
1712271768793 103124.3 2690
1712271779016 103124.3 2691
1712271789212 103124.3 2692
1712271799413 103124.3 2693
1712271809608 103124.3 2694
1712271819916 103124.3 2695
1712271830097 103124.3 2696
1712271840283 103124.3 2697
1712271850469 103124.3 2698
1712271860652 103124.3 2699
1712271870828 103124.3 2700
1712271881020 103124.3 2701
1712271891198 103124.3 2702
1712271901395 103124.3 2703
1712271911714 103124.3 2704
1712271921892 103124.3 2705
1712271932076 103124.3 2706
1712271942244 103124.3 2707
1712271952433 103124.3 2708
1712271962629 103124.3 2709
1712271972833 103124.3 2710
1712271983017 103124.3 2711
1712271993206 103124.3 2712
1712272003388 103124.3 2713
1712272013571 103124.3 2714
1712272023778 103124.3 2715
1712272033968 103124.3 2716
1712272044151 103124.3 2717
1712272054348 103124.3 2718
1712272064536 103124.3 2719
1712272074728 103124.3 2720
1712272084904 103124.3 2721
1712272095219 103124.3 2722
1712272105401 103124.3 2723
1712272115620 103124.3 2724
1712272125809 103124.3 2725
1712272135988 103124.3 2726
1712272146161 103124.3 2727
1712272156368 103124.3 2728
1712272166534 103123.8 2729
1712272176718 103123.8 2730
1712272186997 103123.8 2731
1712272197201 103123.8 2732
1712272207406 103123.8 2733
1712272217612 103123.8 2734
1712272227787 103123.8 2735
1712272237927 103123.8 2736
1712272248123 103123.8 2737
1712272258276 103123.8 2738
1712272268404 103123.8 2739
1712272278754 103123.8 2740
1712272288885 103123.8 2741
1712272298995 103123.8 2742
1712272309178 103123.8 2743
1712272319297 103123.8 2744
1712272329398 103123.8 2745
1712272339518 103123.8 2746
1712272349718 103123.8 2747
1712272359960 103123.8 2748
1712272370087 103123.7 2749
1712272380269 103123.7 2750
1712272390371 103123.7 2751
1712272400466 103123.7 2752
1712272410673 103123.7 2753
1712272420793 103123.7 2754
1712272430895 103123.7 2755
1712272441098 103123.7 2756
1712272451368 103123.7 2757
1712272461480 103123.7 2758
1712272471678 103123.7 2759
1712272481784 103123.7 2760
1712272491898 103123.7 2761
1712272502090 103123.7 2762
1712272512243 103123.7 2763
1712272522337 103123.7 2764
1712272532518 103123.7 2765
1712272542740 103123.7 2766
1712272552941 103123.7 2767
1712272563123 103123.7 2768
1712272573324 103123.7 2769
1712272583522 103123.7 2770
1712272593722 103123.7 2771
1712272603847 103123.7 2772
1712272614052 103123.7 2773
1712272624259 103123.7 2774
1712272634560 103123.7 2775
1712272644734 103123.7 2776
1712272654956 103123.7 2777
1712272665061 114375.0 2778
1712272675324 114375.0 2779
1712272685512 111639.2 2780
1712272695693 108336.6 2781
1712272705875 108336.6 2782
1712272716059 108336.6 2783
1712272726291 108336.6 2784
1712272736477 108336.5 2785
1712272746665 108336.5 2786
1712272756853 108336.5 2787
1712272767040 108336.5 2788
1712272777218 108336.5 2789
1712272787344 108336.5 2790
1712272797536 108336.5 2791
1712272807722 108336.5 2792
1712272817994 108336.5 2793
1712272828171 108336.5 2794
1712272838279 108336.5 2795
1712272848489 108336.5 2796
1712272858737 112353.0 2797
1712272868960 106912.6 2798
1712272879208 106678.2 2799
1712272889436 103294.9 2800
1712272899545 114952.8 2801
1712272910238 118570.4 2802
1712272921030 112578.5 2803
1712272931266 107104.7 2804
1712272941485 105092.9 2805
1712272951674 103344.8 2806
1712272961792 103344.8 2807
1712272971981 103344.8 2808
1712272982173 103344.8 2809
1712272992365 103344.8 2810
1712273002677 103344.8 2811
1712273012889 103344.8 2812
1712273023014 103344.8 2813
1712273033219 103344.8 2814
1712273043403 103344.8 2815
1712273053597 103344.8 2816
1712273063782 103344.8 2817
1712273073966 103344.8 2818
1712273084074 103344.8 2819
1712273094382 103344.8 2820
1712273104605 103344.8 2821
1712273114797 103344.8 2822
1712273124984 103344.8 2823
1712273135182 103344.8 2824
1712273145297 103344.8 2825
1712273155501 103344.8 2826
1712273165685 103344.8 2827
1712273175863 103344.8 2828
1712273186192 103344.8 2829
1712273196394 103344.3 2830
1712273206483 103344.3 2831
1712273216673 103344.3 2832
1712273226857 103344.3 2833
1712273237032 103344.2 2834
1712273247239 103344.2 2835
1712273257402 103344.2 2836
1712273267520 103344.2 2837
1712273277718 103344.2 2838
1712273288058 103344.2 2839
1712273298241 103344.2 2840
1712273308422 103344.2 2841
1712273318524 103344.2 2842
1712273328692 103344.2 2843
1712273338903 103344.2 2844
1712273349090 103344.2 2845
1712273359372 103344.2 2846
1712273369555 103344.2 2847
1712273379674 103344.2 2848
1712273389863 103344.2 2849
1712273400069 103344.2 2850
1712273410260 103344.2 2851
1712273420448 103344.2 2852
1712273430633 103344.2 2853
1712273440750 103344.2 2854
1712273450938 103344.2 2855
1712273461235 103344.2 2856
1712273471432 103344.2 2857
1712273481624 103344.2 2858
1712273491814 103344.2 2859
1712273501955 103344.2 2860
1712273512155 103344.2 2861
1712273522344 103344.2 2862
1712273532536 103344.2 2863
1712273542734 103344.2 2864
1712273553053 103344.2 2865
1712273563145 103344.2 2866
1712273573322 103344.2 2867
1712273583504 103344.2 2868
1712273593697 103344.2 2869
1712273603933 103344.2 2870
1712273614243 103344.2 2871
1712273624336 103344.2 2872
1712273634518 103344.2 2873
1712273644698 103344.2 2874
1712273654889 103344.2 2875
1712273665080 103344.2 2876
1712273675386 103344.2 2877
1712273685502 103344.2 2878
1712273695718 103344.2 2879
1712273705912 103344.2 2880
1712273716120 103344.2 2881
1712273726311 103344.2 2882
1712273736515 103344.2 2883
1712273746628 103344.2 2884
1712273756828 103344.2 2885
1712273767011 103344.2 2886
1712273777208 103344.2 2887
1712273787520 103344.2 2888
1712273797725 103344.2 2889
1712273807913 103344.2 2890
1712273818124 103344.2 2891
1712273828293 103344.2 2892
1712273838472 103344.2 2893
1712273848661 103344.2 2894
1712273858780 103344.2 2895
1712273869102 103344.2 2896
1712273879330 103344.2 2897
1712273889521 103344.2 2898
1712273899706 103344.2 2899
1712273909891 103344.2 2900
1712273919999 103344.2 2901
1712273930202 103344.2 2902
1712273940512 103344.2 2903
1712273950720 103344.2 2904
1712273960825 103344.2 2905
1712273970987 103344.2 2906
1712273981124 103344.2 2907
1712273991248 103344.2 2908
1712274001834 103344.2 2909
1712274011939 103344.2 2910
1712274022039 103344.2 2911
1712274032218 103344.2 2912
1712274042314 103344.2 2913
1712274052441 103344.2 2914
1712274062600 103344.2 2915
1712274072793 103344.2 2916
1712274082950 103344.2 2917
1712274093109 103344.2 2918
1712274103333 103344.2 2919
1712274113521 103344.2 2920
1712274123694 114792.4 2921
1712274133847 110860.3 2922
1712274144046 107607.7 2923
1712274154196 107607.7 2924
1712274164285 107607.7 2925
1712274174441 107607.7 2926
1712274184590 107607.7 2927
1712274194882 107607.7 2928
1712274205064 107607.7 2929
1712274215226 107607.7 2930
1712274225328 107607.7 2931
1712274235514 107607.7 2932
1712274245670 107607.2 2933
1712274255834 107607.2 2934
1712274266142 107607.2 2935
1712274276297 107607.2 2936
1712274286404 107607.2 2937
1712274296571 107607.2 2938
1712274306738 107607.2 2939
1712274317023 107607.2 2940
1712274327215 107607.2 2941
1712274337378 107607.2 2942
1712274347481 107607.2 2943
1712274357637 107607.2 2944
1712274367789 107607.2 2945
1712274377953 107607.2 2946
1712274388113 107607.2 2947
1712274398204 107607.2 2948
1712274408370 107607.2 2949
1712274418548 107607.2 2950
1712274430801 107607.2 2951
1712274440978 113741.9 2952
1712274451177 107709.8 2953
1712274461267 106202.3 2954
1712274471484 104382.8 2955
1712274481660 102689.8 2956
1712274491818 102689.8 2957
1712274501985 102689.8 2958
1712274512153 102689.8 2959
1712274522889 102689.8 2960
1712274533056 102689.8 2961
1712274543226 102689.8 2962
1712274553411 102689.8 2963
1712274563588 102689.8 2964
1712274573741 102689.8 2965
1712274583980 102689.8 2966
1712274594136 102689.8 2967
1712274604302 102689.8 2968
1712274614492 102689.8 2969
1712274624655 102689.8 2970
1712274634815 102689.8 2971
1712274645021 102689.8 2972
1712274655187 102689.8 2973
1712274665357 102689.8 2974
1712274675522 102689.8 2975
1712274685714 102689.8 2976
1712274695889 102689.7 2977
1712274705988 102689.7 2978
1712274716175 102689.7 2979
1712274726345 102689.7 2980
1712274736526 102689.7 2981
1712274746691 102689.7 2982
1712274756978 102689.7 2983
1712274767075 102689.7 2984
1712274777257 102689.7 2985
1712274787439 102689.7 2986
1712274797609 102689.7 2987
1712274807789 102689.7 2988
1712274817892 102689.7 2989
1712274828081 102689.7 2990
1712274838381 102689.7 2991
1712274848549 102689.7 2992
1712274858718 102689.7 2993
1712274868879 102689.7 2994
1712274878982 102689.7 2995
1712274889169 102689.7 2996
1712274899334 102689.7 2997
1712274909622 102689.7 2998
1712274919799 102689.7 2999
1712274929995 102689.7 3000
1712274940093 102689.7 3001
1712274950295 102689.7 3002
1712274960467 102689.7 3003
1712274970800 102689.7 3004
1712274981004 102689.7 3005
1712274991178 102689.7 3006
1712275001278 102689.7 3007
1712275011443 102689.7 3008
1712275021605 102689.7 3009
1712275031772 102689.7 3010
1712275041941 102689.7 3011
1712275052111 102689.7 3012
1712275062201 102689.7 3013
1712275072511 102689.7 3014
1712275082692 102689.7 3015
1712275092853 102689.7 3016
1712275103033 102689.7 3017
1712275113214 102689.7 3018
1712275123311 102689.7 3019
1712275133509 102689.7 3020
1712275143682 102689.7 3021
1712275153860 102689.7 3022
1712275164156 102689.7 3023
1712275174358 102689.7 3024
1712275184457 102689.7 3025
1712275194632 102689.7 3026
1712275204803 102689.7 3027
1712275214959 102689.7 3028
1712275225244 102689.7 3029
1712275235406 102689.7 3030
1712275245529 102689.7 3031
1712275255699 102689.7 3032
1712275265894 102689.7 3033
1712275276062 102689.7 3034
1712275286345 102689.2 3035
1712275296511 102689.2 3036
1712275306609 102689.2 3037
1712275316782 102689.2 3038
1712275326958 102689.2 3039
1712275337141 102689.2 3040
1712275347313 102689.2 3041
1712275357484 102689.2 3042
1712275367590 102689.2 3043
1712275377748 102689.2 3044
1712275387923 102689.2 3045
1712275398227 102689.2 3046
1712275408424 102689.2 3047
1712275418527 102689.2 3048
1712275428702 102689.2 3049
1712275438859 102689.2 3050
1712275449036 102689.2 3051
1712275459214 102689.2 3052
1712275469396 102689.2 3053
1712275479604 102689.2 3054
1712275489780 102689.2 3055
1712275500011 102689.2 3056
1712275510184 102689.2 3057
1712275520350 102689.2 3058
1712275530511 102689.2 3059
1712275540601 102689.2 3060
1712275550897 102689.2 3061
1712275561067 102689.2 3062
1712275571235 102689.2 3063
1712275581397 102689.2 3064
1712275591571 102689.2 3065
1712275601669 102689.2 3066
1712275611842 102689.2 3067
1712275622135 102689.2 3068
1712275632328 102689.2 3069
1712275642499 102689.2 3070
1712275652668 113680.6 3071
1712275662773 109854.1 3072
1712275672937 107685.2 3073
1712275683294 107685.2 3074
1712275693474 107685.2 3075
1712275703634 107685.2 3076
1712275713799 107685.2 3077
1712275723901 107685.2 3078
1712275734064 107685.2 3079
1712275744334 107685.2 3080
1712275754508 107685.2 3081
1712275764672 107685.2 3082
1712275774832 107685.2 3083
1712275784932 107685.2 3084
1712275795095 107685.2 3085
1712275805254 107685.2 3086
1712275815522 107685.2 3087
1712275825697 107685.2 3088
1712275835861 107685.2 3089
1712275845954 107685.2 3090
1712275856127 107685.2 3091
1712275866293 107685.2 3092
1712275876573 107685.2 3093
1712275886741 107685.2 3094
1712275896897 107685.2 3095
1712275906996 107685.2 3096
1712275917160 107685.2 3097
1712275927333 107685.2 3098
1712275937606 107685.2 3099
1712275947760 107685.2 3100
1712275957885 107685.2 3101
1712275968207 112546.1 3102
1712275978399 108188.8 3103
1712275988607 105876.9 3104
1712275999312 104615.5 3105
1712276009505 102929.3 3106
1712276019608 102929.3 3107
1712276029819 102929.3 3108
1712276040419 102929.3 3109
1712276050608 102929.3 3110
1712276060778 102929.3 3111
1712276071068 102929.3 3112
1712276081165 102929.3 3113
1712276091348 102929.3 3114
1712276101519 102929.3 3115
1712276111686 102929.3 3116
1712276121865 102929.3 3117
1712276132035 102929.3 3118
1712276142258 102929.3 3119
1712276152426 102929.3 3120
1712276162606 102929.3 3121
1712276172771 102929.3 3122
1712276182947 102929.3 3123
1712276193108 102929.3 3124
1712276203211 102929.3 3125
1712276213393 102929.3 3126
1712276223659 102929.3 3127
1712276233846 102929.3 3128
1712276244018 102929.3 3129
1712276254195 102929.3 3130
1712276264295 102929.3 3131
1712276274484 102929.3 3132
1712276284676 102929.3 3133
1712276294978 102929.3 3134
1712276305169 102929.3 3135
1712276315333 102929.3 3136
1712276325429 102929.3 3137
1712276335600 102928.8 3138
1712276345770 102928.8 3139
1712276355976 102928.8 3140
1712276366279 102928.8 3141
1712276376446 102928.8 3142
1712276386542 102928.8 3143
1712276396713 102928.8 3144
1712276406873 102928.8 3145
1712276417074 102928.7 3146
1712276427269 102928.7 3147
1712276437565 102928.7 3148
1712276447696 102928.7 3149
1712276457866 102928.7 3150
1712276468044 102928.7 3151
1712276478237 102928.7 3152
1712276488414 102928.7 3153
1712276498526 102928.7 3154
1712276508835 102928.7 3155
1712276519017 102928.7 3156
1712276529194 102928.7 3157
1712276539402 102928.7 3158
1712276549602 102928.7 3159
1712276559705 102928.7 3160
1712276569890 102928.7 3161
1712276580176 102928.7 3162
1712276590346 102928.7 3163
1712276600502 102928.7 3164
1712276610664 102928.7 3165
1712276620761 102928.7 3166
1712276630950 102928.7 3167
1712276641125 102928.7 3168
1712276651289 102928.7 3169
1712276661598 102928.7 3170
1712276671766 102928.7 3171
1712276681871 102928.7 3172
1712276692051 102928.7 3173
1712276702237 102928.7 3174
1712276712411 102928.7 3175
1712276722711 102928.7 3176
1712276732909 102928.7 3177
1712276743007 102928.7 3178
1712276753184 102928.7 3179
1712276763370 102928.7 3180
1712276773528 102928.7 3181
1712276783697 102928.7 3182
1712276793883 102928.7 3183
1712276803974 102928.7 3184
1712276814267 102928.7 3185
1712276824451 102928.7 3186
1712276834632 102928.7 3187
1712276844835 102928.7 3188
1712276854995 102937.1 3189
1712276865096 102937.1 3190
1712276875401 102937.1 3191
1712276885603 102937.1 3192
1712276895776 102937.1 3193
1712276905964 102937.1 3194
1712276916177 102937.1 3195
1712276926289 102937.1 3196
1712276936585 102937.1 3197
1712276946777 102937.1 3198
1712276956951 102937.1 3199
1712276967121 102937.1 3200
1712276977320 102937.1 3201
1712276987431 102937.1 3202
1712276997744 102937.1 3203
1712277007935 102937.1 3204
1712277018156 102937.1 3205
1712277028370 102937.1 3206
1712277038493 102937.1 3207
1712277048656 102937.1 3208
1712277058967 102937.1 3209
1712277069141 102937.1 3210
1712277079347 102937.1 3211
1712277089513 102937.1 3212
1712277099617 102937.1 3213
1712277109903 102937.1 3214
1712277120089 102937.1 3215
1712277130277 102937.1 3216
1712277140447 102937.1 3217
1712277150627 102937.1 3218
1712277160752 102937.1 3219
1712277171105 102937.1 3220
1712277181299 112382.4 3221
1712277191484 110700.8 3222
1712277201661 107470.3 3223
1712277211845 107470.3 3224
1712277221947 107470.3 3225
1712277232208 107470.3 3226
1712277242382 107470.3 3227
1712277252559 107470.3 3228
1712277262731 107470.3 3229
1712277272920 107470.3 3230
1712277283011 107470.3 3231
1712277293292 107470.3 3232
1712277303460 107470.3 3233
1712277313645 107470.3 3234
1712277323818 107470.3 3235
1712277334012 107470.3 3236
1712277344198 107470.3 3237
1712277354367 107470.3 3238
1712277364530 107470.3 3239
1712277374699 107469.8 3240
1712277384878 107469.8 3241
1712277395043 107469.8 3242
1712277405235 107469.8 3243
1712277415412 107469.8 3244
1712277425571 107469.8 3245
1712277435744 107469.8 3246
1712277445919 107469.8 3247
1712277456090 107469.8 3248
1712277466294 107469.8 3249
1712277476485 107469.8 3250
1712277486668 107469.8 3251
1712277497043 112554.6 3252
1712277507249 108105.9 3253
1712277517505 106163.2 3254
1712277528566 104673.8 3255
1712277538812 102927.4 3256
1712277548993 102927.4 3257
1712277559184 102927.4 3258
1712277569362 102927.4 3259
1712277579467 102927.4 3260
1712277589744 102927.4 3261
1712277599924 102927.4 3262
1712277610101 102927.4 3263
1712277620277 102927.4 3264
1712277630444 102927.4 3265
1712277640548 102927.4 3266
1712277650834 102927.4 3267
1712277661004 102927.4 3268
1712277671181 102927.4 3269
1712277681367 102927.4 3270
1712277691546 102927.4 3271
1712277701652 102927.4 3272
1712277711821 102927.4 3273
1712277721988 102927.4 3274
1712277732180 102927.3 3275
1712277742381 102927.3 3276
1712277752552 102927.3 3277
1712277762761 102927.3 3278
1712277772950 102927.3 3279
1712277783130 102927.3 3280
1712277793304 102927.3 3281
1712277803509 102927.3 3282
1712277813696 102927.3 3283
1712277823924 102927.3 3284
1712277834100 102927.3 3285
1712277844261 102927.3 3286
1712277854443 102927.3 3287
1712277864639 102927.3 3288
1712277874824 102927.3 3289
1712277885051 102927.3 3290
1712277895231 102927.3 3291
1712277905417 102927.3 3292
1712277915594 102927.3 3293
1712277925770 102927.3 3294
1712277935941 102927.3 3295
1712277946156 102927.3 3296
1712277956322 102927.3 3297
1712277966492 102927.3 3298
1712277976684 102927.3 3299
1712277986858 102927.3 3300
1712277997141 102927.3 3301
1712278007247 102927.3 3302
1712278017422 102927.3 3303
1712278027621 102927.3 3304
1712278037790 102927.3 3305
1712278047974 102927.3 3306
1712278058189 102927.3 3307
1712278068407 102927.3 3308
1712278078607 102927.3 3309
1712278088789 102927.3 3310
1712278098965 102927.3 3311
1712278109147 102927.3 3312
1712278119360 102927.3 3313
1712278129540 102927.3 3314
1712278139721 102927.3 3315
1712278149898 102927.3 3316
1712278160064 102927.3 3317
1712278170230 102927.3 3318
1712278180458 102927.3 3319
1712278190651 102927.3 3320
1712278200842 102927.3 3321
1712278211024 102927.3 3322
1712278221198 102927.3 3323
1712278231380 102927.3 3324
1712278241610 102927.3 3325
1712278251796 102927.3 3326
1712278261983 102927.3 3327
1712278272175 102927.3 3328
1712278282362 102927.3 3329
1712278292659 102927.3 3330
1712278302774 102927.3 3331
1712278312961 102927.3 3332
1712278323136 102927.3 3333
1712278333333 102927.3 3334
1712278343518 102927.3 3335
1712278353819 102927.3 3336
1712278363922 102927.3 3337
1712278374113 102927.3 3338
1712278384281 102927.3 3339
1712278394466 102927.3 3340
1712278404659 102927.3 3341
1712278414948 102927.3 3342
1712278425068 102926.8 3343
1712278435273 102926.8 3344
1712278445471 102926.8 3345
1712278455676 102926.8 3346
1712278465871 102926.8 3347
1712278476177 102926.8 3348
1712278486327 102926.8 3349
1712278496532 102926.8 3350
1712278506710 102926.8 3351
1712278516916 102926.8 3352
1712278527090 102926.8 3353
1712278537417 102926.8 3354
1712278547541 102926.8 3355
1712278557743 102926.8 3356
1712278567915 102926.8 3357
1712278578081 102926.8 3358
1712278588381 102926.8 3359
1712278598515 102926.8 3360
1712278608722 102926.8 3361
1712278618956 102926.8 3362
1712278629137 102926.8 3363
1712278639330 102926.8 3364
1712278649625 102926.8 3365
1712278659741 102926.8 3366
1712278669926 102926.8 3367
1712278680125 102926.8 3368
1712278690317 102926.8 3369
1712278700522 102926.8 3370
1712278710814 113884.2 3371
1712278720923 112250.8 3372
1712278731115 107770.4 3373
1712278741295 107770.4 3374
1712278751494 107770.4 3375
1712278761662 107770.4 3376
1712278771986 107770.4 3377
1712278782092 107770.4 3378
1712278792265 107770.4 3379
1712278802446 107770.4 3380
1712278812620 107770.4 3381
1712278822798 107770.4 3382
1712278833099 107770.4 3383
1712278843205 107770.4 3384
1712278853386 107770.4 3385
1712278863557 107770.4 3386
1712278873722 107770.4 3387
1712278883886 107770.4 3388
1712278894051 107770.4 3389
1712278904157 107770.4 3390
1712278914321 107770.4 3391
1712278924503 107770.4 3392
1712278934674 107770.4 3393
1712278944962 107770.4 3394
1712278955131 107770.4 3395
1712278965228 107770.4 3396
1712278975400 107770.4 3397
1712278985568 107770.4 3398
1712278995743 107770.4 3399
1712279006041 107770.4 3400
1712279016215 107770.4 3401
1712279026320 107770.4 3402
