1712244508274 151069.4 0
1712244518360 151069.4 1
1712244528436 158196.2 2
1712244538533 163692.2 3
1712244548607 168036.6 4
1712244558673 169112.8 5
1712244568785 169112.8 6
1712244578817 169112.8 7
1712244588855 169112.8 8
1712244598921 169112.8 9
1712244608999 169112.8 10
1712244619073 169112.8 11
1712244629137 169112.8 12
1712244639226 169112.8 13
1712244649309 169112.8 14
1712244659384 169112.8 15
1712244669488 169112.8 16
1712244679585 169112.8 17
1712244689655 169112.8 18
1712244699757 169112.8 19
1712244709834 169112.8 20
1712244719901 169112.8 21
1712244729967 169112.9 22
1712244740044 169112.9 23
1712244750113 169112.9 24
1712244760184 169112.9 25
1712244770256 169112.9 26
1712244780326 169112.9 27
1712244790404 169112.9 28
1712244800472 169112.9 29
1712244810566 169112.9 30
1712244820665 169112.9 31
1712244830731 169112.9 32
1712244840793 169112.9 33
1712244850897 169112.9 34
1712244860982 169112.9 35
1712244871051 169112.9 36
1712244881129 169112.9 37
1712244891192 169112.9 38
1712244901264 169112.9 39
1712244911355 169112.9 40
1712244921387 169112.9 41
1712244931459 169112.9 42
1712244941492 169112.9 43
1712244951578 169112.9 44
1712244961610 169112.9 45
1712244971651 169112.9 46
1712244981753 169112.9 47
1712244991792 169112.9 48
1712245001824 169112.9 49
1712245011877 169112.9 50
1712245021907 169112.9 51
1712245031940 169112.9 52
1712245041966 169112.9 53
1712245051992 169112.9 54
1712245062024 169112.9 55
1712245072064 169112.9 56
1712245082141 169112.9 57
1712245092210 169113.4 58
1712245102277 169113.4 59
1712245112355 169113.4 60
1712245122383 169113.4 61
1712245132456 169113.4 62
1712245142551 169113.4 63
1712245152621 169113.4 64
1712245162698 169113.4 65
1712245172787 169113.4 66
1712245182815 169113.4 67
1712245192895 169113.4 68
1712245202978 169113.4 69
1712245213077 169113.4 70
1712245223156 169113.4 71
1712245233240 169113.4 72
1712245243269 169113.4 73
1712245253350 169113.4 74
1712245263440 169113.4 75
1712245273520 169113.4 76
1712245283596 169113.4 77
1712245293688 169113.4 78
1712245303721 169113.4 79
1712245313788 169113.4 80
1712245323880 169113.4 81
1712245333954 169113.4 82
1712245344026 169113.4 83
1712245354100 169113.4 84
1712245364129 169113.4 85
1712245374226 169113.4 86
1712245384330 169113.4 87
1712245394416 169113.4 88
1712245404530 169113.4 89
1712245414632 169113.4 90
1712245424666 169113.4 91
1712245434760 169113.4 92
1712245444827 169113.4 93
1712245454915 169113.4 94
1712245465002 169113.4 95
1712245475074 169113.4 96
1712245485109 169113.4 97
1712245495210 169113.4 98
1712245505295 169113.4 99
1712245515386 169113.4 100
1712245525474 169113.4 101
1712245535556 169113.4 102
1712245545593 169113.4 103
1712245555703 169113.4 104
1712245565806 169113.4 105
1712245575905 169113.4 106
1712245586007 169113.4 107
1712245596109 169113.4 108
1712245606149 169113.4 109
1712245616241 169113.4 110
1712245626332 169113.4 111
1712245636417 169113.5 112
1712245646528 169113.5 113
1712245656609 169113.5 114
1712245666639 169113.5 115
1712245676721 169113.5 116
1712245686826 169113.5 117
1712245696927 169113.5 118
1712245707002 169113.5 119
1712245717090 169113.5 120
1712245727118 169113.5 121
1712245737194 169113.5 122
1712245747295 157379.5 123
1712245757388 159051.3 124
1712245767488 164478.1 125
1712245777583 164478.1 126
1712245787612 164478.1 127
1712245797638 164478.1 128
1712245807723 164478.1 129
1712245817759 164478.1 130
1712245827798 164478.1 131
1712245837829 164478.1 132
1712245847864 164478.1 133
1712245857939 164478.1 134
1712245868037 164478.1 135
1712245878122 164478.1 136
1712245888227 164478.1 137
1712245898255 164478.1 138
1712245908344 164478.1 139
1712245920215 164478.1 140
1712245930303 158296.8 141
1712245940473 164281.7 142
1712245950583 168637.7 143
1712245960622 169891.5 144
1712245970711 171543.9 145
1712245980797 171543.9 146
1712245990903 171543.9 147
1712246000985 171543.9 148
1712246011084 171543.9 149
1712246021119 171543.9 150
1712246031209 171544.0 151
1712246041306 171544.0 152
1712246051393 171544.0 153
1712246061470 171544.0 154
1712246071567 171544.0 155
1712246081600 171544.0 156
1712246091697 171544.0 157
1712246101778 171544.0 158
1712246111873 171544.0 159
1712246121962 171544.0 160
1712246132060 171544.5 161
1712246142097 171544.5 162
1712246152209 171544.5 163
1712246162287 171544.5 164
1712246172368 171544.5 165
1712246182461 171544.5 166
1712246192577 171544.5 167
1712246202613 171544.5 168
1712246212712 171544.5 169
1712246222791 171544.5 170
1712246232879 171544.5 171
1712246242965 171544.5 172
1712246253059 171544.5 173
1712246263090 171544.5 174
1712246273175 171544.5 175
1712246283251 171544.5 176
1712246293355 171544.5 177
1712246303462 171544.5 178
1712246313541 171544.5 179
1712246323571 171544.5 180
1712246333663 171544.5 181
1712246343753 171544.5 182
1712246353867 171544.5 183
1712246363960 171544.5 184
1712246374047 171544.5 185
1712246384077 171544.5 186
1712246394183 171544.5 187
1712246404266 171544.5 188
1712246414354 171544.5 189
1712246424446 171544.5 190
1712246434540 171544.5 191
1712246444581 171544.5 192
1712246454679 171544.5 193
1712246464775 171544.5 194
1712246474880 171544.5 195
1712246484985 171544.5 196
1712246495100 171544.5 197
1712246505144 171544.5 198
1712246515242 171544.5 199
1712246525328 171544.5 200
1712246535423 171544.5 201
1712246545504 171544.5 202
1712246555619 171544.5 203
1712246565650 171544.5 204
1712246575760 171544.5 205
1712246585851 171544.5 206
1712246595956 171544.5 207
1712246606049 171544.5 208
1712246616156 171544.5 209
1712246626195 171544.5 210
1712246636283 171544.5 211
1712246646363 171544.5 212
1712246656449 171544.5 213
1712246666555 171544.5 214
1712246676655 171544.5 215
1712246686692 171544.5 216
1712246696799 171544.5 217
1712246706883 171544.5 218
1712246716968 171544.5 219
1712246727009 171544.5 220
1712246737119 171544.5 221
1712246747211 171544.6 222
1712246757298 171544.6 223
1712246767383 171544.6 224
1712246777468 171544.6 225
1712246787552 171544.6 226
1712246797630 171544.6 227
1712246807716 171544.6 228
1712246817815 171544.6 229
1712246827892 171544.6 230
1712246837984 171544.6 231
1712246848066 171544.6 232
1712246858159 171544.6 233
1712246868253 171544.6 234
1712246878346 171544.6 235
1712246888423 171544.6 236
1712246898509 171544.6 237
1712246908590 171544.6 238
1712246918678 171544.6 239
1712246928766 171544.6 240
1712246938858 171544.6 241
1712246948954 171544.6 242
1712246959033 171544.6 243
1712246969127 171544.6 244
1712246979215 171544.6 245
1712246989325 171544.6 246
1712246999403 171544.6 247
1712247009485 171544.6 248
1712247019585 171544.6 249
1712247029677 171544.6 250
1712247039792 171544.6 251
1712247049878 171544.6 252
1712247059975 171544.6 253
1712247070057 171544.6 254
1712247080157 171544.6 255
1712247090249 171544.6 256
1712247100340 171544.6 257
1712247110420 171544.6 258
1712247120509 171544.6 259
1712247130600 171544.6 260
1712247140699 171544.6 261
1712247150785 159198.9 262
1712247160872 159198.9 263
1712247170975 164133.6 264
1712247181089 165212.6 265
1712247191197 165212.6 266
1712247201314 165212.6 267
1712247211394 165212.6 268
1712247221487 165212.6 269
1712247231569 165212.6 270
1712247241648 165212.6 271
1712247251755 165212.6 272
1712247261849 165212.6 273
1712247271932 165212.6 274
1712247282015 165212.6 275
1712247292107 165212.6 276
1712247302202 165212.6 277
1712247312304 165212.6 278
1712247322428 165212.6 279
1712247332535 165212.6 280
1712247342695 164321.6 281
1712247352805 168692.5 282
1712247362904 170036.3 283
1712247373014 171604.2 284
1712247383112 171604.2 285
1712247393231 171604.2 286
1712247403324 171604.2 287
1712247413432 171604.2 288
1712247423530 171604.2 289
1712247433620 171604.2 290
1712247443702 171604.2 291
1712247453785 171604.2 292
1712247463876 171604.2 293
1712247473965 171604.2 294
1712247484061 171604.2 295
1712247494154 171604.2 296
1712247504232 171604.2 297
1712247514326 171604.2 298
1712247524411 171604.2 299
1712247534499 171604.2 300
1712247544584 171604.2 301
1712247554697 171604.2 302
1712247564804 171604.2 303
1712247574913 171604.2 304
1712247585001 171604.2 305
1712247595089 171604.2 306
1712247605183 171604.2 307
1712247615266 171604.2 308
1712247625353 171604.2 309
1712247635461 171604.2 310
1712247645569 171604.2 311
1712247655659 171604.2 312
1712247665746 171604.2 313
1712247675828 171604.2 314
1712247685910 171604.2 315
1712247696009 171604.2 316
1712247706107 171604.2 317
1712247716207 171604.2 318
1712247726310 171604.2 319
1712247736408 171604.2 320
1712247746493 171604.2 321
1712247756591 171604.2 322
1712247766682 171604.2 323
1712247776781 171604.2 324
1712247786883 171604.2 325
1712247796977 171604.2 326
1712247807062 171604.2 327
1712247817147 171604.2 328
1712247827241 171604.2 329
1712247837340 171604.2 330
1712247847428 171604.2 331
1712247857522 171604.2 332
1712247867634 171604.2 333
1712247877835 171604.2 334
1712247887938 171604.2 335
1712247898031 171604.2 336
1712247908122 171604.2 337
1712247918227 171604.2 338
1712247928331 171604.2 339
1712247938432 171604.2 340
1712247948569 171604.2 341
1712247958678 171604.2 342
1712247968787 171604.2 343
1712247978888 171604.2 344
1712247988978 171604.2 345
1712247999080 171604.2 346
1712248009197 171604.2 347
1712248019296 171604.2 348
1712248029400 171604.2 349
1712248039484 171604.2 350
1712248049569 171604.2 351
1712248059656 171604.2 352
1712248069744 171604.2 353
1712248079848 171604.2 354
1712248089943 171604.2 355
1712248100042 171604.2 356
1712248110170 171604.2 357
1712248120261 171604.2 358
1712248130358 171604.2 359
1712248140477 171604.2 360
1712248150587 171604.3 361
1712248160688 171604.3 362
1712248170792 171604.3 363
1712248180870 171604.3 364
1712248190966 171604.3 365
1712248201084 171604.3 366
1712248211176 171604.8 367
1712248221282 171604.8 368
1712248231374 171604.8 369
1712248241463 171604.8 370
1712248251546 171604.8 371
1712248261639 171604.8 372
1712248271742 171604.8 373
1712248281837 171604.8 374
1712248291931 171604.8 375
1712248302023 171604.8 376
1712248312110 171604.8 377
1712248322229 171604.8 378
1712248332326 171604.8 379
1712248342418 171604.8 380
1712248352509 171604.8 381
1712248362606 171604.8 382
1712248372699 171604.8 383
1712248382791 171604.8 384
1712248392877 171604.8 385
1712248402968 171604.8 386
1712248413058 171604.8 387
1712248423178 171604.8 388
1712248433273 171604.8 389
1712248443367 171604.8 390
1712248453463 171604.8 391
1712248463550 171604.8 392
1712248473659 171604.8 393
1712248483760 171604.8 394
1712248493858 171604.8 395
1712248503956 171604.8 396
1712248514054 171604.8 397
1712248524139 171604.8 398
1712248534228 171604.8 399
1712248544322 171604.8 400
1712248554423 159155.8 401
1712248564549 160793.1 402
1712248574662 165144.8 403
1712248584765 165144.8 404
1712248594855 165144.8 405
1712248604951 165144.8 406
1712248615058 165144.8 407
1712248625157 165144.8 408
1712248635257 165144.8 409
1712248645354 165144.8 410
1712248655448 165144.8 411
1712248665535 165144.8 412
1712248675636 165144.8 413
1712248685738 165144.8 414
1712248695830 165144.8 415
1712248706664 165144.8 416
1712248716756 165144.8 417
1712248726845 165144.8 418
1712248737693 160897.3 419
1712248747812 167413.8 420
1712248757930 169625.1 421
1712248768037 171577.4 422
1712248778151 171577.4 423
1712248788257 171577.4 424
1712248798368 171577.4 425
1712248808480 171577.4 426
1712248818610 171577.4 427
1712248828702 171577.4 428
1712248838844 171577.4 429
1712248848935 171577.4 430
1712248859048 171577.4 431
1712248869165 171577.4 432
1712248879282 171577.4 433
1712248889392 171577.4 434
1712248899513 171577.4 435
1712248909624 171577.4 436
1712248919728 171577.4 437
1712248929850 171577.4 438
1712248939961 171577.4 439
1712248950086 171577.4 440
1712248960207 171577.4 441
1712248970316 171577.4 442
1712248980433 171577.4 443
1712248990555 171577.4 444
1712249000676 171577.5 445
1712249010790 171577.5 446
1712249020901 171577.5 447
1712249031021 171577.5 448
1712249041140 171577.5 449
1712249051259 171577.5 450
1712249061395 171577.5 451
1712249071504 171577.5 452
1712249081627 171577.5 453
1712249091742 171577.5 454
1712249101862 171577.5 455
1712249111973 171577.5 456
1712249122082 171577.5 457
1712249132205 171577.5 458
1712249142323 171577.5 459
1712249152431 171577.5 460
1712249162542 171577.5 461
1712249172646 171577.5 462
1712249182759 171577.5 463
1712249192878 171577.5 464
1712249202994 171577.5 465
1712249213116 171577.5 466
1712249223238 171577.5 467
1712249233351 171577.5 468
1712249243462 171577.5 469
1712249253594 171578.0 470
1712249263729 171578.0 471
1712249273840 171578.0 472
1712249283950 171578.0 473
1712249294068 171578.0 474
1712249304184 171578.0 475
1712249314281 171578.0 476
1712249324382 171578.0 477
1712249334496 171578.0 478
1712249344579 171578.0 479
1712249354688 171578.0 480
1712249364776 171578.0 481
1712249374888 171578.0 482
1712249384985 171578.0 483
1712249395074 171578.0 484
1712249405159 171578.0 485
1712249415250 171578.0 486
1712249425340 171578.0 487
1712249435454 171578.0 488
1712249445548 171578.0 489
1712249455641 171578.0 490
1712249465749 171578.0 491
1712249475834 171578.0 492
1712249486517 171578.0 493
1712249496623 171578.0 494
1712249506744 171578.0 495
1712249516894 171578.0 496
1712249527005 171578.0 497
1712249537099 171578.0 498
1712249547208 171578.0 499
1712249557331 171578.0 500
1712249567431 171578.0 501
1712249577547 171578.0 502
1712249587684 171578.0 503
1712249597779 171578.0 504
1712249607873 171578.0 505
1712249617971 171578.0 506
1712249628057 171578.0 507
1712249638168 171578.0 508
1712249648260 171578.0 509
1712249658349 171578.0 510
1712249668455 171578.0 511
1712249678552 171578.0 512
1712249688666 171578.0 513
1712249698773 171578.0 514
1712249708861 171578.0 515
1712249718977 171578.0 516
1712249729087 171578.0 517
1712249739207 171578.0 518
1712249749321 171578.0 519
1712249759406 171578.0 520
1712249769496 171578.0 521
1712249779591 171578.0 522
1712249789691 171578.0 523
1712249799811 171578.0 524
1712249809923 171578.0 525
1712249820046 171578.0 526
1712249830183 171578.0 527
1712249840296 171578.0 528
1712249850429 171578.0 529
1712249860529 171578.0 530
1712249870630 171578.0 531
1712249880747 171578.0 532
1712249890839 171578.0 533
1712249900946 171578.0 534
1712249911055 171578.0 535
1712249921167 171578.0 536
1712249931280 171578.0 537
1712249941385 171578.0 538
1712249951486 171578.0 539
1712249961587 160062.6 540
1712249971694 160062.6 541
1712249981799 165001.6 542
1712249991902 165001.6 543
1712250002009 165001.6 544
1712250012127 165001.6 545
1712250022238 165001.6 546
1712250032354 165001.6 547
1712250042450 165001.6 548
1712250052561 165001.6 549
1712250062654 165001.6 550
1712250072754 165001.6 551
1712250082852 165001.6 552
1712250092953 165001.6 553
1712250103043 165001.6 554
1712250113151 165001.6 555
1712250123246 165001.6 556
1712250133345 165001.6 557
1712250143537 160901.0 558
1712250153662 167420.2 559
1712250163780 169594.8 560
1712250173884 171588.7 561
1712250183984 171588.7 562
1712250194108 171588.7 563
1712250204248 171588.7 564
1712250214365 171588.7 565
1712250224479 171588.7 566
1712250234592 171588.7 567
1712250244715 171588.7 568
1712250254835 171588.7 569
1712250264964 171588.7 570
1712250275086 171588.7 571
1712250285195 171589.2 572
1712250295320 171589.2 573
1712250305409 171589.2 574
1712250315511 171589.2 575
1712250325614 171589.2 576
1712250335717 171589.2 577
1712250345812 171589.2 578
1712250355934 171589.2 579
1712250366031 171589.2 580
1712250376132 171589.2 581
1712250386234 171589.2 582
1712250396339 171589.2 583
1712250406439 171589.2 584
1712250416536 171589.2 585
1712250426642 171589.2 586
1712250436752 171589.2 587
1712250446859 171589.2 588
1712250456975 171589.2 589
1712250467093 171589.2 590
1712250477196 171589.2 591
1712250487304 171589.2 592
1712250497398 171589.2 593
1712250507492 171589.2 594
1712250517587 171589.2 595
1712250527670 171589.2 596
1712250537781 171589.2 597
1712250547878 171589.2 598
1712250557983 171589.2 599
1712250568074 171589.2 600
1712250578175 171589.2 601
1712250588257 171589.2 602
1712250598376 171589.2 603
1712250608480 171589.2 604
1712250618612 171589.2 605
1712250628742 171589.2 606
1712250638845 171589.2 607
1712250648958 171589.2 608
1712250659067 171589.2 609
1712250669173 171589.2 610
1712250679279 171589.2 611
1712250689402 171589.2 612
1712250699507 171589.2 613
1712250709597 171589.2 614
1712250719694 171589.2 615
1712250729808 171589.2 616
1712250739904 171589.2 617
1712250749995 171589.2 618
1712250760088 171589.2 619
1712250770182 171589.2 620
1712250780298 171589.2 621
1712250790397 171589.2 622
1712250800511 171589.2 623
1712250810606 171589.2 624
1712250820703 171589.2 625
1712250830796 171589.2 626
1712250840898 171589.2 627
1712250850994 171589.2 628
1712250861115 171589.2 629
1712250871218 171589.2 630
1712250881316 171589.2 631
1712250891417 171589.2 632
1712250901528 171589.2 633
1712250911627 171589.2 634
1712250921717 171589.2 635
1712250931809 171589.2 636
1712250941904 171589.2 637
1712250951999 171589.2 638
1712250962084 171589.2 639
1712250972186 171589.2 640
1712250982306 171589.2 641
1712250992396 171589.2 642
1712251002501 171589.2 643
1712251012590 171589.2 644
1712251022689 171589.2 645
1712251032780 171589.2 646
1712251042895 171589.2 647
1712251052997 171589.2 648
1712251063111 171589.2 649
1712251073306 171589.2 650
1712251083432 171589.2 651
1712251093549 171589.2 652
1712251103651 171589.2 653
1712251113774 171589.2 654
1712251123892 171589.2 655
1712251133990 171589.2 656
1712251144091 171589.2 657
1712251154209 171589.2 658
1712251164308 171589.2 659
1712251174410 171589.2 660
1712251184518 171589.2 661
1712251194619 171589.2 662
1712251204748 171589.2 663
1712251214845 171589.2 664
1712251224968 171589.2 665
1712251235069 171589.2 666
1712251245170 171589.2 667
1712251255273 171589.2 668
1712251265381 171589.3 669
1712251275481 171589.3 670
1712251285593 171589.3 671
1712251295705 171589.3 672
1712251305817 171589.3 673
1712251315924 171589.3 674
1712251326015 171589.8 675
1712251336140 171589.8 676
1712251346250 171589.8 677
1712251356378 171589.8 678
1712251366492 159174.1 679
1712251376614 161879.2 680
1712251386723 165163.3 681
1712251396842 165163.3 682
1712251406947 165163.3 683
1712251417065 165163.3 684
1712251427167 165163.3 685
1712251437284 165163.3 686
1712251447400 165163.3 687
1712251457515 165163.3 688
1712251467640 165163.3 689
1712251477765 165163.3 690
1712251487864 165163.3 691
1712251497987 165163.3 692
1712251508107 165163.3 693
1712251518229 165163.3 694
1712251528333 165163.3 695
1712251538434 165163.3 696
1712251548550 163099.1 697
1712251558684 168551.1 698
1712251568802 170049.7 699
1712251578918 171606.4 700
1712251589023 171606.4 701
1712251599143 171606.4 702
1712251609270 171606.4 703
1712251619369 171606.4 704
1712251629486 171606.4 705
1712251639591 171606.4 706
1712251649705 171606.4 707
1712251659829 171606.4 708
1712251669944 171606.4 709
1712251680044 171606.4 710
1712251690147 171606.4 711
1712251700246 171606.4 712
1712251710357 171606.4 713
1712251720445 171606.4 714
1712251730542 171606.5 715
1712251740671 171606.5 716
1712251750772 171606.5 717
1712251760879 171606.5 718
1712251770973 171606.5 719
1712251781075 171606.5 720
1712251791171 171606.5 721
1712251801273 171606.5 722
1712251811374 171606.5 723
1712251821737 171606.5 724
1712251831859 171606.5 725
1712251841974 171606.5 726
1712251852071 171606.5 727
1712251862194 171606.5 728
1712251872294 171606.5 729
1712251882412 171606.5 730
1712251892523 171606.5 731
1712251902632 171606.5 732
1712251912736 171606.5 733
1712251922842 171606.5 734
1712251932942 171606.5 735
1712251943053 171606.5 736
1712251953169 171606.5 737
1712251963292 171606.5 738
1712251973403 171606.5 739
1712251983513 171606.5 740
1712251993616 171606.5 741
1712252003715 171606.5 742
1712252013808 171606.5 743
1712252023925 171606.5 744
1712252034040 171606.5 745
1712252044141 171606.5 746
1712252054249 171606.5 747
1712252064350 171606.5 748
1712252074479 171606.5 749
1712252084590 171606.5 750
1712252094709 171606.5 751
1712252104828 171606.5 752
1712252114949 171606.5 753
1712252125049 171606.5 754
1712252135159 171606.5 755
1712252145288 171606.5 756
1712252155417 171606.5 757
1712252165528 171606.5 758
1712252175625 171606.5 759
1712252185839 171606.5 760
1712252195952 171606.5 761
1712252206054 171606.5 762
1712252216173 171606.5 763
1712252226268 171606.5 764
1712252236373 171606.5 765
1712252246466 171606.5 766
1712252256560 171606.5 767
1712252266650 171606.5 768
1712252276756 171606.5 769
1712252286857 171606.5 770
1712252296960 171606.5 771
1712252307057 171606.5 772
1712252317159 171606.5 773
1712252327265 171606.5 774
1712252337376 171606.5 775
1712252347494 171606.5 776
1712252357594 171606.5 777
1712252367714 171607.0 778
1712252377826 171607.0 779
1712252387926 171607.0 780
1712252398026 171607.0 781
1712252408136 171607.0 782
1712252418270 171607.0 783
1712252428377 171607.0 784
1712252438487 171607.0 785
1712252448616 171607.0 786
1712252458765 171607.0 787
1712252468886 171607.0 788
1712252478995 171607.0 789
1712252489099 171607.0 790
1712252499216 171607.0 791
1712252509338 171607.0 792
1712252519446 171607.0 793
1712252529540 171607.0 794
1712252539644 171607.0 795
1712252549773 171607.0 796
1712252559908 171607.0 797
1712252570032 171607.0 798
1712252580141 171607.0 799
1712252590244 171607.0 800
1712252600339 171607.0 801
1712252610445 171607.0 802
1712252620548 171607.0 803
1712252630658 171607.0 804
1712252640769 171607.0 805
1712252650988 171607.0 806
1712252661130 171607.0 807
1712252671244 171607.0 808
1712252681366 171607.0 809
1712252691481 171607.0 810
1712252701598 171607.0 811
1712252711695 171607.0 812
1712252721799 171607.0 813
1712252731904 171607.0 814
1712252742010 171607.0 815
1712252752120 171607.0 816
1712252762229 159211.9 817
1712252772337 159211.9 818
1712252782458 165191.0 819
1712252792567 165191.0 820
1712252802676 165191.0 821
1712252812811 165191.0 822
1712252822925 165191.0 823
1712252833031 165191.0 824
1712252843140 165191.0 825
1712252853261 165191.0 826
1712252863384 165191.0 827
1712252873499 165191.0 828
1712252883611 165191.0 829
1712252893714 165191.0 830
1712252903824 165191.0 831
1712252913936 165191.0 832
1712252924044 165191.0 833
1712252934267 165191.0 834
1712252944416 160945.5 835
1712252954579 167485.5 836
1712252964746 168631.1 837
1712252974879 171607.8 838
1712252985005 171607.8 839
1712252995122 171607.8 840
1712253005238 171607.8 841
1712253015352 171607.8 842
1712253025460 171607.8 843
1712253035579 171607.8 844
1712253045689 171607.8 845
1712253055790 171607.8 846
1712253065887 171607.8 847
1712253076004 171607.8 848
1712253086116 171607.8 849
1712253096211 171607.8 850
1712253106316 171607.8 851
1712253116421 171607.8 852
1712253126529 171607.8 853
1712253136635 171607.8 854
1712253146743 171607.8 855
1712253156841 171607.8 856
1712253166960 171607.8 857
1712253177080 171607.8 858
1712253187187 171607.8 859
1712253197303 171607.8 860
1712253207430 171607.8 861
1712253217552 171607.8 862
1712253227667 171607.8 863
1712253237783 171607.8 864
1712253247903 171607.8 865
1712253258031 171607.8 866
1712253268168 171607.8 867
1712253278290 171607.8 868
1712253288400 171607.8 869
1712253298495 171607.8 870
1712253308618 171607.8 871
1712253318738 171607.8 872
1712253328840 171607.8 873
1712253338940 171607.8 874
1712253349048 171607.8 875
1712253359161 171607.8 876
1712253369276 171607.8 877
1712253379397 171607.8 878
1712253389495 171607.8 879
1712253399600 171607.8 880
1712253409715 171608.3 881
1712253419813 171608.4 882
1712253429911 171608.4 883
1712253440016 171608.4 884
1712253450114 171608.4 885
1712253460221 171608.4 886
1712253470324 171608.4 887
1712253480424 171608.4 888
1712253490574 171608.4 889
1712253500694 171608.4 890
1712253510812 171608.4 891
1712253520930 171608.4 892
1712253531068 171608.4 893
1712253541187 171608.4 894
1712253551345 171608.4 895
1712253561473 171608.4 896
1712253571617 171608.4 897
1712253581733 171608.4 898
1712253591848 171608.4 899
1712253601958 171608.4 900
1712253612064 171608.4 901
1712253622172 171608.4 902
1712253632274 171608.4 903
1712253642382 171608.4 904
1712253652484 171608.4 905
1712253662600 171608.4 906
1712253672700 171608.4 907
1712253682825 171608.4 908
1712253692937 171608.4 909
1712253703041 171608.4 910
1712253713155 171608.4 911
1712253723259 171608.4 912
1712253733357 171608.4 913
1712253743462 171608.4 914
1712253753578 171608.4 915
1712253763698 171608.4 916
1712253773831 171608.4 917
1712253783969 171608.4 918
1712253794080 171608.4 919
1712253804216 171608.4 920
1712253814340 171608.4 921
1712253824463 171608.4 922
1712253834579 171608.4 923
1712253844690 171608.4 924
1712253854817 171608.4 925
1712253864944 171608.4 926
1712253875062 171608.4 927
1712253885173 171608.4 928
1712253895301 171608.4 929
1712253905442 171608.4 930
1712253915564 171608.4 931
1712253925688 171608.4 932
1712253935840 171608.4 933
1712253945967 171608.4 934
1712253956090 171608.4 935
1712253966223 171608.4 936
1712253976356 171608.4 937
1712253986468 171608.4 938
1712253996592 171608.4 939
1712254006718 171608.4 940
1712254016839 171608.4 941
1712254026957 171608.4 942
1712254037069 171608.4 943
1712254047182 171608.4 944
1712254057297 171608.4 945
1712254067408 171608.4 946
1712254077506 171608.4 947
1712254087601 171608.4 948
1712254097706 171608.4 949
1712254107807 171608.4 950
1712254117922 171608.4 951
1712254128017 171608.4 952
1712254138132 171608.4 953
1712254148241 171608.4 954
1712254158368 171608.4 955
1712254168474 158856.8 956
1712254178589 158856.8 957
1712254188691 164909.5 958
1712254198827 166007.6 959
1712254208941 166007.6 960
1712254219052 166007.6 961
1712254229155 166007.6 962
1712254239272 166007.6 963
1712254249397 166007.6 964
1712254259506 166007.6 965
1712254269623 166007.6 966
1712254279724 166007.6 967
1712254289834 166007.6 968
1712254299941 166007.6 969
1712254310067 166007.6 970
1712254320168 166007.6 971
1712254330272 166007.6 972
1712254340406 166007.6 973
1712254350527 166007.6 974
1712254360654 164659.7 975
1712254370963 169000.0 976
1712254381070 170096.5 977
1712254391165 171683.6 978
1712254401275 171683.6 979
1712254411377 171683.6 980
1712254421487 171683.6 981
1712254431591 171683.6 982
1712254441690 171683.6 983
1712254451801 171684.1 984
1712254461898 171684.1 985
1712254472007 171684.1 986
1712254482118 171684.1 987
1712254492236 171684.1 988
1712254502349 171684.1 989
1712254512504 171684.1 990
1712254522608 171684.1 991
1712254532725 171684.1 992
1712254542885 171684.1 993
1712254553019 171684.1 994
1712254563159 171684.1 995
1712254573274 171684.1 996
1712254583398 171684.1 997
1712254593504 171684.1 998
1712254603609 171684.1 999
1712254613725 171684.1 1000
1712254623844 171684.1 1001
1712254633964 171684.1 1002
1712254644084 171684.1 1003
1712254654194 171684.1 1004
1712254664304 171684.1 1005
1712254674403 171684.1 1006
1712254684510 171684.1 1007
1712254694610 171684.1 1008
1712254704724 171684.1 1009
1712254714843 171684.1 1010
1712254724944 171684.1 1011
1712254735058 171684.1 1012
1712254745173 171684.1 1013
1712254755292 171684.1 1014
1712254765413 171684.1 1015
1712254775541 171684.1 1016
1712254785663 171684.1 1017
1712254795766 171684.1 1018
1712254805874 171684.1 1019
1712254816003 171684.1 1020
1712254826136 171684.1 1021
1712254836250 171684.1 1022
1712254846367 171684.1 1023
1712254856499 171684.1 1024
1712254866618 171684.1 1025
1712254876725 171684.1 1026
1712254886857 171684.1 1027
1712254896999 171684.1 1028
1712254907120 171684.2 1029
1712254917273 171684.2 1030
1712254927386 171684.2 1031
1712254937501 171684.2 1032
1712254947624 171684.2 1033
1712254957760 171684.2 1034
1712254967864 171684.2 1035
1712254977993 171684.2 1036
1712254988123 171684.2 1037
1712254998266 171684.2 1038
1712255008388 171684.2 1039
1712255018487 171684.2 1040
1712255028614 171684.2 1041
1712255038732 171684.2 1042
1712255048863 171684.2 1043
1712255058996 171684.2 1044
1712255069116 171684.2 1045
1712255079215 171684.2 1046
1712255089329 171684.2 1047
1712255099459 171684.2 1048
1712255109567 171684.2 1049
1712255119678 171684.2 1050
1712255129791 171684.2 1051
1712255139895 171684.2 1052
1712255150053 171684.2 1053
1712255160166 171684.2 1054
1712255170270 171684.2 1055
1712255180398 171684.2 1056
1712255190516 171684.2 1057
1712255200640 171684.2 1058
1712255210770 171684.2 1059
1712255220903 171684.2 1060
1712255231038 171684.2 1061
1712255241159 171684.2 1062
1712255251266 171684.2 1063
1712255261373 171684.2 1064
1712255271482 171684.2 1065
1712255281620 171684.2 1066
1712255291748 171684.2 1067
1712255301872 171684.2 1068
1712255311978 171684.2 1069
1712255322079 171684.2 1070
1712255332196 171684.2 1071
1712255342297 171684.2 1072
1712255352406 171684.2 1073
1712255362507 171684.2 1074
1712255372628 171684.2 1075
1712255382763 171684.2 1076
1712255392899 171684.2 1077
1712255403003 171684.2 1078
1712255413111 171684.2 1079
1712255423231 171684.2 1080
1712255433342 171684.2 1081
1712255443467 171684.2 1082
1712255453611 171684.2 1083
1712255463714 171684.2 1084
1712255473825 171684.2 1085
1712255483974 171684.2 1086
1712255494098 171684.7 1087
1712255504230 171684.7 1088
1712255514363 171684.7 1089
1712255524564 171684.7 1090
1712255534667 171684.7 1091
1712255544764 171684.7 1092
1712255554898 171684.7 1093
1712255565012 171684.7 1094
1712255575113 159285.1 1095
1712255585232 159285.1 1096
1712255595334 164218.8 1097
1712255605447 165304.9 1098
1712255615571 165304.9 1099
1712255625691 165304.9 1100
1712255635826 165304.9 1101
1712255645939 165304.9 1102
1712255656051 165304.9 1103
1712255666154 165304.9 1104
1712255676278 165304.9 1105
1712255686391 165304.9 1106
1712255696496 165304.9 1107
1712255706596 165304.9 1108
1712255716698 165304.9 1109
1712255726809 165304.9 1110
1712255736920 165304.9 1111
1712255747037 165304.9 1112
1712255757143 165304.9 1113
1712255767274 164670.0 1114
1712255777395 169021.8 1115
1712255787516 170110.6 1116
1712255797633 171700.6 1117
1712255807733 171700.6 1118
1712255817847 171700.6 1119
1712255827948 171700.6 1120
1712255838074 171700.6 1121
1712255848192 171700.6 1122
1712255858711 171700.6 1123
1712255868815 171700.6 1124
1712255878945 171700.6 1125
1712255889056 171700.6 1126
1712255899160 171700.6 1127
1712255909268 171700.6 1128
1712255919372 171700.6 1129
1712255929489 171700.6 1130
1712255939606 171700.6 1131
1712255949724 171700.6 1132
1712255959840 171700.6 1133
1712255969960 171700.6 1134
1712255980071 171700.6 1135
1712255990184 171700.6 1136
1712256000290 171700.6 1137
1712256010403 171700.6 1138
1712256020504 171700.6 1139
1712256030632 171700.6 1140
1712256040756 171700.6 1141
1712256050893 171700.6 1142
1712256061008 171700.6 1143
1712256071157 171700.6 1144
1712256081272 171700.6 1145
1712256091383 171700.6 1146
1712256101495 171700.6 1147
1712256111604 171700.6 1148
1712256121732 171700.6 1149
1712256131841 171700.6 1150
1712256141945 171700.6 1151
1712256152066 171700.6 1152
1712256162189 171700.6 1153
1712256172320 171700.6 1154
1712256182443 171700.6 1155
1712256192653 171700.6 1156
1712256202765 171700.6 1157
1712256212900 171700.6 1158
1712256223021 171700.6 1159
1712256233148 171700.6 1160
1712256243279 171700.6 1161
1712256253415 171700.6 1162
1712256263532 171700.6 1163
1712256273651 171700.6 1164
1712256283801 171700.6 1165
1712256293905 171700.6 1166
1712256304035 171700.6 1167
1712256314152 171700.6 1168
1712256324257 171700.6 1169
1712256334372 171700.7 1170
1712256344479 171700.7 1171
1712256354609 171700.7 1172
1712256364724 171700.7 1173
1712256374843 171700.7 1174
1712256385056 171700.7 1175
1712256395173 171700.7 1176
1712256405304 171700.7 1177
1712256415466 171700.7 1178
1712256425587 171700.7 1179
1712256435726 171700.7 1180
1712256445858 171700.7 1181
1712256455980 171700.7 1182
1712256466091 171700.7 1183
1712256476214 171700.7 1184
1712256486363 171700.7 1185
1712256496476 171700.7 1186
1712256506597 171700.7 1187
1712256516708 171700.7 1188
1712256526834 171700.7 1189
1712256536952 171701.2 1190
1712256547072 171701.2 1191
1712256557196 171701.2 1192
1712256567314 171701.2 1193
1712256577465 171701.2 1194
1712256587607 171701.2 1195
1712256597738 171701.2 1196
1712256607875 171701.2 1197
1712256618021 171701.2 1198
1712256628130 171701.2 1199
1712256638278 171701.2 1200
1712256648394 171701.2 1201
1712256658528 171701.2 1202
1712256668640 171701.2 1203
1712256678749 171701.2 1204
1712256688875 171701.2 1205
1712256698995 171701.2 1206
1712256709101 171701.2 1207
1712256719220 171701.2 1208
1712256729328 171701.2 1209
1712256739433 171701.2 1210
1712256749567 171701.2 1211
1712256759689 171701.2 1212
1712256769825 171701.2 1213
1712256779968 171701.2 1214
1712256790103 171701.2 1215
1712256800223 171701.2 1216
1712256810333 171701.2 1217
1712256820483 171701.2 1218
1712256830616 171701.2 1219
1712256840739 171701.2 1220
1712256850848 171701.2 1221
1712256861068 171701.2 1222
1712256871220 171701.2 1223
1712256881358 171701.2 1224
1712256891487 171701.2 1225
1712256901598 171701.2 1226
1712256911706 171701.2 1227
1712256921847 171701.2 1228
1712256931966 171701.2 1229
1712256942101 171701.2 1230
1712256952240 171701.2 1231
1712256962356 171701.2 1232
1712256972471 171701.2 1233
1712256982592 159321.4 1234
1712256992751 160958.0 1235
1712257002886 165315.6 1236
1712257012998 165315.6 1237
1712257023124 165315.6 1238
1712257033242 165315.6 1239
1712257043351 165315.6 1240
1712257053561 165315.6 1241
1712257063737 165315.6 1242
1712257073848 165315.6 1243
1712257083997 165315.6 1244
1712257094123 165315.6 1245
1712257104267 165315.6 1246
1712257114453 165315.6 1247
1712257124572 165315.6 1248
1712257134702 165315.6 1249
1712257144811 165315.6 1250
1712257154982 165315.6 1251
1712257165438 161380.8 1252
1712257175620 166882.8 1253
1712257185743 170127.6 1254
1712257196269 171723.8 1255
1712257206390 171723.8 1256
1712257216499 171723.8 1257
1712257226610 171723.8 1258
1712257236739 171723.8 1259
1712257246842 171723.8 1260
1712257256956 171723.8 1261
1712257267065 171723.8 1262
1712257277186 171723.8 1263
1712257287300 171723.8 1264
1712257297419 171723.8 1265
1712257307554 171723.8 1266
1712257317671 171723.8 1267
1712257327790 171723.8 1268
1712257337908 171723.8 1269
1712257348016 171723.8 1270
1712257358118 171723.8 1271
1712257368225 171723.8 1272
1712257378345 171723.8 1273
1712257388459 171723.8 1274
1712257398568 171723.8 1275
1712257408677 171723.8 1276
1712257418788 171723.8 1277
1712257428908 171723.8 1278
1712257439025 171723.8 1279
1712257449165 171723.8 1280
1712257459291 171723.8 1281
1712257469412 171723.8 1282
1712257479529 171723.8 1283
1712257489637 171723.8 1284
1712257499751 171723.8 1285
1712257509857 171723.8 1286
1712257519977 171723.8 1287
1712257530105 171723.8 1288
1712257540328 171723.8 1289
1712257550451 171723.8 1290
1712257560569 171723.8 1291
1712257570674 171723.8 1292
1712257580789 171723.8 1293
1712257590905 171724.3 1294
1712257601036 171724.3 1295
1712257611162 171724.3 1296
1712257621290 171724.3 1297
1712257631426 171724.3 1298
1712257641568 171724.3 1299
1712257651704 171724.3 1300
1712257661836 171724.3 1301
1712257671985 171724.3 1302
1712257682114 171724.3 1303
1712257692241 171724.3 1304
1712257702358 171724.3 1305
1712257712477 171724.3 1306
1712257722623 171724.3 1307
1712257732746 171724.3 1308
1712257742878 171724.3 1309
1712257752987 171724.3 1310
1712257763112 171724.3 1311
1712257773225 171724.3 1312
1712257783372 171724.3 1313
1712257793515 171724.3 1314
1712257803645 171724.3 1315
1712257813755 171724.3 1316
1712257823891 171724.3 1317
1712257834005 171724.3 1318
1712257844138 171724.3 1319
1712257854254 171724.3 1320
1712257864387 171724.3 1321
1712257874521 171724.3 1322
1712257884673 171724.3 1323
1712257894798 171724.3 1324
1712257904929 171724.3 1325
1712257915050 171724.3 1326
1712257925182 171724.3 1327
1712257935404 171724.3 1328
1712257945551 171724.3 1329
1712257955690 171724.3 1330
1712257965823 171724.3 1331
1712257975942 171724.3 1332
1712257986088 171724.3 1333
1712257996220 171724.3 1334
1712258006365 171724.3 1335
1712258016494 171724.3 1336
1712258026624 171724.3 1337
1712258036748 171724.3 1338
1712258046873 171724.3 1339
1712258057028 171724.3 1340
1712258067183 171724.3 1341
1712258077313 171724.3 1342
1712258087443 171724.3 1343
1712258097579 171724.3 1344
1712258107818 171724.3 1345
1712258117946 171724.3 1346
1712258128069 171724.3 1347
1712258138203 171724.3 1348
1712258148331 171724.3 1349
1712258158467 171724.3 1350
1712258168612 171724.3 1351
1712258178743 171724.3 1352
1712258188867 171724.3 1353
1712258199009 171724.3 1354
1712258209152 171724.3 1355
1712258219284 171724.4 1356
1712258229413 171724.4 1357
1712258239559 171724.4 1358
1712258249698 171724.4 1359
1712258259835 171724.4 1360
1712258269945 171724.4 1361
1712258280080 171724.4 1362
1712258290198 171724.4 1363
1712258300317 171724.4 1364
1712258310427 171724.4 1365
1712258320543 171724.4 1366
1712258330676 171724.4 1367
1712258340794 171724.4 1368
1712258350931 171724.4 1369
1712258361060 171724.4 1370
1712258371196 171724.4 1371
1712258381329 171724.4 1372
1712258391490 159199.4 1373
1712258401615 163008.3 1374
1712258411751 165175.0 1375
1712258421870 165175.0 1376
1712258431973 165175.0 1377
1712258442119 165175.0 1378
1712258452262 165175.0 1379
1712258462386 165175.0 1380
1712258472500 165175.0 1381
1712258482609 165175.0 1382
1712258492722 165175.0 1383
1712258502837 165175.0 1384
1712258513038 165175.0 1385
1712258523154 165175.0 1386
1712258533289 165175.0 1387
1712258543421 165175.0 1388
1712258553545 165175.0 1389
1712258563680 165175.0 1390
1712258573829 164719.5 1391
1712258583970 169064.2 1392
1712258594112 170157.3 1393
1712258604245 158603.7 1394
1712258614553 156031.7 1395
1712258624677 160929.7 1396
1712258634807 166470.3 1397
1712258644963 170469.4 1398
1712258655708 172273.7 1399
1712258665846 172273.7 1400
1712258675982 172273.7 1401
1712258686115 172273.7 1402
1712258696222 172273.7 1403
1712258706345 172273.7 1404
1712258716478 172273.7 1405
1712258726588 172273.7 1406
1712258736725 172273.7 1407
1712258746833 172273.7 1408
1712258756946 172273.7 1409
1712258767060 172273.7 1410
1712258777167 172273.7 1411
1712258787273 172273.7 1412
1712258797381 172273.7 1413
1712258807495 172273.7 1414
1712258817610 172273.7 1415
1712258827738 172273.7 1416
1712258837852 172273.7 1417
1712258847980 172273.7 1418
1712258858119 172273.7 1419
1712258868260 172273.7 1420
1712258878389 172273.7 1421
1712258888525 172273.7 1422
1712258898654 172273.7 1423
1712258908761 172273.7 1424
1712258918901 172273.7 1425
1712258929018 172273.7 1426
1712258939155 172273.7 1427
1712258949264 172273.7 1428
1712258959367 172273.7 1429
1712258969486 172273.7 1430
1712258979610 172273.7 1431
1712258989725 172273.7 1432
1712258999856 172273.7 1433
1712259009981 172273.7 1434
1712259020087 172273.7 1435
1712259030339 172273.7 1436
1712259040454 172273.7 1437
1712259050573 172273.7 1438
1712259060707 172273.7 1439
1712259070835 172273.7 1440
1712259080956 172273.7 1441
1712259091076 172273.7 1442
1712259101215 172273.7 1443
1712259111339 172273.7 1444
1712259121460 172273.7 1445
1712259131585 172273.7 1446
1712259141708 172273.7 1447
1712259151823 172273.7 1448
1712259161954 172273.7 1449
1712259172073 172273.7 1450
1712259182188 172273.7 1451
1712259192295 172273.7 1452
1712259202414 172273.7 1453
1712259212522 172273.7 1454
1712259222652 172273.7 1455
1712259232796 172273.7 1456
1712259242931 172273.7 1457
1712259253070 172273.7 1458
1712259263187 172273.7 1459
1712259273313 172273.7 1460
1712259283425 172273.7 1461
1712259293551 172273.7 1462
1712259303682 172273.7 1463
1712259313797 172273.7 1464
1712259323911 172273.7 1465
1712259334045 172273.7 1466
1712259344157 172273.7 1467
1712259354289 172273.7 1468
1712259364406 172273.7 1469
1712259374511 172273.7 1470
1712259384626 172273.7 1471
1712259394750 172273.7 1472
1712259404874 172273.7 1473
1712259415006 172273.7 1474
1712259425154 172273.7 1475
1712259435296 172273.7 1476
1712259445433 172273.7 1477
1712259455560 172273.7 1478
1712259465688 172273.7 1479
1712259475833 172273.7 1480
1712259485977 172273.7 1481
1712259496121 172273.7 1482
1712259506239 172273.7 1483
1712259516484 172273.7 1484
1712259526620 172273.7 1485
1712259536770 172273.7 1486
1712259546899 172273.7 1487
1712259557045 172273.7 1488
1712259567164 172273.7 1489
1712259577299 172273.7 1490
1712259587416 172273.7 1491
1712259597542 172273.7 1492
1712259607679 172273.7 1493
1712259617824 172273.7 1494
1712259627947 172273.7 1495
1712259638072 172273.7 1496
1712259648194 172273.7 1497
1712259658308 172274.3 1498
1712259668428 172274.3 1499
1712259678569 172274.3 1500
1712259688683 172274.3 1501
1712259698811 172274.3 1502
1712259708965 172274.3 1503
1712259719106 172274.3 1504
1712259729259 172274.3 1505
1712259739390 172274.3 1506
1712259749529 172274.3 1507
1712259759657 172274.3 1508
1712259769793 172274.3 1509
1712259779934 172274.3 1510
1712259790059 172274.3 1511
1712259800176 172274.3 1512
1712259810440 172274.3 1513
1712259820606 172274.3 1514
1712259830785 172274.3 1515
1712259840917 172274.3 1516
1712259851052 160062.9 1517
1712259861168 164964.4 1518
1712259871282 167134.6 1519
1712259881406 167134.6 1520
1712259891553 167134.6 1521
1712259901673 167134.6 1522
1712259911782 167134.6 1523
1712259921909 167134.6 1524
1712259932026 167134.6 1525
1712259942136 167134.6 1526
1712259952247 167134.6 1527
1712259962371 167134.6 1528
1712259972505 167134.6 1529
1712259982627 167134.6 1530
1712259992754 167134.6 1531
1712260002868 167134.6 1532
1712260013003 167134.6 1533
1712260023252 167134.6 1534
1712260033399 165650.3 1535
1712260043556 168911.1 1536
1712260053705 172220.1 1537
1712260063825 172220.1 1538
1712260073978 172220.1 1539
1712260084102 172220.1 1540
1712260094220 172220.1 1541
1712260104355 172220.1 1542
1712260114475 172220.1 1543
1712260124599 172220.1 1544
1712260134713 172220.1 1545
1712260144836 172220.1 1546
1712260154967 172220.1 1547
1712260165157 172220.1 1548
1712260175286 172220.1 1549
1712260185784 172211.8 1550
1712260195945 172211.8 1551
1712260206085 172211.8 1552
1712260216235 172211.8 1553
1712260226367 172211.8 1554
1712260236478 172211.8 1555
1712260246625 172211.8 1556
1712260256746 172211.8 1557
1712260266882 172211.8 1558
1712260277025 172211.8 1559
1712260287141 172211.8 1560
1712260297288 172211.8 1561
1712260307465 172211.8 1562
1712260317613 172211.8 1563
1712260327758 172211.8 1564
1712260337901 172211.8 1565
1712260348027 172211.8 1566
1712260358151 172211.8 1567
1712260368268 172211.8 1568
1712260378398 172211.8 1569
1712260388523 172211.8 1570
1712260398653 172211.8 1571
1712260408775 172211.8 1572
1712260418908 172211.8 1573
1712260429042 172211.8 1574
1712260439169 172211.8 1575
1712260449296 172211.8 1576
1712260459469 172211.8 1577
1712260469602 172211.8 1578
1712260479728 172211.8 1579
1712260489855 172211.8 1580
1712260499963 172211.8 1581
1712260510090 172211.8 1582
1712260520226 172211.8 1583
1712260530351 172211.8 1584
1712260540477 172211.8 1585
1712260550640 172211.8 1586
1712260560747 172211.8 1587
1712260570899 172211.8 1588
1712260581028 172211.8 1589
1712260591148 172211.8 1590
1712260601269 172211.8 1591
1712260611413 172211.8 1592
1712260621561 172211.8 1593
1712260631694 172211.8 1594
1712260641858 172211.8 1595
1712260651987 172211.8 1596
1712260662131 172211.8 1597
1712260672251 172211.8 1598
1712260682370 172211.8 1599
1712260692484 172212.3 1600
1712260702758 172212.3 1601
1712260712889 172212.3 1602
1712260723011 172212.3 1603
1712260733138 172212.3 1604
1712260743264 172212.3 1605
1712260753401 172212.3 1606
1712260763522 172212.3 1607
1712260773669 172212.3 1608
1712260783795 172212.3 1609
1712260793921 172212.3 1610
1712260804032 172212.3 1611
1712260814153 172212.3 1612
1712260824290 172212.3 1613
1712260834433 172212.3 1614
1712260844556 172212.3 1615
1712260854691 172212.3 1616
1712260864815 172212.3 1617
1712260874955 172212.3 1618
1712260885085 172212.3 1619
1712260895232 172212.3 1620
1712260905382 172212.3 1621
1712260915521 172212.3 1622
1712260925637 172212.3 1623
1712260935783 172212.3 1624
1712260945909 172212.3 1625
1712260956046 172212.3 1626
1712260966180 172212.3 1627
1712260976311 172212.3 1628
1712260986452 172212.3 1629
1712260996686 172212.3 1630
1712261006826 172212.3 1631
1712261016983 172212.3 1632
1712261027134 172212.3 1633
1712261037280 172212.3 1634
1712261047409 172212.3 1635
1712261057555 172212.3 1636
1712261067713 172212.3 1637
1712261077858 172212.3 1638
1712261087994 172212.3 1639
1712261098119 172212.3 1640
1712261108259 172212.3 1641
1712261118393 172212.3 1642
1712261128532 172212.3 1643
1712261138651 172212.3 1644
1712261148774 172212.3 1645
1712261158901 172212.3 1646
1712261169037 172212.3 1647
1712261179194 172212.3 1648
1712261189322 172212.3 1649
1712261199469 172212.3 1650
1712261209704 172212.3 1651
1712261219854 172212.3 1652
1712261229979 172212.3 1653
1712261240118 172212.3 1654
1712261250238 160513.8 1655
1712261260350 164321.4 1656
1712261270478 167580.3 1657
1712261280599 167580.3 1658
1712261290758 167580.3 1659
1712261300910 167580.3 1660
1712261311043 167580.3 1661
1712261321189 167580.3 1662
1712261331313 167580.3 1663
1712261341446 167580.3 1664
1712261351575 167580.3 1665
1712261361703 167580.3 1666
1712261371831 167580.3 1667
1712261381958 167580.3 1668
1712261392070 167580.3 1669
1712261402187 167580.3 1670
1712261412315 167580.3 1671
1712261422445 167580.3 1672
1712261432607 162867.2 1673
1712261442961 169526.9 1674
1712261453122 170679.7 1675
1712261463252 172377.3 1676
1712261473396 172377.3 1677
1712261483557 172377.3 1678
1712261493690 172377.3 1679
1712261504513 172377.3 1680
1712261514668 172377.3 1681
1712261524794 172377.3 1682
1712261534940 172377.4 1683
1712261545086 172377.4 1684
1712261555212 172377.4 1685
1712261565326 172377.4 1686
1712261575491 172377.4 1687
1712261585610 172377.4 1688
1712261595775 172377.4 1689
1712261605951 172377.4 1690
1712261616092 172377.4 1691
1712261626229 172377.4 1692
1712261636375 172377.4 1693
1712261646519 172377.4 1694
1712261656660 172377.4 1695
1712261666842 172377.4 1696
1712261676968 172377.4 1697
1712261687093 172377.4 1698
1712261697233 172377.4 1699
1712261707370 172377.4 1700
1712261717505 172377.4 1701
1712261727752 172377.4 1702
1712261737878 172377.9 1703
1712261748042 172377.9 1704
1712261758166 172377.9 1705
1712261768296 172377.9 1706
1712261778430 172377.9 1707
1712261788554 172377.9 1708
1712261798681 172377.9 1709
1712261808823 172377.9 1710
1712261818986 172377.9 1711
1712261829127 172377.9 1712
1712261839274 172377.9 1713
1712261849408 172377.9 1714
1712261859550 172377.9 1715
1712261869705 172377.9 1716
1712261879843 172377.9 1717
1712261889983 172377.9 1718
1712261900111 172377.9 1719
1712261910255 172377.9 1720
1712261920386 172377.9 1721
1712261930513 172377.9 1722
1712261940634 172377.9 1723
1712261950898 172377.9 1724
1712261961038 172377.9 1725
1712261971165 172377.9 1726
1712261981322 172377.9 1727
1712261991439 172377.9 1728
1712262001586 172377.9 1729
1712262011734 172377.9 1730
1712262021889 172377.9 1731
1712262032040 172377.9 1732
1712262042189 172377.9 1733
1712262052330 172377.9 1734
1712262062464 172377.9 1735
1712262072588 172377.9 1736
1712262082722 172377.9 1737
1712262092872 172377.9 1738
1712262103046 172377.9 1739
1712262113200 172377.9 1740
1712262123371 172377.9 1741
1712262133512 172377.9 1742
1712262143677 172377.9 1743
1712262153826 172377.9 1744
1712262163985 172377.9 1745
1712262174151 172377.9 1746
1712262184438 172377.9 1747
1712262194598 172377.9 1748
1712262204755 172377.9 1749
1712262214886 172377.9 1750
1712262225018 172377.9 1751
1712262235166 172377.9 1752
1712262245324 172377.9 1753
1712262255453 172377.9 1754
1712262265588 172377.9 1755
1712262275740 172377.9 1756
1712262285887 172377.9 1757
1712262296039 172377.9 1758
1712262306177 172377.9 1759
1712262316314 172377.9 1760
1712262326478 172377.9 1761
1712262336626 172377.9 1762
1712262346791 172377.9 1763
1712262356940 172377.9 1764
1712262367087 172377.9 1765
1712262377217 172377.9 1766
1712262387365 172377.9 1767
1712262397497 172377.9 1768
1712262407653 172377.9 1769
1712262417791 172377.9 1770
1712262427935 172377.9 1771
1712262438197 172377.9 1772
1712262448325 172377.9 1773
1712262458470 172377.9 1774
1712262468619 172377.9 1775
1712262478757 172377.9 1776
1712262488916 172377.9 1777
1712262499086 172377.9 1778
1712262509207 172377.9 1779
1712262519333 172377.9 1780
1712262529470 172377.9 1781
1712262539604 172377.9 1782
1712262549735 172377.9 1783
1712262559857 172377.9 1784
1712262569997 172377.9 1785
1712262580140 172377.9 1786
1712262590273 172377.9 1787
1712262600404 172377.9 1788
1712262610528 172377.9 1789
1712262620669 172377.9 1790
1712262630796 172377.9 1791
1712262641082 172377.9 1792
1712262651223 160108.4 1793
1712262661350 160108.4 1794
1712262671483 165036.6 1795
1712262681608 167202.7 1796
1712262691742 167202.7 1797
1712262701866 167202.7 1798
1712262711981 167202.7 1799
1712262722111 167202.7 1800
1712262732226 167202.7 1801
1712262742374 167202.7 1802
1712262752523 167202.7 1803
1712262762664 167202.7 1804
1712262772811 167202.7 1805
1712262782930 167202.7 1806
1712262793181 167203.2 1807
1712262803309 167203.2 1808
1712262813443 167203.2 1809
1712262823613 167203.2 1810
1712262833750 167203.2 1811
1712262843888 166011.7 1812
1712262854118 169278.8 1813
1712262864265 172407.4 1814
1712262874413 172407.4 1815
1712262884552 172407.4 1816
1712262894710 172407.4 1817
1712262904837 172407.4 1818
1712262914954 172407.4 1819
1712262925074 172407.4 1820
1712262935195 172407.4 1821
1712262945317 172407.4 1822
1712262955437 172407.4 1823
1712262966185 172407.4 1824
1712262976333 172407.4 1825
1712262986479 172407.4 1826
1712262996609 172407.4 1827
1712263006741 172407.4 1828
1712263016890 172407.4 1829
1712263027014 172407.4 1830
1712263037139 172407.4 1831
1712263047257 172407.4 1832
1712263057382 172407.4 1833
1712263067538 172407.4 1834
1712263077656 172407.4 1835
1712263087785 172407.4 1836
1712263097917 172407.4 1837
1712263108045 172407.4 1838
1712263118324 172407.4 1839
1712263128487 172407.4 1840
1712263138642 172407.4 1841
1712263148798 172407.4 1842
1712263158946 172407.4 1843
1712263169095 172407.4 1844
1712263179227 172407.4 1845
1712263189358 172407.4 1846
1712263199494 172407.5 1847
1712263209623 172407.5 1848
1712263219760 172407.5 1849
1712263229894 172407.5 1850
1712263240038 172407.5 1851
1712263250178 172407.5 1852
1712263260305 172407.5 1853
1712263270444 172407.5 1854
1712263280673 172407.5 1855
1712263290827 172407.5 1856
1712263300963 172407.5 1857
1712263311102 172407.5 1858
1712263321221 172407.5 1859
1712263331370 172407.5 1860
1712263341528 172407.5 1861
1712263351691 172407.5 1862
1712263361828 172407.5 1863
1712263371956 172407.5 1864
1712263382078 172407.5 1865
1712263392201 172407.5 1866
1712263402344 172407.5 1867
1712263412484 172407.5 1868
1712263422618 172407.5 1869
1712263432759 172407.5 1870
1712263442891 172407.5 1871
1712263453178 172407.5 1872
1712263463330 172407.5 1873
1712263473459 172407.5 1874
1712263483623 172407.5 1875
1712263493751 172407.5 1876
1712263503875 172407.5 1877
1712263513994 172407.5 1878
1712263524138 172407.5 1879
1712263534260 172407.5 1880
1712263544396 172407.5 1881
1712263554522 172407.5 1882
1712263564642 172407.5 1883
1712263574765 172407.5 1884
1712263584940 172407.5 1885
1712263595090 172407.5 1886
1712263605338 172407.5 1887
1712263615502 172407.5 1888
1712263625667 172407.5 1889
1712263635803 172407.5 1890
1712263645939 172407.5 1891
1712263656103 172407.5 1892
1712263666228 172407.5 1893
1712263676388 172407.5 1894
1712263686531 172407.5 1895
1712263696670 172407.5 1896
1712263706814 172407.5 1897
1712263716939 172407.5 1898
1712263727085 172407.5 1899
1712263737216 172407.5 1900
1712263747346 172407.5 1901
1712263757590 172407.5 1902
1712263767709 172407.5 1903
1712263777835 172407.5 1904
1712263787971 172407.5 1905
1712263798099 172407.5 1906
1712263808248 172407.5 1907
1712263818377 172407.5 1908
1712263828513 172408.0 1909
1712263838651 172408.0 1910
1712263848793 172408.0 1911
1712263858938 172408.0 1912
1712263869073 172408.0 1913
1712263879202 172408.0 1914
1712263889322 172408.0 1915
1712263899470 172408.0 1916
1712263909735 172408.0 1917
1712263919891 172408.0 1918
1712263930023 172408.0 1919
1712263940165 172408.0 1920
1712263950296 172408.0 1921
1712263960452 172408.0 1922
1712263970617 172408.0 1923
1712263980741 172408.0 1924
1712263990883 172408.0 1925
1712264001039 172408.0 1926
1712264011178 172408.0 1927
1712264021321 172408.0 1928
1712264031490 172408.0 1929
1712264041657 172408.0 1930
1712264051788 172408.0 1931
1712264061940 160529.9 1932
1712264072200 165418.2 1933
1712264082361 167580.7 1934
1712264092511 167580.7 1935
1712264102637 167580.7 1936
1712264112806 167580.7 1937
1712264122966 167580.7 1938
1712264133108 167580.7 1939
1712264143276 167580.7 1940
1712264153443 167580.7 1941
1712264163587 167580.7 1942
1712264173709 167580.7 1943
1712264183831 167580.7 1944
1712264193964 167580.7 1945
1712264204107 167580.7 1946
1712264214265 167580.7 1947
1712264224432 167580.7 1948
1712264234691 167580.7 1949
1712264244868 166333.9 1950
1712264255048 169290.7 1951
1712264265254 172434.7 1952
1712264275411 172434.7 1953
1712264285602 172434.7 1954
1712264295751 172434.7 1955
1712264305886 172434.7 1956
1712264316066 172434.7 1957
1712264326252 172434.7 1958
1712264336381 172434.7 1959
1712264346522 172434.7 1960
1712264356658 172434.7 1961
1712264366794 172434.7 1962
1712264376942 172434.7 1963
1712264387135 172434.7 1964
1712264397404 172434.7 1965
1712264407555 172434.7 1966
1712264417713 172434.7 1967
1712264427843 172434.7 1968
1712264437974 172434.7 1969
1712264448116 172434.7 1970
1712264458270 172434.7 1971
1712264468407 172434.7 1972
1712264478548 172434.7 1973
1712264488672 172434.7 1974
1712264498827 172434.7 1975
1712264508974 172434.7 1976
1712264519133 172434.7 1977
1712264529269 172434.7 1978
1712264539399 172434.7 1979
1712264549536 172434.7 1980
1712264559685 172434.7 1981
1712264569810 172434.7 1982
1712264579932 172434.7 1983
1712264590087 172434.7 1984
1712264600218 172434.7 1985
1712264610350 172434.7 1986
1712264620510 172434.7 1987
1712264630658 172434.7 1988
1712264640794 172434.7 1989
1712264650917 172434.7 1990
1712264661056 172434.7 1991
1712264671208 172434.7 1992
1712264681334 172434.7 1993
1712264691465 172434.7 1994
1712264701601 172434.7 1995
1712264711749 172434.7 1996
1712264721899 172434.7 1997
1712264732044 172434.7 1998
1712264742193 172434.7 1999
1712264752333 172434.7 2000
1712264762476 172434.7 2001
1712264772606 172434.7 2002
1712264782751 172434.7 2003
1712264792899 172434.7 2004
1712264803024 172434.7 2005
1712264813175 172434.7 2006
1712264823297 172434.7 2007
1712264833426 172434.7 2008
1712264843569 172434.7 2009
1712264853695 172434.7 2010
1712264863960 172434.8 2011
1712264874122 172435.3 2012
1712264884248 172435.3 2013
1712264894397 172435.3 2014
1712264904544 172435.3 2015
1712264914689 172435.3 2016
1712264924817 172435.3 2017
1712264934956 172435.3 2018
1712264945113 172435.3 2019
1712264955241 172435.3 2020
1712264965422 172435.3 2021
1712264975593 172435.3 2022
1712264985743 172435.3 2023
1712264995926 172435.3 2024
1712265006109 172435.3 2025
1712265016287 172435.3 2026
1712265026453 172435.3 2027
1712265036649 172435.3 2028
1712265046839 172435.3 2029
1712265057011 172435.3 2030
1712265067197 172435.3 2031
1712265077369 172435.3 2032
1712265087528 172435.3 2033
1712265097692 172435.3 2034
1712265107855 172435.3 2035
1712265118014 172435.3 2036
1712265128179 172435.3 2037
1712265138313 172435.3 2038
1712265148460 172435.3 2039
1712265158597 172435.3 2040
1712265168747 172435.3 2041
1712265178873 172435.3 2042
1712265189027 172435.3 2043
1712265199148 172435.3 2044
1712265209292 172435.3 2045
1712265219421 172435.3 2046
1712265229556 172435.3 2047
1712265239693 172435.3 2048
1712265249855 172435.3 2049
1712265260026 172435.3 2050
1712265270166 172435.3 2051
1712265280352 172435.3 2052
1712265290502 172435.3 2053
1712265300657 172435.3 2054
1712265310809 172435.3 2055
1712265321077 172435.3 2056
1712265331245 172435.3 2057
1712265341385 172435.3 2058
1712265351516 172435.3 2059
1712265361650 172435.3 2060
1712265371778 172435.3 2061
1712265381921 172435.3 2062
1712265392068 172435.3 2063
1712265402197 172435.3 2064
1712265412332 172435.3 2065
1712265422526 172435.3 2066
1712265432671 172435.3 2067
1712265442802 172435.3 2068
1712265452939 172435.3 2069
1712265463094 160865.3 2070
1712265473224 163679.0 2071
1712265483372 166917.6 2072
1712265493509 166917.6 2073
1712265503682 166917.6 2074
1712265513851 166917.6 2075
1712265524017 166917.6 2076
1712265534182 166917.6 2077
1712265544330 166917.6 2078
1712265554485 166917.6 2079
1712265564640 166917.6 2080
1712265574762 166917.7 2081
1712265584891 166917.7 2082
1712265595035 166917.7 2083
1712265605198 166917.7 2084
1712265615354 166917.7 2085
1712265625481 166917.7 2086
1712265635761 166917.7 2087
1712265646005 163961.5 2088
1712265656390 169526.1 2089
1712265666546 170620.4 2090
1712265676712 160394.9 2091
1712265686854 156966.6 2092
1712265697003 158596.3 2093
1712265707161 166216.4 2094
1712265717346 170448.4 2095
1712265727480 172188.2 2096
1712265737607 172188.2 2097
1712265747766 172188.2 2098
1712265757894 172188.2 2099
1712265768073 172188.2 2100
1712265778212 172188.2 2101
1712265789017 172188.2 2102
1712265799146 172188.2 2103
1712265809271 172188.2 2104
1712265819409 172188.2 2105
1712265829529 172188.2 2106
1712265839677 172188.2 2107
1712265849823 172188.2 2108
1712265859959 172188.2 2109
1712265870094 172188.2 2110
1712265880216 172188.2 2111
1712265890338 172188.2 2112
1712265900468 172188.7 2113
1712265910594 172188.7 2114
1712265920736 172188.7 2115
1712265930872 172188.7 2116
1712265941008 172188.7 2117
1712265951239 172188.7 2118
1712265961368 172188.7 2119
1712265971506 172188.7 2120
1712265981638 172188.7 2121
1712265991776 172188.7 2122
1712266001899 172188.7 2123
1712266012020 172188.8 2124
1712266022159 172188.8 2125
1712266032301 172188.8 2126
1712266042424 172188.8 2127
1712266052580 172188.8 2128
1712266062715 172188.8 2129
1712266072853 172188.8 2130
1712266082984 172188.8 2131
1712266093118 172188.8 2132
1712266103243 172188.8 2133
1712266113480 172188.8 2134
1712266123617 172188.8 2135
1712266133747 172188.8 2136
1712266143892 172188.8 2137
1712266154056 172188.8 2138
1712266164215 172188.8 2139
1712266174351 172188.8 2140
1712266184481 172188.8 2141
1712266194605 172188.8 2142
1712266204743 172188.8 2143
1712266214868 172188.8 2144
1712266225015 172188.8 2145
1712266235143 172188.8 2146
1712266245274 172188.8 2147
1712266255406 172188.8 2148
1712266265554 172188.8 2149
1712266275695 172188.8 2150
1712266285823 172188.8 2151
1712266295964 172188.8 2152
1712266306107 172188.8 2153
1712266316236 172188.8 2154
1712266326374 172188.8 2155
1712266336515 172188.8 2156
1712266346661 172188.8 2157
1712266356799 172188.8 2158
1712266366936 172188.8 2159
1712266377079 172188.8 2160
1712266387324 172188.8 2161
1712266397449 172188.8 2162
1712266407594 172188.8 2163
1712266417746 172188.8 2164
1712266427917 172188.8 2165
1712266438040 172188.8 2166
1712266448165 172188.8 2167
1712266458315 172188.8 2168
1712266468465 172188.8 2169
1712266478595 172188.8 2170
1712266488734 172188.8 2171
1712266498861 172188.8 2172
1712266508999 172188.8 2173
1712266519137 172188.8 2174
1712266529263 172188.8 2175
1712266539401 172188.8 2176
1712266549553 172188.8 2177
1712266559686 172188.8 2178
1712266569846 172188.8 2179
1712266579990 172188.8 2180
1712266590227 172188.8 2181
1712266600374 172188.8 2182
1712266610505 172188.8 2183
1712266620626 172188.8 2184
1712266630756 172188.8 2185
1712266640931 172188.8 2186
1712266651087 172188.8 2187
1712266661224 172188.8 2188
1712266671367 172188.8 2189
1712266681499 172188.8 2190
1712266691635 172188.8 2191
1712266701775 172188.8 2192
1712266711929 172188.8 2193
1712266722084 172188.8 2194
1712266732319 172188.8 2195
1712266742448 172188.8 2196
1712266752591 172188.8 2197
1712266762733 172188.8 2198
1712266772885 172188.8 2199
1712266783035 172188.8 2200
1712266793173 172188.8 2201
1712266803303 172188.8 2202
1712266813433 172188.8 2203
1712266823575 172188.8 2204
1712266833710 172188.8 2205
1712266844022 172188.8 2206
1712266854173 172188.8 2207
1712266864311 172188.8 2208
1712266874458 172188.8 2209
1712266884604 172188.8 2210
1712266894765 172188.8 2211
1712266904928 172188.8 2212
1712266915079 172188.8 2213
1712266925274 172188.8 2214
1712266935585 172188.8 2215
1712266945764 160107.1 2216
1712266955937 163947.8 2217
1712266966093 167221.3 2218
1712266976229 167221.3 2219
1712266986353 167221.3 2220
1712266996486 167221.3 2221
1712267006616 167221.3 2222
1712267016841 167221.3 2223
1712267026972 167221.3 2224
1712267037139 167221.3 2225
1712267047277 167221.3 2226
1712267057425 167221.3 2227
1712267067564 167221.3 2228
1712267077686 167221.3 2229
1712267087845 167221.3 2230
1712267097981 167221.3 2231
1712267108105 167221.3 2232
1712267118239 167221.3 2233
1712267128425 166360.0 2234
1712267138603 169446.7 2235
1712267148749 172473.8 2236
1712267158909 172473.8 2237
1712267169068 172473.8 2238
1712267179215 172473.8 2239
1712267189366 172473.8 2240
1712267199517 172473.8 2241
1712267209687 172473.8 2242
1712267219861 172473.8 2243
1712267230018 172473.9 2244
1712267240186 172473.9 2245
1712267250339 172473.9 2246
1712267260480 172473.9 2247
1712267270643 172473.9 2248
1712267280778 172473.9 2249
1712267290909 172473.9 2250
1712267301042 172473.9 2251
1712267311191 172473.9 2252
1712267321372 172473.9 2253
1712267331517 172473.9 2254
1712267341654 172473.9 2255
1712267351794 172473.9 2256
1712267361940 172473.9 2257
1712267372068 172473.9 2258
1712267383126 172473.9 2259
1712267393265 172473.9 2260
1712267403436 172473.9 2261
1712267413597 172473.9 2262
1712267423739 172473.9 2263
1712267433882 172473.9 2264
1712267444041 172473.9 2265
1712267454174 172473.9 2266
1712267464319 172473.9 2267
1712267474461 172473.9 2268
1712267484612 172473.9 2269
1712267494773 172473.9 2270
1712267504930 172473.9 2271
1712267515060 172473.9 2272
1712267525202 172473.9 2273
1712267535367 172473.9 2274
1712267545520 172473.9 2275
1712267555657 172473.9 2276
1712267565797 172473.9 2277
1712267575957 172473.9 2278
1712267586203 172473.9 2279
1712267596411 172473.9 2280
1712267606565 172473.9 2281
1712267616714 172473.9 2282
1712267626866 172473.9 2283
1712267637009 172473.9 2284
1712267647151 172473.9 2285
1712267657303 172473.9 2286
1712267667454 172473.9 2287
1712267677659 172473.9 2288
1712267687836 172473.9 2289
1712267698000 172473.9 2290
1712267708148 172473.9 2291
1712267718291 172473.9 2292
1712267728543 172473.9 2293
1712267738756 172473.9 2294
1712267748918 172473.9 2295
1712267759068 172473.9 2296
1712267769192 172473.9 2297
1712267779329 172473.9 2298
1712267789499 172473.9 2299
1712267799644 172473.9 2300
1712267809806 172473.9 2301
1712267819959 172473.9 2302
1712267830092 172473.9 2303
1712267840357 172473.9 2304
1712267850499 172473.9 2305
1712267860631 172473.9 2306
1712267870779 172473.9 2307
1712267880935 172473.9 2308
1712267891093 172473.9 2309
1712267901222 172473.9 2310
1712267911362 172473.9 2311
1712267921492 172473.9 2312
1712267931767 172473.9 2313
1712267941932 172473.9 2314
1712267952075 172473.9 2315
1712267962234 172473.9 2316
1712267972362 172473.9 2317
1712267982485 172474.4 2318
1712267992690 172474.4 2319
1712268002961 172474.4 2320
1712268013100 172474.4 2321
1712268023250 172474.4 2322
1712268033406 172474.4 2323
1712268043557 172474.4 2324
1712268053706 172474.4 2325
1712268063839 172474.4 2326
1712268074003 172474.4 2327
1712268084145 172474.4 2328
1712268094314 172474.4 2329
1712268104459 172474.4 2330
1712268114597 172474.4 2331
1712268124747 172474.4 2332
1712268134887 172474.4 2333
1712268145034 172474.4 2334
1712268155192 172474.4 2335
1712268165354 172474.4 2336
1712268175499 172474.4 2337
1712268185628 172474.4 2338
1712268195772 172474.5 2339
1712268205898 172474.5 2340
1712268216031 172474.5 2341
1712268226162 172474.5 2342
1712268236309 172474.5 2343
1712268246462 172474.5 2344
1712268256599 172474.5 2345
1712268266744 172474.5 2346
1712268276891 172474.5 2347
1712268287037 172474.5 2348
1712268297291 172474.5 2349
1712268307423 172474.5 2350
1712268317557 172474.5 2351
1712268327698 172474.5 2352
1712268337831 172474.5 2353
1712268348017 172474.5 2354
1712268358199 172474.5 2355
1712268368361 161450.2 2356
1712268378506 164208.8 2357
1712268388648 167492.6 2358
1712268398801 167492.6 2359
1712268408938 167492.6 2360
1712268419074 167492.6 2361
1712268429215 167492.6 2362
1712268439508 167492.6 2363
1712268449646 167492.6 2364
1712268459808 167492.6 2365
1712268469965 167492.6 2366
1712268480121 167492.6 2367
1712268490264 167492.6 2368
1712268500411 167492.6 2369
1712268510551 167492.6 2370
1712268520698 167492.6 2371
1712268530872 167492.6 2372
1712268541057 167492.6 2373
1712268551238 164484.6 2374
1712268561926 168848.5 2375
1712268572120 170892.2 2376
1712268582277 172654.4 2377
1712268592425 172654.4 2378
1712268602563 172654.4 2379
1712268612704 172654.4 2380
1712268622853 172654.4 2381
1712268633000 172654.4 2382
1712268643178 172654.4 2383
1712268653328 172654.4 2384
1712268663478 172654.4 2385
1712268673753 172654.4 2386
1712268683905 172654.4 2387
1712268694076 172654.4 2388
1712268704251 172654.4 2389
1712268714407 172654.4 2390
1712268724567 172654.4 2391
1712268734711 172654.4 2392
1712268744848 172654.4 2393
1712268755032 172654.4 2394
1712268765216 172654.4 2395
1712268775391 172654.4 2396
1712268785577 172654.4 2397
1712268795873 172654.4 2398
1712268806051 172654.4 2399
1712268816238 172654.4 2400
1712268826391 172654.4 2401
1712268836550 172654.4 2402
1712268846701 172654.4 2403
1712268856850 172654.4 2404
1712268867023 172654.4 2405
1712268877169 172654.4 2406
1712268887325 172654.4 2407
1712268897472 172654.4 2408
1712268907633 172654.4 2409
1712268917897 172654.4 2410
1712268928055 172654.4 2411
1712268938218 172654.4 2412
1712268948373 172654.4 2413
1712268958529 172654.4 2414
1712268968676 172654.4 2415
1712268978841 172654.4 2416
1712268988981 172654.4 2417
1712268999121 172654.4 2418
1712269009292 172654.4 2419
1712269019450 172654.4 2420
1712269029711 172654.9 2421
1712269039865 172654.9 2422
1712269050021 172654.9 2423
1712269060164 172654.9 2424
1712269070325 172654.9 2425
1712269080468 172654.9 2426
1712269090621 172654.9 2427
1712269100762 172654.9 2428
1712269110902 172654.9 2429
1712269121057 172654.9 2430
1712269131216 172654.9 2431
1712269141372 172654.9 2432
1712269151622 172654.9 2433
1712269161785 172654.9 2434
1712269171942 172654.9 2435
1712269182091 172654.9 2436
1712269192273 172654.9 2437
1712269202454 172654.9 2438
1712269212628 172654.9 2439
1712269222816 172655.0 2440
1712269232974 172655.0 2441
1712269243124 172655.0 2442
1712269253265 172655.0 2443
1712269263428 172655.0 2444
1712269273698 172655.0 2445
1712269283860 172655.0 2446
1712269294009 172655.0 2447
1712269304192 172655.0 2448
1712269314330 172655.0 2449
1712269324487 172655.0 2450
1712269334631 172655.0 2451
1712269344787 172655.0 2452
1712269354938 172655.0 2453
1712269365116 172655.0 2454
1712269375272 172655.0 2455
1712269385416 172655.0 2456
1712269395669 172655.0 2457
1712269405834 172655.0 2458
1712269416000 172655.0 2459
1712269426146 172655.0 2460
1712269436333 172655.0 2461
1712269446493 172655.0 2462
1712269456637 172655.0 2463
1712269466793 172655.0 2464
1712269476956 172655.0 2465
1712269487128 172655.0 2466
1712269497294 172655.0 2467
1712269507444 172655.0 2468
1712269517716 172655.0 2469
1712269527873 172655.0 2470
1712269538017 172655.0 2471
1712269548173 172655.0 2472
1712269558352 172655.0 2473
1712269568519 172655.0 2474
1712269578668 172655.0 2475
1712269588814 172655.0 2476
1712269598968 172655.0 2477
1712269609154 172655.0 2478
1712269619315 172655.0 2479
1712269629571 172655.0 2480
1712269639742 172655.0 2481
1712269649896 172655.0 2482
1712269660047 172655.0 2483
1712269670204 172655.0 2484
1712269680371 172655.0 2485
1712269690539 172655.0 2486
1712269700708 172655.0 2487
1712269710856 172655.0 2488
1712269721029 172655.0 2489
1712269731358 172655.0 2490
1712269741543 172655.0 2491
1712269751730 172655.0 2492
1712269761895 172655.0 2493
1712269772075 172655.0 2494
1712269782260 172655.0 2495
1712269792430 161427.4 2496
1712269802581 161427.4 2497
1712269812750 166308.0 2498
1712269823024 167392.6 2499
1712269833196 167392.6 2500
1712269843355 167392.6 2501
1712269853510 167392.6 2502
1712269863672 167392.6 2503
1712269873838 167392.6 2504
1712269884018 167392.6 2505
1712269894163 167392.6 2506
1712269904356 167392.6 2507
1712269914506 167392.6 2508
1712269924652 167392.6 2509
1712269934815 167392.6 2510
1712269944974 167392.6 2511
1712269955128 167392.6 2512
1712269966103 167392.6 2513
1712269976296 160721.4 2514
1712269986532 166707.7 2515
1712269996833 169275.9 2516
1712270007496 171080.6 2517
1712270017672 172708.8 2518
1712270027858 172708.8 2519
1712270038033 172708.8 2520
1712270048215 172708.8 2521
1712270058370 172708.8 2522
1712270068535 172709.3 2523
1712270078683 172709.3 2524
1712270088831 172709.3 2525
1712270099093 172709.3 2526
1712270109241 172709.3 2527
1712270119393 172709.3 2528
1712270129556 172709.3 2529
1712270139718 172709.3 2530
1712270149874 172709.3 2531
1712270160033 172709.3 2532
1712270170197 172709.3 2533
1712270180363 172709.3 2534
1712270190624 172709.3 2535
1712270200778 172709.3 2536
1712270210920 172709.3 2537
1712270221063 172709.3 2538
1712270231224 172709.3 2539
1712270241377 172709.3 2540
1712270251554 172709.3 2541
1712270261729 172709.3 2542
1712270271882 172709.3 2543
1712270282039 172709.3 2544
1712270292222 172709.3 2545
1712270302379 172709.3 2546
1712270312544 172709.3 2547
1712270322694 172709.3 2548
1712270332842 172709.3 2549
1712270343017 172709.3 2550
1712270353183 172709.3 2551
1712270363344 172709.3 2552
1712270373601 172709.3 2553
1712270383758 172709.3 2554
1712270393916 172709.3 2555
1712270404070 172709.3 2556
1712270414223 172709.3 2557
1712270424417 172709.3 2558
1712270434572 172709.3 2559
1712270444739 172709.3 2560
1712270455005 172709.3 2561
1712270465153 172709.3 2562
1712270475304 172709.3 2563
1712270485462 172709.3 2564
1712270495657 172709.3 2565
1712270505816 172709.3 2566
1712270515979 172709.3 2567
1712270526132 172709.3 2568
1712270536299 172709.3 2569
1712270546578 172709.3 2570
1712270556730 172709.3 2571
1712270566917 172709.3 2572
1712270577090 172709.3 2573
1712270587245 172709.3 2574
1712270597413 172709.3 2575
1712270607579 172709.3 2576
1712270617733 172709.3 2577
1712270627906 172709.3 2578
1712270638177 172709.3 2579
1712270648342 172709.3 2580
1712270658505 172709.3 2581
1712270668657 172709.3 2582
1712270678811 172709.3 2583
1712270688976 172709.3 2584
1712270699141 172709.3 2585
1712270709344 172709.3 2586
1712270719499 172709.3 2587
1712270729760 172709.3 2588
1712270739933 172709.3 2589
1712270750093 172709.3 2590
1712270760251 172709.3 2591
1712270770408 172709.3 2592
1712270780572 172709.3 2593
1712270790736 172709.3 2594
1712270800900 172709.3 2595
1712270811093 172709.3 2596
1712270821347 172709.3 2597
1712270831542 172709.3 2598
1712270841721 172709.3 2599
1712270851892 172709.3 2600
1712270862069 172709.3 2601
1712270872251 172709.3 2602
1712270882431 172709.3 2603
1712270892604 172709.3 2604
1712270902798 172709.3 2605
1712270913022 172709.3 2606
1712270923216 172709.4 2607
1712270933312 172709.4 2608
1712270943398 172709.4 2609
1712270953591 172709.4 2610
1712270963693 172709.4 2611
1712270973811 172709.4 2612
1712270983990 172709.4 2613
1712270994081 172709.4 2614
1712271004348 172709.4 2615
1712271014565 172709.4 2616
1712271024670 172709.4 2617
1712271034788 172709.4 2618
1712271044906 172709.4 2619
1712271055036 172709.4 2620
1712271065153 172709.4 2621
1712271075331 172709.4 2622
1712271085462 172709.4 2623
1712271095746 172709.4 2624
1712271105918 172709.4 2625
1712271116126 172709.4 2626
1712271126322 172709.9 2627
1712271136493 172709.9 2628
1712271146675 172709.9 2629
1712271156789 172709.9 2630
1712271166963 172709.9 2631
1712271177259 172709.9 2632
1712271187440 172709.9 2633
1712271197642 172709.9 2634
1712271207820 172709.9 2635
1712271217948 172709.9 2636
1712271228148 161909.0 2637
1712271238361 161909.0 2638
1712271248551 165726.8 2639
1712271258730 167887.4 2640
1712271269053 167887.4 2641
1712271279187 167887.4 2642
1712271289363 167887.4 2643
1712271299538 167887.4 2644
1712271309712 167887.4 2645
1712271319898 167887.4 2646
1712271330063 167887.4 2647
1712271340165 167887.4 2648
1712271350360 167887.4 2649
1712271360641 167887.4 2650
1712271370843 167887.4 2651
1712271381035 167887.4 2652
1712271391233 167887.4 2653
1712271401361 167887.4 2654
1712271411593 167887.4 2655
1712271421948 165817.4 2656
1712271432151 169117.1 2657
1712271442354 171243.8 2658
1712271452552 173023.4 2659
1712271463274 173023.4 2660
1712271473472 173023.4 2661
1712271483650 173023.4 2662
1712271493853 173023.4 2663
1712271504026 173023.4 2664
1712271514193 173023.4 2665
1712271524292 173023.4 2666
1712271534472 173023.4 2667
1712271544805 173023.4 2668
1712271554991 173023.4 2669
1712271565175 173023.4 2670
1712271575367 173023.4 2671
1712271585473 173023.4 2672
1712271595653 173023.4 2673
1712271605829 173023.4 2674
1712271616016 173023.4 2675
1712271626212 173023.4 2676
1712271636493 173023.4 2677
1712271646613 173023.4 2678
1712271656800 173023.4 2679
1712271666984 173023.4 2680
1712271677164 173023.4 2681
1712271687371 173023.4 2682
1712271697563 173023.4 2683
1712271707658 173023.4 2684
1712271717839 173023.4 2685
1712271728124 173023.4 2686
1712271738308 173023.4 2687
1712271748487 173023.4 2688
1712271758608 173023.4 2689
1712271768793 173023.4 2690
1712271779016 173023.4 2691
1712271789212 173023.4 2692
1712271799413 173023.4 2693
1712271809608 173023.4 2694
1712271819916 173023.4 2695
1712271830097 173023.4 2696
1712271840283 173023.4 2697
1712271850469 173023.4 2698
1712271860652 173023.4 2699
1712271870828 173023.4 2700
1712271881020 173023.4 2701
1712271891198 173023.4 2702
1712271901395 173023.4 2703
1712271911714 173023.4 2704
1712271921892 173023.4 2705
1712271932076 173023.4 2706
1712271942244 173023.4 2707
1712271952433 173023.4 2708
1712271962629 173023.4 2709
1712271972833 173023.4 2710
1712271983017 173023.4 2711
1712271993206 173023.4 2712
1712272003388 173023.4 2713
1712272013571 173023.4 2714
1712272023778 173023.4 2715
1712272033968 173023.4 2716
1712272044151 173023.4 2717
1712272054348 173023.4 2718
1712272064536 173023.4 2719
1712272074728 173023.4 2720
1712272084904 173023.4 2721
1712272095219 173023.4 2722
1712272105401 173023.4 2723
1712272115620 173023.4 2724
1712272125809 173023.4 2725
1712272135988 173023.4 2726
1712272146161 173023.4 2727
1712272156368 173023.4 2728
1712272166534 173024.0 2729
1712272176718 173024.0 2730
1712272186997 173024.0 2731
1712272197201 173024.0 2732
1712272207406 173024.0 2733
1712272217612 173024.0 2734
1712272227787 173024.0 2735
1712272237927 173024.0 2736
1712272248123 173024.0 2737
1712272258276 173024.0 2738
1712272268404 173024.0 2739
1712272278754 173024.0 2740
1712272288885 173024.0 2741
1712272298995 173024.0 2742
1712272309178 173024.0 2743
1712272319297 173024.0 2744
1712272329398 173024.0 2745
1712272339518 173024.0 2746
1712272349718 173024.0 2747
1712272359960 173024.0 2748
1712272370087 173024.0 2749
1712272380269 173024.0 2750
1712272390371 173024.0 2751
1712272400466 173024.0 2752
1712272410673 173024.0 2753
1712272420793 173024.0 2754
1712272430895 173024.0 2755
1712272441098 173024.0 2756
1712272451368 173024.0 2757
1712272461480 173024.0 2758
1712272471678 173024.0 2759
1712272481784 173024.0 2760
1712272491898 173024.0 2761
1712272502090 173024.0 2762
1712272512243 173024.0 2763
1712272522337 173024.0 2764
1712272532518 173024.0 2765
1712272542740 173024.0 2766
1712272552941 173024.0 2767
1712272563123 173024.0 2768
1712272573324 173024.0 2769
1712272583522 173024.0 2770
1712272593722 173024.0 2771
1712272603847 173024.0 2772
1712272614052 173024.0 2773
1712272624259 173024.0 2774
1712272634560 173024.0 2775
1712272644734 173024.0 2776
1712272654956 173024.0 2777
1712272665061 161772.7 2778
1712272675324 161772.7 2779
1712272685512 164508.5 2780
1712272695693 167811.2 2781
1712272705875 167811.2 2782
1712272716059 167811.2 2783
1712272726291 167811.2 2784
1712272736477 167811.2 2785
1712272746665 167811.2 2786
1712272756853 167811.2 2787
1712272767040 167811.2 2788
1712272777218 167811.2 2789
1712272787344 167811.2 2790
1712272797536 167811.2 2791
1712272807722 167811.2 2792
1712272817994 167811.2 2793
1712272828171 167811.2 2794
1712272838279 167811.2 2795
1712272848489 167811.2 2796
1712272858737 163794.7 2797
1712272868960 169235.1 2798
1712272879208 169469.6 2799
1712272889436 172852.8 2800
1712272899545 161194.9 2801
1712272910238 157577.4 2802
1712272921030 163569.2 2803
1712272931266 169043.0 2804
1712272941485 171054.8 2805
1712272951674 172802.9 2806
1712272961792 172802.9 2807
1712272971981 172802.9 2808
1712272982173 172802.9 2809
1712272992365 172802.9 2810
1712273002677 172802.9 2811
1712273012889 172802.9 2812
1712273023014 172802.9 2813
1712273033219 172802.9 2814
1712273043403 172802.9 2815
1712273053597 172802.9 2816
1712273063782 172802.9 2817
1712273073966 172802.9 2818
1712273084074 172802.9 2819
1712273094382 172802.9 2820
1712273104605 172802.9 2821
1712273114797 172802.9 2822
1712273124984 172802.9 2823
1712273135182 172802.9 2824
1712273145297 172802.9 2825
1712273155501 172802.9 2826
1712273165685 172802.9 2827
1712273175863 172802.9 2828
1712273186192 172802.9 2829
1712273196394 172803.5 2830
1712273206483 172803.5 2831
1712273216673 172803.5 2832
1712273226857 172803.5 2833
1712273237032 172803.5 2834
1712273247239 172803.5 2835
1712273257402 172803.5 2836
1712273267520 172803.5 2837
1712273277718 172803.5 2838
1712273288058 172803.5 2839
1712273298241 172803.5 2840
1712273308422 172803.5 2841
1712273318524 172803.5 2842
1712273328692 172803.5 2843
1712273338903 172803.5 2844
1712273349090 172803.5 2845
1712273359372 172803.5 2846
1712273369555 172803.5 2847
1712273379674 172803.5 2848
1712273389863 172803.5 2849
1712273400069 172803.5 2850
1712273410260 172803.5 2851
1712273420448 172803.5 2852
1712273430633 172803.5 2853
1712273440750 172803.5 2854
1712273450938 172803.5 2855
1712273461235 172803.5 2856
1712273471432 172803.5 2857
1712273481624 172803.5 2858
1712273491814 172803.5 2859
1712273501955 172803.5 2860
1712273512155 172803.5 2861
1712273522344 172803.5 2862
1712273532536 172803.5 2863
1712273542734 172803.5 2864
1712273553053 172803.5 2865
1712273563145 172803.5 2866
1712273573322 172803.5 2867
1712273583504 172803.5 2868
1712273593697 172803.5 2869
1712273603933 172803.5 2870
1712273614243 172803.5 2871
1712273624336 172803.5 2872
1712273634518 172803.5 2873
1712273644698 172803.5 2874
1712273654889 172803.5 2875
1712273665080 172803.5 2876
1712273675386 172803.5 2877
1712273685502 172803.5 2878
1712273695718 172803.5 2879
1712273705912 172803.5 2880
1712273716120 172803.5 2881
1712273726311 172803.5 2882
1712273736515 172803.5 2883
1712273746628 172803.5 2884
1712273756828 172803.5 2885
1712273767011 172803.5 2886
1712273777208 172803.5 2887
1712273787520 172803.5 2888
1712273797725 172803.5 2889
1712273807913 172803.5 2890
1712273818124 172803.5 2891
1712273828293 172803.5 2892
1712273838472 172803.5 2893
1712273848661 172803.5 2894
1712273858780 172803.5 2895
1712273869102 172803.5 2896
1712273879330 172803.5 2897
1712273889521 172803.5 2898
1712273899706 172803.5 2899
1712273909891 172803.5 2900
1712273919999 172803.5 2901
1712273930202 172803.5 2902
1712273940512 172803.5 2903
1712273950720 172803.5 2904
1712273960825 172803.5 2905
1712273970987 172803.5 2906
1712273981124 172803.5 2907
1712273991248 172803.5 2908
1712274001834 172803.5 2909
1712274011939 172803.5 2910
1712274022039 172803.5 2911
1712274032218 172803.5 2912
1712274042314 172803.5 2913
1712274052441 172803.5 2914
1712274062600 172803.5 2915
1712274072793 172803.5 2916
1712274082950 172803.5 2917
1712274093109 172803.5 2918
1712274103333 172803.5 2919
1712274113521 172803.5 2920
1712274123694 161355.4 2921
1712274133847 165287.4 2922
1712274144046 168540.0 2923
1712274154196 168540.0 2924
1712274164285 168540.0 2925
1712274174441 168540.0 2926
1712274184590 168540.0 2927
1712274194882 168540.0 2928
1712274205064 168540.0 2929
1712274215226 168540.0 2930
1712274225328 168540.0 2931
1712274235514 168540.0 2932
1712274245670 168540.6 2933
1712274255834 168540.6 2934
1712274266142 168540.6 2935
1712274276297 168540.6 2936
1712274286404 168540.6 2937
1712274296571 168540.6 2938
1712274306738 168540.6 2939
1712274317023 168540.6 2940
1712274327215 168540.6 2941
1712274337378 168540.6 2942
1712274347481 168540.6 2943
1712274357637 168540.6 2944
1712274367789 168540.6 2945
1712274377953 168540.6 2946
1712274388113 168540.6 2947
1712274398204 168540.6 2948
1712274408370 168540.6 2949
1712274418548 168540.6 2950
1712274430801 168540.6 2951
1712274440978 162405.8 2952
1712274451177 168437.9 2953
1712274461267 169945.4 2954
1712274471484 171764.9 2955
1712274481660 173458.0 2956
1712274491818 173458.0 2957
1712274501985 173458.0 2958
1712274512153 173458.0 2959
1712274522889 173458.0 2960
1712274533056 173458.0 2961
1712274543226 173458.0 2962
1712274553411 173458.0 2963
1712274563588 173458.0 2964
1712274573741 173458.0 2965
1712274583980 173458.0 2966
1712274594136 173458.0 2967
1712274604302 173458.0 2968
1712274614492 173458.0 2969
1712274624655 173458.0 2970
1712274634815 173458.0 2971
1712274645021 173458.0 2972
1712274655187 173458.0 2973
1712274665357 173458.0 2974
1712274675522 173458.0 2975
1712274685714 173458.0 2976
1712274695889 173458.0 2977
1712274705988 173458.0 2978
1712274716175 173458.0 2979
1712274726345 173458.0 2980
1712274736526 173458.0 2981
1712274746691 173458.0 2982
1712274756978 173458.0 2983
1712274767075 173458.0 2984
1712274777257 173458.0 2985
1712274787439 173458.0 2986
1712274797609 173458.0 2987
1712274807789 173458.0 2988
1712274817892 173458.0 2989
1712274828081 173458.0 2990
1712274838381 173458.0 2991
1712274848549 173458.0 2992
1712274858718 173458.0 2993
1712274868879 173458.0 2994
1712274878982 173458.0 2995
1712274889169 173458.0 2996
1712274899334 173458.0 2997
1712274909622 173458.0 2998
1712274919799 173458.0 2999
1712274929995 173458.0 3000
1712274940093 173458.0 3001
1712274950295 173458.0 3002
1712274960467 173458.0 3003
1712274970800 173458.0 3004
1712274981004 173458.0 3005
1712274991178 173458.0 3006
1712275001278 173458.0 3007
1712275011443 173458.0 3008
1712275021605 173458.0 3009
1712275031772 173458.0 3010
1712275041941 173458.0 3011
1712275052111 173458.0 3012
1712275062201 173458.0 3013
1712275072511 173458.0 3014
1712275082692 173458.0 3015
1712275092853 173458.0 3016
1712275103033 173458.0 3017
1712275113214 173458.0 3018
1712275123311 173458.0 3019
1712275133509 173458.0 3020
1712275143682 173458.0 3021
1712275153860 173458.0 3022
1712275164156 173458.0 3023
1712275174358 173458.0 3024
1712275184457 173458.0 3025
1712275194632 173458.0 3026
1712275204803 173458.0 3027
1712275214959 173458.0 3028
1712275225244 173458.0 3029
1712275235406 173458.0 3030
1712275245529 173458.0 3031
1712275255699 173458.0 3032
1712275265894 173458.0 3033
1712275276062 173458.0 3034
1712275286345 173458.5 3035
1712275296511 173458.5 3036
1712275306609 173458.5 3037
1712275316782 173458.5 3038
1712275326958 173458.5 3039
1712275337141 173458.5 3040
1712275347313 173458.5 3041
1712275357484 173458.5 3042
1712275367590 173458.5 3043
1712275377748 173458.5 3044
1712275387923 173458.5 3045
1712275398227 173458.5 3046
1712275408424 173458.5 3047
1712275418527 173458.5 3048
1712275428702 173458.5 3049
1712275438859 173458.5 3050
1712275449036 173458.5 3051
1712275459214 173458.5 3052
1712275469396 173458.5 3053
1712275479604 173458.5 3054
1712275489780 173458.5 3055
1712275500011 173458.5 3056
1712275510184 173458.5 3057
1712275520350 173458.5 3058
1712275530511 173458.5 3059
1712275540601 173458.6 3060
1712275550897 173458.6 3061
1712275561067 173458.6 3062
1712275571235 173458.6 3063
1712275581397 173458.6 3064
1712275591571 173458.6 3065
1712275601669 173458.6 3066
1712275611842 173458.6 3067
1712275622135 173458.6 3068
1712275632328 173458.6 3069
1712275642499 173458.6 3070
1712275652668 162467.1 3071
1712275662773 166293.7 3072
1712275672937 168462.5 3073
1712275683294 168462.5 3074
1712275693474 168462.5 3075
1712275703634 168462.5 3076
1712275713799 168462.5 3077
1712275723901 168462.5 3078
1712275734064 168462.5 3079
1712275744334 168462.5 3080
1712275754508 168462.5 3081
1712275764672 168462.5 3082
1712275774832 168462.5 3083
1712275784932 168462.5 3084
1712275795095 168462.5 3085
1712275805254 168462.5 3086
1712275815522 168462.5 3087
1712275825697 168462.5 3088
1712275835861 168462.5 3089
1712275845954 168462.5 3090
1712275856127 168462.5 3091
1712275866293 168462.5 3092
1712275876573 168462.5 3093
1712275886741 168462.5 3094
1712275896897 168462.5 3095
1712275906996 168462.5 3096
1712275917160 168462.5 3097
1712275927333 168462.5 3098
1712275937606 168462.5 3099
1712275947760 168462.5 3100
1712275957885 168462.5 3101
1712275968207 163601.6 3102
1712275978399 167958.9 3103
1712275988607 170270.8 3104
1712275999312 171532.2 3105
1712276009505 173218.4 3106
1712276019608 173218.4 3107
1712276029819 173218.4 3108
1712276040419 173218.4 3109
1712276050608 173218.4 3110
1712276060778 173218.4 3111
1712276071068 173218.4 3112
1712276081165 173218.4 3113
1712276091348 173218.4 3114
1712276101519 173218.4 3115
1712276111686 173218.4 3116
1712276121865 173218.4 3117
1712276132035 173218.4 3118
1712276142258 173218.4 3119
1712276152426 173218.4 3120
1712276162606 173218.4 3121
1712276172771 173218.4 3122
1712276182947 173218.4 3123
1712276193108 173218.4 3124
1712276203211 173218.4 3125
1712276213393 173218.4 3126
1712276223659 173218.4 3127
1712276233846 173218.4 3128
1712276244018 173218.4 3129
1712276254195 173218.4 3130
1712276264295 173218.4 3131
1712276274484 173218.4 3132
1712276284676 173218.4 3133
1712276294978 173218.4 3134
1712276305169 173218.4 3135
1712276315333 173218.4 3136
1712276325429 173218.4 3137
1712276335600 173219.0 3138
1712276345770 173219.0 3139
1712276355976 173219.0 3140
1712276366279 173219.0 3141
1712276376446 173219.0 3142
1712276386542 173219.0 3143
1712276396713 173219.0 3144
1712276406873 173219.0 3145
1712276417074 173219.0 3146
1712276427269 173219.0 3147
1712276437565 173219.0 3148
1712276447696 173219.0 3149
1712276457866 173219.0 3150
1712276468044 173219.0 3151
1712276478237 173219.0 3152
1712276488414 173219.0 3153
1712276498526 173219.0 3154
1712276508835 173219.0 3155
1712276519017 173219.0 3156
1712276529194 173219.0 3157
1712276539402 173219.0 3158
1712276549602 173219.0 3159
1712276559705 173219.0 3160
1712276569890 173219.0 3161
1712276580176 173219.0 3162
1712276590346 173219.0 3163
1712276600502 173219.0 3164
1712276610664 173219.0 3165
1712276620761 173219.0 3166
1712276630950 173219.0 3167
1712276641125 173219.0 3168
1712276651289 173219.0 3169
1712276661598 173219.0 3170
1712276671766 173219.0 3171
1712276681871 173219.0 3172
1712276692051 173219.0 3173
1712276702237 173219.0 3174
1712276712411 173219.0 3175
1712276722711 173219.0 3176
1712276732909 173219.0 3177
1712276743007 173219.0 3178
1712276753184 173219.0 3179
1712276763370 173219.0 3180
1712276773528 173219.0 3181
1712276783697 173219.0 3182
1712276793883 173219.0 3183
1712276803974 173219.0 3184
1712276814267 173219.0 3185
1712276824451 173219.0 3186
1712276834632 173219.0 3187
1712276844835 173219.0 3188
1712276854995 173210.6 3189
1712276865096 173210.6 3190
1712276875401 173210.6 3191
1712276885603 173210.6 3192
1712276895776 173210.6 3193
1712276905964 173210.6 3194
1712276916177 173210.6 3195
1712276926289 173210.6 3196
1712276936585 173210.6 3197
1712276946777 173210.6 3198
1712276956951 173210.6 3199
1712276967121 173210.6 3200
1712276977320 173210.6 3201
1712276987431 173210.6 3202
1712276997744 173210.6 3203
1712277007935 173210.6 3204
1712277018156 173210.6 3205
1712277028370 173210.6 3206
1712277038493 173210.6 3207
1712277048656 173210.6 3208
1712277058967 173210.6 3209
1712277069141 173210.6 3210
1712277079347 173210.6 3211
1712277089513 173210.6 3212
1712277099617 173210.6 3213
1712277109903 173210.6 3214
1712277120089 173210.6 3215
1712277130277 173210.6 3216
1712277140447 173210.6 3217
1712277150627 173210.6 3218
1712277160752 173210.6 3219
1712277171105 173210.6 3220
1712277181299 163765.3 3221
1712277191484 165446.9 3222
1712277201661 168677.4 3223
1712277211845 168677.4 3224
1712277221947 168677.4 3225
1712277232208 168677.4 3226
1712277242382 168677.4 3227
1712277252559 168677.4 3228
1712277262731 168677.4 3229
1712277272920 168677.4 3230
1712277283011 168677.4 3231
1712277293292 168677.4 3232
1712277303460 168677.4 3233
1712277313645 168677.4 3234
1712277323818 168677.4 3235
1712277334012 168677.4 3236
1712277344198 168677.4 3237
1712277354367 168677.4 3238
1712277364530 168677.4 3239
1712277374699 168677.9 3240
1712277384878 168677.9 3241
1712277395043 168677.9 3242
1712277405235 168677.9 3243
1712277415412 168677.9 3244
1712277425571 168677.9 3245
1712277435744 168677.9 3246
1712277445919 168677.9 3247
1712277456090 168677.9 3248
1712277466294 168677.9 3249
1712277476485 168677.9 3250
1712277486668 168677.9 3251
1712277497043 163593.1 3252
1712277507249 168041.8 3253
1712277517505 169984.6 3254
1712277528566 171473.9 3255
1712277538812 173220.4 3256
1712277548993 173220.4 3257
1712277559184 173220.4 3258
1712277569362 173220.4 3259
1712277579467 173220.4 3260
1712277589744 173220.4 3261
1712277599924 173220.4 3262
1712277610101 173220.4 3263
1712277620277 173220.4 3264
1712277630444 173220.4 3265
1712277640548 173220.4 3266
1712277650834 173220.4 3267
1712277661004 173220.4 3268
1712277671181 173220.4 3269
1712277681367 173220.4 3270
1712277691546 173220.4 3271
1712277701652 173220.4 3272
1712277711821 173220.4 3273
1712277721988 173220.4 3274
1712277732180 173220.4 3275
1712277742381 173220.4 3276
1712277752552 173220.4 3277
1712277762761 173220.4 3278
1712277772950 173220.4 3279
1712277783130 173220.4 3280
1712277793304 173220.4 3281
1712277803509 173220.4 3282
1712277813696 173220.4 3283
1712277823924 173220.4 3284
1712277834100 173220.4 3285
1712277844261 173220.4 3286
1712277854443 173220.4 3287
1712277864639 173220.4 3288
1712277874824 173220.4 3289
1712277885051 173220.4 3290
1712277895231 173220.4 3291
1712277905417 173220.4 3292
1712277915594 173220.4 3293
1712277925770 173220.4 3294
1712277935941 173220.4 3295
1712277946156 173220.4 3296
1712277956322 173220.4 3297
1712277966492 173220.4 3298
1712277976684 173220.4 3299
1712277986858 173220.4 3300
1712277997141 173220.4 3301
1712278007247 173220.4 3302
1712278017422 173220.4 3303
1712278027621 173220.4 3304
1712278037790 173220.4 3305
1712278047974 173220.4 3306
1712278058189 173220.4 3307
1712278068407 173220.4 3308
1712278078607 173220.4 3309
1712278088789 173220.4 3310
1712278098965 173220.4 3311
1712278109147 173220.4 3312
1712278119360 173220.4 3313
1712278129540 173220.4 3314
1712278139721 173220.4 3315
1712278149898 173220.4 3316
1712278160064 173220.4 3317
1712278170230 173220.4 3318
1712278180458 173220.4 3319
1712278190651 173220.4 3320
1712278200842 173220.4 3321
1712278211024 173220.4 3322
1712278221198 173220.4 3323
1712278231380 173220.4 3324
1712278241610 173220.4 3325
1712278251796 173220.4 3326
1712278261983 173220.4 3327
1712278272175 173220.4 3328
1712278282362 173220.4 3329
1712278292659 173220.4 3330
1712278302774 173220.4 3331
1712278312961 173220.4 3332
1712278323136 173220.4 3333
1712278333333 173220.4 3334
1712278343518 173220.4 3335
1712278353819 173220.4 3336
1712278363922 173220.4 3337
1712278374113 173220.4 3338
1712278384281 173220.4 3339
1712278394466 173220.4 3340
1712278404659 173220.4 3341
1712278414948 173220.4 3342
1712278425068 173221.0 3343
1712278435273 173221.0 3344
1712278445471 173221.0 3345
1712278455676 173221.0 3346
1712278465871 173221.0 3347
1712278476177 173221.0 3348
1712278486327 173221.0 3349
1712278496532 173221.0 3350
1712278506710 173221.0 3351
1712278516916 173221.0 3352
1712278527090 173221.0 3353
1712278537417 173221.0 3354
1712278547541 173221.0 3355
1712278557743 173221.0 3356
1712278567915 173221.0 3357
1712278578081 173221.0 3358
1712278588381 173221.0 3359
1712278598515 173221.0 3360
1712278608722 173221.0 3361
1712278618956 173221.0 3362
1712278629137 173221.0 3363
1712278639330 173221.0 3364
1712278649625 173221.0 3365
1712278659741 173221.0 3366
1712278669926 173221.0 3367
1712278680125 173221.0 3368
1712278690317 173221.0 3369
1712278700522 173221.0 3370
1712278710814 162263.6 3371
1712278720923 163897.0 3372
1712278731115 168377.3 3373
1712278741295 168377.3 3374
1712278751494 168377.3 3375
1712278761662 168377.3 3376
1712278771986 168377.3 3377
1712278782092 168377.3 3378
1712278792265 168377.3 3379
1712278802446 168377.3 3380
1712278812620 168377.3 3381
1712278822798 168377.3 3382
1712278833099 168377.3 3383
1712278843205 168377.3 3384
1712278853386 168377.3 3385
1712278863557 168377.3 3386
1712278873722 168377.3 3387
1712278883886 168377.3 3388
1712278894051 168377.3 3389
1712278904157 168377.3 3390
1712278914321 168377.3 3391
1712278924503 168377.3 3392
1712278934674 168377.3 3393
1712278944962 168377.3 3394
1712278955131 168377.3 3395
1712278965228 168377.3 3396
1712278975400 168377.3 3397
1712278985568 168377.3 3398
1712278995743 168377.3 3399
1712279006041 168377.3 3400
1712279016215 168377.3 3401
1712279026320 168377.3 3402
