1712244508274 124.8 0
1712244518360 124.8 1
1712244528436 284.7 2
1712244538533 284.7 3
1712244548607 284.7 4
1712244558673 2365.1 5
1712244568785 2365.1 6
1712244578817 2365.1 7
1712244588855 2365.1 8
1712244598921 2365.1 9
1712244608999 2365.1 10
1712244619073 2365.1 11
1712244629137 2365.1 12
1712244639226 2365.1 13
1712244649309 2365.1 14
1712244659384 2365.1 15
1712244669488 2365.1 16
1712244679585 2365.1 17
1712244689655 2365.1 18
1712244699757 2365.1 19
1712244709834 2365.1 20
1712244719901 2365.1 21
1712244729967 2365.1 22
1712244740044 2365.1 23
1712244750113 2365.1 24
1712244760184 2365.1 25
1712244770256 2365.1 26
1712244780326 2365.1 27
1712244790404 2365.1 28
1712244800472 2365.1 29
1712244810566 2365.1 30
1712244820665 2365.1 31
1712244830731 2365.1 32
1712244840793 2365.1 33
1712244850897 2365.1 34
1712244860982 2365.1 35
1712244871051 2365.1 36
1712244881129 2365.1 37
1712244891192 2365.1 38
1712244901264 2365.1 39
1712244911355 2365.1 40
1712244921387 2365.1 41
1712244931459 2365.1 42
1712244941492 2365.1 43
1712244951578 2365.1 44
1712244961610 2365.1 45
1712244971651 2365.1 46
1712244981753 2365.1 47
1712244991792 2365.1 48
1712245001824 2365.1 49
1712245011877 2365.1 50
1712245021907 2365.1 51
1712245031940 2365.1 52
1712245041966 2365.1 53
1712245051992 2365.1 54
1712245062024 2365.1 55
1712245072064 2365.1 56
1712245082141 2365.1 57
1712245092210 2365.1 58
1712245102277 2365.1 59
1712245112355 2365.1 60
1712245122383 2365.1 61
1712245132456 2365.1 62
1712245142551 2365.1 63
1712245152621 2365.1 64
1712245162698 2365.1 65
1712245172787 2365.1 66
1712245182815 2365.1 67
1712245192895 2365.1 68
1712245202978 2365.1 69
1712245213077 2365.1 70
1712245223156 2365.1 71
1712245233240 2365.1 72
1712245243269 2365.1 73
1712245253350 2365.1 74
1712245263440 2365.1 75
1712245273520 2365.1 76
1712245283596 2365.1 77
1712245293688 2365.1 78
1712245303721 2365.1 79
1712245313788 2365.1 80
1712245323880 2365.1 81
1712245333954 2365.1 82
1712245344026 2365.1 83
1712245354100 2365.1 84
1712245364129 2365.1 85
1712245374226 2365.1 86
1712245384330 2365.1 87
1712245394416 2365.1 88
1712245404530 2365.1 89
1712245414632 2365.1 90
1712245424666 2365.1 91
1712245434760 2365.1 92
1712245444827 2365.1 93
1712245454915 2365.1 94
1712245465002 2365.1 95
1712245475074 2365.1 96
1712245485109 2365.1 97
1712245495210 2365.1 98
1712245505295 2365.1 99
1712245515386 2365.1 100
1712245525474 2365.1 101
1712245535556 2365.1 102
1712245545593 2365.1 103
1712245555703 2365.1 104
1712245565806 2365.1 105
1712245575905 2365.1 106
1712245586007 2365.1 107
1712245596109 2365.1 108
1712245606149 2365.1 109
1712245616241 2365.1 110
1712245626332 2365.1 111
1712245636417 2365.1 112
1712245646528 2365.1 113
1712245656609 2365.1 114
1712245666639 2365.1 115
1712245676721 2365.1 116
1712245686826 2365.1 117
1712245696927 2365.1 118
1712245707002 2365.1 119
1712245717090 2365.1 120
1712245727118 2365.1 121
1712245737194 2365.1 122
1712245747295 2365.1 123
1712245757388 2365.1 124
1712245767488 2365.1 125
1712245777583 2983.7 126
1712245787612 2983.7 127
1712245797638 2983.7 128
1712245807723 2983.7 129
1712245817759 2983.7 130
1712245827798 2983.7 131
1712245837829 2983.7 132
1712245847864 2983.7 133
1712245857939 2983.7 134
1712245868037 2983.7 135
1712245878122 2983.7 136
1712245888227 2983.7 137
1712245898255 2983.7 138
1712245908344 2983.7 139
1712245920215 2983.7 140
1712245930303 2987.9 141
1712245940473 2987.9 142
1712245950583 2987.9 143
1712245960622 2987.9 144
1712245970711 2987.9 145
1712245980797 2987.9 146
1712245990903 2987.9 147
1712246000985 2987.9 148
1712246011084 2987.9 149
1712246021119 2987.9 150
1712246031209 2987.9 151
1712246041306 2987.9 152
1712246051393 2987.9 153
1712246061470 2987.9 154
1712246071567 2987.9 155
1712246081600 2987.9 156
1712246091697 2987.9 157
1712246101778 2987.9 158
1712246111873 2987.9 159
1712246121962 2987.9 160
1712246132060 2987.9 161
1712246142097 2987.9 162
1712246152209 2987.9 163
1712246162287 2987.9 164
1712246172368 2987.9 165
1712246182461 2987.9 166
1712246192577 2987.9 167
1712246202613 2987.9 168
1712246212712 2987.9 169
1712246222791 2987.9 170
1712246232879 2987.9 171
1712246242965 2987.9 172
1712246253059 2987.9 173
1712246263090 2987.9 174
1712246273175 2987.9 175
1712246283251 2987.9 176
1712246293355 2987.9 177
1712246303462 2987.9 178
1712246313541 2987.9 179
1712246323571 2987.9 180
1712246333663 2987.9 181
1712246343753 2987.9 182
1712246353867 2987.9 183
1712246363960 2987.9 184
1712246374047 2987.9 185
1712246384077 2987.9 186
1712246394183 2987.9 187
1712246404266 2987.9 188
1712246414354 2987.9 189
1712246424446 2987.9 190
1712246434540 2987.9 191
1712246444581 2987.9 192
1712246454679 2987.9 193
1712246464775 2987.9 194
1712246474880 2987.9 195
1712246484985 2987.9 196
1712246495100 2987.9 197
1712246505144 2987.9 198
1712246515242 2987.9 199
1712246525328 2987.9 200
1712246535423 2987.9 201
1712246545504 2987.9 202
1712246555619 2987.9 203
1712246565650 2987.9 204
1712246575760 2987.9 205
1712246585851 2987.9 206
1712246595956 2987.9 207
1712246606049 2987.9 208
1712246616156 2987.9 209
1712246626195 2987.9 210
1712246636283 2987.9 211
1712246646363 2987.9 212
1712246656449 2987.9 213
1712246666555 2987.9 214
1712246676655 2987.9 215
1712246686692 2987.9 216
1712246696799 2987.9 217
1712246706883 2987.9 218
1712246716968 2987.9 219
1712246727009 2987.9 220
1712246737119 2987.9 221
1712246747211 2987.9 222
1712246757298 2987.9 223
1712246767383 2987.9 224
1712246777468 2987.9 225
1712246787552 2987.9 226
1712246797630 2987.9 227
1712246807716 2987.9 228
1712246817815 2987.9 229
1712246827892 2987.9 230
1712246837984 2987.9 231
1712246848066 2987.9 232
1712246858159 2987.9 233
1712246868253 2987.9 234
1712246878346 2987.9 235
1712246888423 2987.9 236
1712246898509 2987.9 237
1712246908590 2987.9 238
1712246918678 2987.9 239
1712246928766 2987.9 240
1712246938858 2987.9 241
1712246948954 2987.9 242
1712246959033 2987.9 243
1712246969127 2987.9 244
1712246979215 2987.9 245
1712246989325 2987.9 246
1712246999403 2987.9 247
1712247009485 2987.9 248
1712247019585 2987.9 249
1712247029677 2987.9 250
1712247039792 2987.9 251
1712247049878 2987.9 252
1712247059975 2987.9 253
1712247070057 2987.9 254
1712247080157 2987.9 255
1712247090249 2987.9 256
1712247100340 2987.9 257
1712247110420 2987.9 258
1712247120509 2987.9 259
1712247130600 2987.9 260
1712247140699 2987.9 261
1712247150785 2987.9 262
1712247160872 2987.9 263
1712247170975 2987.9 264
1712247181089 2987.9 265
1712247191197 2987.9 266
1712247201314 2987.9 267
1712247211394 2987.9 268
1712247221487 2987.9 269
1712247231569 2987.9 270
1712247241648 2987.9 271
1712247251755 2987.9 272
1712247261849 2987.9 273
1712247271932 2987.9 274
1712247282015 2987.9 275
1712247292107 2987.9 276
1712247302202 2987.9 277
1712247312304 2987.9 278
1712247322428 2987.9 279
1712247332535 2987.9 280
1712247342695 2987.9 281
1712247352805 2987.9 282
1712247362904 2987.9 283
1712247373014 2987.9 284
1712247383112 2987.9 285
1712247393231 2987.9 286
1712247403324 2987.9 287
1712247413432 2987.9 288
1712247423530 2987.9 289
1712247433620 2987.9 290
1712247443702 2987.9 291
1712247453785 2987.9 292
1712247463876 2987.9 293
1712247473965 2987.9 294
1712247484061 2987.9 295
1712247494154 2987.9 296
1712247504232 2987.9 297
1712247514326 2987.9 298
1712247524411 2987.9 299
1712247534499 2987.9 300
1712247544584 2987.9 301
1712247554697 2987.9 302
1712247564804 2987.9 303
1712247574913 2987.9 304
1712247585001 2987.9 305
1712247595089 2987.9 306
1712247605183 2987.9 307
1712247615266 2987.9 308
1712247625353 2987.9 309
1712247635461 2987.9 310
1712247645569 2987.9 311
1712247655659 2987.9 312
1712247665746 2987.9 313
1712247675828 2987.9 314
1712247685910 2987.9 315
1712247696009 2987.9 316
1712247706107 2987.9 317
1712247716207 2987.9 318
1712247726310 2987.9 319
1712247736408 2987.9 320
1712247746493 2987.9 321
1712247756591 2987.9 322
1712247766682 2987.9 323
1712247776781 2987.9 324
1712247786883 2987.9 325
1712247796977 2987.9 326
1712247807062 2987.9 327
1712247817147 2987.9 328
1712247827241 2987.9 329
1712247837340 2987.9 330
1712247847428 2987.9 331
1712247857522 2987.9 332
1712247867634 2987.9 333
1712247877835 2987.9 334
1712247887938 2987.9 335
1712247898031 2987.9 336
1712247908122 2987.9 337
1712247918227 2987.9 338
1712247928331 2987.9 339
1712247938432 2987.9 340
1712247948569 2987.9 341
1712247958678 2987.9 342
1712247968787 2987.9 343
1712247978888 2987.9 344
1712247988978 2987.9 345
1712247999080 2987.9 346
1712248009197 2987.9 347
1712248019296 2987.9 348
1712248029400 2987.9 349
1712248039484 2987.9 350
1712248049569 2987.9 351
1712248059656 2987.9 352
1712248069744 2987.9 353
1712248079848 2987.9 354
1712248089943 2987.9 355
1712248100042 2987.9 356
1712248110170 2987.9 357
1712248120261 2987.9 358
1712248130358 2987.9 359
1712248140477 2987.9 360
1712248150587 2987.9 361
1712248160688 2987.9 362
1712248170792 2987.9 363
1712248180870 2987.9 364
1712248190966 2987.9 365
1712248201084 2987.9 366
1712248211176 2987.9 367
1712248221282 2987.9 368
1712248231374 2987.9 369
1712248241463 2987.9 370
1712248251546 2987.9 371
1712248261639 2987.9 372
1712248271742 2987.9 373
1712248281837 2987.9 374
1712248291931 2987.9 375
1712248302023 2987.9 376
1712248312110 2987.9 377
1712248322229 2987.9 378
1712248332326 2987.9 379
1712248342418 2987.9 380
1712248352509 2987.9 381
1712248362606 2987.9 382
1712248372699 2987.9 383
1712248382791 2987.9 384
1712248392877 2987.9 385
1712248402968 2987.9 386
1712248413058 2987.9 387
1712248423178 2987.9 388
1712248433273 2987.9 389
1712248443367 2987.9 390
1712248453463 2987.9 391
1712248463550 2987.9 392
1712248473659 2987.9 393
1712248483760 2987.9 394
1712248493858 2987.9 395
1712248503956 2987.9 396
1712248514054 2987.9 397
1712248524139 2987.9 398
1712248534228 2987.9 399
1712248544322 2987.9 400
1712248554423 2987.9 401
1712248564549 2987.9 402
1712248574662 2987.9 403
1712248584765 2987.9 404
1712248594855 2987.9 405
1712248604951 2987.9 406
1712248615058 2987.9 407
1712248625157 2987.9 408
1712248635257 2987.9 409
1712248645354 2987.9 410
1712248655448 2987.9 411
1712248665535 2987.9 412
1712248675636 2987.9 413
1712248685738 2987.9 414
1712248695830 2987.9 415
1712248706664 2987.9 416
1712248716756 2987.9 417
1712248726845 2987.9 418
1712248737693 2987.9 419
1712248747812 2987.9 420
1712248757930 2987.9 421
1712248768037 2987.9 422
1712248778151 2987.9 423
1712248788257 2987.9 424
1712248798368 2987.9 425
1712248808480 2987.9 426
1712248818610 2987.9 427
1712248828702 2987.9 428
1712248838844 2987.9 429
1712248848935 2987.9 430
1712248859048 2987.9 431
1712248869165 2987.9 432
1712248879282 2987.9 433
1712248889392 2987.9 434
1712248899513 2987.9 435
1712248909624 2987.9 436
1712248919728 2987.9 437
1712248929850 2987.9 438
1712248939961 2987.9 439
1712248950086 2987.9 440
1712248960207 2987.9 441
1712248970316 2987.9 442
1712248980433 2987.9 443
1712248990555 2987.9 444
1712249000676 2987.9 445
1712249010790 2987.9 446
1712249020901 2987.9 447
1712249031021 2987.9 448
1712249041140 2987.9 449
1712249051259 2987.9 450
1712249061395 2987.9 451
1712249071504 2987.9 452
1712249081627 2987.9 453
1712249091742 2987.9 454
1712249101862 2987.9 455
1712249111973 2987.9 456
1712249122082 2987.9 457
1712249132205 2987.9 458
1712249142323 2987.9 459
1712249152431 2987.9 460
1712249162542 2987.9 461
1712249172646 2987.9 462
1712249182759 2987.9 463
1712249192878 2987.9 464
1712249202994 2987.9 465
1712249213116 2987.9 466
1712249223238 2987.9 467
1712249233351 2987.9 468
1712249243462 2987.9 469
1712249253594 2987.9 470
1712249263729 2987.9 471
1712249273840 2987.9 472
1712249283950 2987.9 473
1712249294068 2987.9 474
1712249304184 2987.9 475
1712249314281 2987.9 476
1712249324382 2987.9 477
1712249334496 2987.9 478
1712249344579 2987.9 479
1712249354688 2987.9 480
1712249364776 2987.9 481
1712249374888 2987.9 482
1712249384985 2987.9 483
1712249395074 2987.9 484
1712249405159 2987.9 485
1712249415250 2987.9 486
1712249425340 2987.9 487
1712249435454 2987.9 488
1712249445548 2987.9 489
1712249455641 2987.9 490
1712249465749 2987.9 491
1712249475834 2987.9 492
1712249486517 2987.9 493
1712249496623 2987.9 494
1712249506744 2987.9 495
1712249516894 2987.9 496
1712249527005 2987.9 497
1712249537099 2987.9 498
1712249547208 2987.9 499
1712249557331 2987.9 500
1712249567431 2987.9 501
1712249577547 2987.9 502
1712249587684 2987.9 503
1712249597779 2987.9 504
1712249607873 2987.9 505
1712249617971 2987.9 506
1712249628057 2987.9 507
1712249638168 2987.9 508
1712249648260 2987.9 509
1712249658349 2987.9 510
1712249668455 2987.9 511
1712249678552 2987.9 512
1712249688666 2987.9 513
1712249698773 2987.9 514
1712249708861 2987.9 515
1712249718977 2987.9 516
1712249729087 2987.9 517
1712249739207 2987.9 518
1712249749321 2987.9 519
1712249759406 2987.9 520
1712249769496 2987.9 521
1712249779591 2987.9 522
1712249789691 2987.9 523
1712249799811 2987.9 524
1712249809923 2987.9 525
1712249820046 2987.9 526
1712249830183 2987.9 527
1712249840296 2987.9 528
1712249850429 2987.9 529
1712249860529 2987.9 530
1712249870630 2987.9 531
1712249880747 2987.9 532
1712249890839 2987.9 533
1712249900946 2987.9 534
1712249911055 2987.9 535
1712249921167 2987.9 536
1712249931280 2987.9 537
1712249941385 2987.9 538
1712249951486 2987.9 539
1712249961587 2987.9 540
1712249971694 2987.9 541
1712249981799 2987.9 542
1712249991902 2987.9 543
1712250002009 2987.9 544
1712250012127 2987.9 545
1712250022238 2987.9 546
1712250032354 2987.9 547
1712250042450 2987.9 548
1712250052561 2987.9 549
1712250062654 2987.9 550
1712250072754 2987.9 551
1712250082852 2987.9 552
1712250092953 2987.9 553
1712250103043 2987.9 554
1712250113151 2987.9 555
1712250123246 2987.9 556
1712250133345 2987.9 557
1712250143537 2987.9 558
1712250153662 2987.9 559
1712250163780 2987.9 560
1712250173884 2987.9 561
1712250183984 2987.9 562
1712250194108 2987.9 563
1712250204248 2987.9 564
1712250214365 2987.9 565
1712250224479 2987.9 566
1712250234592 2987.9 567
1712250244715 2987.9 568
1712250254835 2987.9 569
1712250264964 2987.9 570
1712250275086 2987.9 571
1712250285195 2987.9 572
1712250295320 2987.9 573
1712250305409 2987.9 574
1712250315511 2987.9 575
1712250325614 2987.9 576
1712250335717 2987.9 577
1712250345812 2987.9 578
1712250355934 2987.9 579
1712250366031 2987.9 580
1712250376132 2987.9 581
1712250386234 2987.9 582
1712250396339 2987.9 583
1712250406439 2987.9 584
1712250416536 2987.9 585
1712250426642 2987.9 586
1712250436752 2987.9 587
1712250446859 2987.9 588
1712250456975 2987.9 589
1712250467093 2987.9 590
1712250477196 2987.9 591
1712250487304 2987.9 592
1712250497398 2987.9 593
1712250507492 2987.9 594
1712250517587 2987.9 595
1712250527670 2987.9 596
1712250537781 2987.9 597
1712250547878 2987.9 598
1712250557983 2987.9 599
1712250568074 2987.9 600
1712250578175 2987.9 601
1712250588257 2987.9 602
1712250598376 2987.9 603
1712250608480 2987.9 604
1712250618612 2987.9 605
1712250628742 2987.9 606
1712250638845 2987.9 607
1712250648958 2987.9 608
1712250659067 2987.9 609
1712250669173 2987.9 610
1712250679279 2987.9 611
1712250689402 2987.9 612
1712250699507 2987.9 613
1712250709597 2987.9 614
1712250719694 2987.9 615
1712250729808 2987.9 616
1712250739904 2987.9 617
1712250749995 2987.9 618
1712250760088 2987.9 619
1712250770182 2987.9 620
1712250780298 2987.9 621
1712250790397 2987.9 622
1712250800511 2987.9 623
1712250810606 2987.9 624
1712250820703 2987.9 625
1712250830796 2987.9 626
1712250840898 2987.9 627
1712250850994 2987.9 628
1712250861115 2987.9 629
1712250871218 2987.9 630
1712250881316 2987.9 631
1712250891417 2987.9 632
1712250901528 2987.9 633
1712250911627 2987.9 634
1712250921717 2987.9 635
1712250931809 2987.9 636
1712250941904 2987.9 637
1712250951999 2987.9 638
1712250962084 2987.9 639
1712250972186 2987.9 640
1712250982306 2987.9 641
1712250992396 2987.9 642
1712251002501 2987.9 643
1712251012590 2987.9 644
1712251022689 2987.9 645
1712251032780 2987.9 646
1712251042895 2987.9 647
1712251052997 2987.9 648
1712251063111 2987.9 649
1712251073306 2987.9 650
1712251083432 2987.9 651
1712251093549 2987.9 652
1712251103651 2987.9 653
1712251113774 2987.9 654
1712251123892 2987.9 655
1712251133990 2987.9 656
1712251144091 2987.9 657
1712251154209 2987.9 658
1712251164308 2987.9 659
1712251174410 2987.9 660
1712251184518 2987.9 661
1712251194619 2987.9 662
1712251204748 2987.9 663
1712251214845 2987.9 664
1712251224968 2987.9 665
1712251235069 2987.9 666
1712251245170 2987.9 667
1712251255273 2987.9 668
1712251265381 2987.9 669
1712251275481 2987.9 670
1712251285593 2987.9 671
1712251295705 2987.9 672
1712251305817 2987.9 673
1712251315924 2987.9 674
1712251326015 2987.9 675
1712251336140 2987.9 676
1712251346250 2987.9 677
1712251356378 2987.9 678
1712251366492 2987.9 679
1712251376614 2987.9 680
1712251386723 2987.9 681
1712251396842 2987.9 682
1712251406947 2987.9 683
1712251417065 2987.9 684
1712251427167 2987.9 685
1712251437284 2987.9 686
1712251447400 2987.9 687
1712251457515 2987.9 688
1712251467640 2987.9 689
1712251477765 2987.9 690
1712251487864 2987.9 691
1712251497987 2987.9 692
1712251508107 2987.9 693
1712251518229 2987.9 694
1712251528333 2987.9 695
1712251538434 2987.9 696
1712251548550 2987.9 697
1712251558684 2987.9 698
1712251568802 2987.9 699
1712251578918 2987.9 700
1712251589023 2987.9 701
1712251599143 2987.9 702
1712251609270 2987.9 703
1712251619369 2987.9 704
1712251629486 2987.9 705
1712251639591 2987.9 706
1712251649705 2987.9 707
1712251659829 2987.9 708
1712251669944 2987.9 709
1712251680044 2987.9 710
1712251690147 2987.9 711
1712251700246 2987.9 712
1712251710357 2987.9 713
1712251720445 2987.9 714
1712251730542 2987.9 715
1712251740671 2987.9 716
1712251750772 2987.9 717
1712251760879 2987.9 718
1712251770973 2987.9 719
1712251781075 2987.9 720
1712251791171 2987.9 721
1712251801273 2987.9 722
1712251811374 2987.9 723
1712251821737 2987.9 724
1712251831859 2987.9 725
1712251841974 2987.9 726
1712251852071 2987.9 727
1712251862194 2987.9 728
1712251872294 2987.9 729
1712251882412 2987.9 730
1712251892523 2987.9 731
1712251902632 2987.9 732
1712251912736 2987.9 733
1712251922842 2987.9 734
1712251932942 2987.9 735
1712251943053 2987.9 736
1712251953169 2987.9 737
1712251963292 2987.9 738
1712251973403 2987.9 739
1712251983513 2987.9 740
1712251993616 2987.9 741
1712252003715 2987.9 742
1712252013808 2987.9 743
1712252023925 2987.9 744
1712252034040 2987.9 745
1712252044141 2987.9 746
1712252054249 2987.9 747
1712252064350 2987.9 748
1712252074479 2987.9 749
1712252084590 2987.9 750
1712252094709 2987.9 751
1712252104828 2987.9 752
1712252114949 2987.9 753
1712252125049 2987.9 754
1712252135159 2987.9 755
1712252145288 2987.9 756
1712252155417 2987.9 757
1712252165528 2987.9 758
1712252175625 2987.9 759
1712252185839 2987.9 760
1712252195952 2987.9 761
1712252206054 2987.9 762
1712252216173 2987.9 763
1712252226268 2987.9 764
1712252236373 2987.9 765
1712252246466 2987.9 766
1712252256560 2987.9 767
1712252266650 2987.9 768
1712252276756 2987.9 769
1712252286857 2987.9 770
1712252296960 2987.9 771
1712252307057 2987.9 772
1712252317159 2987.9 773
1712252327265 2987.9 774
1712252337376 2987.9 775
1712252347494 2987.9 776
1712252357594 2987.9 777
1712252367714 2987.9 778
1712252377826 2987.9 779
1712252387926 2987.9 780
1712252398026 2987.9 781
1712252408136 2987.9 782
1712252418270 2987.9 783
1712252428377 2987.9 784
1712252438487 2987.9 785
1712252448616 2987.9 786
1712252458765 2987.9 787
1712252468886 2987.9 788
1712252478995 2987.9 789
1712252489099 2987.9 790
1712252499216 2987.9 791
1712252509338 2987.9 792
1712252519446 2987.9 793
1712252529540 2987.9 794
1712252539644 2987.9 795
1712252549773 2987.9 796
1712252559908 2987.9 797
1712252570032 2987.9 798
1712252580141 2987.9 799
1712252590244 2987.9 800
1712252600339 2987.9 801
1712252610445 2987.9 802
1712252620548 2987.9 803
1712252630658 2987.9 804
1712252640769 2987.9 805
1712252650988 2987.9 806
1712252661130 2987.9 807
1712252671244 2987.9 808
1712252681366 2987.9 809
1712252691481 2987.9 810
1712252701598 2987.9 811
1712252711695 2987.9 812
1712252721799 2987.9 813
1712252731904 2987.9 814
1712252742010 2987.9 815
1712252752120 2987.9 816
1712252762229 2987.9 817
1712252772337 2987.9 818
1712252782458 2987.9 819
1712252792567 2987.9 820
1712252802676 2987.9 821
1712252812811 2987.9 822
1712252822925 2987.9 823
1712252833031 2987.9 824
1712252843140 2987.9 825
1712252853261 2987.9 826
1712252863384 2987.9 827
1712252873499 2987.9 828
1712252883611 2987.9 829
1712252893714 2987.9 830
1712252903824 2987.9 831
1712252913936 2987.9 832
1712252924044 2987.9 833
1712252934267 2987.9 834
1712252944416 2987.9 835
1712252954579 2987.9 836
1712252964746 2987.9 837
1712252974879 2987.9 838
1712252985005 2987.9 839
1712252995122 2987.9 840
1712253005238 2987.9 841
1712253015352 2987.9 842
1712253025460 2987.9 843
1712253035579 2987.9 844
1712253045689 2987.9 845
1712253055790 2987.9 846
1712253065887 2987.9 847
1712253076004 2987.9 848
1712253086116 2987.9 849
1712253096211 2987.9 850
1712253106316 2987.9 851
1712253116421 2987.9 852
1712253126529 2987.9 853
1712253136635 2987.9 854
1712253146743 2987.9 855
1712253156841 2987.9 856
1712253166960 2987.9 857
1712253177080 2987.9 858
1712253187187 2987.9 859
1712253197303 2987.9 860
1712253207430 2987.9 861
1712253217552 2987.9 862
1712253227667 2987.9 863
1712253237783 2987.9 864
1712253247903 2987.9 865
1712253258031 2987.9 866
1712253268168 2987.9 867
1712253278290 2987.9 868
1712253288400 2987.9 869
1712253298495 2987.9 870
1712253308618 2987.9 871
1712253318738 2987.9 872
1712253328840 2987.9 873
1712253338940 2987.9 874
1712253349048 2987.9 875
1712253359161 2987.9 876
1712253369276 2987.9 877
1712253379397 2987.9 878
1712253389495 2987.9 879
1712253399600 2987.9 880
1712253409715 2987.9 881
1712253419813 2987.9 882
1712253429911 2987.9 883
1712253440016 2987.9 884
1712253450114 2987.9 885
1712253460221 2987.9 886
1712253470324 2987.9 887
1712253480424 2987.9 888
1712253490574 2987.9 889
1712253500694 2987.9 890
1712253510812 2987.9 891
1712253520930 2987.9 892
1712253531068 2987.9 893
1712253541187 2987.9 894
1712253551345 2987.9 895
1712253561473 2987.9 896
1712253571617 2987.9 897
1712253581733 2987.9 898
1712253591848 2987.9 899
1712253601958 2987.9 900
1712253612064 2987.9 901
1712253622172 2987.9 902
1712253632274 2987.9 903
1712253642382 2987.9 904
1712253652484 2987.9 905
1712253662600 2987.9 906
1712253672700 2987.9 907
1712253682825 2987.9 908
1712253692937 2987.9 909
1712253703041 2987.9 910
1712253713155 2987.9 911
1712253723259 2987.9 912
1712253733357 2987.9 913
1712253743462 2987.9 914
1712253753578 2987.9 915
1712253763698 2987.9 916
1712253773831 2987.9 917
1712253783969 2987.9 918
1712253794080 2987.9 919
1712253804216 2987.9 920
1712253814340 2987.9 921
1712253824463 2987.9 922
1712253834579 2987.9 923
1712253844690 2987.9 924
1712253854817 2987.9 925
1712253864944 2987.9 926
1712253875062 2987.9 927
1712253885173 2987.9 928
1712253895301 2987.9 929
1712253905442 2987.9 930
1712253915564 2987.9 931
1712253925688 2987.9 932
1712253935840 2987.9 933
1712253945967 2987.9 934
1712253956090 2987.9 935
1712253966223 2987.9 936
1712253976356 2987.9 937
1712253986468 2987.9 938
1712253996592 2987.9 939
1712254006718 2987.9 940
1712254016839 2987.9 941
1712254026957 2987.9 942
1712254037069 2987.9 943
1712254047182 2987.9 944
1712254057297 2987.9 945
1712254067408 2987.9 946
1712254077506 2987.9 947
1712254087601 2987.9 948
1712254097706 2987.9 949
1712254107807 2987.9 950
1712254117922 2987.9 951
1712254128017 2987.9 952
1712254138132 2987.9 953
1712254148241 2987.9 954
1712254158368 2987.9 955
1712254168474 2987.9 956
1712254178589 2987.9 957
1712254188691 2987.9 958
1712254198827 2987.9 959
1712254208941 2987.9 960
1712254219052 2987.9 961
1712254229155 2987.9 962
1712254239272 2987.9 963
1712254249397 2987.9 964
1712254259506 2987.9 965
1712254269623 2987.9 966
1712254279724 2987.9 967
1712254289834 2987.9 968
1712254299941 2987.9 969
1712254310067 2987.9 970
1712254320168 2987.9 971
1712254330272 2987.9 972
1712254340406 2987.9 973
1712254350527 2987.9 974
1712254360654 2987.9 975
1712254370963 2987.9 976
1712254381070 2987.9 977
1712254391165 2987.9 978
1712254401275 2987.9 979
1712254411377 2987.9 980
1712254421487 2987.9 981
1712254431591 2987.9 982
1712254441690 2987.9 983
1712254451801 2987.9 984
1712254461898 2987.9 985
1712254472007 2987.9 986
1712254482118 2987.9 987
1712254492236 2987.9 988
1712254502349 2987.9 989
1712254512504 2987.9 990
1712254522608 2987.9 991
1712254532725 2987.9 992
1712254542885 2987.9 993
1712254553019 2987.9 994
1712254563159 2987.9 995
1712254573274 2987.9 996
1712254583398 2987.9 997
1712254593504 2987.9 998
1712254603609 2987.9 999
1712254613725 2987.9 1000
1712254623844 2987.9 1001
1712254633964 2987.9 1002
1712254644084 2987.9 1003
1712254654194 2987.9 1004
1712254664304 2987.9 1005
1712254674403 2987.9 1006
1712254684510 2987.9 1007
1712254694610 2987.9 1008
1712254704724 2987.9 1009
1712254714843 2987.9 1010
1712254724944 2987.9 1011
1712254735058 2987.9 1012
1712254745173 2987.9 1013
1712254755292 2987.9 1014
1712254765413 2987.9 1015
1712254775541 2987.9 1016
1712254785663 2987.9 1017
1712254795766 2987.9 1018
1712254805874 2987.9 1019
1712254816003 2987.9 1020
1712254826136 2987.9 1021
1712254836250 2987.9 1022
1712254846367 2987.9 1023
1712254856499 2987.9 1024
1712254866618 2987.9 1025
1712254876725 2987.9 1026
1712254886857 2987.9 1027
1712254896999 2987.9 1028
1712254907120 2987.9 1029
1712254917273 2987.9 1030
1712254927386 2987.9 1031
1712254937501 2987.9 1032
1712254947624 2987.9 1033
1712254957760 2987.9 1034
1712254967864 2987.9 1035
1712254977993 2987.9 1036
1712254988123 2987.9 1037
1712254998266 2987.9 1038
1712255008388 2987.9 1039
1712255018487 2987.9 1040
1712255028614 2987.9 1041
1712255038732 2987.9 1042
1712255048863 2987.9 1043
1712255058996 2987.9 1044
1712255069116 2987.9 1045
1712255079215 2987.9 1046
1712255089329 2987.9 1047
1712255099459 2987.9 1048
1712255109567 2987.9 1049
1712255119678 2987.9 1050
1712255129791 2987.9 1051
1712255139895 2987.9 1052
1712255150053 2987.9 1053
1712255160166 2987.9 1054
1712255170270 2987.9 1055
1712255180398 2987.9 1056
1712255190516 2987.9 1057
1712255200640 2987.9 1058
1712255210770 2987.9 1059
1712255220903 2987.9 1060
1712255231038 2987.9 1061
1712255241159 2987.9 1062
1712255251266 2987.9 1063
1712255261373 2987.9 1064
1712255271482 2987.9 1065
1712255281620 2987.9 1066
1712255291748 2987.9 1067
1712255301872 2987.9 1068
1712255311978 2987.9 1069
1712255322079 2987.9 1070
1712255332196 2987.9 1071
1712255342297 2987.9 1072
1712255352406 2987.9 1073
1712255362507 2987.9 1074
1712255372628 2987.9 1075
1712255382763 2987.9 1076
1712255392899 2987.9 1077
1712255403003 2987.9 1078
1712255413111 2987.9 1079
1712255423231 2987.9 1080
1712255433342 2987.9 1081
1712255443467 2987.9 1082
1712255453611 2987.9 1083
1712255463714 2987.9 1084
1712255473825 2987.9 1085
1712255483974 2987.9 1086
1712255494098 2987.9 1087
1712255504230 2987.9 1088
1712255514363 2987.9 1089
1712255524564 2987.9 1090
1712255534667 2987.9 1091
1712255544764 2987.9 1092
1712255554898 2987.9 1093
1712255565012 2987.9 1094
1712255575113 2987.9 1095
1712255585232 2987.9 1096
1712255595334 2987.9 1097
1712255605447 2987.9 1098
1712255615571 2987.9 1099
1712255625691 2987.9 1100
1712255635826 2987.9 1101
1712255645939 2987.9 1102
1712255656051 2987.9 1103
1712255666154 2987.9 1104
1712255676278 2987.9 1105
1712255686391 2987.9 1106
1712255696496 2987.9 1107
1712255706596 2987.9 1108
1712255716698 2987.9 1109
1712255726809 2987.9 1110
1712255736920 2987.9 1111
1712255747037 2987.9 1112
1712255757143 2987.9 1113
1712255767274 2987.9 1114
1712255777395 2987.9 1115
1712255787516 2987.9 1116
1712255797633 2987.9 1117
1712255807733 2987.9 1118
1712255817847 2987.9 1119
1712255827948 2987.9 1120
1712255838074 2987.9 1121
1712255848192 2987.9 1122
1712255858711 2987.9 1123
1712255868815 2987.9 1124
1712255878945 2987.9 1125
1712255889056 2987.9 1126
1712255899160 2987.9 1127
1712255909268 2987.9 1128
1712255919372 2987.9 1129
1712255929489 2987.9 1130
1712255939606 2987.9 1131
1712255949724 2987.9 1132
1712255959840 2987.9 1133
1712255969960 2987.9 1134
1712255980071 2987.9 1135
1712255990184 2987.9 1136
1712256000290 2987.9 1137
1712256010403 2987.9 1138
1712256020504 2987.9 1139
1712256030632 2987.9 1140
1712256040756 2987.9 1141
1712256050893 2987.9 1142
1712256061008 2987.9 1143
1712256071157 2987.9 1144
1712256081272 2987.9 1145
1712256091383 2987.9 1146
1712256101495 2987.9 1147
1712256111604 2987.9 1148
1712256121732 2987.9 1149
1712256131841 2987.9 1150
1712256141945 2987.9 1151
1712256152066 2987.9 1152
1712256162189 2987.9 1153
1712256172320 2987.9 1154
1712256182443 2987.9 1155
1712256192653 2987.9 1156
1712256202765 2987.9 1157
1712256212900 2987.9 1158
1712256223021 2987.9 1159
1712256233148 2987.9 1160
1712256243279 2987.9 1161
1712256253415 2987.9 1162
1712256263532 2987.9 1163
1712256273651 2987.9 1164
1712256283801 2987.9 1165
1712256293905 2987.9 1166
1712256304035 2987.9 1167
1712256314152 2987.9 1168
1712256324257 2987.9 1169
1712256334372 2987.9 1170
1712256344479 2987.9 1171
1712256354609 2987.9 1172
1712256364724 2987.9 1173
1712256374843 2987.9 1174
1712256385056 2987.9 1175
1712256395173 2987.9 1176
1712256405304 2987.9 1177
1712256415466 2987.9 1178
1712256425587 2987.9 1179
1712256435726 2987.9 1180
1712256445858 2987.9 1181
1712256455980 2987.9 1182
1712256466091 2987.9 1183
1712256476214 2987.9 1184
1712256486363 2987.9 1185
1712256496476 2987.9 1186
1712256506597 2987.9 1187
1712256516708 2987.9 1188
1712256526834 2987.9 1189
1712256536952 2987.9 1190
1712256547072 2987.9 1191
1712256557196 2987.9 1192
1712256567314 2987.9 1193
1712256577465 2987.9 1194
1712256587607 2987.9 1195
1712256597738 2987.9 1196
1712256607875 2987.9 1197
1712256618021 2987.9 1198
1712256628130 2987.9 1199
1712256638278 2987.9 1200
1712256648394 2987.9 1201
1712256658528 2987.9 1202
1712256668640 2987.9 1203
1712256678749 2987.9 1204
1712256688875 2987.9 1205
1712256698995 2987.9 1206
1712256709101 2987.9 1207
1712256719220 2987.9 1208
1712256729328 2987.9 1209
1712256739433 2987.9 1210
1712256749567 2987.9 1211
1712256759689 2987.9 1212
1712256769825 2987.9 1213
1712256779968 2987.9 1214
1712256790103 2987.9 1215
1712256800223 2987.9 1216
1712256810333 2987.9 1217
1712256820483 2987.9 1218
1712256830616 2987.9 1219
1712256840739 2987.9 1220
1712256850848 2987.9 1221
1712256861068 2987.9 1222
1712256871220 2987.9 1223
1712256881358 2987.9 1224
1712256891487 2987.9 1225
1712256901598 2987.9 1226
1712256911706 2987.9 1227
1712256921847 2987.9 1228
1712256931966 2987.9 1229
1712256942101 2987.9 1230
1712256952240 2987.9 1231
1712256962356 2987.9 1232
1712256972471 2987.9 1233
1712256982592 2987.9 1234
1712256992751 2987.9 1235
1712257002886 2987.9 1236
1712257012998 2987.9 1237
1712257023124 2987.9 1238
1712257033242 2987.9 1239
1712257043351 2987.9 1240
1712257053561 2987.9 1241
1712257063737 2987.9 1242
1712257073848 2987.9 1243
1712257083997 2987.9 1244
1712257094123 2987.9 1245
1712257104267 2987.9 1246
1712257114453 2987.9 1247
1712257124572 2987.9 1248
1712257134702 2987.9 1249
1712257144811 2987.9 1250
1712257154982 2987.9 1251
1712257165438 2987.9 1252
1712257175620 2987.9 1253
1712257185743 2987.9 1254
1712257196269 2987.9 1255
1712257206390 2987.9 1256
1712257216499 2987.9 1257
1712257226610 2987.9 1258
1712257236739 2987.9 1259
1712257246842 2987.9 1260
1712257256956 2987.9 1261
1712257267065 2987.9 1262
1712257277186 2987.9 1263
1712257287300 2987.9 1264
1712257297419 2987.9 1265
1712257307554 2987.9 1266
1712257317671 2987.9 1267
1712257327790 2987.9 1268
1712257337908 2987.9 1269
1712257348016 2987.9 1270
1712257358118 2987.9 1271
1712257368225 2987.9 1272
1712257378345 2987.9 1273
1712257388459 2987.9 1274
1712257398568 2987.9 1275
1712257408677 2987.9 1276
1712257418788 2987.9 1277
1712257428908 2987.9 1278
1712257439025 2987.9 1279
1712257449165 2987.9 1280
1712257459291 2987.9 1281
1712257469412 2987.9 1282
1712257479529 2987.9 1283
1712257489637 2987.9 1284
1712257499751 2987.9 1285
1712257509857 2987.9 1286
1712257519977 2987.9 1287
1712257530105 2987.9 1288
1712257540328 2987.9 1289
1712257550451 2987.9 1290
1712257560569 2987.9 1291
1712257570674 2987.9 1292
1712257580789 2987.9 1293
1712257590905 2987.9 1294
1712257601036 2987.9 1295
1712257611162 2987.9 1296
1712257621290 2987.9 1297
1712257631426 2987.9 1298
1712257641568 2987.9 1299
1712257651704 2987.9 1300
1712257661836 2987.9 1301
1712257671985 2987.9 1302
1712257682114 2987.9 1303
1712257692241 2987.9 1304
1712257702358 2987.9 1305
1712257712477 2987.9 1306
1712257722623 2987.9 1307
1712257732746 2987.9 1308
1712257742878 2987.9 1309
1712257752987 2987.9 1310
1712257763112 2987.9 1311
1712257773225 2987.9 1312
1712257783372 2987.9 1313
1712257793515 2987.9 1314
1712257803645 2987.9 1315
1712257813755 2987.9 1316
1712257823891 2987.9 1317
1712257834005 2987.9 1318
1712257844138 2987.9 1319
1712257854254 2987.9 1320
1712257864387 2987.9 1321
1712257874521 2987.9 1322
1712257884673 2987.9 1323
1712257894798 2987.9 1324
1712257904929 2987.9 1325
1712257915050 2987.9 1326
1712257925182 2987.9 1327
1712257935404 2987.9 1328
1712257945551 2987.9 1329
1712257955690 2987.9 1330
1712257965823 2987.9 1331
1712257975942 2987.9 1332
1712257986088 2987.9 1333
1712257996220 2987.9 1334
1712258006365 2987.9 1335
1712258016494 2987.9 1336
1712258026624 2987.9 1337
1712258036748 2987.9 1338
1712258046873 2987.9 1339
1712258057028 2987.9 1340
1712258067183 2987.9 1341
1712258077313 2987.9 1342
1712258087443 2987.9 1343
1712258097579 2987.9 1344
1712258107818 2987.9 1345
1712258117946 2987.9 1346
1712258128069 2987.9 1347
1712258138203 2987.9 1348
1712258148331 2987.9 1349
1712258158467 2987.9 1350
1712258168612 2987.9 1351
1712258178743 2987.9 1352
1712258188867 2987.9 1353
1712258199009 2987.9 1354
1712258209152 2987.9 1355
1712258219284 2987.9 1356
1712258229413 2987.9 1357
1712258239559 2987.9 1358
1712258249698 2987.9 1359
1712258259835 2987.9 1360
1712258269945 2987.9 1361
1712258280080 2987.9 1362
1712258290198 2987.9 1363
1712258300317 2987.9 1364
1712258310427 2987.9 1365
1712258320543 2987.9 1366
1712258330676 2987.9 1367
1712258340794 2987.9 1368
1712258350931 2987.9 1369
1712258361060 2987.9 1370
1712258371196 2987.9 1371
1712258381329 2987.9 1372
1712258391490 2987.9 1373
1712258401615 2987.9 1374
1712258411751 2987.9 1375
1712258421870 2987.9 1376
1712258431973 2987.9 1377
1712258442119 2987.9 1378
1712258452262 2987.9 1379
1712258462386 2987.9 1380
1712258472500 2987.9 1381
1712258482609 2987.9 1382
1712258492722 2987.9 1383
1712258502837 2987.9 1384
1712258513038 2987.9 1385
1712258523154 2987.9 1386
1712258533289 2987.9 1387
1712258543421 2987.9 1388
1712258553545 2987.9 1389
1712258563680 2987.9 1390
1712258573829 2987.9 1391
1712258583970 2987.9 1392
1712258594112 2987.9 1393
1712258604245 3835.2 1394
1712258614553 3835.2 1395
1712258624677 3835.2 1396
1712258634807 3835.2 1397
1712258644963 3835.2 1398
1712258655708 3835.2 1399
1712258665846 3835.2 1400
1712258675982 3835.2 1401
1712258686115 3835.2 1402
1712258696222 3835.2 1403
1712258706345 3835.2 1404
1712258716478 3835.2 1405
1712258726588 3835.2 1406
1712258736725 3835.2 1407
1712258746833 3835.2 1408
1712258756946 3835.2 1409
1712258767060 3835.2 1410
1712258777167 3835.2 1411
1712258787273 3835.2 1412
1712258797381 3835.2 1413
1712258807495 3835.2 1414
1712258817610 3835.2 1415
1712258827738 3835.2 1416
1712258837852 3835.2 1417
1712258847980 3835.2 1418
1712258858119 3835.2 1419
1712258868260 3835.2 1420
1712258878389 3835.2 1421
1712258888525 3835.2 1422
1712258898654 3835.2 1423
1712258908761 3835.2 1424
1712258918901 3835.2 1425
1712258929018 3835.2 1426
1712258939155 3835.2 1427
1712258949264 3835.2 1428
1712258959367 3835.2 1429
1712258969486 3835.2 1430
1712258979610 3835.2 1431
1712258989725 3835.2 1432
1712258999856 3835.2 1433
1712259009981 3835.2 1434
1712259020087 3835.2 1435
1712259030339 3835.2 1436
1712259040454 3835.2 1437
1712259050573 3835.2 1438
1712259060707 3835.2 1439
1712259070835 3835.2 1440
1712259080956 3835.2 1441
1712259091076 3835.2 1442
1712259101215 3835.2 1443
1712259111339 3835.2 1444
1712259121460 3835.2 1445
1712259131585 3835.2 1446
1712259141708 3835.2 1447
1712259151823 3835.2 1448
1712259161954 3835.2 1449
1712259172073 3835.2 1450
1712259182188 3835.2 1451
1712259192295 3835.2 1452
1712259202414 3835.2 1453
1712259212522 3835.2 1454
1712259222652 3835.2 1455
1712259232796 3835.2 1456
1712259242931 3835.2 1457
1712259253070 3835.2 1458
1712259263187 3835.2 1459
1712259273313 3835.2 1460
1712259283425 3835.2 1461
1712259293551 3835.2 1462
1712259303682 3835.2 1463
1712259313797 3835.2 1464
1712259323911 3835.2 1465
1712259334045 3835.2 1466
1712259344157 3835.2 1467
1712259354289 3835.2 1468
1712259364406 3835.2 1469
1712259374511 3835.2 1470
1712259384626 3835.2 1471
1712259394750 3835.2 1472
1712259404874 3835.2 1473
1712259415006 3835.2 1474
1712259425154 3835.2 1475
1712259435296 3835.2 1476
1712259445433 3835.2 1477
1712259455560 3835.2 1478
1712259465688 3835.2 1479
1712259475833 3835.2 1480
1712259485977 3835.2 1481
1712259496121 3835.2 1482
1712259506239 3835.2 1483
1712259516484 3835.2 1484
1712259526620 3835.2 1485
1712259536770 3835.2 1486
1712259546899 3835.2 1487
1712259557045 3835.2 1488
1712259567164 3835.2 1489
1712259577299 3835.2 1490
1712259587416 3835.2 1491
1712259597542 3835.2 1492
1712259607679 3835.2 1493
1712259617824 3835.2 1494
1712259627947 3835.2 1495
1712259638072 3835.2 1496
1712259648194 3835.2 1497
1712259658308 3835.2 1498
1712259668428 3835.2 1499
1712259678569 3835.2 1500
1712259688683 3835.2 1501
1712259698811 3835.2 1502
1712259708965 3835.2 1503
1712259719106 3835.2 1504
1712259729259 3835.2 1505
1712259739390 3835.2 1506
1712259749529 3835.2 1507
1712259759657 3835.2 1508
1712259769793 3835.2 1509
1712259779934 3835.2 1510
1712259790059 3835.2 1511
1712259800176 3835.2 1512
1712259810440 3835.2 1513
1712259820606 3835.2 1514
1712259830785 3835.2 1515
1712259840917 3835.2 1516
1712259851052 3835.2 1517
1712259861168 3835.2 1518
1712259871282 3835.2 1519
1712259881406 3835.2 1520
1712259891553 3835.2 1521
1712259901673 3835.2 1522
1712259911782 3835.2 1523
1712259921909 3835.2 1524
1712259932026 3835.2 1525
1712259942136 3835.2 1526
1712259952247 3835.2 1527
1712259962371 3835.2 1528
1712259972505 3835.2 1529
1712259982627 3835.2 1530
1712259992754 3835.2 1531
1712260002868 3835.2 1532
1712260013003 3835.2 1533
1712260023252 3835.2 1534
1712260033399 3835.2 1535
1712260043556 3835.2 1536
1712260053705 3835.2 1537
1712260063825 3835.2 1538
1712260073978 3835.2 1539
1712260084102 3835.2 1540
1712260094220 3835.2 1541
1712260104355 3835.2 1542
1712260114475 3835.2 1543
1712260124599 3835.2 1544
1712260134713 3835.2 1545
1712260144836 3835.2 1546
1712260154967 3835.2 1547
1712260165157 3835.2 1548
1712260175286 3835.2 1549
1712260185784 3835.2 1550
1712260195945 3835.2 1551
1712260206085 3835.2 1552
1712260216235 3835.2 1553
1712260226367 3835.2 1554
1712260236478 3835.2 1555
1712260246625 3835.2 1556
1712260256746 3835.2 1557
1712260266882 3835.2 1558
1712260277025 3835.2 1559
1712260287141 3835.2 1560
1712260297288 3835.2 1561
1712260307465 3835.2 1562
1712260317613 3835.2 1563
1712260327758 3835.2 1564
1712260337901 3835.2 1565
1712260348027 3835.2 1566
1712260358151 3835.2 1567
1712260368268 3835.2 1568
1712260378398 3835.2 1569
1712260388523 3835.2 1570
1712260398653 3835.2 1571
1712260408775 3835.2 1572
1712260418908 3835.2 1573
1712260429042 3835.2 1574
1712260439169 3835.2 1575
1712260449296 3835.2 1576
1712260459469 3835.2 1577
1712260469602 3835.2 1578
1712260479728 3835.2 1579
1712260489855 3835.2 1580
1712260499963 3835.2 1581
1712260510090 3835.2 1582
1712260520226 3835.2 1583
1712260530351 3835.2 1584
1712260540477 3835.2 1585
1712260550640 3835.2 1586
1712260560747 3835.2 1587
1712260570899 3835.2 1588
1712260581028 3835.2 1589
1712260591148 3835.2 1590
1712260601269 3835.2 1591
1712260611413 3835.2 1592
1712260621561 3835.2 1593
1712260631694 3835.2 1594
1712260641858 3835.2 1595
1712260651987 3835.2 1596
1712260662131 3835.2 1597
1712260672251 3835.2 1598
1712260682370 3835.2 1599
1712260692484 3835.2 1600
1712260702758 3835.2 1601
1712260712889 3835.2 1602
1712260723011 3835.2 1603
1712260733138 3835.2 1604
1712260743264 3835.2 1605
1712260753401 3835.2 1606
1712260763522 3835.2 1607
1712260773669 3835.2 1608
1712260783795 3835.2 1609
1712260793921 3835.2 1610
1712260804032 3835.2 1611
1712260814153 3835.2 1612
1712260824290 3835.2 1613
1712260834433 3835.2 1614
1712260844556 3835.2 1615
1712260854691 3835.2 1616
1712260864815 3835.2 1617
1712260874955 3835.2 1618
1712260885085 3835.2 1619
1712260895232 3835.2 1620
1712260905382 3835.2 1621
1712260915521 3835.2 1622
1712260925637 3835.2 1623
1712260935783 3835.2 1624
1712260945909 3835.2 1625
1712260956046 3835.2 1626
1712260966180 3835.2 1627
1712260976311 3835.2 1628
1712260986452 3835.2 1629
1712260996686 3835.2 1630
1712261006826 3835.2 1631
1712261016983 3835.2 1632
1712261027134 3835.2 1633
1712261037280 3835.2 1634
1712261047409 3835.2 1635
1712261057555 3835.2 1636
1712261067713 3835.2 1637
1712261077858 3835.2 1638
1712261087994 3835.2 1639
1712261098119 3835.2 1640
1712261108259 3835.2 1641
1712261118393 3835.2 1642
1712261128532 3835.2 1643
1712261138651 3835.2 1644
1712261148774 3835.2 1645
1712261158901 3835.2 1646
1712261169037 3835.2 1647
1712261179194 3835.2 1648
1712261189322 3835.2 1649
1712261199469 3835.2 1650
1712261209704 3835.2 1651
1712261219854 3835.2 1652
1712261229979 3835.2 1653
1712261240118 3835.2 1654
1712261250238 3835.2 1655
1712261260350 3835.2 1656
1712261270478 3835.2 1657
1712261280599 3835.2 1658
1712261290758 3835.2 1659
1712261300910 3835.2 1660
1712261311043 3835.2 1661
1712261321189 3835.2 1662
1712261331313 3835.2 1663
1712261341446 3835.2 1664
1712261351575 3835.2 1665
1712261361703 3835.2 1666
1712261371831 3835.2 1667
1712261381958 3835.2 1668
1712261392070 3835.2 1669
1712261402187 3835.2 1670
1712261412315 3835.2 1671
1712261422445 3835.2 1672
1712261432607 3835.2 1673
1712261442961 3835.2 1674
1712261453122 3835.2 1675
1712261463252 3835.2 1676
1712261473396 3835.2 1677
1712261483557 3835.2 1678
1712261493690 3835.2 1679
1712261504513 3835.2 1680
1712261514668 3835.2 1681
1712261524794 3835.2 1682
1712261534940 3835.2 1683
1712261545086 3835.2 1684
1712261555212 3835.2 1685
1712261565326 3835.2 1686
1712261575491 3835.2 1687
1712261585610 3835.2 1688
1712261595775 3835.2 1689
1712261605951 3835.2 1690
1712261616092 3835.2 1691
1712261626229 3835.2 1692
1712261636375 3835.2 1693
1712261646519 3835.2 1694
1712261656660 3835.2 1695
1712261666842 3835.2 1696
1712261676968 3835.2 1697
1712261687093 3835.2 1698
1712261697233 3835.2 1699
1712261707370 3835.2 1700
1712261717505 3835.2 1701
1712261727752 3835.2 1702
1712261737878 3835.2 1703
1712261748042 3835.2 1704
1712261758166 3835.2 1705
1712261768296 3835.2 1706
1712261778430 3835.2 1707
1712261788554 3835.2 1708
1712261798681 3835.2 1709
1712261808823 3835.2 1710
1712261818986 3835.2 1711
1712261829127 3835.2 1712
1712261839274 3835.2 1713
1712261849408 3835.2 1714
1712261859550 3835.2 1715
1712261869705 3835.2 1716
1712261879843 3835.2 1717
1712261889983 3835.2 1718
1712261900111 3835.2 1719
1712261910255 3835.2 1720
1712261920386 3835.2 1721
1712261930513 3835.2 1722
1712261940634 3835.2 1723
1712261950898 3835.2 1724
1712261961038 3835.2 1725
1712261971165 3835.2 1726
1712261981322 3835.2 1727
1712261991439 3835.2 1728
1712262001586 3835.2 1729
1712262011734 3835.2 1730
1712262021889 3835.2 1731
1712262032040 3835.2 1732
1712262042189 3835.2 1733
1712262052330 3835.2 1734
1712262062464 3835.2 1735
1712262072588 3835.2 1736
1712262082722 3835.2 1737
1712262092872 3835.2 1738
1712262103046 3835.2 1739
1712262113200 3835.2 1740
1712262123371 3835.2 1741
1712262133512 3835.2 1742
1712262143677 3835.2 1743
1712262153826 3835.2 1744
1712262163985 3835.2 1745
1712262174151 3835.2 1746
1712262184438 3835.2 1747
1712262194598 3835.2 1748
1712262204755 3835.2 1749
1712262214886 3835.2 1750
1712262225018 3835.2 1751
1712262235166 3835.2 1752
1712262245324 3835.2 1753
1712262255453 3835.2 1754
1712262265588 3835.2 1755
1712262275740 3835.2 1756
1712262285887 3835.2 1757
1712262296039 3835.2 1758
1712262306177 3835.2 1759
1712262316314 3835.2 1760
1712262326478 3835.2 1761
1712262336626 3835.2 1762
1712262346791 3835.2 1763
1712262356940 3835.2 1764
1712262367087 3835.2 1765
1712262377217 3835.2 1766
1712262387365 3835.2 1767
1712262397497 3835.2 1768
1712262407653 3835.2 1769
1712262417791 3835.2 1770
1712262427935 3835.2 1771
1712262438197 3835.2 1772
1712262448325 3835.2 1773
1712262458470 3835.2 1774
1712262468619 3835.2 1775
1712262478757 3835.2 1776
1712262488916 3835.2 1777
1712262499086 3835.2 1778
1712262509207 3835.2 1779
1712262519333 3835.2 1780
1712262529470 3835.2 1781
1712262539604 3835.2 1782
1712262549735 3835.2 1783
1712262559857 3835.2 1784
1712262569997 3835.2 1785
1712262580140 3835.2 1786
1712262590273 3835.2 1787
1712262600404 3835.2 1788
1712262610528 3835.2 1789
1712262620669 3835.2 1790
1712262630796 3835.2 1791
1712262641082 3835.2 1792
1712262651223 3835.2 1793
1712262661350 3835.2 1794
1712262671483 3835.2 1795
1712262681608 3835.2 1796
1712262691742 3835.2 1797
1712262701866 3835.2 1798
1712262711981 3835.2 1799
1712262722111 3835.2 1800
1712262732226 3835.2 1801
1712262742374 3835.2 1802
1712262752523 3835.2 1803
1712262762664 3835.2 1804
1712262772811 3835.2 1805
1712262782930 3835.2 1806
1712262793181 3835.2 1807
1712262803309 3835.2 1808
1712262813443 3835.2 1809
1712262823613 3835.2 1810
1712262833750 3835.2 1811
1712262843888 3835.2 1812
1712262854118 3835.2 1813
1712262864265 3835.2 1814
1712262874413 3835.2 1815
1712262884552 3835.2 1816
1712262894710 3835.2 1817
1712262904837 3835.2 1818
1712262914954 3835.2 1819
1712262925074 3835.2 1820
1712262935195 3835.2 1821
1712262945317 3835.2 1822
1712262955437 3835.2 1823
1712262966185 3835.2 1824
1712262976333 3835.2 1825
1712262986479 3835.2 1826
1712262996609 3835.2 1827
1712263006741 3835.2 1828
1712263016890 3835.2 1829
1712263027014 3835.2 1830
1712263037139 3835.2 1831
1712263047257 3835.2 1832
1712263057382 3835.2 1833
1712263067538 3835.2 1834
1712263077656 3835.2 1835
1712263087785 3835.2 1836
1712263097917 3835.2 1837
1712263108045 3835.2 1838
1712263118324 3835.2 1839
1712263128487 3835.2 1840
1712263138642 3835.2 1841
1712263148798 3835.2 1842
1712263158946 3835.2 1843
1712263169095 3835.2 1844
1712263179227 3835.2 1845
1712263189358 3835.2 1846
1712263199494 3835.2 1847
1712263209623 3835.2 1848
1712263219760 3835.2 1849
1712263229894 3835.2 1850
1712263240038 3835.2 1851
1712263250178 3835.2 1852
1712263260305 3835.2 1853
1712263270444 3835.2 1854
1712263280673 3835.2 1855
1712263290827 3835.2 1856
1712263300963 3835.2 1857
1712263311102 3835.2 1858
1712263321221 3835.2 1859
1712263331370 3835.2 1860
1712263341528 3835.2 1861
1712263351691 3835.2 1862
1712263361828 3835.2 1863
1712263371956 3835.2 1864
1712263382078 3835.2 1865
1712263392201 3835.2 1866
1712263402344 3835.2 1867
1712263412484 3835.2 1868
1712263422618 3835.2 1869
1712263432759 3835.2 1870
1712263442891 3835.2 1871
1712263453178 3835.2 1872
1712263463330 3835.2 1873
1712263473459 3835.2 1874
1712263483623 3835.2 1875
1712263493751 3835.2 1876
1712263503875 3835.2 1877
1712263513994 3835.2 1878
1712263524138 3835.2 1879
1712263534260 3835.2 1880
1712263544396 3835.2 1881
1712263554522 3835.2 1882
1712263564642 3835.2 1883
1712263574765 3835.2 1884
1712263584940 3835.2 1885
1712263595090 3835.2 1886
1712263605338 3835.2 1887
1712263615502 3835.2 1888
1712263625667 3835.2 1889
1712263635803 3835.2 1890
1712263645939 3835.2 1891
1712263656103 3835.2 1892
1712263666228 3835.2 1893
1712263676388 3835.2 1894
1712263686531 3835.2 1895
1712263696670 3835.2 1896
1712263706814 3835.2 1897
1712263716939 3835.2 1898
1712263727085 3835.2 1899
1712263737216 3835.2 1900
1712263747346 3835.2 1901
1712263757590 3835.2 1902
1712263767709 3835.2 1903
1712263777835 3835.2 1904
1712263787971 3835.2 1905
1712263798099 3835.2 1906
1712263808248 3835.2 1907
1712263818377 3835.2 1908
1712263828513 3835.2 1909
1712263838651 3835.2 1910
1712263848793 3835.2 1911
1712263858938 3835.2 1912
1712263869073 3835.2 1913
1712263879202 3835.2 1914
1712263889322 3835.2 1915
1712263899470 3835.2 1916
1712263909735 3835.2 1917
1712263919891 3835.2 1918
1712263930023 3835.2 1919
1712263940165 3835.2 1920
1712263950296 3835.2 1921
1712263960452 3835.2 1922
1712263970617 3835.2 1923
1712263980741 3835.2 1924
1712263990883 3835.2 1925
1712264001039 3835.2 1926
1712264011178 3835.2 1927
1712264021321 3835.2 1928
1712264031490 3835.2 1929
1712264041657 3835.2 1930
1712264051788 3835.2 1931
1712264061940 3835.2 1932
1712264072200 3835.2 1933
1712264082361 3835.2 1934
1712264092511 3835.2 1935
1712264102637 3835.2 1936
1712264112806 3835.2 1937
1712264122966 3835.2 1938
1712264133108 3835.2 1939
1712264143276 3835.2 1940
1712264153443 3835.2 1941
1712264163587 3835.2 1942
1712264173709 3835.2 1943
1712264183831 3835.2 1944
1712264193964 3835.2 1945
1712264204107 3835.2 1946
1712264214265 3835.2 1947
1712264224432 3835.2 1948
1712264234691 3835.2 1949
1712264244868 3835.2 1950
1712264255048 3835.2 1951
1712264265254 3835.2 1952
1712264275411 3835.2 1953
1712264285602 3835.2 1954
1712264295751 3835.2 1955
1712264305886 3835.2 1956
1712264316066 3835.2 1957
1712264326252 3835.2 1958
1712264336381 3835.2 1959
1712264346522 3835.2 1960
1712264356658 3835.2 1961
1712264366794 3835.2 1962
1712264376942 3835.2 1963
1712264387135 3835.2 1964
1712264397404 3835.2 1965
1712264407555 3835.2 1966
1712264417713 3835.2 1967
1712264427843 3835.2 1968
1712264437974 3835.2 1969
1712264448116 3835.2 1970
1712264458270 3835.2 1971
1712264468407 3835.2 1972
1712264478548 3835.2 1973
1712264488672 3835.2 1974
1712264498827 3835.2 1975
1712264508974 3835.2 1976
1712264519133 3835.2 1977
1712264529269 3835.2 1978
1712264539399 3835.2 1979
1712264549536 3835.2 1980
1712264559685 3835.2 1981
1712264569810 3835.2 1982
1712264579932 3835.2 1983
1712264590087 3835.2 1984
1712264600218 3835.2 1985
1712264610350 3835.2 1986
1712264620510 3835.2 1987
1712264630658 3835.2 1988
1712264640794 3835.2 1989
1712264650917 3835.2 1990
1712264661056 3835.2 1991
1712264671208 3835.2 1992
1712264681334 3835.2 1993
1712264691465 3835.2 1994
1712264701601 3835.2 1995
1712264711749 3835.2 1996
1712264721899 3835.2 1997
1712264732044 3835.2 1998
1712264742193 3835.2 1999
1712264752333 3835.2 2000
1712264762476 3835.2 2001
1712264772606 3835.2 2002
1712264782751 3835.2 2003
1712264792899 3835.2 2004
1712264803024 3835.2 2005
1712264813175 3835.2 2006
1712264823297 3835.2 2007
1712264833426 3835.2 2008
1712264843569 3835.2 2009
1712264853695 3835.2 2010
1712264863960 3835.2 2011
1712264874122 3835.2 2012
1712264884248 3835.2 2013
1712264894397 3835.2 2014
1712264904544 3835.2 2015
1712264914689 3835.2 2016
1712264924817 3835.2 2017
1712264934956 3835.2 2018
1712264945113 3835.2 2019
1712264955241 3835.2 2020
1712264965422 3835.2 2021
1712264975593 3835.2 2022
1712264985743 3835.2 2023
1712264995926 3835.2 2024
1712265006109 3835.2 2025
1712265016287 3835.2 2026
1712265026453 3835.2 2027
1712265036649 3835.2 2028
1712265046839 3835.2 2029
1712265057011 3835.2 2030
1712265067197 3835.2 2031
1712265077369 3835.2 2032
1712265087528 3835.2 2033
1712265097692 3835.2 2034
1712265107855 3835.2 2035
1712265118014 3835.2 2036
1712265128179 3835.2 2037
1712265138313 3835.2 2038
1712265148460 3835.2 2039
1712265158597 3835.2 2040
1712265168747 3835.2 2041
1712265178873 3835.2 2042
1712265189027 3835.2 2043
1712265199148 3835.2 2044
1712265209292 3835.2 2045
1712265219421 3835.2 2046
1712265229556 3835.2 2047
1712265239693 3835.2 2048
1712265249855 3835.2 2049
1712265260026 3835.2 2050
1712265270166 3835.2 2051
1712265280352 3835.2 2052
1712265290502 3835.2 2053
1712265300657 3835.2 2054
1712265310809 3835.2 2055
1712265321077 3835.2 2056
1712265331245 3835.2 2057
1712265341385 3835.2 2058
1712265351516 3835.2 2059
1712265361650 3835.2 2060
1712265371778 3835.2 2061
1712265381921 3835.2 2062
1712265392068 3835.2 2063
1712265402197 3835.2 2064
1712265412332 3835.2 2065
1712265422526 3835.2 2066
1712265432671 3835.2 2067
1712265442802 3835.2 2068
1712265452939 3835.2 2069
1712265463094 3835.2 2070
1712265473224 3835.2 2071
1712265483372 3835.2 2072
1712265493509 3835.2 2073
1712265503682 3835.2 2074
1712265513851 3835.2 2075
1712265524017 3835.2 2076
1712265534182 3835.2 2077
1712265544330 3835.2 2078
1712265554485 3835.2 2079
1712265564640 3835.2 2080
1712265574762 3835.2 2081
1712265584891 3835.2 2082
1712265595035 3835.2 2083
1712265605198 3835.2 2084
1712265615354 3835.2 2085
1712265625481 3835.2 2086
1712265635761 3835.2 2087
1712265646005 3835.2 2088
1712265656390 3835.2 2089
1712265666546 3835.2 2090
1712265676712 3835.2 2091
1712265686854 3904.4 2092
1712265697003 3904.4 2093
1712265707161 3904.4 2094
1712265717346 3904.4 2095
1712265727480 3906.5 2096
1712265737607 3906.5 2097
1712265747766 3906.5 2098
1712265757894 3906.5 2099
1712265768073 3906.5 2100
1712265778212 3906.5 2101
1712265789017 3906.5 2102
1712265799146 3906.5 2103
1712265809271 3906.5 2104
1712265819409 3906.5 2105
1712265829529 3906.5 2106
1712265839677 3906.5 2107
1712265849823 3906.5 2108
1712265859959 3906.5 2109
1712265870094 3906.5 2110
1712265880216 3906.5 2111
1712265890338 3906.5 2112
1712265900468 3906.5 2113
1712265910594 3906.5 2114
1712265920736 3906.5 2115
1712265930872 3906.5 2116
1712265941008 3906.5 2117
1712265951239 3906.5 2118
1712265961368 3906.5 2119
1712265971506 3906.5 2120
1712265981638 3906.5 2121
1712265991776 3906.5 2122
1712266001899 3906.5 2123
1712266012020 3906.5 2124
1712266022159 3906.5 2125
1712266032301 3906.5 2126
1712266042424 3906.5 2127
1712266052580 3906.5 2128
1712266062715 3906.5 2129
1712266072853 3906.5 2130
1712266082984 3906.5 2131
1712266093118 3906.5 2132
1712266103243 3906.5 2133
1712266113480 3906.5 2134
1712266123617 3906.5 2135
1712266133747 3906.5 2136
1712266143892 3906.5 2137
1712266154056 3906.5 2138
1712266164215 3906.5 2139
1712266174351 3906.5 2140
1712266184481 3906.5 2141
1712266194605 3906.5 2142
1712266204743 3906.5 2143
1712266214868 3906.5 2144
1712266225015 3906.5 2145
1712266235143 3906.5 2146
1712266245274 3906.5 2147
1712266255406 3906.5 2148
1712266265554 3906.5 2149
1712266275695 3906.5 2150
1712266285823 3906.5 2151
1712266295964 3906.5 2152
1712266306107 3906.5 2153
1712266316236 3906.5 2154
1712266326374 3906.5 2155
1712266336515 3906.5 2156
1712266346661 3906.5 2157
1712266356799 3906.5 2158
1712266366936 3906.5 2159
1712266377079 3906.5 2160
1712266387324 3906.5 2161
1712266397449 3906.5 2162
1712266407594 3906.5 2163
1712266417746 3906.5 2164
1712266427917 3906.5 2165
1712266438040 3906.5 2166
1712266448165 3906.5 2167
1712266458315 3906.5 2168
1712266468465 3906.5 2169
1712266478595 3906.5 2170
1712266488734 3906.5 2171
1712266498861 3906.5 2172
1712266508999 3906.5 2173
1712266519137 3906.5 2174
1712266529263 3906.5 2175
1712266539401 3906.5 2176
1712266549553 3906.5 2177
1712266559686 3906.5 2178
1712266569846 3906.5 2179
1712266579990 3906.5 2180
1712266590227 3906.5 2181
1712266600374 3906.5 2182
1712266610505 3906.5 2183
1712266620626 3906.5 2184
1712266630756 3906.5 2185
1712266640931 3906.5 2186
1712266651087 3906.5 2187
1712266661224 3906.5 2188
1712266671367 3906.5 2189
1712266681499 3906.5 2190
1712266691635 3906.5 2191
1712266701775 3906.5 2192
1712266711929 3906.5 2193
1712266722084 3906.5 2194
1712266732319 3906.5 2195
1712266742448 3906.5 2196
1712266752591 3906.5 2197
1712266762733 3906.5 2198
1712266772885 3906.5 2199
1712266783035 3906.5 2200
1712266793173 3906.5 2201
1712266803303 3906.5 2202
1712266813433 3906.5 2203
1712266823575 3906.5 2204
1712266833710 3906.5 2205
1712266844022 3906.5 2206
1712266854173 3906.5 2207
1712266864311 3906.5 2208
1712266874458 3906.5 2209
1712266884604 3906.5 2210
1712266894765 3906.5 2211
1712266904928 3906.5 2212
1712266915079 3906.5 2213
1712266925274 3906.5 2214
1712266935585 3906.5 2215
1712266945764 3906.5 2216
1712266955937 3906.5 2217
1712266966093 3906.5 2218
1712266976229 3906.5 2219
1712266986353 3906.5 2220
1712266996486 3906.5 2221
1712267006616 3906.5 2222
1712267016841 3906.5 2223
1712267026972 3906.5 2224
1712267037139 3906.5 2225
1712267047277 3906.5 2226
1712267057425 3906.5 2227
1712267067564 3906.5 2228
1712267077686 3906.5 2229
1712267087845 3906.5 2230
1712267097981 3906.5 2231
1712267108105 3906.5 2232
1712267118239 3906.5 2233
1712267128425 3906.5 2234
1712267138603 3906.5 2235
1712267148749 3906.5 2236
1712267158909 3906.5 2237
1712267169068 3906.5 2238
1712267179215 3906.5 2239
1712267189366 3906.5 2240
1712267199517 3906.5 2241
1712267209687 3906.5 2242
1712267219861 3906.5 2243
1712267230018 3906.5 2244
1712267240186 3906.5 2245
1712267250339 3906.5 2246
1712267260480 3906.5 2247
1712267270643 3906.5 2248
1712267280778 3906.5 2249
1712267290909 3906.5 2250
1712267301042 3906.5 2251
1712267311191 3906.5 2252
1712267321372 3906.5 2253
1712267331517 3906.5 2254
1712267341654 3906.5 2255
1712267351794 3906.5 2256
1712267361940 3906.5 2257
1712267372068 3906.5 2258
1712267383126 3906.5 2259
1712267393265 3906.5 2260
1712267403436 3906.5 2261
1712267413597 3906.5 2262
1712267423739 3906.5 2263
1712267433882 3906.5 2264
1712267444041 3906.5 2265
1712267454174 3906.5 2266
1712267464319 3906.5 2267
1712267474461 3906.5 2268
1712267484612 3906.5 2269
1712267494773 3906.5 2270
1712267504930 3906.5 2271
1712267515060 3906.5 2272
1712267525202 3906.5 2273
1712267535367 3906.5 2274
1712267545520 3906.5 2275
1712267555657 3906.5 2276
1712267565797 3906.5 2277
1712267575957 3906.5 2278
1712267586203 3906.5 2279
1712267596411 3906.5 2280
1712267606565 3906.5 2281
1712267616714 3906.5 2282
1712267626866 3906.5 2283
1712267637009 3906.5 2284
1712267647151 3906.5 2285
1712267657303 3906.5 2286
1712267667454 3906.5 2287
1712267677659 3906.5 2288
1712267687836 3906.5 2289
1712267698000 3906.5 2290
1712267708148 3906.5 2291
1712267718291 3906.5 2292
1712267728543 3906.5 2293
1712267738756 3906.5 2294
1712267748918 3906.5 2295
1712267759068 3906.5 2296
1712267769192 3906.5 2297
1712267779329 3906.5 2298
1712267789499 3906.5 2299
1712267799644 3906.5 2300
1712267809806 3906.5 2301
1712267819959 3906.5 2302
1712267830092 3906.5 2303
1712267840357 3906.5 2304
1712267850499 3906.5 2305
1712267860631 3906.5 2306
1712267870779 3906.5 2307
1712267880935 3906.5 2308
1712267891093 3906.5 2309
1712267901222 3906.5 2310
1712267911362 3906.5 2311
1712267921492 3906.5 2312
1712267931767 3906.5 2313
1712267941932 3906.5 2314
1712267952075 3906.5 2315
1712267962234 3906.5 2316
1712267972362 3906.5 2317
1712267982485 3906.5 2318
1712267992690 3906.5 2319
1712268002961 3906.5 2320
1712268013100 3906.5 2321
1712268023250 3906.5 2322
1712268033406 3906.5 2323
1712268043557 3906.5 2324
1712268053706 3906.5 2325
1712268063839 3906.5 2326
1712268074003 3906.5 2327
1712268084145 3906.5 2328
1712268094314 3906.5 2329
1712268104459 3906.5 2330
1712268114597 3906.5 2331
1712268124747 3906.5 2332
1712268134887 3906.5 2333
1712268145034 3906.5 2334
1712268155192 3906.5 2335
1712268165354 3906.5 2336
1712268175499 3906.5 2337
1712268185628 3906.5 2338
1712268195772 3906.5 2339
1712268205898 3906.5 2340
1712268216031 3906.5 2341
1712268226162 3906.5 2342
1712268236309 3906.5 2343
1712268246462 3906.5 2344
1712268256599 3906.5 2345
1712268266744 3906.5 2346
1712268276891 3906.5 2347
1712268287037 3906.5 2348
1712268297291 3906.5 2349
1712268307423 3906.5 2350
1712268317557 3906.5 2351
1712268327698 3906.5 2352
1712268337831 3906.5 2353
1712268348017 3906.5 2354
1712268358199 3906.5 2355
1712268368361 3906.5 2356
1712268378506 3906.5 2357
1712268388648 3906.5 2358
1712268398801 3906.5 2359
1712268408938 3906.5 2360
1712268419074 3906.5 2361
1712268429215 3906.5 2362
1712268439508 3906.5 2363
1712268449646 3906.5 2364
1712268459808 3906.5 2365
1712268469965 3906.5 2366
1712268480121 3906.5 2367
1712268490264 3906.5 2368
1712268500411 3906.5 2369
1712268510551 3906.5 2370
1712268520698 3906.5 2371
1712268530872 3906.5 2372
1712268541057 3906.5 2373
1712268551238 3906.5 2374
1712268561926 3906.5 2375
1712268572120 3906.5 2376
1712268582277 3906.5 2377
1712268592425 3906.5 2378
1712268602563 3906.5 2379
1712268612704 3906.5 2380
1712268622853 3906.5 2381
1712268633000 3906.5 2382
1712268643178 3906.5 2383
1712268653328 3906.5 2384
1712268663478 3906.5 2385
1712268673753 3906.5 2386
1712268683905 3906.5 2387
1712268694076 3906.5 2388
1712268704251 3906.5 2389
1712268714407 3906.5 2390
1712268724567 3906.5 2391
1712268734711 3906.5 2392
1712268744848 3906.5 2393
1712268755032 3906.5 2394
1712268765216 3906.5 2395
1712268775391 3906.5 2396
1712268785577 3906.5 2397
1712268795873 3906.5 2398
1712268806051 3906.5 2399
1712268816238 3906.5 2400
1712268826391 3906.5 2401
1712268836550 3906.5 2402
1712268846701 3906.5 2403
1712268856850 3906.5 2404
1712268867023 3906.5 2405
1712268877169 3906.5 2406
1712268887325 3906.5 2407
1712268897472 3906.5 2408
1712268907633 3906.5 2409
1712268917897 3906.5 2410
1712268928055 3906.5 2411
1712268938218 3906.5 2412
1712268948373 3906.5 2413
1712268958529 3906.5 2414
1712268968676 3906.5 2415
1712268978841 3906.5 2416
1712268988981 3906.5 2417
1712268999121 3906.5 2418
1712269009292 3906.5 2419
1712269019450 3906.5 2420
1712269029711 3906.5 2421
1712269039865 3906.5 2422
1712269050021 3906.5 2423
1712269060164 3906.5 2424
1712269070325 3906.5 2425
1712269080468 3906.5 2426
1712269090621 3906.5 2427
1712269100762 3906.5 2428
1712269110902 3906.5 2429
1712269121057 3906.5 2430
1712269131216 3906.5 2431
1712269141372 3906.5 2432
1712269151622 3906.5 2433
1712269161785 3906.5 2434
1712269171942 3906.5 2435
1712269182091 3906.5 2436
1712269192273 3906.5 2437
1712269202454 3906.5 2438
1712269212628 3906.5 2439
1712269222816 3906.5 2440
1712269232974 3906.5 2441
1712269243124 3906.5 2442
1712269253265 3906.5 2443
1712269263428 3906.5 2444
1712269273698 3906.5 2445
1712269283860 3906.5 2446
1712269294009 3906.5 2447
1712269304192 3906.5 2448
1712269314330 3906.5 2449
1712269324487 3906.5 2450
1712269334631 3906.5 2451
1712269344787 3906.5 2452
1712269354938 3906.5 2453
1712269365116 3906.5 2454
1712269375272 3906.5 2455
1712269385416 3906.5 2456
1712269395669 3906.5 2457
1712269405834 3906.5 2458
1712269416000 3906.5 2459
1712269426146 3906.5 2460
1712269436333 3906.5 2461
1712269446493 3906.5 2462
1712269456637 3906.5 2463
1712269466793 3906.5 2464
1712269476956 3906.5 2465
1712269487128 3906.5 2466
1712269497294 3906.5 2467
1712269507444 3906.5 2468
1712269517716 3906.5 2469
1712269527873 3906.5 2470
1712269538017 3906.5 2471
1712269548173 3906.5 2472
1712269558352 3906.5 2473
1712269568519 3906.5 2474
1712269578668 3906.5 2475
1712269588814 3906.5 2476
1712269598968 3906.5 2477
1712269609154 3906.5 2478
1712269619315 3906.5 2479
1712269629571 3906.5 2480
1712269639742 3906.5 2481
1712269649896 3906.5 2482
1712269660047 3906.5 2483
1712269670204 3906.5 2484
1712269680371 3906.5 2485
1712269690539 3906.5 2486
1712269700708 3906.5 2487
1712269710856 3906.5 2488
1712269721029 3906.5 2489
1712269731358 3906.5 2490
1712269741543 3906.5 2491
1712269751730 3906.5 2492
1712269761895 3906.5 2493
1712269772075 3906.5 2494
1712269782260 3906.5 2495
1712269792430 3906.5 2496
1712269802581 3906.5 2497
1712269812750 3906.5 2498
1712269823024 3906.5 2499
1712269833196 3906.5 2500
1712269843355 3906.5 2501
1712269853510 3906.5 2502
1712269863672 3906.5 2503
1712269873838 3906.5 2504
1712269884018 3906.5 2505
1712269894163 3906.5 2506
1712269904356 3906.5 2507
1712269914506 3906.5 2508
1712269924652 3906.5 2509
1712269934815 3906.5 2510
1712269944974 3906.5 2511
1712269955128 3906.5 2512
1712269966103 3906.5 2513
1712269976296 3906.5 2514
1712269986532 3906.5 2515
1712269996833 3906.5 2516
1712270007496 3906.5 2517
1712270017672 3906.5 2518
1712270027858 3906.5 2519
1712270038033 3906.5 2520
1712270048215 3906.5 2521
1712270058370 3906.5 2522
1712270068535 3906.5 2523
1712270078683 3906.5 2524
1712270088831 3906.5 2525
1712270099093 3906.5 2526
1712270109241 3906.5 2527
1712270119393 3906.5 2528
1712270129556 3906.5 2529
1712270139718 3906.5 2530
1712270149874 3906.5 2531
1712270160033 3906.5 2532
1712270170197 3906.5 2533
1712270180363 3906.5 2534
1712270190624 3906.5 2535
1712270200778 3906.5 2536
1712270210920 3906.5 2537
1712270221063 3906.5 2538
1712270231224 3906.5 2539
1712270241377 3906.5 2540
1712270251554 3906.5 2541
1712270261729 3906.5 2542
1712270271882 3906.5 2543
1712270282039 3906.5 2544
1712270292222 3906.5 2545
1712270302379 3906.5 2546
1712270312544 3906.5 2547
1712270322694 3906.5 2548
1712270332842 3906.5 2549
1712270343017 3906.5 2550
1712270353183 3906.5 2551
1712270363344 3906.5 2552
1712270373601 3906.5 2553
1712270383758 3906.5 2554
1712270393916 3906.5 2555
1712270404070 3906.5 2556
1712270414223 3906.5 2557
1712270424417 3906.5 2558
1712270434572 3906.5 2559
1712270444739 3906.5 2560
1712270455005 3906.5 2561
1712270465153 3906.5 2562
1712270475304 3906.5 2563
1712270485462 3906.5 2564
1712270495657 3906.5 2565
1712270505816 3906.5 2566
1712270515979 3906.5 2567
1712270526132 3906.5 2568
1712270536299 3906.5 2569
1712270546578 3906.5 2570
1712270556730 3906.5 2571
1712270566917 3906.5 2572
1712270577090 3906.5 2573
1712270587245 3906.5 2574
1712270597413 3906.5 2575
1712270607579 3906.5 2576
1712270617733 3906.5 2577
1712270627906 3906.5 2578
1712270638177 3906.5 2579
1712270648342 3906.5 2580
1712270658505 3906.5 2581
1712270668657 3906.5 2582
1712270678811 3906.5 2583
1712270688976 3906.5 2584
1712270699141 3906.5 2585
1712270709344 3906.5 2586
1712270719499 3906.5 2587
1712270729760 3906.5 2588
1712270739933 3906.5 2589
1712270750093 3906.5 2590
1712270760251 3906.5 2591
1712270770408 3906.5 2592
1712270780572 3906.5 2593
1712270790736 3906.5 2594
1712270800900 3906.5 2595
1712270811093 3906.5 2596
1712270821347 3906.5 2597
1712270831542 3906.5 2598
1712270841721 3906.5 2599
1712270851892 3906.5 2600
1712270862069 3906.5 2601
1712270872251 3906.5 2602
1712270882431 3906.5 2603
1712270892604 3906.5 2604
1712270902798 3906.5 2605
1712270913022 3906.5 2606
1712270923216 3906.5 2607
1712270933312 3906.5 2608
1712270943398 3906.5 2609
1712270953591 3906.5 2610
1712270963693 3906.5 2611
1712270973811 3906.5 2612
1712270983990 3906.5 2613
1712270994081 3906.5 2614
1712271004348 3906.5 2615
1712271014565 3906.5 2616
1712271024670 3906.5 2617
1712271034788 3906.5 2618
1712271044906 3906.5 2619
1712271055036 3906.5 2620
1712271065153 3906.5 2621
1712271075331 3906.5 2622
1712271085462 3906.5 2623
1712271095746 3906.5 2624
1712271105918 3906.5 2625
1712271116126 3906.5 2626
1712271126322 3906.5 2627
1712271136493 3906.5 2628
1712271146675 3906.5 2629
1712271156789 3906.5 2630
1712271166963 3906.5 2631
1712271177259 3906.5 2632
1712271187440 3906.5 2633
1712271197642 3906.5 2634
1712271207820 3906.5 2635
1712271217948 3906.5 2636
1712271228148 3906.5 2637
1712271238361 3906.5 2638
1712271248551 3906.5 2639
1712271258730 3906.5 2640
1712271269053 3906.5 2641
1712271279187 3906.5 2642
1712271289363 3906.5 2643
1712271299538 3906.5 2644
1712271309712 3906.5 2645
1712271319898 3906.5 2646
1712271330063 3906.5 2647
1712271340165 3906.5 2648
1712271350360 3906.5 2649
1712271360641 3906.5 2650
1712271370843 3906.5 2651
1712271381035 3906.5 2652
1712271391233 3906.5 2653
1712271401361 3906.5 2654
1712271411593 3906.5 2655
1712271421948 3906.5 2656
1712271432151 3906.5 2657
1712271442354 3906.5 2658
1712271452552 3906.5 2659
1712271463274 3906.5 2660
1712271473472 3906.5 2661
1712271483650 3906.5 2662
1712271493853 3906.5 2663
1712271504026 3906.5 2664
1712271514193 3906.5 2665
1712271524292 3906.5 2666
1712271534472 3906.5 2667
1712271544805 3906.5 2668
1712271554991 3906.5 2669
1712271565175 3906.5 2670
1712271575367 3906.5 2671
1712271585473 3906.5 2672
1712271595653 3906.5 2673
1712271605829 3906.5 2674
1712271616016 3906.5 2675
1712271626212 3906.5 2676
1712271636493 3906.5 2677
1712271646613 3906.5 2678
1712271656800 3906.5 2679
1712271666984 3906.5 2680
1712271677164 3906.5 2681
1712271687371 3906.5 2682
1712271697563 3906.5 2683
1712271707658 3906.5 2684
1712271717839 3906.5 2685
1712271728124 3906.5 2686
1712271738308 3906.5 2687
1712271748487 3906.5 2688
1712271758608 3906.5 2689
1712271768793 3906.5 2690
1712271779016 3906.5 2691
1712271789212 3906.5 2692
1712271799413 3906.5 2693
1712271809608 3906.5 2694
1712271819916 3906.5 2695
1712271830097 3906.5 2696
1712271840283 3906.5 2697
1712271850469 3906.5 2698
1712271860652 3906.5 2699
1712271870828 3906.5 2700
1712271881020 3906.5 2701
1712271891198 3906.5 2702
1712271901395 3906.5 2703
1712271911714 3906.5 2704
1712271921892 3906.5 2705
1712271932076 3906.5 2706
1712271942244 3906.5 2707
1712271952433 3906.5 2708
1712271962629 3906.5 2709
1712271972833 3906.5 2710
1712271983017 3906.5 2711
1712271993206 3906.5 2712
1712272003388 3906.5 2713
1712272013571 3906.5 2714
1712272023778 3906.5 2715
1712272033968 3906.5 2716
1712272044151 3906.5 2717
1712272054348 3906.5 2718
1712272064536 3906.5 2719
1712272074728 3906.5 2720
1712272084904 3906.5 2721
1712272095219 3906.5 2722
1712272105401 3906.5 2723
1712272115620 3906.5 2724
1712272125809 3906.5 2725
1712272135988 3906.5 2726
1712272146161 3906.5 2727
1712272156368 3906.5 2728
1712272166534 3906.5 2729
1712272176718 3906.5 2730
1712272186997 3906.5 2731
1712272197201 3906.5 2732
1712272207406 3906.5 2733
1712272217612 3906.5 2734
1712272227787 3906.5 2735
1712272237927 3906.5 2736
1712272248123 3906.5 2737
1712272258276 3906.5 2738
1712272268404 3906.5 2739
1712272278754 3906.5 2740
1712272288885 3906.5 2741
1712272298995 3906.5 2742
1712272309178 3906.5 2743
1712272319297 3906.5 2744
1712272329398 3906.5 2745
1712272339518 3906.5 2746
1712272349718 3906.5 2747
1712272359960 3906.5 2748
1712272370087 3906.5 2749
1712272380269 3906.5 2750
1712272390371 3906.5 2751
1712272400466 3906.5 2752
1712272410673 3906.5 2753
1712272420793 3906.5 2754
1712272430895 3906.5 2755
1712272441098 3906.5 2756
1712272451368 3906.5 2757
1712272461480 3906.5 2758
1712272471678 3906.5 2759
1712272481784 3906.5 2760
1712272491898 3906.5 2761
1712272502090 3906.5 2762
1712272512243 3906.5 2763
1712272522337 3906.5 2764
1712272532518 3906.5 2765
1712272542740 3906.5 2766
1712272552941 3906.5 2767
1712272563123 3906.5 2768
1712272573324 3906.5 2769
1712272583522 3906.5 2770
1712272593722 3906.5 2771
1712272603847 3906.5 2772
1712272614052 3906.5 2773
1712272624259 3906.5 2774
1712272634560 3906.5 2775
1712272644734 3906.5 2776
1712272654956 3906.5 2777
1712272665061 3906.5 2778
1712272675324 3906.5 2779
1712272685512 3906.5 2780
1712272695693 3906.5 2781
1712272705875 3906.5 2782
1712272716059 3906.5 2783
1712272726291 3906.5 2784
1712272736477 3906.5 2785
1712272746665 3906.5 2786
1712272756853 3906.5 2787
1712272767040 3906.5 2788
1712272777218 3906.5 2789
1712272787344 3906.5 2790
1712272797536 3906.5 2791
1712272807722 3906.5 2792
1712272817994 3906.5 2793
1712272828171 3906.5 2794
1712272838279 3906.5 2795
1712272848489 3906.5 2796
1712272858737 3906.5 2797
1712272868960 3906.5 2798
1712272879208 3906.5 2799
1712272889436 3906.5 2800
1712272899545 3906.5 2801
1712272910238 3906.5 2802
1712272921030 3906.5 2803
1712272931266 3906.5 2804
1712272941485 3906.5 2805
1712272951674 4112.0 2806
1712272961792 4112.0 2807
1712272971981 4112.0 2808
1712272982173 4112.0 2809
1712272992365 4112.0 2810
1712273002677 4112.0 2811
1712273012889 4112.0 2812
1712273023014 4112.0 2813
1712273033219 4112.0 2814
1712273043403 4112.0 2815
1712273053597 4112.0 2816
1712273063782 4112.0 2817
1712273073966 4112.0 2818
1712273084074 4112.0 2819
1712273094382 4112.0 2820
1712273104605 4112.0 2821
1712273114797 4112.0 2822
1712273124984 4112.0 2823
1712273135182 4112.0 2824
1712273145297 4112.0 2825
1712273155501 4112.0 2826
1712273165685 4112.0 2827
1712273175863 4112.0 2828
1712273186192 4112.0 2829
1712273196394 4112.0 2830
1712273206483 4112.0 2831
1712273216673 4112.0 2832
1712273226857 4112.0 2833
1712273237032 4112.0 2834
1712273247239 4112.0 2835
1712273257402 4112.0 2836
1712273267520 4112.0 2837
1712273277718 4112.0 2838
1712273288058 4112.0 2839
1712273298241 4112.0 2840
1712273308422 4112.0 2841
1712273318524 4112.0 2842
1712273328692 4112.0 2843
1712273338903 4112.0 2844
1712273349090 4112.0 2845
1712273359372 4112.0 2846
1712273369555 4112.0 2847
1712273379674 4112.0 2848
1712273389863 4112.0 2849
1712273400069 4112.0 2850
1712273410260 4112.0 2851
1712273420448 4112.0 2852
1712273430633 4112.0 2853
1712273440750 4112.0 2854
1712273450938 4112.0 2855
1712273461235 4112.0 2856
1712273471432 4112.0 2857
1712273481624 4112.0 2858
1712273491814 4112.0 2859
1712273501955 4112.0 2860
1712273512155 4112.0 2861
1712273522344 4112.0 2862
1712273532536 4112.0 2863
1712273542734 4112.0 2864
1712273553053 4112.0 2865
1712273563145 4112.0 2866
1712273573322 4112.0 2867
1712273583504 4112.0 2868
1712273593697 4112.0 2869
1712273603933 4112.0 2870
1712273614243 4112.0 2871
1712273624336 4112.0 2872
1712273634518 4112.0 2873
1712273644698 4112.0 2874
1712273654889 4112.0 2875
1712273665080 4112.0 2876
1712273675386 4112.0 2877
1712273685502 4112.0 2878
1712273695718 4112.0 2879
1712273705912 4112.0 2880
1712273716120 4112.0 2881
1712273726311 4112.0 2882
1712273736515 4112.0 2883
1712273746628 4112.0 2884
1712273756828 4112.0 2885
1712273767011 4112.0 2886
1712273777208 4112.0 2887
1712273787520 4112.0 2888
1712273797725 4112.0 2889
1712273807913 4112.0 2890
1712273818124 4112.0 2891
1712273828293 4112.0 2892
1712273838472 4112.0 2893
1712273848661 4112.0 2894
1712273858780 4112.0 2895
1712273869102 4112.0 2896
1712273879330 4112.0 2897
1712273889521 4112.0 2898
1712273899706 4112.0 2899
1712273909891 4112.0 2900
1712273919999 4112.0 2901
1712273930202 4112.0 2902
1712273940512 4112.0 2903
1712273950720 4112.0 2904
1712273960825 4112.0 2905
1712273970987 4112.0 2906
1712273981124 4112.0 2907
1712273991248 4112.0 2908
1712274001834 4112.0 2909
1712274011939 4112.0 2910
1712274022039 4112.0 2911
1712274032218 4112.0 2912
1712274042314 4112.0 2913
1712274052441 4112.0 2914
1712274062600 4112.0 2915
1712274072793 4112.0 2916
1712274082950 4112.0 2917
1712274093109 4112.0 2918
1712274103333 4112.0 2919
1712274113521 4112.0 2920
1712274123694 4112.0 2921
1712274133847 4112.0 2922
1712274144046 4263.0 2923
1712274154196 4263.0 2924
1712274164285 4263.0 2925
1712274174441 4263.0 2926
1712274184590 4263.0 2927
1712274194882 4263.0 2928
1712274205064 4263.0 2929
1712274215226 4263.0 2930
1712274225328 4263.0 2931
1712274235514 4263.0 2932
1712274245670 4263.0 2933
1712274255834 4263.0 2934
1712274266142 4263.0 2935
1712274276297 4263.0 2936
1712274286404 4263.0 2937
1712274296571 4263.0 2938
1712274306738 4263.0 2939
1712274317023 4263.0 2940
1712274327215 4263.0 2941
1712274337378 4263.0 2942
1712274347481 4263.0 2943
1712274357637 4263.0 2944
1712274367789 4263.0 2945
1712274377953 4263.0 2946
1712274388113 4263.0 2947
1712274398204 4263.0 2948
1712274408370 4263.0 2949
1712274418548 4263.0 2950
1712274430801 4263.0 2951
1712274440978 4263.0 2952
1712274451177 4263.0 2953
1712274461267 4263.0 2954
1712274471484 4263.0 2955
1712274481660 4263.0 2956
1712274491818 4263.0 2957
1712274501985 4263.0 2958
1712274512153 4263.0 2959
1712274522889 4263.0 2960
1712274533056 4263.0 2961
1712274543226 4263.0 2962
1712274553411 4263.0 2963
1712274563588 4263.0 2964
1712274573741 4263.0 2965
1712274583980 4263.0 2966
1712274594136 4263.0 2967
1712274604302 4263.0 2968
1712274614492 4263.0 2969
1712274624655 4263.0 2970
1712274634815 4263.0 2971
1712274645021 4263.0 2972
1712274655187 4263.0 2973
1712274665357 4263.0 2974
1712274675522 4263.0 2975
1712274685714 4263.0 2976
1712274695889 4263.0 2977
1712274705988 4263.0 2978
1712274716175 4263.0 2979
1712274726345 4263.0 2980
1712274736526 4263.0 2981
1712274746691 4263.0 2982
1712274756978 4263.0 2983
1712274767075 4263.0 2984
1712274777257 4263.0 2985
1712274787439 4263.0 2986
1712274797609 4263.0 2987
1712274807789 4263.0 2988
1712274817892 4263.0 2989
1712274828081 4263.0 2990
1712274838381 4263.0 2991
1712274848549 4263.0 2992
1712274858718 4263.0 2993
1712274868879 4263.0 2994
1712274878982 4263.0 2995
1712274889169 4263.0 2996
1712274899334 4263.0 2997
1712274909622 4263.0 2998
1712274919799 4263.0 2999
1712274929995 4263.0 3000
1712274940093 4263.0 3001
1712274950295 4263.0 3002
1712274960467 4263.0 3003
1712274970800 4263.0 3004
1712274981004 4263.0 3005
1712274991178 4263.0 3006
1712275001278 4263.0 3007
1712275011443 4263.0 3008
1712275021605 4263.0 3009
1712275031772 4263.0 3010
1712275041941 4263.0 3011
1712275052111 4263.0 3012
1712275062201 4263.0 3013
1712275072511 4263.0 3014
1712275082692 4263.0 3015
1712275092853 4263.0 3016
1712275103033 4263.0 3017
1712275113214 4263.0 3018
1712275123311 4263.0 3019
1712275133509 4263.0 3020
1712275143682 4263.0 3021
1712275153860 4263.0 3022
1712275164156 4263.0 3023
1712275174358 4263.0 3024
1712275184457 4263.0 3025
1712275194632 4263.0 3026
1712275204803 4263.0 3027
1712275214959 4263.0 3028
1712275225244 4263.0 3029
1712275235406 4263.0 3030
1712275245529 4263.0 3031
1712275255699 4263.0 3032
1712275265894 4263.0 3033
1712275276062 4263.0 3034
1712275286345 4263.0 3035
1712275296511 4263.0 3036
1712275306609 4263.0 3037
1712275316782 4263.0 3038
1712275326958 4263.0 3039
1712275337141 4263.0 3040
1712275347313 4263.0 3041
1712275357484 4263.0 3042
1712275367590 4263.0 3043
1712275377748 4263.0 3044
1712275387923 4263.0 3045
1712275398227 4263.0 3046
1712275408424 4263.0 3047
1712275418527 4263.0 3048
1712275428702 4263.0 3049
1712275438859 4263.0 3050
1712275449036 4263.0 3051
1712275459214 4263.0 3052
1712275469396 4263.0 3053
1712275479604 4263.0 3054
1712275489780 4263.0 3055
1712275500011 4263.0 3056
1712275510184 4263.0 3057
1712275520350 4263.0 3058
1712275530511 4263.0 3059
1712275540601 4263.0 3060
1712275550897 4263.0 3061
1712275561067 4263.0 3062
1712275571235 4263.0 3063
1712275581397 4263.0 3064
1712275591571 4263.0 3065
1712275601669 4263.0 3066
1712275611842 4263.0 3067
1712275622135 4263.0 3068
1712275632328 4263.0 3069
1712275642499 4263.0 3070
1712275652668 4263.0 3071
1712275662773 4263.0 3072
1712275672937 4263.0 3073
1712275683294 4263.0 3074
1712275693474 4263.0 3075
1712275703634 4263.0 3076
1712275713799 4263.0 3077
1712275723901 4263.0 3078
1712275734064 4263.0 3079
1712275744334 4263.0 3080
1712275754508 4263.0 3081
1712275764672 4263.0 3082
1712275774832 4263.0 3083
1712275784932 4263.0 3084
1712275795095 4263.0 3085
1712275805254 4263.0 3086
1712275815522 4263.0 3087
1712275825697 4263.0 3088
1712275835861 4263.0 3089
1712275845954 4263.0 3090
1712275856127 4263.0 3091
1712275866293 4263.0 3092
1712275876573 4263.0 3093
1712275886741 4263.0 3094
1712275896897 4263.0 3095
1712275906996 4263.0 3096
1712275917160 4263.0 3097
1712275927333 4263.0 3098
1712275937606 4263.0 3099
1712275947760 4263.0 3100
1712275957885 4263.0 3101
1712275968207 4263.0 3102
1712275978399 4263.0 3103
1712275988607 4263.0 3104
1712275999312 4263.0 3105
1712276009505 4263.0 3106
1712276019608 4263.0 3107
1712276029819 4263.0 3108
1712276040419 4263.0 3109
1712276050608 4263.0 3110
1712276060778 4263.0 3111
1712276071068 4263.0 3112
1712276081165 4263.0 3113
1712276091348 4263.0 3114
1712276101519 4263.0 3115
1712276111686 4263.0 3116
1712276121865 4263.0 3117
1712276132035 4263.0 3118
1712276142258 4263.0 3119
1712276152426 4263.0 3120
1712276162606 4263.0 3121
1712276172771 4263.0 3122
1712276182947 4263.0 3123
1712276193108 4263.0 3124
1712276203211 4263.0 3125
1712276213393 4263.0 3126
1712276223659 4263.0 3127
1712276233846 4263.0 3128
1712276244018 4263.0 3129
1712276254195 4263.0 3130
1712276264295 4263.0 3131
1712276274484 4263.0 3132
1712276284676 4263.0 3133
1712276294978 4263.0 3134
1712276305169 4263.0 3135
1712276315333 4263.0 3136
1712276325429 4263.0 3137
1712276335600 4263.0 3138
1712276345770 4263.0 3139
1712276355976 4263.0 3140
1712276366279 4263.0 3141
1712276376446 4263.0 3142
1712276386542 4263.0 3143
1712276396713 4263.0 3144
1712276406873 4263.0 3145
1712276417074 4263.0 3146
1712276427269 4263.0 3147
1712276437565 4263.0 3148
1712276447696 4263.0 3149
1712276457866 4263.0 3150
1712276468044 4263.0 3151
1712276478237 4263.0 3152
1712276488414 4263.0 3153
1712276498526 4263.0 3154
1712276508835 4263.0 3155
1712276519017 4263.0 3156
1712276529194 4263.0 3157
1712276539402 4263.0 3158
1712276549602 4263.0 3159
1712276559705 4263.0 3160
1712276569890 4263.0 3161
1712276580176 4263.0 3162
1712276590346 4263.0 3163
1712276600502 4263.0 3164
1712276610664 4263.0 3165
1712276620761 4263.0 3166
1712276630950 4263.0 3167
1712276641125 4263.0 3168
1712276651289 4263.0 3169
1712276661598 4263.0 3170
1712276671766 4263.0 3171
1712276681871 4263.0 3172
1712276692051 4263.0 3173
1712276702237 4263.0 3174
1712276712411 4263.0 3175
1712276722711 4263.0 3176
1712276732909 4263.0 3177
1712276743007 4263.0 3178
1712276753184 4263.0 3179
1712276763370 4263.0 3180
1712276773528 4263.0 3181
1712276783697 4263.0 3182
1712276793883 4263.0 3183
1712276803974 4263.0 3184
1712276814267 4263.0 3185
1712276824451 4263.0 3186
1712276834632 4263.0 3187
1712276844835 4263.0 3188
1712276854995 4263.0 3189
1712276865096 4263.0 3190
1712276875401 4263.0 3191
1712276885603 4263.0 3192
1712276895776 4263.0 3193
1712276905964 4263.0 3194
1712276916177 4263.0 3195
1712276926289 4263.0 3196
1712276936585 4263.0 3197
1712276946777 4263.0 3198
1712276956951 4263.0 3199
1712276967121 4263.0 3200
1712276977320 4263.0 3201
1712276987431 4263.0 3202
1712276997744 4263.0 3203
1712277007935 4263.0 3204
1712277018156 4263.0 3205
1712277028370 4263.0 3206
1712277038493 4263.0 3207
1712277048656 4263.0 3208
1712277058967 4263.0 3209
1712277069141 4263.0 3210
1712277079347 4263.0 3211
1712277089513 4263.0 3212
1712277099617 4263.0 3213
1712277109903 4263.0 3214
1712277120089 4263.0 3215
1712277130277 4263.0 3216
1712277140447 4263.0 3217
1712277150627 4263.0 3218
1712277160752 4263.0 3219
1712277171105 4263.0 3220
1712277181299 4263.0 3221
1712277191484 4263.0 3222
1712277201661 4263.0 3223
1712277211845 4263.0 3224
1712277221947 4263.0 3225
1712277232208 4263.0 3226
1712277242382 4263.0 3227
1712277252559 4263.0 3228
1712277262731 4263.0 3229
1712277272920 4263.0 3230
1712277283011 4263.0 3231
1712277293292 4263.0 3232
1712277303460 4263.0 3233
1712277313645 4263.0 3234
1712277323818 4263.0 3235
1712277334012 4263.0 3236
1712277344198 4263.0 3237
1712277354367 4263.0 3238
1712277364530 4263.0 3239
1712277374699 4263.0 3240
1712277384878 4263.0 3241
1712277395043 4263.0 3242
1712277405235 4263.0 3243
1712277415412 4263.0 3244
1712277425571 4263.0 3245
1712277435744 4263.0 3246
1712277445919 4263.0 3247
1712277456090 4263.0 3248
1712277466294 4263.0 3249
1712277476485 4263.0 3250
1712277486668 4263.0 3251
1712277497043 4263.0 3252
1712277507249 4263.0 3253
1712277517505 4263.0 3254
1712277528566 4263.0 3255
1712277538812 4263.0 3256
1712277548993 4263.0 3257
1712277559184 4263.0 3258
1712277569362 4263.0 3259
1712277579467 4263.0 3260
1712277589744 4263.0 3261
1712277599924 4263.0 3262
1712277610101 4263.0 3263
1712277620277 4263.0 3264
1712277630444 4263.0 3265
1712277640548 4263.0 3266
1712277650834 4263.0 3267
1712277661004 4263.0 3268
1712277671181 4263.0 3269
1712277681367 4263.0 3270
1712277691546 4263.0 3271
1712277701652 4263.0 3272
1712277711821 4263.0 3273
1712277721988 4263.0 3274
1712277732180 4263.0 3275
1712277742381 4263.0 3276
1712277752552 4263.0 3277
1712277762761 4263.0 3278
1712277772950 4263.0 3279
1712277783130 4263.0 3280
1712277793304 4263.0 3281
1712277803509 4263.0 3282
1712277813696 4263.0 3283
1712277823924 4263.0 3284
1712277834100 4263.0 3285
1712277844261 4263.0 3286
1712277854443 4263.0 3287
1712277864639 4263.0 3288
1712277874824 4263.0 3289
1712277885051 4263.0 3290
1712277895231 4263.0 3291
1712277905417 4263.0 3292
1712277915594 4263.0 3293
1712277925770 4263.0 3294
1712277935941 4263.0 3295
1712277946156 4263.0 3296
1712277956322 4263.0 3297
1712277966492 4263.0 3298
1712277976684 4263.0 3299
1712277986858 4263.0 3300
1712277997141 4263.0 3301
1712278007247 4263.0 3302
1712278017422 4263.0 3303
1712278027621 4263.0 3304
1712278037790 4263.0 3305
1712278047974 4263.0 3306
1712278058189 4263.0 3307
1712278068407 4263.0 3308
1712278078607 4263.0 3309
1712278088789 4263.0 3310
1712278098965 4263.0 3311
1712278109147 4263.0 3312
1712278119360 4263.0 3313
1712278129540 4263.0 3314
1712278139721 4263.0 3315
1712278149898 4263.0 3316
1712278160064 4263.0 3317
1712278170230 4263.0 3318
1712278180458 4263.0 3319
1712278190651 4263.0 3320
1712278200842 4263.0 3321
1712278211024 4263.0 3322
1712278221198 4263.0 3323
1712278231380 4263.0 3324
1712278241610 4263.0 3325
1712278251796 4263.0 3326
1712278261983 4263.0 3327
1712278272175 4263.0 3328
1712278282362 4263.0 3329
1712278292659 4263.0 3330
1712278302774 4263.0 3331
1712278312961 4263.0 3332
1712278323136 4263.0 3333
1712278333333 4263.0 3334
1712278343518 4263.0 3335
1712278353819 4263.0 3336
1712278363922 4263.0 3337
1712278374113 4263.0 3338
1712278384281 4263.0 3339
1712278394466 4263.0 3340
1712278404659 4263.0 3341
1712278414948 4263.0 3342
1712278425068 4263.0 3343
1712278435273 4263.0 3344
1712278445471 4263.0 3345
1712278455676 4263.0 3346
1712278465871 4263.0 3347
1712278476177 4263.0 3348
1712278486327 4263.0 3349
1712278496532 4263.0 3350
1712278506710 4263.0 3351
1712278516916 4263.0 3352
1712278527090 4263.0 3353
1712278537417 4263.0 3354
1712278547541 4263.0 3355
1712278557743 4263.0 3356
1712278567915 4263.0 3357
1712278578081 4263.0 3358
1712278588381 4263.0 3359
1712278598515 4263.0 3360
1712278608722 4263.0 3361
1712278618956 4263.0 3362
1712278629137 4263.0 3363
1712278639330 4263.0 3364
1712278649625 4263.0 3365
1712278659741 4263.0 3366
1712278669926 4263.0 3367
1712278680125 4263.0 3368
1712278690317 4263.0 3369
1712278700522 4263.0 3370
1712278710814 4263.0 3371
1712278720923 4263.0 3372
1712278731115 4263.0 3373
1712278741295 4263.0 3374
1712278751494 4263.0 3375
1712278761662 4263.0 3376
1712278771986 4263.0 3377
1712278782092 4263.0 3378
1712278792265 4263.0 3379
1712278802446 4263.0 3380
1712278812620 4263.0 3381
1712278822798 4263.0 3382
1712278833099 4263.0 3383
1712278843205 4263.0 3384
1712278853386 4263.0 3385
1712278863557 4263.0 3386
1712278873722 4263.0 3387
1712278883886 4263.0 3388
1712278894051 4263.0 3389
1712278904157 4263.0 3390
1712278914321 4263.0 3391
1712278924503 4263.0 3392
1712278934674 4263.0 3393
1712278944962 4263.0 3394
1712278955131 4263.0 3395
1712278965228 4263.0 3396
1712278975400 4263.0 3397
1712278985568 4263.0 3398
1712278995743 4263.0 3399
1712279006041 4263.0 3400
1712279016215 4263.0 3401
1712279026320 4263.0 3402
