1712244508274 0.0 0
1712244518360 0.0 1
1712244528436 0.0 2
1712244538533 0.0 3
1712244548607 0.0 4
1712244558673 100.0 5
1712244568785 100.0 6
1712244578817 99.0 7
1712244588855 99.0 8
1712244598921 100.0 9
1712244608999 100.0 10
1712244619073 100.0 11
1712244629137 100.0 12
1712244639226 99.0 13
1712244649309 99.0 14
1712244659384 99.0 15
1712244669488 100.0 16
1712244679585 100.0 17
1712244689655 99.0 18
1712244699757 100.0 19
1712244709834 100.0 20
1712244719901 99.0 21
1712244729967 99.0 22
1712244740044 100.0 23
1712244750113 99.0 24
1712244760184 99.0 25
1712244770256 100.0 26
1712244780326 99.0 27
1712244790404 99.0 28
1712244800472 100.0 29
1712244810566 100.0 30
1712244820665 99.0 31
1712244830731 100.0 32
1712244840793 100.0 33
1712244850897 99.0 34
1712244860982 99.0 35
1712244871051 100.0 36
1712244881129 100.0 37
1712244891192 100.0 38
1712244901264 100.0 39
1712244911355 100.0 40
1712244921387 99.0 41
1712244931459 100.0 42
1712244941492 100.0 43
1712244951578 99.0 44
1712244961610 99.0 45
1712244971651 100.0 46
1712244981753 100.0 47
1712244991792 98.0 48
1712245001824 99.0 49
1712245011877 99.0 50
1712245021907 100.0 51
1712245031940 99.0 52
1712245041966 99.0 53
1712245051992 100.0 54
1712245062024 99.0 55
1712245072064 100.0 56
1712245082141 100.0 57
1712245092210 100.0 58
1712245102277 99.0 59
1712245112355 96.0 60
1712245122383 99.0 61
1712245132456 99.0 62
1712245142551 99.0 63
1712245152621 100.0 64
1712245162698 100.0 65
1712245172787 100.0 66
1712245182815 99.0 67
1712245192895 100.0 68
1712245202978 99.0 69
1712245213077 99.0 70
1712245223156 100.0 71
1712245233240 100.0 72
1712245243269 99.0 73
1712245253350 100.0 74
1712245263440 99.0 75
1712245273520 99.0 76
1712245283596 99.0 77
1712245293688 100.0 78
1712245303721 99.0 79
1712245313788 99.0 80
1712245323880 100.0 81
1712245333954 100.0 82
1712245344026 99.0 83
1712245354100 99.0 84
1712245364129 100.0 85
1712245374226 99.0 86
1712245384330 100.0 87
1712245394416 100.0 88
1712245404530 99.0 89
1712245414632 99.0 90
1712245424666 100.0 91
1712245434760 100.0 92
1712245444827 100.0 93
1712245454915 100.0 94
1712245465002 100.0 95
1712245475074 99.0 96
1712245485109 100.0 97
1712245495210 99.0 98
1712245505295 100.0 99
1712245515386 100.0 100
1712245525474 100.0 101
1712245535556 99.0 102
1712245545593 100.0 103
1712245555703 100.0 104
1712245565806 100.0 105
1712245575905 100.0 106
1712245586007 100.0 107
1712245596109 99.0 108
1712245606149 99.0 109
1712245616241 100.0 110
1712245626332 99.0 111
1712245636417 99.0 112
1712245646528 100.0 113
1712245656609 99.0 114
1712245666639 99.0 115
1712245676721 100.0 116
1712245686826 100.0 117
1712245696927 100.0 118
1712245707002 100.0 119
1712245717090 99.0 120
1712245727118 95.0 121
1712245737194 99.0 122
1712245747295 0.0 123
1712245757388 0.0 124
1712245767488 0.0 125
1712245777583 100.0 126
1712245787612 100.0 127
1712245797638 100.0 128
1712245807723 100.0 129
1712245817759 100.0 130
1712245827798 100.0 131
1712245837829 100.0 132
1712245847864 100.0 133
1712245857939 100.0 134
1712245868037 100.0 135
1712245878122 100.0 136
1712245888227 100.0 137
1712245898255 100.0 138
1712245908344 100.0 139
1712245920215 100.0 140
1712245930303 0.0 141
1712245940473 0.0 142
1712245950583 0.0 143
1712245960622 0.0 144
1712245970711 99.0 145
1712245980797 100.0 146
1712245990903 99.0 147
1712246000985 100.0 148
1712246011084 99.0 149
1712246021119 100.0 150
1712246031209 99.0 151
1712246041306 100.0 152
1712246051393 100.0 153
1712246061470 100.0 154
1712246071567 100.0 155
1712246081600 99.0 156
1712246091697 99.0 157
1712246101778 100.0 158
1712246111873 100.0 159
1712246121962 100.0 160
1712246132060 100.0 161
1712246142097 99.0 162
1712246152209 100.0 163
1712246162287 100.0 164
1712246172368 99.0 165
1712246182461 100.0 166
1712246192577 99.0 167
1712246202613 99.0 168
1712246212712 100.0 169
1712246222791 100.0 170
1712246232879 99.0 171
1712246242965 100.0 172
1712246253059 100.0 173
1712246263090 100.0 174
1712246273175 100.0 175
1712246283251 100.0 176
1712246293355 99.0 177
1712246303462 100.0 178
1712246313541 100.0 179
1712246323571 99.0 180
1712246333663 100.0 181
1712246343753 100.0 182
1712246353867 99.0 183
1712246363960 99.0 184
1712246374047 100.0 185
1712246384077 100.0 186
1712246394183 99.0 187
1712246404266 100.0 188
1712246414354 100.0 189
1712246424446 100.0 190
1712246434540 100.0 191
1712246444581 99.0 192
1712246454679 100.0 193
1712246464775 100.0 194
1712246474880 100.0 195
1712246484985 100.0 196
1712246495100 100.0 197
1712246505144 99.0 198
1712246515242 99.0 199
1712246525328 100.0 200
1712246535423 99.0 201
1712246545504 99.0 202
1712246555619 100.0 203
1712246565650 99.0 204
1712246575760 100.0 205
1712246585851 100.0 206
1712246595956 99.0 207
1712246606049 100.0 208
1712246616156 100.0 209
1712246626195 99.0 210
1712246636283 100.0 211
1712246646363 99.0 212
1712246656449 99.0 213
1712246666555 100.0 214
1712246676655 100.0 215
1712246686692 100.0 216
1712246696799 100.0 217
1712246706883 100.0 218
1712246716968 100.0 219
1712246727009 100.0 220
1712246737119 99.0 221
1712246747211 99.0 222
1712246757298 100.0 223
1712246767383 100.0 224
1712246777468 100.0 225
1712246787552 99.0 226
1712246797630 100.0 227
1712246807716 100.0 228
1712246817815 100.0 229
1712246827892 100.0 230
1712246837984 100.0 231
1712246848066 100.0 232
1712246858159 100.0 233
1712246868253 100.0 234
1712246878346 100.0 235
1712246888423 99.0 236
1712246898509 100.0 237
1712246908590 100.0 238
1712246918678 99.0 239
1712246928766 99.0 240
1712246938858 100.0 241
1712246948954 99.0 242
1712246959033 99.0 243
1712246969127 100.0 244
1712246979215 100.0 245
1712246989325 100.0 246
1712246999403 99.0 247
1712247009485 100.0 248
1712247019585 100.0 249
1712247029677 99.0 250
1712247039792 100.0 251
1712247049878 99.0 252
1712247059975 99.0 253
1712247070057 100.0 254
1712247080157 100.0 255
1712247090249 99.0 256
1712247100340 100.0 257
1712247110420 100.0 258
1712247120509 99.0 259
1712247130600 100.0 260
1712247140699 100.0 261
1712247150785 0.0 262
1712247160872 0.0 263
1712247170975 0.0 264
1712247181089 100.0 265
1712247191197 100.0 266
1712247201314 100.0 267
1712247211394 100.0 268
1712247221487 100.0 269
1712247231569 100.0 270
1712247241648 100.0 271
1712247251755 100.0 272
1712247261849 100.0 273
1712247271932 100.0 274
1712247282015 100.0 275
1712247292107 100.0 276
1712247302202 100.0 277
1712247312304 100.0 278
1712247322428 100.0 279
1712247332535 22.0 280
1712247342695 0.0 281
1712247352805 0.0 282
1712247362904 0.0 283
1712247373014 99.0 284
1712247383112 100.0 285
1712247393231 99.0 286
1712247403324 100.0 287
1712247413432 99.0 288
1712247423530 100.0 289
1712247433620 99.0 290
1712247443702 100.0 291
1712247453785 99.0 292
1712247463876 100.0 293
1712247473965 99.0 294
1712247484061 100.0 295
1712247494154 99.0 296
1712247504232 100.0 297
1712247514326 100.0 298
1712247524411 100.0 299
1712247534499 100.0 300
1712247544584 100.0 301
1712247554697 100.0 302
1712247564804 99.0 303
1712247574913 100.0 304
1712247585001 100.0 305
1712247595089 99.0 306
1712247605183 100.0 307
1712247615266 100.0 308
1712247625353 100.0 309
1712247635461 100.0 310
1712247645569 100.0 311
1712247655659 100.0 312
1712247665746 99.0 313
1712247675828 99.0 314
1712247685910 100.0 315
1712247696009 99.0 316
1712247706107 100.0 317
1712247716207 99.0 318
1712247726310 100.0 319
1712247736408 100.0 320
1712247746493 99.0 321
1712247756591 100.0 322
1712247766682 100.0 323
1712247776781 100.0 324
1712247786883 100.0 325
1712247796977 99.0 326
1712247807062 100.0 327
1712247817147 100.0 328
1712247827241 99.0 329
1712247837340 100.0 330
1712247847428 100.0 331
1712247857522 99.0 332
1712247867634 100.0 333
1712247877835 99.0 334
1712247887938 100.0 335
1712247898031 100.0 336
1712247908122 99.0 337
1712247918227 99.0 338
1712247928331 100.0 339
1712247938432 100.0 340
1712247948569 99.0 341
1712247958678 100.0 342
1712247968787 100.0 343
1712247978888 99.0 344
1712247988978 100.0 345
1712247999080 100.0 346
1712248009197 100.0 347
1712248019296 100.0 348
1712248029400 100.0 349
1712248039484 100.0 350
1712248049569 100.0 351
1712248059656 100.0 352
1712248069744 100.0 353
1712248079848 100.0 354
1712248089943 100.0 355
1712248100042 99.0 356
1712248110170 100.0 357
1712248120261 100.0 358
1712248130358 100.0 359
1712248140477 99.0 360
1712248150587 100.0 361
1712248160688 100.0 362
1712248170792 99.0 363
1712248180870 100.0 364
1712248190966 100.0 365
1712248201084 100.0 366
1712248211176 100.0 367
1712248221282 100.0 368
1712248231374 99.0 369
1712248241463 95.0 370
1712248251546 100.0 371
1712248261639 100.0 372
1712248271742 99.0 373
1712248281837 100.0 374
1712248291931 99.0 375
1712248302023 99.0 376
1712248312110 100.0 377
1712248322229 99.0 378
1712248332326 100.0 379
1712248342418 100.0 380
1712248352509 99.0 381
1712248362606 100.0 382
1712248372699 100.0 383
1712248382791 100.0 384
1712248392877 99.0 385
1712248402968 100.0 386
1712248413058 100.0 387
1712248423178 100.0 388
1712248433273 100.0 389
1712248443367 99.0 390
1712248453463 99.0 391
1712248463550 100.0 392
1712248473659 100.0 393
1712248483760 100.0 394
1712248493858 100.0 395
1712248503956 99.0 396
1712248514054 99.0 397
1712248524139 97.0 398
1712248534228 100.0 399
1712248544322 100.0 400
1712248554423 0.0 401
1712248564549 0.0 402
1712248574662 0.0 403
1712248584765 100.0 404
1712248594855 100.0 405
1712248604951 100.0 406
1712248615058 100.0 407
1712248625157 100.0 408
1712248635257 100.0 409
1712248645354 100.0 410
1712248655448 100.0 411
1712248665535 100.0 412
1712248675636 100.0 413
1712248685738 100.0 414
1712248695830 100.0 415
1712248706664 100.0 416
1712248716756 0.0 417
1712248726845 100.0 418
1712248737693 0.0 419
1712248747812 0.0 420
1712248757930 0.0 421
1712248768037 100.0 422
1712248778151 99.0 423
1712248788257 99.0 424
1712248798368 100.0 425
1712248808480 99.0 426
1712248818610 100.0 427
1712248828702 100.0 428
1712248838844 100.0 429
1712248848935 100.0 430
1712248859048 99.0 431
1712248869165 99.0 432
1712248879282 100.0 433
1712248889392 99.0 434
1712248899513 100.0 435
1712248909624 99.0 436
1712248919728 99.0 437
1712248929850 99.0 438
1712248939961 100.0 439
1712248950086 100.0 440
1712248960207 100.0 441
1712248970316 100.0 442
1712248980433 99.0 443
1712248990555 99.0 444
1712249000676 100.0 445
1712249010790 99.0 446
1712249020901 99.0 447
1712249031021 99.0 448
1712249041140 99.0 449
1712249051259 99.0 450
1712249061395 99.0 451
1712249071504 99.0 452
1712249081627 99.0 453
1712249091742 100.0 454
1712249101862 95.0 455
1712249111973 100.0 456
1712249122082 100.0 457
1712249132205 100.0 458
1712249142323 99.0 459
1712249152431 100.0 460
1712249162542 100.0 461
1712249172646 100.0 462
1712249182759 100.0 463
1712249192878 100.0 464
1712249202994 100.0 465
1712249213116 100.0 466
1712249223238 100.0 467
1712249233351 100.0 468
1712249243462 100.0 469
1712249253594 100.0 470
1712249263729 100.0 471
1712249273840 100.0 472
1712249283950 99.0 473
1712249294068 100.0 474
1712249304184 100.0 475
1712249314281 100.0 476
1712249324382 100.0 477
1712249334496 99.0 478
1712249344579 99.0 479
1712249354688 99.0 480
1712249364776 100.0 481
1712249374888 100.0 482
1712249384985 100.0 483
1712249395074 100.0 484
1712249405159 100.0 485
1712249415250 100.0 486
1712249425340 100.0 487
1712249435454 99.0 488
1712249445548 100.0 489
1712249455641 100.0 490
1712249465749 100.0 491
1712249475834 99.0 492
1712249486517 99.0 493
1712249496623 0.0 494
1712249506744 99.0 495
1712249516894 100.0 496
1712249527005 100.0 497
1712249537099 100.0 498
1712249547208 99.0 499
1712249557331 100.0 500
1712249567431 100.0 501
1712249577547 100.0 502
1712249587684 99.0 503
1712249597779 100.0 504
1712249607873 100.0 505
1712249617971 100.0 506
1712249628057 99.0 507
1712249638168 100.0 508
1712249648260 100.0 509
1712249658349 99.0 510
1712249668455 99.0 511
1712249678552 100.0 512
1712249688666 95.0 513
1712249698773 99.0 514
1712249708861 99.0 515
1712249718977 99.0 516
1712249729087 99.0 517
1712249739207 100.0 518
1712249749321 99.0 519
1712249759406 99.0 520
1712249769496 100.0 521
1712249779591 100.0 522
1712249789691 100.0 523
1712249799811 100.0 524
1712249809923 100.0 525
1712249820046 99.0 526
1712249830183 100.0 527
1712249840296 99.0 528
1712249850429 100.0 529
1712249860529 99.0 530
1712249870630 99.0 531
1712249880747 100.0 532
1712249890839 100.0 533
1712249900946 100.0 534
1712249911055 99.0 535
1712249921167 100.0 536
1712249931280 100.0 537
1712249941385 100.0 538
1712249951486 99.0 539
1712249961587 0.0 540
1712249971694 0.0 541
1712249981799 0.0 542
1712249991902 100.0 543
1712250002009 100.0 544
1712250012127 100.0 545
1712250022238 100.0 546
1712250032354 100.0 547
1712250042450 100.0 548
1712250052561 100.0 549
1712250062654 100.0 550
1712250072754 99.0 551
1712250082852 100.0 552
1712250092953 100.0 553
1712250103043 99.0 554
1712250113151 100.0 555
1712250123246 100.0 556
1712250133345 100.0 557
1712250143537 0.0 558
1712250153662 0.0 559
1712250163780 0.0 560
1712250173884 85.0 561
1712250183984 99.0 562
1712250194108 99.0 563
1712250204248 100.0 564
1712250214365 100.0 565
1712250224479 100.0 566
1712250234592 100.0 567
1712250244715 99.0 568
1712250254835 99.0 569
1712250264964 99.0 570
1712250275086 99.0 571
1712250285195 99.0 572
1712250295320 100.0 573
1712250305409 99.0 574
1712250315511 50.0 575
1712250325614 100.0 576
1712250335717 100.0 577
1712250345812 100.0 578
1712250355934 99.0 579
1712250366031 99.0 580
1712250376132 100.0 581
1712250386234 99.0 582
1712250396339 100.0 583
1712250406439 96.0 584
1712250416536 100.0 585
1712250426642 100.0 586
1712250436752 100.0 587
1712250446859 100.0 588
1712250456975 99.0 589
1712250467093 100.0 590
1712250477196 100.0 591
1712250487304 99.0 592
1712250497398 100.0 593
1712250507492 100.0 594
1712250517587 100.0 595
1712250527670 99.0 596
1712250537781 100.0 597
1712250547878 99.0 598
1712250557983 99.0 599
1712250568074 100.0 600
1712250578175 99.0 601
1712250588257 100.0 602
1712250598376 100.0 603
1712250608480 99.0 604
1712250618612 99.0 605
1712250628742 100.0 606
1712250638845 100.0 607
1712250648958 99.0 608
1712250659067 100.0 609
1712250669173 100.0 610
1712250679279 99.0 611
1712250689402 99.0 612
1712250699507 99.0 613
1712250709597 99.0 614
1712250719694 99.0 615
1712250729808 100.0 616
1712250739904 100.0 617
1712250749995 100.0 618
1712250760088 100.0 619
1712250770182 99.0 620
1712250780298 99.0 621
1712250790397 100.0 622
1712250800511 99.0 623
1712250810606 100.0 624
1712250820703 100.0 625
1712250830796 99.0 626
1712250840898 100.0 627
1712250850994 100.0 628
1712250861115 100.0 629
1712250871218 100.0 630
1712250881316 100.0 631
1712250891417 99.0 632
1712250901528 99.0 633
1712250911627 100.0 634
1712250921717 100.0 635
1712250931809 100.0 636
1712250941904 100.0 637
1712250951999 99.0 638
1712250962084 99.0 639
1712250972186 100.0 640
1712250982306 100.0 641
1712250992396 99.0 642
1712251002501 100.0 643
1712251012590 99.0 644
1712251022689 99.0 645
1712251032780 100.0 646
1712251042895 100.0 647
1712251052997 99.0 648
1712251063111 100.0 649
1712251073306 99.0 650
1712251083432 62.0 651
1712251093549 99.0 652
1712251103651 99.0 653
1712251113774 100.0 654
1712251123892 99.0 655
1712251133990 99.0 656
1712251144091 100.0 657
1712251154209 100.0 658
1712251164308 100.0 659
1712251174410 100.0 660
1712251184518 99.0 661
1712251194619 99.0 662
1712251204748 100.0 663
1712251214845 100.0 664
1712251224968 100.0 665
1712251235069 100.0 666
1712251245170 100.0 667
1712251255273 99.0 668
1712251265381 99.0 669
1712251275481 100.0 670
1712251285593 99.0 671
1712251295705 100.0 672
1712251305817 100.0 673
1712251315924 100.0 674
1712251326015 100.0 675
1712251336140 99.0 676
1712251346250 99.0 677
1712251356378 100.0 678
1712251366492 0.0 679
1712251376614 0.0 680
1712251386723 100.0 681
1712251396842 100.0 682
1712251406947 100.0 683
1712251417065 100.0 684
1712251427167 100.0 685
1712251437284 100.0 686
1712251447400 100.0 687
1712251457515 99.0 688
1712251467640 100.0 689
1712251477765 100.0 690
1712251487864 100.0 691
1712251497987 100.0 692
1712251508107 100.0 693
1712251518229 100.0 694
1712251528333 100.0 695
1712251538434 100.0 696
1712251548550 0.0 697
1712251558684 0.0 698
1712251568802 0.0 699
1712251578918 99.0 700
1712251589023 99.0 701
1712251599143 100.0 702
1712251609270 99.0 703
1712251619369 100.0 704
1712251629486 99.0 705
1712251639591 100.0 706
1712251649705 99.0 707
1712251659829 100.0 708
1712251669944 100.0 709
1712251680044 99.0 710
1712251690147 100.0 711
1712251700246 99.0 712
1712251710357 99.0 713
1712251720445 100.0 714
1712251730542 99.0 715
1712251740671 99.0 716
1712251750772 100.0 717
1712251760879 99.0 718
1712251770973 100.0 719
1712251781075 100.0 720
1712251791171 99.0 721
1712251801273 100.0 722
1712251811374 100.0 723
1712251821737 99.0 724
1712251831859 0.0 725
1712251841974 100.0 726
1712251852071 99.0 727
1712251862194 100.0 728
1712251872294 99.0 729
1712251882412 99.0 730
1712251892523 100.0 731
1712251902632 99.0 732
1712251912736 99.0 733
1712251922842 100.0 734
1712251932942 100.0 735
1712251943053 99.0 736
1712251953169 100.0 737
1712251963292 99.0 738
1712251973403 99.0 739
1712251983513 100.0 740
1712251993616 100.0 741
1712252003715 99.0 742
1712252013808 99.0 743
1712252023925 100.0 744
1712252034040 99.0 745
1712252044141 100.0 746
1712252054249 100.0 747
1712252064350 99.0 748
1712252074479 98.0 749
1712252084590 100.0 750
1712252094709 99.0 751
1712252104828 99.0 752
1712252114949 99.0 753
1712252125049 100.0 754
1712252135159 99.0 755
1712252145288 100.0 756
1712252155417 100.0 757
1712252165528 99.0 758
1712252175625 99.0 759
1712252185839 100.0 760
1712252195952 100.0 761
1712252206054 100.0 762
1712252216173 99.0 763
1712252226268 99.0 764
1712252236373 100.0 765
1712252246466 96.0 766
1712252256560 100.0 767
1712252266650 100.0 768
1712252276756 99.0 769
1712252286857 100.0 770
1712252296960 100.0 771
1712252307057 100.0 772
1712252317159 100.0 773
1712252327265 97.0 774
1712252337376 99.0 775
1712252347494 99.0 776
1712252357594 100.0 777
1712252367714 94.0 778
1712252377826 100.0 779
1712252387926 100.0 780
1712252398026 100.0 781
1712252408136 99.0 782
1712252418270 99.0 783
1712252428377 100.0 784
1712252438487 100.0 785
1712252448616 99.0 786
1712252458765 100.0 787
1712252468886 100.0 788
1712252478995 99.0 789
1712252489099 99.0 790
1712252499216 100.0 791
1712252509338 100.0 792
1712252519446 100.0 793
1712252529540 100.0 794
1712252539644 100.0 795
1712252549773 99.0 796
1712252559908 100.0 797
1712252570032 99.0 798
1712252580141 99.0 799
1712252590244 99.0 800
1712252600339 100.0 801
1712252610445 100.0 802
1712252620548 100.0 803
1712252630658 100.0 804
1712252640769 100.0 805
1712252650988 99.0 806
1712252661130 99.0 807
1712252671244 100.0 808
1712252681366 100.0 809
1712252691481 99.0 810
1712252701598 99.0 811
1712252711695 100.0 812
1712252721799 100.0 813
1712252731904 100.0 814
1712252742010 100.0 815
1712252752120 99.0 816
1712252762229 0.0 817
1712252772337 0.0 818
1712252782458 0.0 819
1712252792567 100.0 820
1712252802676 99.0 821
1712252812811 100.0 822
1712252822925 100.0 823
1712252833031 100.0 824
1712252843140 99.0 825
1712252853261 100.0 826
1712252863384 100.0 827
1712252873499 100.0 828
1712252883611 100.0 829
1712252893714 100.0 830
1712252903824 100.0 831
1712252913936 100.0 832
1712252924044 100.0 833
1712252934267 100.0 834
1712252944416 0.0 835
1712252954579 0.0 836
1712252964746 0.0 837
1712252974879 0.0 838
1712252985005 100.0 839
1712252995122 99.0 840
1712253005238 100.0 841
1712253015352 100.0 842
1712253025460 100.0 843
1712253035579 100.0 844
1712253045689 100.0 845
1712253055790 100.0 846
1712253065887 99.0 847
1712253076004 100.0 848
1712253086116 99.0 849
1712253096211 99.0 850
1712253106316 100.0 851
1712253116421 99.0 852
1712253126529 100.0 853
1712253136635 100.0 854
1712253146743 99.0 855
1712253156841 100.0 856
1712253166960 100.0 857
1712253177080 99.0 858
1712253187187 99.0 859
1712253197303 100.0 860
1712253207430 100.0 861
1712253217552 100.0 862
1712253227667 99.0 863
1712253237783 100.0 864
1712253247903 100.0 865
1712253258031 100.0 866
1712253268168 99.0 867
1712253278290 100.0 868
1712253288400 99.0 869
1712253298495 99.0 870
1712253308618 99.0 871
1712253318738 100.0 872
1712253328840 100.0 873
1712253338940 99.0 874
1712253349048 100.0 875
1712253359161 100.0 876
1712253369276 100.0 877
1712253379397 100.0 878
1712253389495 95.0 879
1712253399600 99.0 880
1712253409715 38.0 881
1712253419813 100.0 882
1712253429911 100.0 883
1712253440016 100.0 884
1712253450114 100.0 885
1712253460221 99.0 886
1712253470324 99.0 887
1712253480424 100.0 888
1712253490574 99.0 889
1712253500694 99.0 890
1712253510812 100.0 891
1712253520930 100.0 892
1712253531068 99.0 893
1712253541187 99.0 894
1712253551345 100.0 895
1712253561473 99.0 896
1712253571617 99.0 897
1712253581733 99.0 898
1712253591848 99.0 899
1712253601958 100.0 900
1712253612064 100.0 901
1712253622172 96.0 902
1712253632274 100.0 903
1712253642382 100.0 904
1712253652484 100.0 905
1712253662600 100.0 906
1712253672700 100.0 907
1712253682825 100.0 908
1712253692937 100.0 909
1712253703041 99.0 910
1712253713155 99.0 911
1712253723259 99.0 912
1712253733357 98.0 913
1712253743462 98.0 914
1712253753578 100.0 915
1712253763698 100.0 916
1712253773831 100.0 917
1712253783969 100.0 918
1712253794080 100.0 919
1712253804216 100.0 920
1712253814340 100.0 921
1712253824463 99.0 922
1712253834579 99.0 923
1712253844690 100.0 924
1712253854817 100.0 925
1712253864944 99.0 926
1712253875062 100.0 927
1712253885173 100.0 928
1712253895301 100.0 929
1712253905442 99.0 930
1712253915564 95.0 931
1712253925688 100.0 932
1712253935840 100.0 933
1712253945967 100.0 934
1712253956090 99.0 935
1712253966223 99.0 936
1712253976356 99.0 937
1712253986468 98.0 938
1712253996592 100.0 939
1712254006718 100.0 940
1712254016839 99.0 941
1712254026957 100.0 942
1712254037069 100.0 943
1712254047182 100.0 944
1712254057297 100.0 945
1712254067408 100.0 946
1712254077506 100.0 947
1712254087601 99.0 948
1712254097706 99.0 949
1712254107807 100.0 950
1712254117922 100.0 951
1712254128017 99.0 952
1712254138132 99.0 953
1712254148241 100.0 954
1712254158368 100.0 955
1712254168474 0.0 956
1712254178589 0.0 957
1712254188691 0.0 958
1712254198827 100.0 959
1712254208941 100.0 960
1712254219052 99.0 961
1712254229155 100.0 962
1712254239272 100.0 963
1712254249397 100.0 964
1712254259506 100.0 965
1712254269623 99.0 966
1712254279724 100.0 967
1712254289834 100.0 968
1712254299941 100.0 969
1712254310067 100.0 970
1712254320168 100.0 971
1712254330272 99.0 972
1712254340406 100.0 973
1712254350527 0.0 974
1712254360654 0.0 975
1712254370963 0.0 976
1712254381070 0.0 977
1712254391165 99.0 978
1712254401275 99.0 979
1712254411377 99.0 980
1712254421487 99.0 981
1712254431591 99.0 982
1712254441690 100.0 983
1712254451801 100.0 984
1712254461898 99.0 985
1712254472007 100.0 986
1712254482118 99.0 987
1712254492236 99.0 988
1712254502349 100.0 989
1712254512504 100.0 990
1712254522608 99.0 991
1712254532725 100.0 992
1712254542885 100.0 993
1712254553019 22.0 994
1712254563159 100.0 995
1712254573274 100.0 996
1712254583398 100.0 997
1712254593504 99.0 998
1712254603609 99.0 999
1712254613725 100.0 1000
1712254623844 99.0 1001
1712254633964 100.0 1002
1712254644084 100.0 1003
1712254654194 100.0 1004
1712254664304 99.0 1005
1712254674403 98.0 1006
1712254684510 99.0 1007
1712254694610 98.0 1008
1712254704724 99.0 1009
1712254714843 99.0 1010
1712254724944 95.0 1011
1712254735058 100.0 1012
1712254745173 99.0 1013
1712254755292 98.0 1014
1712254765413 100.0 1015
1712254775541 99.0 1016
1712254785663 99.0 1017
1712254795766 99.0 1018
1712254805874 100.0 1019
1712254816003 99.0 1020
1712254826136 100.0 1021
1712254836250 100.0 1022
1712254846367 100.0 1023
1712254856499 100.0 1024
1712254866618 99.0 1025
1712254876725 99.0 1026
1712254886857 100.0 1027
1712254896999 99.0 1028
1712254907120 100.0 1029
1712254917273 99.0 1030
1712254927386 99.0 1031
1712254937501 99.0 1032
1712254947624 99.0 1033
1712254957760 99.0 1034
1712254967864 99.0 1035
1712254977993 100.0 1036
1712254988123 100.0 1037
1712254998266 100.0 1038
1712255008388 99.0 1039
1712255018487 90.0 1040
1712255028614 100.0 1041
1712255038732 98.0 1042
1712255048863 100.0 1043
1712255058996 100.0 1044
1712255069116 100.0 1045
1712255079215 100.0 1046
1712255089329 99.0 1047
1712255099459 99.0 1048
1712255109567 100.0 1049
1712255119678 100.0 1050
1712255129791 98.0 1051
1712255139895 97.0 1052
1712255150053 100.0 1053
1712255160166 100.0 1054
1712255170270 99.0 1055
1712255180398 99.0 1056
1712255190516 99.0 1057
1712255200640 100.0 1058
1712255210770 100.0 1059
1712255220903 100.0 1060
1712255231038 100.0 1061
1712255241159 99.0 1062
1712255251266 100.0 1063
1712255261373 99.0 1064
1712255271482 99.0 1065
1712255281620 100.0 1066
1712255291748 100.0 1067
1712255301872 99.0 1068
1712255311978 99.0 1069
1712255322079 100.0 1070
1712255332196 100.0 1071
1712255342297 100.0 1072
1712255352406 100.0 1073
1712255362507 97.0 1074
1712255372628 99.0 1075
1712255382763 99.0 1076
1712255392899 99.0 1077
1712255403003 100.0 1078
1712255413111 100.0 1079
1712255423231 99.0 1080
1712255433342 100.0 1081
1712255443467 100.0 1082
1712255453611 99.0 1083
1712255463714 99.0 1084
1712255473825 95.0 1085
1712255483974 100.0 1086
1712255494098 100.0 1087
1712255504230 99.0 1088
1712255514363 99.0 1089
1712255524564 100.0 1090
1712255534667 99.0 1091
1712255544764 99.0 1092
1712255554898 100.0 1093
1712255565012 99.0 1094
1712255575113 0.0 1095
1712255585232 0.0 1096
1712255595334 0.0 1097
1712255605447 100.0 1098
1712255615571 100.0 1099
1712255625691 100.0 1100
1712255635826 99.0 1101
1712255645939 100.0 1102
1712255656051 100.0 1103
1712255666154 100.0 1104
1712255676278 100.0 1105
1712255686391 100.0 1106
1712255696496 100.0 1107
1712255706596 100.0 1108
1712255716698 100.0 1109
1712255726809 100.0 1110
1712255736920 100.0 1111
1712255747037 100.0 1112
1712255757143 100.0 1113
1712255767274 0.0 1114
1712255777395 0.0 1115
1712255787516 0.0 1116
1712255797633 99.0 1117
1712255807733 99.0 1118
1712255817847 100.0 1119
1712255827948 99.0 1120
1712255838074 99.0 1121
1712255848192 100.0 1122
1712255858711 99.0 1123
1712255868815 0.0 1124
1712255878945 100.0 1125
1712255889056 99.0 1126
1712255899160 100.0 1127
1712255909268 100.0 1128
1712255919372 99.0 1129
1712255929489 100.0 1130
1712255939606 100.0 1131
1712255949724 99.0 1132
1712255959840 100.0 1133
1712255969960 100.0 1134
1712255980071 100.0 1135
1712255990184 100.0 1136
1712256000290 100.0 1137
1712256010403 99.0 1138
1712256020504 100.0 1139
1712256030632 100.0 1140
1712256040756 99.0 1141
1712256050893 99.0 1142
1712256061008 100.0 1143
1712256071157 100.0 1144
1712256081272 100.0 1145
1712256091383 100.0 1146
1712256101495 100.0 1147
1712256111604 98.0 1148
1712256121732 100.0 1149
1712256131841 100.0 1150
1712256141945 99.0 1151
1712256152066 99.0 1152
1712256162189 100.0 1153
1712256172320 100.0 1154
1712256182443 98.0 1155
1712256192653 100.0 1156
1712256202765 100.0 1157
1712256212900 100.0 1158
1712256223021 100.0 1159
1712256233148 100.0 1160
1712256243279 100.0 1161
1712256253415 100.0 1162
1712256263532 99.0 1163
1712256273651 100.0 1164
1712256283801 100.0 1165
1712256293905 99.0 1166
1712256304035 99.0 1167
1712256314152 100.0 1168
1712256324257 100.0 1169
1712256334372 99.0 1170
1712256344479 97.0 1171
1712256354609 97.0 1172
1712256364724 98.0 1173
1712256374843 100.0 1174
1712256385056 99.0 1175
1712256395173 96.0 1176
1712256405304 99.0 1177
1712256415466 99.0 1178
1712256425587 100.0 1179
1712256435726 100.0 1180
1712256445858 99.0 1181
1712256455980 99.0 1182
1712256466091 100.0 1183
1712256476214 100.0 1184
1712256486363 98.0 1185
1712256496476 100.0 1186
1712256506597 100.0 1187
1712256516708 100.0 1188
1712256526834 99.0 1189
1712256536952 100.0 1190
1712256547072 99.0 1191
1712256557196 99.0 1192
1712256567314 99.0 1193
1712256577465 99.0 1194
1712256587607 99.0 1195
1712256597738 99.0 1196
1712256607875 100.0 1197
1712256618021 100.0 1198
1712256628130 99.0 1199
1712256638278 98.0 1200
1712256648394 100.0 1201
1712256658528 100.0 1202
1712256668640 100.0 1203
1712256678749 100.0 1204
1712256688875 98.0 1205
1712256698995 99.0 1206
1712256709101 99.0 1207
1712256719220 100.0 1208
1712256729328 100.0 1209
1712256739433 100.0 1210
1712256749567 100.0 1211
1712256759689 100.0 1212
1712256769825 99.0 1213
1712256779968 98.0 1214
1712256790103 100.0 1215
1712256800223 99.0 1216
1712256810333 99.0 1217
1712256820483 100.0 1218
1712256830616 100.0 1219
1712256840739 99.0 1220
1712256850848 99.0 1221
1712256861068 99.0 1222
1712256871220 99.0 1223
1712256881358 100.0 1224
1712256891487 99.0 1225
1712256901598 99.0 1226
1712256911706 100.0 1227
1712256921847 100.0 1228
1712256931966 99.0 1229
1712256942101 100.0 1230
1712256952240 100.0 1231
1712256962356 99.0 1232
1712256972471 99.0 1233
1712256982592 0.0 1234
1712256992751 0.0 1235
1712257002886 0.0 1236
1712257012998 100.0 1237
1712257023124 99.0 1238
1712257033242 100.0 1239
1712257043351 100.0 1240
1712257053561 100.0 1241
1712257063737 99.0 1242
1712257073848 100.0 1243
1712257083997 100.0 1244
1712257094123 100.0 1245
1712257104267 100.0 1246
1712257114453 100.0 1247
1712257124572 100.0 1248
1712257134702 100.0 1249
1712257144811 100.0 1250
1712257154982 100.0 1251
1712257165438 0.0 1252
1712257175620 0.0 1253
1712257185743 0.0 1254
1712257196269 99.0 1255
1712257206390 40.0 1256
1712257216499 100.0 1257
1712257226610 100.0 1258
1712257236739 100.0 1259
1712257246842 99.0 1260
1712257256956 100.0 1261
1712257267065 99.0 1262
1712257277186 100.0 1263
1712257287300 100.0 1264
1712257297419 98.0 1265
1712257307554 99.0 1266
1712257317671 99.0 1267
1712257327790 99.0 1268
1712257337908 100.0 1269
1712257348016 99.0 1270
1712257358118 99.0 1271
1712257368225 99.0 1272
1712257378345 100.0 1273
1712257388459 100.0 1274
1712257398568 98.0 1275
1712257408677 100.0 1276
1712257418788 99.0 1277
1712257428908 99.0 1278
1712257439025 99.0 1279
1712257449165 100.0 1280
1712257459291 100.0 1281
1712257469412 99.0 1282
1712257479529 100.0 1283
1712257489637 99.0 1284
1712257499751 99.0 1285
1712257509857 99.0 1286
1712257519977 100.0 1287
1712257530105 100.0 1288
1712257540328 98.0 1289
1712257550451 85.0 1290
1712257560569 99.0 1291
1712257570674 99.0 1292
1712257580789 99.0 1293
1712257590905 100.0 1294
1712257601036 100.0 1295
1712257611162 100.0 1296
1712257621290 100.0 1297
1712257631426 100.0 1298
1712257641568 100.0 1299
1712257651704 99.0 1300
1712257661836 99.0 1301
1712257671985 100.0 1302
1712257682114 100.0 1303
1712257692241 100.0 1304
1712257702358 98.0 1305
1712257712477 100.0 1306
1712257722623 100.0 1307
1712257732746 99.0 1308
1712257742878 99.0 1309
1712257752987 99.0 1310
1712257763112 99.0 1311
1712257773225 100.0 1312
1712257783372 100.0 1313
1712257793515 100.0 1314
1712257803645 100.0 1315
1712257813755 95.0 1316
1712257823891 100.0 1317
1712257834005 99.0 1318
1712257844138 99.0 1319
1712257854254 99.0 1320
1712257864387 100.0 1321
1712257874521 99.0 1322
1712257884673 99.0 1323
1712257894798 99.0 1324
1712257904929 100.0 1325
1712257915050 100.0 1326
1712257925182 100.0 1327
1712257935404 100.0 1328
1712257945551 97.0 1329
1712257955690 100.0 1330
1712257965823 100.0 1331
1712257975942 99.0 1332
1712257986088 100.0 1333
1712257996220 99.0 1334
1712258006365 99.0 1335
1712258016494 99.0 1336
1712258026624 99.0 1337
1712258036748 100.0 1338
1712258046873 100.0 1339
1712258057028 100.0 1340
1712258067183 100.0 1341
1712258077313 100.0 1342
1712258087443 100.0 1343
1712258097579 99.0 1344
1712258107818 99.0 1345
1712258117946 99.0 1346
1712258128069 99.0 1347
1712258138203 100.0 1348
1712258148331 99.0 1349
1712258158467 95.0 1350
1712258168612 100.0 1351
1712258178743 98.0 1352
1712258188867 100.0 1353
1712258199009 99.0 1354
1712258209152 99.0 1355
1712258219284 100.0 1356
1712258229413 100.0 1357
1712258239559 99.0 1358
1712258249698 97.0 1359
1712258259835 99.0 1360
1712258269945 100.0 1361
1712258280080 100.0 1362
1712258290198 100.0 1363
1712258300317 99.0 1364
1712258310427 99.0 1365
1712258320543 100.0 1366
1712258330676 97.0 1367
1712258340794 99.0 1368
1712258350931 100.0 1369
1712258361060 97.0 1370
1712258371196 100.0 1371
1712258381329 0.0 1372
1712258391490 0.0 1373
1712258401615 0.0 1374
1712258411751 100.0 1375
1712258421870 100.0 1376
1712258431973 99.0 1377
1712258442119 98.0 1378
1712258452262 100.0 1379
1712258462386 99.0 1380
1712258472500 99.0 1381
1712258482609 100.0 1382
1712258492722 100.0 1383
1712258502837 100.0 1384
1712258513038 100.0 1385
1712258523154 100.0 1386
1712258533289 100.0 1387
1712258543421 100.0 1388
1712258553545 100.0 1389
1712258563680 97.0 1390
1712258573829 0.0 1391
1712258583970 0.0 1392
1712258594112 0.0 1393
1712258604245 0.0 1394
1712258614553 0.0 1395
1712258624677 0.0 1396
1712258634807 0.0 1397
1712258644963 0.0 1398
1712258655708 0.0 1399
1712258665846 0.0 1400
1712258675982 100.0 1401
1712258686115 99.0 1402
1712258696222 100.0 1403
1712258706345 99.0 1404
1712258716478 99.0 1405
1712258726588 100.0 1406
1712258736725 99.0 1407
1712258746833 100.0 1408
1712258756946 100.0 1409
1712258767060 100.0 1410
1712258777167 100.0 1411
1712258787273 99.0 1412
1712258797381 100.0 1413
1712258807495 100.0 1414
1712258817610 100.0 1415
1712258827738 100.0 1416
1712258837852 100.0 1417
1712258847980 99.0 1418
1712258858119 99.0 1419
1712258868260 100.0 1420
1712258878389 99.0 1421
1712258888525 100.0 1422
1712258898654 99.0 1423
1712258908761 100.0 1424
1712258918901 100.0 1425
1712258929018 99.0 1426
1712258939155 99.0 1427
1712258949264 100.0 1428
1712258959367 100.0 1429
1712258969486 100.0 1430
1712258979610 100.0 1431
1712258989725 100.0 1432
1712258999856 99.0 1433
1712259009981 100.0 1434
1712259020087 100.0 1435
1712259030339 100.0 1436
1712259040454 100.0 1437
1712259050573 99.0 1438
1712259060707 100.0 1439
1712259070835 100.0 1440
1712259080956 100.0 1441
1712259091076 99.0 1442
1712259101215 99.0 1443
1712259111339 100.0 1444
1712259121460 100.0 1445
1712259131585 100.0 1446
1712259141708 100.0 1447
1712259151823 99.0 1448
1712259161954 99.0 1449
1712259172073 99.0 1450
1712259182188 100.0 1451
1712259192295 100.0 1452
1712259202414 100.0 1453
1712259212522 100.0 1454
1712259222652 100.0 1455
1712259232796 99.0 1456
1712259242931 99.0 1457
1712259253070 99.0 1458
1712259263187 99.0 1459
1712259273313 99.0 1460
1712259283425 99.0 1461
1712259293551 99.0 1462
1712259303682 100.0 1463
1712259313797 100.0 1464
1712259323911 99.0 1465
1712259334045 100.0 1466
1712259344157 100.0 1467
1712259354289 99.0 1468
1712259364406 100.0 1469
1712259374511 100.0 1470
1712259384626 100.0 1471
1712259394750 100.0 1472
1712259404874 100.0 1473
1712259415006 97.0 1474
1712259425154 99.0 1475
1712259435296 99.0 1476
1712259445433 100.0 1477
1712259455560 100.0 1478
1712259465688 100.0 1479
1712259475833 99.0 1480
1712259485977 99.0 1481
1712259496121 100.0 1482
1712259506239 100.0 1483
1712259516484 100.0 1484
1712259526620 99.0 1485
1712259536770 99.0 1486
1712259546899 100.0 1487
1712259557045 100.0 1488
1712259567164 99.0 1489
1712259577299 99.0 1490
1712259587416 99.0 1491
1712259597542 100.0 1492
1712259607679 100.0 1493
1712259617824 99.0 1494
1712259627947 100.0 1495
1712259638072 100.0 1496
1712259648194 99.0 1497
1712259658308 99.0 1498
1712259668428 100.0 1499
1712259678569 100.0 1500
1712259688683 100.0 1501
1712259698811 99.0 1502
1712259708965 100.0 1503
1712259719106 100.0 1504
1712259729259 99.0 1505
1712259739390 100.0 1506
1712259749529 100.0 1507
1712259759657 100.0 1508
1712259769793 99.0 1509
1712259779934 99.0 1510
1712259790059 100.0 1511
1712259800176 100.0 1512
1712259810440 100.0 1513
1712259820606 100.0 1514
1712259830785 99.0 1515
1712259840917 0.0 1516
1712259851052 0.0 1517
1712259861168 0.0 1518
1712259871282 99.0 1519
1712259881406 100.0 1520
1712259891553 100.0 1521
1712259901673 100.0 1522
1712259911782 100.0 1523
1712259921909 100.0 1524
1712259932026 100.0 1525
1712259942136 99.0 1526
1712259952247 100.0 1527
1712259962371 100.0 1528
1712259972505 100.0 1529
1712259982627 100.0 1530
1712259992754 100.0 1531
1712260002868 99.0 1532
1712260013003 100.0 1533
1712260023252 100.0 1534
1712260033399 0.0 1535
1712260043556 0.0 1536
1712260053705 0.0 1537
1712260063825 99.0 1538
1712260073978 99.0 1539
1712260084102 99.0 1540
1712260094220 99.0 1541
1712260104355 100.0 1542
1712260114475 100.0 1543
1712260124599 99.0 1544
1712260134713 100.0 1545
1712260144836 99.0 1546
1712260154967 100.0 1547
1712260165157 100.0 1548
1712260175286 100.0 1549
1712260185784 100.0 1550
1712260195945 78.0 1551
1712260206085 100.0 1552
1712260216235 100.0 1553
1712260226367 99.0 1554
1712260236478 99.0 1555
1712260246625 100.0 1556
1712260256746 100.0 1557
1712260266882 99.0 1558
1712260277025 99.0 1559
1712260287141 100.0 1560
1712260297288 100.0 1561
1712260307465 100.0 1562
1712260317613 99.0 1563
1712260327758 100.0 1564
1712260337901 99.0 1565
1712260348027 100.0 1566
1712260358151 98.0 1567
1712260368268 99.0 1568
1712260378398 100.0 1569
1712260388523 100.0 1570
1712260398653 99.0 1571
1712260408775 99.0 1572
1712260418908 100.0 1573
1712260429042 100.0 1574
1712260439169 100.0 1575
1712260449296 100.0 1576
1712260459469 100.0 1577
1712260469602 100.0 1578
1712260479728 100.0 1579
1712260489855 99.0 1580
1712260499963 99.0 1581
1712260510090 100.0 1582
1712260520226 100.0 1583
1712260530351 100.0 1584
1712260540477 98.0 1585
1712260550640 99.0 1586
1712260560747 100.0 1587
1712260570899 100.0 1588
1712260581028 100.0 1589
1712260591148 99.0 1590
1712260601269 100.0 1591
1712260611413 100.0 1592
1712260621561 100.0 1593
1712260631694 100.0 1594
1712260641858 100.0 1595
1712260651987 95.0 1596
1712260662131 100.0 1597
1712260672251 100.0 1598
1712260682370 99.0 1599
1712260692484 99.0 1600
1712260702758 100.0 1601
1712260712889 48.0 1602
1712260723011 98.0 1603
1712260733138 100.0 1604
1712260743264 100.0 1605
1712260753401 100.0 1606
1712260763522 99.0 1607
1712260773669 100.0 1608
1712260783795 99.0 1609
1712260793921 99.0 1610
1712260804032 99.0 1611
1712260814153 100.0 1612
1712260824290 100.0 1613
1712260834433 96.0 1614
1712260844556 100.0 1615
1712260854691 99.0 1616
1712260864815 99.0 1617
1712260874955 100.0 1618
1712260885085 99.0 1619
1712260895232 100.0 1620
1712260905382 100.0 1621
1712260915521 100.0 1622
1712260925637 99.0 1623
1712260935783 100.0 1624
1712260945909 99.0 1625
1712260956046 100.0 1626
1712260966180 100.0 1627
1712260976311 100.0 1628
1712260986452 100.0 1629
1712260996686 100.0 1630
1712261006826 99.0 1631
1712261016983 99.0 1632
1712261027134 100.0 1633
1712261037280 100.0 1634
1712261047409 99.0 1635
1712261057555 99.0 1636
1712261067713 99.0 1637
1712261077858 99.0 1638
1712261087994 100.0 1639
1712261098119 99.0 1640
1712261108259 99.0 1641
1712261118393 99.0 1642
1712261128532 100.0 1643
1712261138651 100.0 1644
1712261148774 100.0 1645
1712261158901 99.0 1646
1712261169037 100.0 1647
1712261179194 100.0 1648
1712261189322 98.0 1649
1712261199469 99.0 1650
1712261209704 99.0 1651
1712261219854 100.0 1652
1712261229979 100.0 1653
1712261240118 100.0 1654
1712261250238 0.0 1655
1712261260350 0.0 1656
1712261270478 100.0 1657
1712261280599 100.0 1658
1712261290758 100.0 1659
1712261300910 100.0 1660
1712261311043 100.0 1661
1712261321189 100.0 1662
1712261331313 100.0 1663
1712261341446 100.0 1664
1712261351575 99.0 1665
1712261361703 100.0 1666
1712261371831 100.0 1667
1712261381958 100.0 1668
1712261392070 100.0 1669
1712261402187 100.0 1670
1712261412315 100.0 1671
1712261422445 100.0 1672
1712261432607 0.0 1673
1712261442961 0.0 1674
1712261453122 0.0 1675
1712261463252 99.0 1676
1712261473396 100.0 1677
1712261483557 98.0 1678
1712261493690 100.0 1679
1712261504513 99.0 1680
1712261514668 0.0 1681
1712261524794 100.0 1682
1712261534940 100.0 1683
1712261545086 100.0 1684
1712261555212 100.0 1685
1712261565326 100.0 1686
1712261575491 99.0 1687
1712261585610 99.0 1688
1712261595775 99.0 1689
1712261605951 99.0 1690
1712261616092 100.0 1691
1712261626229 100.0 1692
1712261636375 100.0 1693
1712261646519 99.0 1694
1712261656660 99.0 1695
1712261666842 99.0 1696
1712261676968 100.0 1697
1712261687093 100.0 1698
1712261697233 100.0 1699
1712261707370 97.0 1700
1712261717505 100.0 1701
1712261727752 100.0 1702
1712261737878 100.0 1703
1712261748042 100.0 1704
1712261758166 100.0 1705
1712261768296 100.0 1706
1712261778430 100.0 1707
1712261788554 97.0 1708
1712261798681 100.0 1709
1712261808823 100.0 1710
1712261818986 100.0 1711
1712261829127 99.0 1712
1712261839274 99.0 1713
1712261849408 99.0 1714
1712261859550 100.0 1715
1712261869705 100.0 1716
1712261879843 100.0 1717
1712261889983 100.0 1718
1712261900111 98.0 1719
1712261910255 100.0 1720
1712261920386 100.0 1721
1712261930513 100.0 1722
1712261940634 99.0 1723
1712261950898 99.0 1724
1712261961038 99.0 1725
1712261971165 100.0 1726
1712261981322 100.0 1727
1712261991439 100.0 1728
1712262001586 100.0 1729
1712262011734 100.0 1730
1712262021889 100.0 1731
1712262032040 100.0 1732
1712262042189 100.0 1733
1712262052330 99.0 1734
1712262062464 99.0 1735
1712262072588 99.0 1736
1712262082722 100.0 1737
1712262092872 100.0 1738
1712262103046 100.0 1739
1712262113200 100.0 1740
1712262123371 99.0 1741
1712262133512 100.0 1742
1712262143677 99.0 1743
1712262153826 99.0 1744
1712262163985 99.0 1745
1712262174151 100.0 1746
1712262184438 100.0 1747
1712262194598 99.0 1748
1712262204755 99.0 1749
1712262214886 99.0 1750
1712262225018 98.0 1751
1712262235166 100.0 1752
1712262245324 100.0 1753
1712262255453 100.0 1754
1712262265588 99.0 1755
1712262275740 100.0 1756
1712262285887 100.0 1757
1712262296039 99.0 1758
1712262306177 100.0 1759
1712262316314 99.0 1760
1712262326478 99.0 1761
1712262336626 99.0 1762
1712262346791 100.0 1763
1712262356940 100.0 1764
1712262367087 100.0 1765
1712262377217 95.0 1766
1712262387365 99.0 1767
1712262397497 99.0 1768
1712262407653 99.0 1769
1712262417791 99.0 1770
1712262427935 100.0 1771
1712262438197 100.0 1772
1712262448325 67.0 1773
1712262458470 100.0 1774
1712262468619 100.0 1775
1712262478757 99.0 1776
1712262488916 99.0 1777
1712262499086 100.0 1778
1712262509207 100.0 1779
1712262519333 99.0 1780
1712262529470 100.0 1781
1712262539604 100.0 1782
1712262549735 93.0 1783
1712262559857 98.0 1784
1712262569997 100.0 1785
1712262580140 98.0 1786
1712262590273 99.0 1787
1712262600404 99.0 1788
1712262610528 100.0 1789
1712262620669 100.0 1790
1712262630796 100.0 1791
1712262641082 100.0 1792
1712262651223 0.0 1793
1712262661350 0.0 1794
1712262671483 0.0 1795
1712262681608 99.0 1796
1712262691742 99.0 1797
1712262701866 100.0 1798
1712262711981 99.0 1799
1712262722111 100.0 1800
1712262732226 100.0 1801
1712262742374 100.0 1802
1712262752523 100.0 1803
1712262762664 100.0 1804
1712262772811 99.0 1805
1712262782930 100.0 1806
1712262793181 100.0 1807
1712262803309 100.0 1808
1712262813443 100.0 1809
1712262823613 99.0 1810
1712262833750 4.0 1811
1712262843888 0.0 1812
1712262854118 0.0 1813
1712262864265 0.0 1814
1712262874413 100.0 1815
1712262884552 99.0 1816
1712262894710 99.0 1817
1712262904837 100.0 1818
1712262914954 100.0 1819
1712262925074 98.0 1820
1712262935195 100.0 1821
1712262945317 100.0 1822
1712262955437 99.0 1823
1712262966185 100.0 1824
1712262976333 0.0 1825
1712262986479 100.0 1826
1712262996609 99.0 1827
1712263006741 100.0 1828
1712263016890 99.0 1829
1712263027014 100.0 1830
1712263037139 99.0 1831
1712263047257 99.0 1832
1712263057382 100.0 1833
1712263067538 100.0 1834
1712263077656 96.0 1835
1712263087785 99.0 1836
1712263097917 99.0 1837
1712263108045 100.0 1838
1712263118324 100.0 1839
1712263128487 98.0 1840
1712263138642 100.0 1841
1712263148798 99.0 1842
1712263158946 99.0 1843
1712263169095 99.0 1844
1712263179227 100.0 1845
1712263189358 100.0 1846
1712263199494 100.0 1847
1712263209623 100.0 1848
1712263219760 100.0 1849
1712263229894 100.0 1850
1712263240038 100.0 1851
1712263250178 97.0 1852
1712263260305 100.0 1853
1712263270444 100.0 1854
1712263280673 100.0 1855
1712263290827 100.0 1856
1712263300963 100.0 1857
1712263311102 100.0 1858
1712263321221 100.0 1859
1712263331370 100.0 1860
1712263341528 100.0 1861
1712263351691 100.0 1862
1712263361828 99.0 1863
1712263371956 100.0 1864
1712263382078 99.0 1865
1712263392201 99.0 1866
1712263402344 99.0 1867
1712263412484 94.0 1868
1712263422618 100.0 1869
1712263432759 100.0 1870
1712263442891 100.0 1871
1712263453178 98.0 1872
1712263463330 47.0 1873
1712263473459 95.0 1874
1712263483623 99.0 1875
1712263493751 100.0 1876
1712263503875 100.0 1877
1712263513994 100.0 1878
1712263524138 100.0 1879
1712263534260 100.0 1880
1712263544396 100.0 1881
1712263554522 100.0 1882
1712263564642 100.0 1883
1712263574765 99.0 1884
1712263584940 99.0 1885
1712263595090 99.0 1886
1712263605338 100.0 1887
1712263615502 100.0 1888
1712263625667 100.0 1889
1712263635803 100.0 1890
1712263645939 99.0 1891
1712263656103 99.0 1892
1712263666228 99.0 1893
1712263676388 100.0 1894
1712263686531 100.0 1895
1712263696670 100.0 1896
1712263706814 99.0 1897
1712263716939 97.0 1898
1712263727085 100.0 1899
1712263737216 100.0 1900
1712263747346 100.0 1901
1712263757590 99.0 1902
1712263767709 99.0 1903
1712263777835 100.0 1904
1712263787971 100.0 1905
1712263798099 100.0 1906
1712263808248 99.0 1907
1712263818377 99.0 1908
1712263828513 99.0 1909
1712263838651 100.0 1910
1712263848793 99.0 1911
1712263858938 99.0 1912
1712263869073 99.0 1913
1712263879202 99.0 1914
1712263889322 100.0 1915
1712263899470 100.0 1916
1712263909735 100.0 1917
1712263919891 99.0 1918
1712263930023 99.0 1919
1712263940165 99.0 1920
1712263950296 99.0 1921
1712263960452 100.0 1922
1712263970617 100.0 1923
1712263980741 100.0 1924
1712263990883 98.0 1925
1712264001039 100.0 1926
1712264011178 100.0 1927
1712264021321 100.0 1928
1712264031490 99.0 1929
1712264041657 100.0 1930
1712264051788 0.0 1931
1712264061940 0.0 1932
1712264072200 0.0 1933
1712264082361 95.0 1934
1712264092511 100.0 1935
1712264102637 100.0 1936
1712264112806 100.0 1937
1712264122966 100.0 1938
1712264133108 100.0 1939
1712264143276 100.0 1940
1712264153443 100.0 1941
1712264163587 100.0 1942
1712264173709 99.0 1943
1712264183831 100.0 1944
1712264193964 100.0 1945
1712264204107 100.0 1946
1712264214265 100.0 1947
1712264224432 100.0 1948
1712264234691 42.0 1949
1712264244868 0.0 1950
1712264255048 0.0 1951
1712264265254 0.0 1952
1712264275411 100.0 1953
1712264285602 99.0 1954
1712264295751 99.0 1955
1712264305886 100.0 1956
1712264316066 98.0 1957
1712264326252 100.0 1958
1712264336381 100.0 1959
1712264346522 99.0 1960
1712264356658 99.0 1961
1712264366794 100.0 1962
1712264376942 100.0 1963
1712264387135 100.0 1964
1712264397404 100.0 1965
1712264407555 100.0 1966
1712264417713 100.0 1967
1712264427843 99.0 1968
1712264437974 99.0 1969
1712264448116 100.0 1970
1712264458270 100.0 1971
1712264468407 98.0 1972
1712264478548 99.0 1973
1712264488672 99.0 1974
1712264498827 99.0 1975
1712264508974 99.0 1976
1712264519133 100.0 1977
1712264529269 100.0 1978
1712264539399 100.0 1979
1712264549536 100.0 1980
1712264559685 99.0 1981
1712264569810 100.0 1982
1712264579932 99.0 1983
1712264590087 100.0 1984
1712264600218 100.0 1985
1712264610350 100.0 1986
1712264620510 99.0 1987
1712264630658 100.0 1988
1712264640794 99.0 1989
1712264650917 100.0 1990
1712264661056 100.0 1991
1712264671208 100.0 1992
1712264681334 95.0 1993
1712264691465 97.0 1994
1712264701601 100.0 1995
1712264711749 100.0 1996
1712264721899 100.0 1997
1712264732044 100.0 1998
1712264742193 100.0 1999
1712264752333 99.0 2000
1712264762476 99.0 2001
1712264772606 100.0 2002
1712264782751 100.0 2003
1712264792899 99.0 2004
1712264803024 100.0 2005
1712264813175 99.0 2006
1712264823297 95.0 2007
1712264833426 99.0 2008
1712264843569 100.0 2009
1712264853695 100.0 2010
1712264863960 95.0 2011
1712264874122 99.0 2012
1712264884248 100.0 2013
1712264894397 100.0 2014
1712264904544 100.0 2015
1712264914689 99.0 2016
1712264924817 99.0 2017
1712264934956 100.0 2018
1712264945113 100.0 2019
1712264955241 100.0 2020
1712264965422 99.0 2021
1712264975593 95.0 2022
1712264985743 99.0 2023
1712264995926 99.0 2024
1712265006109 98.0 2025
1712265016287 97.0 2026
1712265026453 99.0 2027
1712265036649 98.0 2028
1712265046839 99.0 2029
1712265057011 100.0 2030
1712265067197 97.0 2031
1712265077369 100.0 2032
1712265087528 97.0 2033
1712265097692 99.0 2034
1712265107855 100.0 2035
1712265118014 100.0 2036
1712265128179 100.0 2037
1712265138313 100.0 2038
1712265148460 100.0 2039
1712265158597 100.0 2040
1712265168747 99.0 2041
1712265178873 100.0 2042
1712265189027 100.0 2043
1712265199148 99.0 2044
1712265209292 99.0 2045
1712265219421 99.0 2046
1712265229556 99.0 2047
1712265239693 99.0 2048
1712265249855 100.0 2049
1712265260026 100.0 2050
1712265270166 100.0 2051
1712265280352 100.0 2052
1712265290502 100.0 2053
1712265300657 98.0 2054
1712265310809 99.0 2055
1712265321077 99.0 2056
1712265331245 99.0 2057
1712265341385 99.0 2058
1712265351516 96.0 2059
1712265361650 100.0 2060
1712265371778 100.0 2061
1712265381921 100.0 2062
1712265392068 100.0 2063
1712265402197 99.0 2064
1712265412332 100.0 2065
1712265422526 100.0 2066
1712265432671 100.0 2067
1712265442802 100.0 2068
1712265452939 100.0 2069
1712265463094 0.0 2070
1712265473224 0.0 2071
1712265483372 100.0 2072
1712265493509 100.0 2073
1712265503682 100.0 2074
1712265513851 99.0 2075
1712265524017 100.0 2076
1712265534182 100.0 2077
1712265544330 100.0 2078
1712265554485 100.0 2079
1712265564640 100.0 2080
1712265574762 100.0 2081
1712265584891 100.0 2082
1712265595035 100.0 2083
1712265605198 100.0 2084
1712265615354 100.0 2085
1712265625481 100.0 2086
1712265635761 100.0 2087
1712265646005 0.0 2088
1712265656390 0.0 2089
1712265666546 0.0 2090
1712265676712 0.0 2091
1712265686854 0.0 2092
1712265697003 0.0 2093
1712265707161 0.0 2094
1712265717346 0.0 2095
1712265727480 36.0 2096
1712265737607 99.0 2097
1712265747766 99.0 2098
1712265757894 100.0 2099
1712265768073 99.0 2100
1712265778212 99.0 2101
1712265789017 99.0 2102
1712265799146 10.0 2103
1712265809271 99.0 2104
1712265819409 99.0 2105
1712265829529 99.0 2106
1712265839677 99.0 2107
1712265849823 99.0 2108
1712265859959 99.0 2109
1712265870094 99.0 2110
1712265880216 99.0 2111
1712265890338 99.0 2112
1712265900468 99.0 2113
1712265910594 99.0 2114
1712265920736 99.0 2115
1712265930872 99.0 2116
1712265941008 99.0 2117
1712265951239 98.0 2118
1712265961368 85.0 2119
1712265971506 99.0 2120
1712265981638 100.0 2121
1712265991776 100.0 2122
1712266001899 99.0 2123
1712266012020 99.0 2124
1712266022159 99.0 2125
1712266032301 99.0 2126
1712266042424 99.0 2127
1712266052580 99.0 2128
1712266062715 99.0 2129
1712266072853 97.0 2130
1712266082984 99.0 2131
1712266093118 99.0 2132
1712266103243 99.0 2133
1712266113480 99.0 2134
1712266123617 99.0 2135
1712266133747 99.0 2136
1712266143892 99.0 2137
1712266154056 99.0 2138
1712266164215 99.0 2139
1712266174351 99.0 2140
1712266184481 99.0 2141
1712266194605 99.0 2142
1712266204743 99.0 2143
1712266214868 99.0 2144
1712266225015 99.0 2145
1712266235143 99.0 2146
1712266245274 99.0 2147
1712266255406 99.0 2148
1712266265554 99.0 2149
1712266275695 99.0 2150
1712266285823 99.0 2151
1712266295964 99.0 2152
1712266306107 99.0 2153
1712266316236 99.0 2154
1712266326374 99.0 2155
1712266336515 99.0 2156
1712266346661 99.0 2157
1712266356799 100.0 2158
1712266366936 100.0 2159
1712266377079 99.0 2160
1712266387324 100.0 2161
1712266397449 98.0 2162
1712266407594 99.0 2163
1712266417746 99.0 2164
1712266427917 99.0 2165
1712266438040 99.0 2166
1712266448165 99.0 2167
1712266458315 100.0 2168
1712266468465 100.0 2169
1712266478595 99.0 2170
1712266488734 99.0 2171
1712266498861 99.0 2172
1712266508999 99.0 2173
1712266519137 99.0 2174
1712266529263 99.0 2175
1712266539401 99.0 2176
1712266549553 100.0 2177
1712266559686 98.0 2178
1712266569846 99.0 2179
1712266579990 99.0 2180
1712266590227 99.0 2181
1712266600374 97.0 2182
1712266610505 99.0 2183
1712266620626 99.0 2184
1712266630756 100.0 2185
1712266640931 99.0 2186
1712266651087 99.0 2187
1712266661224 100.0 2188
1712266671367 99.0 2189
1712266681499 99.0 2190
1712266691635 99.0 2191
1712266701775 99.0 2192
1712266711929 99.0 2193
1712266722084 99.0 2194
1712266732319 99.0 2195
1712266742448 96.0 2196
1712266752591 99.0 2197
1712266762733 99.0 2198
1712266772885 99.0 2199
1712266783035 99.0 2200
1712266793173 99.0 2201
1712266803303 99.0 2202
1712266813433 99.0 2203
1712266823575 99.0 2204
1712266833710 99.0 2205
1712266844022 99.0 2206
1712266854173 99.0 2207
1712266864311 99.0 2208
1712266874458 99.0 2209
1712266884604 99.0 2210
1712266894765 99.0 2211
1712266904928 99.0 2212
1712266915079 99.0 2213
1712266925274 99.0 2214
1712266935585 0.0 2215
1712266945764 0.0 2216
1712266955937 0.0 2217
1712266966093 100.0 2218
1712266976229 100.0 2219
1712266986353 99.0 2220
1712266996486 99.0 2221
1712267006616 99.0 2222
1712267016841 99.0 2223
1712267026972 99.0 2224
1712267037139 100.0 2225
1712267047277 99.0 2226
1712267057425 99.0 2227
1712267067564 99.0 2228
1712267077686 99.0 2229
1712267087845 99.0 2230
1712267097981 99.0 2231
1712267108105 99.0 2232
1712267118239 100.0 2233
1712267128425 0.0 2234
1712267138603 0.0 2235
1712267148749 0.0 2236
1712267158909 99.0 2237
1712267169068 99.0 2238
1712267179215 99.0 2239
1712267189366 99.0 2240
1712267199517 100.0 2241
1712267209687 99.0 2242
1712267219861 99.0 2243
1712267230018 99.0 2244
1712267240186 99.0 2245
1712267250339 99.0 2246
1712267260480 99.0 2247
1712267270643 99.0 2248
1712267280778 99.0 2249
1712267290909 97.0 2250
1712267301042 99.0 2251
1712267311191 99.0 2252
1712267321372 99.0 2253
1712267331517 98.0 2254
1712267341654 99.0 2255
1712267351794 99.0 2256
1712267361940 99.0 2257
1712267372068 99.0 2258
1712267383126 99.0 2259
1712267393265 0.0 2260
1712267403436 99.0 2261
1712267413597 99.0 2262
1712267423739 99.0 2263
1712267433882 99.0 2264
1712267444041 99.0 2265
1712267454174 99.0 2266
1712267464319 99.0 2267
1712267474461 99.0 2268
1712267484612 100.0 2269
1712267494773 99.0 2270
1712267504930 99.0 2271
1712267515060 100.0 2272
1712267525202 99.0 2273
1712267535367 99.0 2274
1712267545520 97.0 2275
1712267555657 99.0 2276
1712267565797 99.0 2277
1712267575957 99.0 2278
1712267586203 100.0 2279
1712267596411 98.0 2280
1712267606565 97.0 2281
1712267616714 99.0 2282
1712267626866 98.0 2283
1712267637009 99.0 2284
1712267647151 99.0 2285
1712267657303 99.0 2286
1712267667454 99.0 2287
1712267677659 100.0 2288
1712267687836 99.0 2289
1712267698000 99.0 2290
1712267708148 99.0 2291
1712267718291 99.0 2292
1712267728543 99.0 2293
1712267738756 72.0 2294
1712267748918 98.0 2295
1712267759068 99.0 2296
1712267769192 99.0 2297
1712267779329 99.0 2298
1712267789499 99.0 2299
1712267799644 98.0 2300
1712267809806 99.0 2301
1712267819959 99.0 2302
1712267830092 99.0 2303
1712267840357 99.0 2304
1712267850499 99.0 2305
1712267860631 100.0 2306
1712267870779 100.0 2307
1712267880935 99.0 2308
1712267891093 99.0 2309
1712267901222 99.0 2310
1712267911362 99.0 2311
1712267921492 99.0 2312
1712267931767 99.0 2313
1712267941932 99.0 2314
1712267952075 99.0 2315
1712267962234 99.0 2316
1712267972362 99.0 2317
1712267982485 99.0 2318
1712267992690 99.0 2319
1712268002961 99.0 2320
1712268013100 99.0 2321
1712268023250 99.0 2322
1712268033406 95.0 2323
1712268043557 99.0 2324
1712268053706 99.0 2325
1712268063839 99.0 2326
1712268074003 99.0 2327
1712268084145 99.0 2328
1712268094314 100.0 2329
1712268104459 99.0 2330
1712268114597 100.0 2331
1712268124747 100.0 2332
1712268134887 99.0 2333
1712268145034 99.0 2334
1712268155192 99.0 2335
1712268165354 99.0 2336
1712268175499 99.0 2337
1712268185628 99.0 2338
1712268195772 99.0 2339
1712268205898 99.0 2340
1712268216031 97.0 2341
1712268226162 99.0 2342
1712268236309 99.0 2343
1712268246462 97.0 2344
1712268256599 100.0 2345
1712268266744 100.0 2346
1712268276891 99.0 2347
1712268287037 99.0 2348
1712268297291 99.0 2349
1712268307423 58.0 2350
1712268317557 99.0 2351
1712268327698 99.0 2352
1712268337831 99.0 2353
1712268348017 99.0 2354
1712268358199 0.0 2355
1712268368361 0.0 2356
1712268378506 0.0 2357
1712268388648 99.0 2358
1712268398801 100.0 2359
1712268408938 100.0 2360
1712268419074 100.0 2361
1712268429215 100.0 2362
1712268439508 100.0 2363
1712268449646 84.0 2364
1712268459808 100.0 2365
1712268469965 99.0 2366
1712268480121 100.0 2367
1712268490264 99.0 2368
1712268500411 100.0 2369
1712268510551 99.0 2370
1712268520698 100.0 2371
1712268530872 100.0 2372
1712268541057 100.0 2373
1712268551238 0.0 2374
1712268561926 0.0 2375
1712268572120 0.0 2376
1712268582277 0.0 2377
1712268592425 99.0 2378
1712268602563 98.0 2379
1712268612704 99.0 2380
1712268622853 99.0 2381
1712268633000 99.0 2382
1712268643178 99.0 2383
1712268653328 99.0 2384
1712268663478 99.0 2385
1712268673753 100.0 2386
1712268683905 99.0 2387
1712268694076 99.0 2388
1712268704251 99.0 2389
1712268714407 99.0 2390
1712268724567 97.0 2391
1712268734711 95.0 2392
1712268744848 100.0 2393
1712268755032 99.0 2394
1712268765216 99.0 2395
1712268775391 99.0 2396
1712268785577 97.0 2397
1712268795873 100.0 2398
1712268806051 97.0 2399
1712268816238 98.0 2400
1712268826391 97.0 2401
1712268836550 100.0 2402
1712268846701 99.0 2403
1712268856850 99.0 2404
1712268867023 99.0 2405
1712268877169 99.0 2406
1712268887325 95.0 2407
1712268897472 100.0 2408
1712268907633 100.0 2409
1712268917897 99.0 2410
1712268928055 100.0 2411
1712268938218 99.0 2412
1712268948373 99.0 2413
1712268958529 99.0 2414
1712268968676 99.0 2415
1712268978841 95.0 2416
1712268988981 99.0 2417
1712268999121 99.0 2418
1712269009292 99.0 2419
1712269019450 99.0 2420
1712269029711 99.0 2421
1712269039865 67.0 2422
1712269050021 99.0 2423
1712269060164 99.0 2424
1712269070325 99.0 2425
1712269080468 99.0 2426
1712269090621 99.0 2427
1712269100762 100.0 2428
1712269110902 99.0 2429
1712269121057 99.0 2430
1712269131216 98.0 2431
1712269141372 99.0 2432
1712269151622 99.0 2433
1712269161785 78.0 2434
1712269171942 99.0 2435
1712269182091 99.0 2436
1712269192273 99.0 2437
1712269202454 99.0 2438
1712269212628 99.0 2439
1712269222816 97.0 2440
1712269232974 99.0 2441
1712269243124 99.0 2442
1712269253265 99.0 2443
1712269263428 99.0 2444
1712269273698 98.0 2445
1712269283860 55.0 2446
1712269294009 99.0 2447
1712269304192 97.0 2448
1712269314330 99.0 2449
1712269324487 99.0 2450
1712269334631 99.0 2451
1712269344787 98.0 2452
1712269354938 99.0 2453
1712269365116 99.0 2454
1712269375272 99.0 2455
1712269385416 99.0 2456
1712269395669 99.0 2457
1712269405834 74.0 2458
1712269416000 99.0 2459
1712269426146 99.0 2460
1712269436333 99.0 2461
1712269446493 99.0 2462
1712269456637 99.0 2463
1712269466793 99.0 2464
1712269476956 99.0 2465
1712269487128 97.0 2466
1712269497294 100.0 2467
1712269507444 99.0 2468
1712269517716 99.0 2469
1712269527873 61.0 2470
1712269538017 100.0 2471
1712269548173 99.0 2472
1712269558352 99.0 2473
1712269568519 99.0 2474
1712269578668 97.0 2475
1712269588814 99.0 2476
1712269598968 99.0 2477
1712269609154 97.0 2478
1712269619315 99.0 2479
1712269629571 98.0 2480
1712269639742 99.0 2481
1712269649896 100.0 2482
1712269660047 99.0 2483
1712269670204 99.0 2484
1712269680371 99.0 2485
1712269690539 99.0 2486
1712269700708 98.0 2487
1712269710856 97.0 2488
1712269721029 99.0 2489
1712269731358 99.0 2490
1712269741543 97.0 2491
1712269751730 100.0 2492
1712269761895 99.0 2493
1712269772075 99.0 2494
1712269782260 99.0 2495
1712269792430 0.0 2496
1712269802581 0.0 2497
1712269812750 0.0 2498
1712269823024 99.0 2499
1712269833196 79.0 2500
1712269843355 100.0 2501
1712269853510 100.0 2502
1712269863672 100.0 2503
1712269873838 99.0 2504
1712269884018 98.0 2505
1712269894163 99.0 2506
1712269904356 99.0 2507
1712269914506 99.0 2508
1712269924652 99.0 2509
1712269934815 99.0 2510
1712269944974 99.0 2511
1712269955128 99.0 2512
1712269966103 99.0 2513
1712269976296 0.0 2514
1712269986532 0.0 2515
1712269996833 0.0 2516
1712270007496 0.0 2517
1712270017672 0.0 2518
1712270027858 99.0 2519
1712270038033 98.0 2520
1712270048215 99.0 2521
1712270058370 99.0 2522
1712270068535 99.0 2523
1712270078683 99.0 2524
1712270088831 100.0 2525
1712270099093 99.0 2526
1712270109241 77.0 2527
1712270119393 98.0 2528
1712270129556 99.0 2529
1712270139718 97.0 2530
1712270149874 99.0 2531
1712270160033 99.0 2532
1712270170197 97.0 2533
1712270180363 99.0 2534
1712270190624 99.0 2535
1712270200778 95.0 2536
1712270210920 99.0 2537
1712270221063 99.0 2538
1712270231224 99.0 2539
1712270241377 99.0 2540
1712270251554 99.0 2541
1712270261729 99.0 2542
1712270271882 99.0 2543
1712270282039 99.0 2544
1712270292222 99.0 2545
1712270302379 99.0 2546
1712270312544 99.0 2547
1712270322694 97.0 2548
1712270332842 99.0 2549
1712270343017 99.0 2550
1712270353183 99.0 2551
1712270363344 99.0 2552
1712270373601 100.0 2553
1712270383758 78.0 2554
1712270393916 99.0 2555
1712270404070 99.0 2556
1712270414223 98.0 2557
1712270424417 99.0 2558
1712270434572 99.0 2559
1712270444739 99.0 2560
1712270455005 100.0 2561
1712270465153 99.0 2562
1712270475304 99.0 2563
1712270485462 99.0 2564
1712270495657 99.0 2565
1712270505816 99.0 2566
1712270515979 99.0 2567
1712270526132 99.0 2568
1712270536299 100.0 2569
1712270546578 99.0 2570
1712270556730 99.0 2571
1712270566917 99.0 2572
1712270577090 99.0 2573
1712270587245 98.0 2574
1712270597413 99.0 2575
1712270607579 99.0 2576
1712270617733 99.0 2577
1712270627906 99.0 2578
1712270638177 99.0 2579
1712270648342 73.0 2580
1712270658505 99.0 2581
1712270668657 99.0 2582
1712270678811 100.0 2583
1712270688976 97.0 2584
1712270699141 93.0 2585
1712270709344 99.0 2586
1712270719499 99.0 2587
1712270729760 99.0 2588
1712270739933 68.0 2589
1712270750093 99.0 2590
1712270760251 99.0 2591
1712270770408 99.0 2592
1712270780572 97.0 2593
1712270790736 100.0 2594
1712270800900 99.0 2595
1712270811093 100.0 2596
1712270821347 100.0 2597
1712270831542 57.0 2598
1712270841721 98.0 2599
1712270851892 99.0 2600
1712270862069 100.0 2601
1712270872251 99.0 2602
1712270882431 99.0 2603
1712270892604 99.0 2604
1712270902798 99.0 2605
1712270913022 99.0 2606
1712270923216 97.0 2607
1712270933312 99.0 2608
1712270943398 99.0 2609
1712270953591 99.0 2610
1712270963693 97.0 2611
1712270973811 97.0 2612
1712270983990 99.0 2613
1712270994081 99.0 2614
1712271004348 99.0 2615
1712271014565 36.0 2616
1712271024670 99.0 2617
1712271034788 99.0 2618
1712271044906 99.0 2619
1712271055036 99.0 2620
1712271065153 99.0 2621
1712271075331 99.0 2622
1712271085462 96.0 2623
1712271095746 92.0 2624
1712271105918 99.0 2625
1712271116126 99.0 2626
1712271126322 99.0 2627
1712271136493 99.0 2628
1712271146675 99.0 2629
1712271156789 99.0 2630
1712271166963 99.0 2631
1712271177259 99.0 2632
1712271187440 91.0 2633
1712271197642 99.0 2634
1712271207820 99.0 2635
1712271217948 99.0 2636
1712271228148 0.0 2637
1712271238361 0.0 2638
1712271248551 0.0 2639
1712271258730 99.0 2640
1712271269053 99.0 2641
1712271279187 96.0 2642
1712271289363 92.0 2643
1712271299538 99.0 2644
1712271309712 99.0 2645
1712271319898 99.0 2646
1712271330063 100.0 2647
1712271340165 99.0 2648
1712271350360 99.0 2649
1712271360641 99.0 2650
1712271370843 99.0 2651
1712271381035 100.0 2652
1712271391233 99.0 2653
1712271401361 97.0 2654
1712271411593 99.0 2655
1712271421948 0.0 2656
1712271432151 0.0 2657
1712271442354 0.0 2658
1712271452552 92.0 2659
1712271463274 99.0 2660
1712271473472 0.0 2661
1712271483650 99.0 2662
1712271493853 99.0 2663
1712271504026 99.0 2664
1712271514193 100.0 2665
1712271524292 99.0 2666
1712271534472 98.0 2667
1712271544805 99.0 2668
1712271554991 99.0 2669
1712271565175 98.0 2670
1712271575367 100.0 2671
1712271585473 97.0 2672
1712271595653 85.0 2673
1712271605829 99.0 2674
1712271616016 99.0 2675
1712271626212 99.0 2676
1712271636493 100.0 2677
1712271646613 62.0 2678
1712271656800 99.0 2679
1712271666984 99.0 2680
1712271677164 99.0 2681
1712271687371 99.0 2682
1712271697563 100.0 2683
1712271707658 99.0 2684
1712271717839 99.0 2685
1712271728124 99.0 2686
1712271738308 90.0 2687
1712271748487 97.0 2688
1712271758608 99.0 2689
1712271768793 99.0 2690
1712271779016 99.0 2691
1712271789212 96.0 2692
1712271799413 99.0 2693
1712271809608 99.0 2694
1712271819916 98.0 2695
1712271830097 100.0 2696
1712271840283 99.0 2697
1712271850469 99.0 2698
1712271860652 99.0 2699
1712271870828 99.0 2700
1712271881020 98.0 2701
1712271891198 98.0 2702
1712271901395 99.0 2703
1712271911714 99.0 2704
1712271921892 100.0 2705
1712271932076 99.0 2706
1712271942244 98.0 2707
1712271952433 99.0 2708
1712271962629 95.0 2709
1712271972833 95.0 2710
1712271983017 99.0 2711
1712271993206 92.0 2712
1712272003388 97.0 2713
1712272013571 97.0 2714
1712272023778 95.0 2715
1712272033968 99.0 2716
1712272044151 99.0 2717
1712272054348 99.0 2718
1712272064536 96.0 2719
1712272074728 99.0 2720
1712272084904 99.0 2721
1712272095219 97.0 2722
1712272105401 78.0 2723
1712272115620 97.0 2724
1712272125809 99.0 2725
1712272135988 98.0 2726
1712272146161 99.0 2727
1712272156368 99.0 2728
1712272166534 99.0 2729
1712272176718 100.0 2730
1712272186997 97.0 2731
1712272197201 98.0 2732
1712272207406 99.0 2733
1712272217612 100.0 2734
1712272227787 100.0 2735
1712272237927 94.0 2736
1712272248123 99.0 2737
1712272258276 99.0 2738
1712272268404 99.0 2739
1712272278754 99.0 2740
1712272288885 34.0 2741
1712272298995 99.0 2742
1712272309178 99.0 2743
1712272319297 99.0 2744
1712272329398 99.0 2745
1712272339518 98.0 2746
1712272349718 99.0 2747
1712272359960 94.0 2748
1712272370087 99.0 2749
1712272380269 99.0 2750
1712272390371 99.0 2751
1712272400466 99.0 2752
1712272410673 99.0 2753
1712272420793 97.0 2754
1712272430895 100.0 2755
1712272441098 99.0 2756
1712272451368 96.0 2757
1712272461480 89.0 2758
1712272471678 99.0 2759
1712272481784 97.0 2760
1712272491898 99.0 2761
1712272502090 99.0 2762
1712272512243 99.0 2763
1712272522337 99.0 2764
1712272532518 99.0 2765
1712272542740 99.0 2766
1712272552941 31.0 2767
1712272563123 99.0 2768
1712272573324 99.0 2769
1712272583522 98.0 2770
1712272593722 99.0 2771
1712272603847 99.0 2772
1712272614052 99.0 2773
1712272624259 100.0 2774
1712272634560 97.0 2775
1712272644734 90.0 2776
1712272654956 94.0 2777
1712272665061 0.0 2778
1712272675324 0.0 2779
1712272685512 0.0 2780
1712272695693 99.0 2781
1712272705875 99.0 2782
1712272716059 99.0 2783
1712272726291 99.0 2784
1712272736477 99.0 2785
1712272746665 99.0 2786
1712272756853 99.0 2787
1712272767040 98.0 2788
1712272777218 99.0 2789
1712272787344 100.0 2790
1712272797536 100.0 2791
1712272807722 100.0 2792
1712272817994 98.0 2793
1712272828171 98.0 2794
1712272838279 99.0 2795
1712272848489 99.0 2796
1712272858737 0.0 2797
1712272868960 0.0 2798
1712272879208 0.0 2799
1712272889436 0.0 2800
1712272899545 0.0 2801
1712272910238 0.0 2802
1712272921030 0.0 2803
1712272931266 0.0 2804
1712272941485 0.0 2805
1712272951674 86.0 2806
1712272961792 100.0 2807
1712272971981 99.0 2808
1712272982173 99.0 2809
1712272992365 100.0 2810
1712273002677 100.0 2811
1712273012889 64.0 2812
1712273023014 100.0 2813
1712273033219 100.0 2814
1712273043403 94.0 2815
1712273053597 100.0 2816
1712273063782 99.0 2817
1712273073966 100.0 2818
1712273084074 100.0 2819
1712273094382 100.0 2820
1712273104605 100.0 2821
1712273114797 100.0 2822
1712273124984 97.0 2823
1712273135182 100.0 2824
1712273145297 98.0 2825
1712273155501 99.0 2826
1712273165685 100.0 2827
1712273175863 100.0 2828
1712273186192 99.0 2829
1712273196394 65.0 2830
1712273206483 99.0 2831
1712273216673 100.0 2832
1712273226857 99.0 2833
1712273237032 99.0 2834
1712273247239 99.0 2835
1712273257402 99.0 2836
1712273267520 100.0 2837
1712273277718 100.0 2838
1712273288058 100.0 2839
1712273298241 25.0 2840
1712273308422 100.0 2841
1712273318524 100.0 2842
1712273328692 97.0 2843
1712273338903 100.0 2844
1712273349090 100.0 2845
1712273359372 100.0 2846
1712273369555 100.0 2847
1712273379674 100.0 2848
1712273389863 99.0 2849
1712273400069 99.0 2850
1712273410260 99.0 2851
1712273420448 99.0 2852
1712273430633 100.0 2853
1712273440750 99.0 2854
1712273450938 100.0 2855
1712273461235 96.0 2856
1712273471432 100.0 2857
1712273481624 100.0 2858
1712273491814 99.0 2859
1712273501955 99.0 2860
1712273512155 99.0 2861
1712273522344 100.0 2862
1712273532536 100.0 2863
1712273542734 100.0 2864
1712273553053 100.0 2865
1712273563145 100.0 2866
1712273573322 99.0 2867
1712273583504 100.0 2868
1712273593697 99.0 2869
1712273603933 97.0 2870
1712273614243 100.0 2871
1712273624336 100.0 2872
1712273634518 98.0 2873
1712273644698 98.0 2874
1712273654889 100.0 2875
1712273665080 100.0 2876
1712273675386 100.0 2877
1712273685502 100.0 2878
1712273695718 100.0 2879
1712273705912 99.0 2880
1712273716120 99.0 2881
1712273726311 100.0 2882
1712273736515 100.0 2883
1712273746628 99.0 2884
1712273756828 100.0 2885
1712273767011 99.0 2886
1712273777208 100.0 2887
1712273787520 91.0 2888
1712273797725 94.0 2889
1712273807913 99.0 2890
1712273818124 100.0 2891
1712273828293 99.0 2892
1712273838472 100.0 2893
1712273848661 99.0 2894
1712273858780 100.0 2895
1712273869102 98.0 2896
1712273879330 57.0 2897
1712273889521 100.0 2898
1712273899706 100.0 2899
1712273909891 100.0 2900
1712273919999 99.0 2901
1712273930202 100.0 2902
1712273940512 100.0 2903
1712273950720 97.0 2904
1712273960825 100.0 2905
1712273970987 99.0 2906
1712273981124 99.0 2907
1712273991248 100.0 2908
1712274001834 99.0 2909
1712274011939 0.0 2910
1712274022039 100.0 2911
1712274032218 100.0 2912
1712274042314 100.0 2913
1712274052441 100.0 2914
1712274062600 100.0 2915
1712274072793 100.0 2916
1712274082950 100.0 2917
1712274093109 100.0 2918
1712274103333 99.0 2919
1712274113521 0.0 2920
1712274123694 0.0 2921
1712274133847 0.0 2922
1712274144046 100.0 2923
1712274154196 100.0 2924
1712274164285 100.0 2925
1712274174441 100.0 2926
1712274184590 100.0 2927
1712274194882 100.0 2928
1712274205064 100.0 2929
1712274215226 100.0 2930
1712274225328 100.0 2931
1712274235514 100.0 2932
1712274245670 100.0 2933
1712274255834 100.0 2934
1712274266142 100.0 2935
1712274276297 66.0 2936
1712274286404 100.0 2937
1712274296571 100.0 2938
1712274306738 100.0 2939
1712274317023 100.0 2940
1712274327215 98.0 2941
1712274337378 100.0 2942
1712274347481 100.0 2943
1712274357637 100.0 2944
1712274367789 100.0 2945
1712274377953 100.0 2946
1712274388113 100.0 2947
1712274398204 100.0 2948
1712274408370 100.0 2949
1712274418548 100.0 2950
1712274430801 100.0 2951
1712274440978 0.0 2952
1712274451177 0.0 2953
1712274461267 0.0 2954
1712274471484 0.0 2955
1712274481660 100.0 2956
1712274491818 100.0 2957
1712274501985 100.0 2958
1712274512153 100.0 2959
1712274522889 100.0 2960
1712274533056 14.0 2961
1712274543226 99.0 2962
1712274553411 100.0 2963
1712274563588 100.0 2964
1712274573741 99.0 2965
1712274583980 100.0 2966
1712274594136 100.0 2967
1712274604302 97.0 2968
1712274614492 100.0 2969
1712274624655 100.0 2970
1712274634815 100.0 2971
1712274645021 99.0 2972
1712274655187 99.0 2973
1712274665357 100.0 2974
1712274675522 100.0 2975
1712274685714 100.0 2976
1712274695889 99.0 2977
1712274705988 100.0 2978
1712274716175 99.0 2979
1712274726345 99.0 2980
1712274736526 99.0 2981
1712274746691 100.0 2982
1712274756978 100.0 2983
1712274767075 100.0 2984
1712274777257 100.0 2985
1712274787439 99.0 2986
1712274797609 100.0 2987
1712274807789 99.0 2988
1712274817892 100.0 2989
1712274828081 99.0 2990
1712274838381 100.0 2991
1712274848549 98.0 2992
1712274858718 100.0 2993
1712274868879 100.0 2994
1712274878982 99.0 2995
1712274889169 100.0 2996
1712274899334 100.0 2997
1712274909622 100.0 2998
1712274919799 99.0 2999
1712274929995 100.0 3000
1712274940093 100.0 3001
1712274950295 100.0 3002
1712274960467 100.0 3003
1712274970800 100.0 3004
1712274981004 97.0 3005
1712274991178 100.0 3006
1712275001278 100.0 3007
1712275011443 99.0 3008
1712275021605 100.0 3009
1712275031772 100.0 3010
1712275041941 100.0 3011
1712275052111 99.0 3012
1712275062201 100.0 3013
1712275072511 99.0 3014
1712275082692 65.0 3015
1712275092853 99.0 3016
1712275103033 100.0 3017
1712275113214 100.0 3018
1712275123311 100.0 3019
1712275133509 100.0 3020
1712275143682 100.0 3021
1712275153860 100.0 3022
1712275164156 100.0 3023
1712275174358 66.0 3024
1712275184457 99.0 3025
1712275194632 100.0 3026
1712275204803 100.0 3027
1712275214959 100.0 3028
1712275225244 100.0 3029
1712275235406 62.0 3030
1712275245529 100.0 3031
1712275255699 100.0 3032
1712275265894 99.0 3033
1712275276062 100.0 3034
1712275286345 100.0 3035
1712275296511 99.0 3036
1712275306609 100.0 3037
1712275316782 100.0 3038
1712275326958 100.0 3039
1712275337141 99.0 3040
1712275347313 100.0 3041
1712275357484 100.0 3042
1712275367590 100.0 3043
1712275377748 100.0 3044
1712275387923 100.0 3045
1712275398227 99.0 3046
1712275408424 75.0 3047
1712275418527 100.0 3048
1712275428702 100.0 3049
1712275438859 100.0 3050
1712275449036 99.0 3051
1712275459214 100.0 3052
1712275469396 100.0 3053
1712275479604 100.0 3054
1712275489780 100.0 3055
1712275500011 100.0 3056
1712275510184 100.0 3057
1712275520350 96.0 3058
1712275530511 100.0 3059
1712275540601 100.0 3060
1712275550897 99.0 3061
1712275561067 100.0 3062
1712275571235 99.0 3063
1712275581397 100.0 3064
1712275591571 100.0 3065
1712275601669 100.0 3066
1712275611842 100.0 3067
1712275622135 100.0 3068
1712275632328 100.0 3069
1712275642499 0.0 3070
1712275652668 0.0 3071
1712275662773 0.0 3072
1712275672937 100.0 3073
1712275683294 100.0 3074
1712275693474 100.0 3075
1712275703634 100.0 3076
1712275713799 100.0 3077
1712275723901 100.0 3078
1712275734064 100.0 3079
1712275744334 100.0 3080
1712275754508 100.0 3081
1712275764672 100.0 3082
1712275774832 100.0 3083
1712275784932 100.0 3084
1712275795095 100.0 3085
1712275805254 100.0 3086
1712275815522 100.0 3087
1712275825697 100.0 3088
1712275835861 100.0 3089
1712275845954 100.0 3090
1712275856127 100.0 3091
1712275866293 100.0 3092
1712275876573 100.0 3093
1712275886741 100.0 3094
1712275896897 100.0 3095
1712275906996 100.0 3096
1712275917160 100.0 3097
1712275927333 100.0 3098
1712275937606 100.0 3099
1712275947760 100.0 3100
1712275957885 100.0 3101
1712275968207 0.0 3102
1712275978399 0.0 3103
1712275988607 0.0 3104
1712275999312 0.0 3105
1712276009505 0.0 3106
1712276019608 99.0 3107
1712276029819 100.0 3108
1712276040419 96.0 3109
1712276050608 100.0 3110
1712276060778 99.0 3111
1712276071068 100.0 3112
1712276081165 100.0 3113
1712276091348 99.0 3114
1712276101519 100.0 3115
1712276111686 100.0 3116
1712276121865 100.0 3117
1712276132035 99.0 3118
1712276142258 99.0 3119
1712276152426 93.0 3120
1712276162606 99.0 3121
1712276172771 100.0 3122
1712276182947 100.0 3123
1712276193108 100.0 3124
1712276203211 99.0 3125
1712276213393 100.0 3126
1712276223659 99.0 3127
1712276233846 100.0 3128
1712276244018 100.0 3129
1712276254195 99.0 3130
1712276264295 100.0 3131
1712276274484 100.0 3132
1712276284676 98.0 3133
1712276294978 99.0 3134
1712276305169 94.0 3135
1712276315333 100.0 3136
1712276325429 96.0 3137
1712276335600 98.0 3138
1712276345770 100.0 3139
1712276355976 100.0 3140
1712276366279 100.0 3141
1712276376446 65.0 3142
1712276386542 99.0 3143
1712276396713 100.0 3144
1712276406873 100.0 3145
1712276417074 100.0 3146
1712276427269 97.0 3147
1712276437565 100.0 3148
1712276447696 62.0 3149
1712276457866 100.0 3150
1712276468044 99.0 3151
1712276478237 100.0 3152
1712276488414 99.0 3153
1712276498526 100.0 3154
1712276508835 100.0 3155
1712276519017 97.0 3156
1712276529194 100.0 3157
1712276539402 95.0 3158
1712276549602 100.0 3159
1712276559705 99.0 3160
1712276569890 99.0 3161
1712276580176 95.0 3162
1712276590346 100.0 3163
1712276600502 100.0 3164
1712276610664 100.0 3165
1712276620761 100.0 3166
1712276630950 100.0 3167
1712276641125 99.0 3168
1712276651289 99.0 3169
1712276661598 100.0 3170
1712276671766 100.0 3171
1712276681871 100.0 3172
1712276692051 95.0 3173
1712276702237 100.0 3174
1712276712411 100.0 3175
1712276722711 99.0 3176
1712276732909 100.0 3177
1712276743007 99.0 3178
1712276753184 100.0 3179
1712276763370 100.0 3180
1712276773528 97.0 3181
1712276783697 100.0 3182
1712276793883 96.0 3183
1712276803974 100.0 3184
1712276814267 95.0 3185
1712276824451 100.0 3186
1712276834632 100.0 3187
1712276844835 100.0 3188
1712276854995 100.0 3189
1712276865096 99.0 3190
1712276875401 100.0 3191
1712276885603 97.0 3192
1712276895776 97.0 3193
1712276905964 100.0 3194
1712276916177 94.0 3195
1712276926289 100.0 3196
1712276936585 100.0 3197
1712276946777 100.0 3198
1712276956951 99.0 3199
1712276967121 100.0 3200
1712276977320 99.0 3201
1712276987431 100.0 3202
1712276997744 78.0 3203
1712277007935 100.0 3204
1712277018156 99.0 3205
1712277028370 100.0 3206
1712277038493 99.0 3207
1712277048656 100.0 3208
1712277058967 100.0 3209
1712277069141 100.0 3210
1712277079347 99.0 3211
1712277089513 100.0 3212
1712277099617 99.0 3213
1712277109903 100.0 3214
1712277120089 100.0 3215
1712277130277 99.0 3216
1712277140447 98.0 3217
1712277150627 100.0 3218
1712277160752 97.0 3219
1712277171105 0.0 3220
1712277181299 0.0 3221
1712277191484 0.0 3222
1712277201661 100.0 3223
1712277211845 100.0 3224
1712277221947 98.0 3225
1712277232208 100.0 3226
1712277242382 100.0 3227
1712277252559 100.0 3228
1712277262731 100.0 3229
1712277272920 100.0 3230
1712277283011 100.0 3231
1712277293292 100.0 3232
1712277303460 100.0 3233
1712277313645 100.0 3234
1712277323818 100.0 3235
1712277334012 100.0 3236
1712277344198 100.0 3237
1712277354367 100.0 3238
1712277364530 100.0 3239
1712277374699 100.0 3240
1712277384878 100.0 3241
1712277395043 100.0 3242
1712277405235 100.0 3243
1712277415412 100.0 3244
1712277425571 100.0 3245
1712277435744 100.0 3246
1712277445919 100.0 3247
1712277456090 97.0 3248
1712277466294 100.0 3249
1712277476485 100.0 3250
1712277486668 100.0 3251
1712277497043 0.0 3252
1712277507249 0.0 3253
1712277517505 0.0 3254
1712277528566 0.0 3255
1712277538812 0.0 3256
1712277548993 100.0 3257
1712277559184 100.0 3258
1712277569362 100.0 3259
1712277579467 99.0 3260
1712277589744 100.0 3261
1712277599924 96.0 3262
1712277610101 99.0 3263
1712277620277 99.0 3264
1712277630444 98.0 3265
1712277640548 100.0 3266
1712277650834 100.0 3267
1712277661004 99.0 3268
1712277671181 100.0 3269
1712277681367 100.0 3270
1712277691546 100.0 3271
1712277701652 100.0 3272
1712277711821 99.0 3273
1712277721988 96.0 3274
1712277732180 100.0 3275
1712277742381 100.0 3276
1712277752552 100.0 3277
1712277762761 99.0 3278
1712277772950 100.0 3279
1712277783130 99.0 3280
1712277793304 100.0 3281
1712277803509 100.0 3282
1712277813696 100.0 3283
1712277823924 100.0 3284
1712277834100 99.0 3285
1712277844261 100.0 3286
1712277854443 100.0 3287
1712277864639 100.0 3288
1712277874824 100.0 3289
1712277885051 99.0 3290
1712277895231 77.0 3291
1712277905417 100.0 3292
1712277915594 100.0 3293
1712277925770 94.0 3294
1712277935941 100.0 3295
1712277946156 100.0 3296
1712277956322 84.0 3297
1712277966492 100.0 3298
1712277976684 100.0 3299
1712277986858 100.0 3300
1712277997141 100.0 3301
1712278007247 100.0 3302
1712278017422 100.0 3303
1712278027621 100.0 3304
1712278037790 100.0 3305
1712278047974 97.0 3306
1712278058189 100.0 3307
1712278068407 84.0 3308
1712278078607 99.0 3309
1712278088789 100.0 3310
1712278098965 99.0 3311
1712278109147 100.0 3312
1712278119360 100.0 3313
1712278129540 84.0 3314
1712278139721 99.0 3315
1712278149898 100.0 3316
1712278160064 100.0 3317
1712278170230 100.0 3318
1712278180458 98.0 3319
1712278190651 25.0 3320
1712278200842 100.0 3321
1712278211024 100.0 3322
1712278221198 100.0 3323
1712278231380 100.0 3324
1712278241610 100.0 3325
1712278251796 100.0 3326
1712278261983 100.0 3327
1712278272175 100.0 3328
1712278282362 100.0 3329
1712278292659 100.0 3330
1712278302774 100.0 3331
1712278312961 100.0 3332
1712278323136 99.0 3333
1712278333333 100.0 3334
1712278343518 100.0 3335
1712278353819 100.0 3336
1712278363922 77.0 3337
1712278374113 100.0 3338
1712278384281 100.0 3339
1712278394466 97.0 3340
1712278404659 100.0 3341
1712278414948 98.0 3342
1712278425068 100.0 3343
1712278435273 99.0 3344
1712278445471 100.0 3345
1712278455676 99.0 3346
1712278465871 100.0 3347
1712278476177 99.0 3348
1712278486327 47.0 3349
1712278496532 99.0 3350
1712278506710 99.0 3351
1712278516916 100.0 3352
1712278527090 99.0 3353
1712278537417 100.0 3354
1712278547541 74.0 3355
1712278557743 100.0 3356
1712278567915 100.0 3357
1712278578081 100.0 3358
1712278588381 96.0 3359
1712278598515 100.0 3360
1712278608722 99.0 3361
1712278618956 100.0 3362
1712278629137 98.0 3363
1712278639330 99.0 3364
1712278649625 96.0 3365
1712278659741 100.0 3366
1712278669926 100.0 3367
1712278680125 100.0 3368
1712278690317 99.0 3369
1712278700522 100.0 3370
1712278710814 0.0 3371
1712278720923 0.0 3372
1712278731115 0.0 3373
1712278741295 100.0 3374
1712278751494 98.0 3375
1712278761662 100.0 3376
1712278771986 100.0 3377
1712278782092 100.0 3378
1712278792265 100.0 3379
1712278802446 100.0 3380
1712278812620 100.0 3381
1712278822798 100.0 3382
1712278833099 100.0 3383
1712278843205 80.0 3384
1712278853386 100.0 3385
1712278863557 100.0 3386
1712278873722 100.0 3387
1712278883886 100.0 3388
1712278894051 99.0 3389
1712278904157 100.0 3390
1712278914321 100.0 3391
1712278924503 100.0 3392
1712278934674 100.0 3393
1712278944962 100.0 3394
1712278955131 100.0 3395
1712278965228 100.0 3396
1712278975400 100.0 3397
1712278985568 100.0 3398
1712278995743 100.0 3399
1712279006041 100.0 3400
1712279016215 98.0 3401
1712279026320 100.0 3402
