1712244508274 2.9 0
1712244518360 2.9 1
1712244528436 6.6 2
1712244538533 6.6 3
1712244548607 6.6 4
1712244558673 55.1 5
1712244568785 55.1 6
1712244578817 55.1 7
1712244588855 55.1 8
1712244598921 55.1 9
1712244608999 55.1 10
1712244619073 55.1 11
1712244629137 55.1 12
1712244639226 55.1 13
1712244649309 55.1 14
1712244659384 55.1 15
1712244669488 55.1 16
1712244679585 55.1 17
1712244689655 55.1 18
1712244699757 55.1 19
1712244709834 55.1 20
1712244719901 55.1 21
1712244729967 55.1 22
1712244740044 55.1 23
1712244750113 55.1 24
1712244760184 55.1 25
1712244770256 55.1 26
1712244780326 55.1 27
1712244790404 55.1 28
1712244800472 55.1 29
1712244810566 55.1 30
1712244820665 55.1 31
1712244830731 55.1 32
1712244840793 55.1 33
1712244850897 55.1 34
1712244860982 55.1 35
1712244871051 55.1 36
1712244881129 55.1 37
1712244891192 55.1 38
1712244901264 55.1 39
1712244911355 55.1 40
1712244921387 55.1 41
1712244931459 55.1 42
1712244941492 55.1 43
1712244951578 55.1 44
1712244961610 55.1 45
1712244971651 55.1 46
1712244981753 55.1 47
1712244991792 55.1 48
1712245001824 55.1 49
1712245011877 55.1 50
1712245021907 55.1 51
1712245031940 55.1 52
1712245041966 55.1 53
1712245051992 55.1 54
1712245062024 55.1 55
1712245072064 55.1 56
1712245082141 55.1 57
1712245092210 55.1 58
1712245102277 55.1 59
1712245112355 55.1 60
1712245122383 55.1 61
1712245132456 55.1 62
1712245142551 55.1 63
1712245152621 55.1 64
1712245162698 55.1 65
1712245172787 55.1 66
1712245182815 55.1 67
1712245192895 55.1 68
1712245202978 55.1 69
1712245213077 55.1 70
1712245223156 55.1 71
1712245233240 55.1 72
1712245243269 55.1 73
1712245253350 55.1 74
1712245263440 55.1 75
1712245273520 55.1 76
1712245283596 55.1 77
1712245293688 55.1 78
1712245303721 55.1 79
1712245313788 55.1 80
1712245323880 55.1 81
1712245333954 55.1 82
1712245344026 55.1 83
1712245354100 55.1 84
1712245364129 55.1 85
1712245374226 55.1 86
1712245384330 55.1 87
1712245394416 55.1 88
1712245404530 55.1 89
1712245414632 55.1 90
1712245424666 55.1 91
1712245434760 55.1 92
1712245444827 55.1 93
1712245454915 55.1 94
1712245465002 55.1 95
1712245475074 55.1 96
1712245485109 55.1 97
1712245495210 55.1 98
1712245505295 55.1 99
1712245515386 55.1 100
1712245525474 55.1 101
1712245535556 55.1 102
1712245545593 55.1 103
1712245555703 55.1 104
1712245565806 55.1 105
1712245575905 55.1 106
1712245586007 55.1 107
1712245596109 55.1 108
1712245606149 55.1 109
1712245616241 55.1 110
1712245626332 55.1 111
1712245636417 55.1 112
1712245646528 55.1 113
1712245656609 55.1 114
1712245666639 55.1 115
1712245676721 55.1 116
1712245686826 55.1 117
1712245696927 55.1 118
1712245707002 55.1 119
1712245717090 55.1 120
1712245727118 55.1 121
1712245737194 55.1 122
1712245747295 55.1 123
1712245757388 55.1 124
1712245767488 55.1 125
1712245777583 69.5 126
1712245787612 69.5 127
1712245797638 69.5 128
1712245807723 69.5 129
1712245817759 69.5 130
1712245827798 69.5 131
1712245837829 69.5 132
1712245847864 69.5 133
1712245857939 69.5 134
1712245868037 69.5 135
1712245878122 69.5 136
1712245888227 69.5 137
1712245898255 69.5 138
1712245908344 69.5 139
1712245920215 69.5 140
1712245930303 69.6 141
1712245940473 69.6 142
1712245950583 69.6 143
1712245960622 69.6 144
1712245970711 69.6 145
1712245980797 69.6 146
1712245990903 69.6 147
1712246000985 69.6 148
1712246011084 69.6 149
1712246021119 69.6 150
1712246031209 69.6 151
1712246041306 69.6 152
1712246051393 69.6 153
1712246061470 69.6 154
1712246071567 69.6 155
1712246081600 69.6 156
1712246091697 69.6 157
1712246101778 69.6 158
1712246111873 69.6 159
1712246121962 69.6 160
1712246132060 69.6 161
1712246142097 69.6 162
1712246152209 69.6 163
1712246162287 69.6 164
1712246172368 69.6 165
1712246182461 69.6 166
1712246192577 69.6 167
1712246202613 69.6 168
1712246212712 69.6 169
1712246222791 69.6 170
1712246232879 69.6 171
1712246242965 69.6 172
1712246253059 69.6 173
1712246263090 69.6 174
1712246273175 69.6 175
1712246283251 69.6 176
1712246293355 69.6 177
1712246303462 69.6 178
1712246313541 69.6 179
1712246323571 69.6 180
1712246333663 69.6 181
1712246343753 69.6 182
1712246353867 69.6 183
1712246363960 69.6 184
1712246374047 69.6 185
1712246384077 69.6 186
1712246394183 69.6 187
1712246404266 69.6 188
1712246414354 69.6 189
1712246424446 69.6 190
1712246434540 69.6 191
1712246444581 69.6 192
1712246454679 69.6 193
1712246464775 69.6 194
1712246474880 69.6 195
1712246484985 69.6 196
1712246495100 69.6 197
1712246505144 69.6 198
1712246515242 69.6 199
1712246525328 69.6 200
1712246535423 69.6 201
1712246545504 69.6 202
1712246555619 69.6 203
1712246565650 69.6 204
1712246575760 69.6 205
1712246585851 69.6 206
1712246595956 69.6 207
1712246606049 69.6 208
1712246616156 69.6 209
1712246626195 69.6 210
1712246636283 69.6 211
1712246646363 69.6 212
1712246656449 69.6 213
1712246666555 69.6 214
1712246676655 69.6 215
1712246686692 69.6 216
1712246696799 69.6 217
1712246706883 69.6 218
1712246716968 69.6 219
1712246727009 69.6 220
1712246737119 69.6 221
1712246747211 69.6 222
1712246757298 69.6 223
1712246767383 69.6 224
1712246777468 69.6 225
1712246787552 69.6 226
1712246797630 69.6 227
1712246807716 69.6 228
1712246817815 69.6 229
1712246827892 69.6 230
1712246837984 69.6 231
1712246848066 69.6 232
1712246858159 69.6 233
1712246868253 69.6 234
1712246878346 69.6 235
1712246888423 69.6 236
1712246898509 69.6 237
1712246908590 69.6 238
1712246918678 69.6 239
1712246928766 69.6 240
1712246938858 69.6 241
1712246948954 69.6 242
1712246959033 69.6 243
1712246969127 69.6 244
1712246979215 69.6 245
1712246989325 69.6 246
1712246999403 69.6 247
1712247009485 69.6 248
1712247019585 69.6 249
1712247029677 69.6 250
1712247039792 69.6 251
1712247049878 69.6 252
1712247059975 69.6 253
1712247070057 69.6 254
1712247080157 69.6 255
1712247090249 69.6 256
1712247100340 69.6 257
1712247110420 69.6 258
1712247120509 69.6 259
1712247130600 69.6 260
1712247140699 69.6 261
1712247150785 69.6 262
1712247160872 69.6 263
1712247170975 69.6 264
1712247181089 69.6 265
1712247191197 69.6 266
1712247201314 69.6 267
1712247211394 69.6 268
1712247221487 69.6 269
1712247231569 69.6 270
1712247241648 69.6 271
1712247251755 69.6 272
1712247261849 69.6 273
1712247271932 69.6 274
1712247282015 69.6 275
1712247292107 69.6 276
1712247302202 69.6 277
1712247312304 69.6 278
1712247322428 69.6 279
1712247332535 69.6 280
1712247342695 69.6 281
1712247352805 69.6 282
1712247362904 69.6 283
1712247373014 69.6 284
1712247383112 69.6 285
1712247393231 69.6 286
1712247403324 69.6 287
1712247413432 69.6 288
1712247423530 69.6 289
1712247433620 69.6 290
1712247443702 69.6 291
1712247453785 69.6 292
1712247463876 69.6 293
1712247473965 69.6 294
1712247484061 69.6 295
1712247494154 69.6 296
1712247504232 69.6 297
1712247514326 69.6 298
1712247524411 69.6 299
1712247534499 69.6 300
1712247544584 69.6 301
1712247554697 69.6 302
1712247564804 69.6 303
1712247574913 69.6 304
1712247585001 69.6 305
1712247595089 69.6 306
1712247605183 69.6 307
1712247615266 69.6 308
1712247625353 69.6 309
1712247635461 69.6 310
1712247645569 69.6 311
1712247655659 69.6 312
1712247665746 69.6 313
1712247675828 69.6 314
1712247685910 69.6 315
1712247696009 69.6 316
1712247706107 69.6 317
1712247716207 69.6 318
1712247726310 69.6 319
1712247736408 69.6 320
1712247746493 69.6 321
1712247756591 69.6 322
1712247766682 69.6 323
1712247776781 69.6 324
1712247786883 69.6 325
1712247796977 69.6 326
1712247807062 69.6 327
1712247817147 69.6 328
1712247827241 69.6 329
1712247837340 69.6 330
1712247847428 69.6 331
1712247857522 69.6 332
1712247867634 69.6 333
1712247877835 69.6 334
1712247887938 69.6 335
1712247898031 69.6 336
1712247908122 69.6 337
1712247918227 69.6 338
1712247928331 69.6 339
1712247938432 69.6 340
1712247948569 69.6 341
1712247958678 69.6 342
1712247968787 69.6 343
1712247978888 69.6 344
1712247988978 69.6 345
1712247999080 69.6 346
1712248009197 69.6 347
1712248019296 69.6 348
1712248029400 69.6 349
1712248039484 69.6 350
1712248049569 69.6 351
1712248059656 69.6 352
1712248069744 69.6 353
1712248079848 69.6 354
1712248089943 69.6 355
1712248100042 69.6 356
1712248110170 69.6 357
1712248120261 69.6 358
1712248130358 69.6 359
1712248140477 69.6 360
1712248150587 69.6 361
1712248160688 69.6 362
1712248170792 69.6 363
1712248180870 69.6 364
1712248190966 69.6 365
1712248201084 69.6 366
1712248211176 69.6 367
1712248221282 69.6 368
1712248231374 69.6 369
1712248241463 69.6 370
1712248251546 69.6 371
1712248261639 69.6 372
1712248271742 69.6 373
1712248281837 69.6 374
1712248291931 69.6 375
1712248302023 69.6 376
1712248312110 69.6 377
1712248322229 69.6 378
1712248332326 69.6 379
1712248342418 69.6 380
1712248352509 69.6 381
1712248362606 69.6 382
1712248372699 69.6 383
1712248382791 69.6 384
1712248392877 69.6 385
1712248402968 69.6 386
1712248413058 69.6 387
1712248423178 69.6 388
1712248433273 69.6 389
1712248443367 69.6 390
1712248453463 69.6 391
1712248463550 69.6 392
1712248473659 69.6 393
1712248483760 69.6 394
1712248493858 69.6 395
1712248503956 69.6 396
1712248514054 69.6 397
1712248524139 69.6 398
1712248534228 69.6 399
1712248544322 69.6 400
1712248554423 69.6 401
1712248564549 69.6 402
1712248574662 69.6 403
1712248584765 69.6 404
1712248594855 69.6 405
1712248604951 69.6 406
1712248615058 69.6 407
1712248625157 69.6 408
1712248635257 69.6 409
1712248645354 69.6 410
1712248655448 69.6 411
1712248665535 69.6 412
1712248675636 69.6 413
1712248685738 69.6 414
1712248695830 69.6 415
1712248706664 69.6 416
1712248716756 69.6 417
1712248726845 69.6 418
1712248737693 69.6 419
1712248747812 69.6 420
1712248757930 69.6 421
1712248768037 69.6 422
1712248778151 69.6 423
1712248788257 69.6 424
1712248798368 69.6 425
1712248808480 69.6 426
1712248818610 69.6 427
1712248828702 69.6 428
1712248838844 69.6 429
1712248848935 69.6 430
1712248859048 69.6 431
1712248869165 69.6 432
1712248879282 69.6 433
1712248889392 69.6 434
1712248899513 69.6 435
1712248909624 69.6 436
1712248919728 69.6 437
1712248929850 69.6 438
1712248939961 69.6 439
1712248950086 69.6 440
1712248960207 69.6 441
1712248970316 69.6 442
1712248980433 69.6 443
1712248990555 69.6 444
1712249000676 69.6 445
1712249010790 69.6 446
1712249020901 69.6 447
1712249031021 69.6 448
1712249041140 69.6 449
1712249051259 69.6 450
1712249061395 69.6 451
1712249071504 69.6 452
1712249081627 69.6 453
1712249091742 69.6 454
1712249101862 69.6 455
1712249111973 69.6 456
1712249122082 69.6 457
1712249132205 69.6 458
1712249142323 69.6 459
1712249152431 69.6 460
1712249162542 69.6 461
1712249172646 69.6 462
1712249182759 69.6 463
1712249192878 69.6 464
1712249202994 69.6 465
1712249213116 69.6 466
1712249223238 69.6 467
1712249233351 69.6 468
1712249243462 69.6 469
1712249253594 69.6 470
1712249263729 69.6 471
1712249273840 69.6 472
1712249283950 69.6 473
1712249294068 69.6 474
1712249304184 69.6 475
1712249314281 69.6 476
1712249324382 69.6 477
1712249334496 69.6 478
1712249344579 69.6 479
1712249354688 69.6 480
1712249364776 69.6 481
1712249374888 69.6 482
1712249384985 69.6 483
1712249395074 69.6 484
1712249405159 69.6 485
1712249415250 69.6 486
1712249425340 69.6 487
1712249435454 69.6 488
1712249445548 69.6 489
1712249455641 69.6 490
1712249465749 69.6 491
1712249475834 69.6 492
1712249486517 69.6 493
1712249496623 69.6 494
1712249506744 69.6 495
1712249516894 69.6 496
1712249527005 69.6 497
1712249537099 69.6 498
1712249547208 69.6 499
1712249557331 69.6 500
1712249567431 69.6 501
1712249577547 69.6 502
1712249587684 69.6 503
1712249597779 69.6 504
1712249607873 69.6 505
1712249617971 69.6 506
1712249628057 69.6 507
1712249638168 69.6 508
1712249648260 69.6 509
1712249658349 69.6 510
1712249668455 69.6 511
1712249678552 69.6 512
1712249688666 69.6 513
1712249698773 69.6 514
1712249708861 69.6 515
1712249718977 69.6 516
1712249729087 69.6 517
1712249739207 69.6 518
1712249749321 69.6 519
1712249759406 69.6 520
1712249769496 69.6 521
1712249779591 69.6 522
1712249789691 69.6 523
1712249799811 69.6 524
1712249809923 69.6 525
1712249820046 69.6 526
1712249830183 69.6 527
1712249840296 69.6 528
1712249850429 69.6 529
1712249860529 69.6 530
1712249870630 69.6 531
1712249880747 69.6 532
1712249890839 69.6 533
1712249900946 69.6 534
1712249911055 69.6 535
1712249921167 69.6 536
1712249931280 69.6 537
1712249941385 69.6 538
1712249951486 69.6 539
1712249961587 69.6 540
1712249971694 69.6 541
1712249981799 69.6 542
1712249991902 69.6 543
1712250002009 69.6 544
1712250012127 69.6 545
1712250022238 69.6 546
1712250032354 69.6 547
1712250042450 69.6 548
1712250052561 69.6 549
1712250062654 69.6 550
1712250072754 69.6 551
1712250082852 69.6 552
1712250092953 69.6 553
1712250103043 69.6 554
1712250113151 69.6 555
1712250123246 69.6 556
1712250133345 69.6 557
1712250143537 69.6 558
1712250153662 69.6 559
1712250163780 69.6 560
1712250173884 69.6 561
1712250183984 69.6 562
1712250194108 69.6 563
1712250204248 69.6 564
1712250214365 69.6 565
1712250224479 69.6 566
1712250234592 69.6 567
1712250244715 69.6 568
1712250254835 69.6 569
1712250264964 69.6 570
1712250275086 69.6 571
1712250285195 69.6 572
1712250295320 69.6 573
1712250305409 69.6 574
1712250315511 69.6 575
1712250325614 69.6 576
1712250335717 69.6 577
1712250345812 69.6 578
1712250355934 69.6 579
1712250366031 69.6 580
1712250376132 69.6 581
1712250386234 69.6 582
1712250396339 69.6 583
1712250406439 69.6 584
1712250416536 69.6 585
1712250426642 69.6 586
1712250436752 69.6 587
1712250446859 69.6 588
1712250456975 69.6 589
1712250467093 69.6 590
1712250477196 69.6 591
1712250487304 69.6 592
1712250497398 69.6 593
1712250507492 69.6 594
1712250517587 69.6 595
1712250527670 69.6 596
1712250537781 69.6 597
1712250547878 69.6 598
1712250557983 69.6 599
1712250568074 69.6 600
1712250578175 69.6 601
1712250588257 69.6 602
1712250598376 69.6 603
1712250608480 69.6 604
1712250618612 69.6 605
1712250628742 69.6 606
1712250638845 69.6 607
1712250648958 69.6 608
1712250659067 69.6 609
1712250669173 69.6 610
1712250679279 69.6 611
1712250689402 69.6 612
1712250699507 69.6 613
1712250709597 69.6 614
1712250719694 69.6 615
1712250729808 69.6 616
1712250739904 69.6 617
1712250749995 69.6 618
1712250760088 69.6 619
1712250770182 69.6 620
1712250780298 69.6 621
1712250790397 69.6 622
1712250800511 69.6 623
1712250810606 69.6 624
1712250820703 69.6 625
1712250830796 69.6 626
1712250840898 69.6 627
1712250850994 69.6 628
1712250861115 69.6 629
1712250871218 69.6 630
1712250881316 69.6 631
1712250891417 69.6 632
1712250901528 69.6 633
1712250911627 69.6 634
1712250921717 69.6 635
1712250931809 69.6 636
1712250941904 69.6 637
1712250951999 69.6 638
1712250962084 69.6 639
1712250972186 69.6 640
1712250982306 69.6 641
1712250992396 69.6 642
1712251002501 69.6 643
1712251012590 69.6 644
1712251022689 69.6 645
1712251032780 69.6 646
1712251042895 69.6 647
1712251052997 69.6 648
1712251063111 69.6 649
1712251073306 69.6 650
1712251083432 69.6 651
1712251093549 69.6 652
1712251103651 69.6 653
1712251113774 69.6 654
1712251123892 69.6 655
1712251133990 69.6 656
1712251144091 69.6 657
1712251154209 69.6 658
1712251164308 69.6 659
1712251174410 69.6 660
1712251184518 69.6 661
1712251194619 69.6 662
1712251204748 69.6 663
1712251214845 69.6 664
1712251224968 69.6 665
1712251235069 69.6 666
1712251245170 69.6 667
1712251255273 69.6 668
1712251265381 69.6 669
1712251275481 69.6 670
1712251285593 69.6 671
1712251295705 69.6 672
1712251305817 69.6 673
1712251315924 69.6 674
1712251326015 69.6 675
1712251336140 69.6 676
1712251346250 69.6 677
1712251356378 69.6 678
1712251366492 69.6 679
1712251376614 69.6 680
1712251386723 69.6 681
1712251396842 69.6 682
1712251406947 69.6 683
1712251417065 69.6 684
1712251427167 69.6 685
1712251437284 69.6 686
1712251447400 69.6 687
1712251457515 69.6 688
1712251467640 69.6 689
1712251477765 69.6 690
1712251487864 69.6 691
1712251497987 69.6 692
1712251508107 69.6 693
1712251518229 69.6 694
1712251528333 69.6 695
1712251538434 69.6 696
1712251548550 69.6 697
1712251558684 69.6 698
1712251568802 69.6 699
1712251578918 69.6 700
1712251589023 69.6 701
1712251599143 69.6 702
1712251609270 69.6 703
1712251619369 69.6 704
1712251629486 69.6 705
1712251639591 69.6 706
1712251649705 69.6 707
1712251659829 69.6 708
1712251669944 69.6 709
1712251680044 69.6 710
1712251690147 69.6 711
1712251700246 69.6 712
1712251710357 69.6 713
1712251720445 69.6 714
1712251730542 69.6 715
1712251740671 69.6 716
1712251750772 69.6 717
1712251760879 69.6 718
1712251770973 69.6 719
1712251781075 69.6 720
1712251791171 69.6 721
1712251801273 69.6 722
1712251811374 69.6 723
1712251821737 69.6 724
1712251831859 69.6 725
1712251841974 69.6 726
1712251852071 69.6 727
1712251862194 69.6 728
1712251872294 69.6 729
1712251882412 69.6 730
1712251892523 69.6 731
1712251902632 69.6 732
1712251912736 69.6 733
1712251922842 69.6 734
1712251932942 69.6 735
1712251943053 69.6 736
1712251953169 69.6 737
1712251963292 69.6 738
1712251973403 69.6 739
1712251983513 69.6 740
1712251993616 69.6 741
1712252003715 69.6 742
1712252013808 69.6 743
1712252023925 69.6 744
1712252034040 69.6 745
1712252044141 69.6 746
1712252054249 69.6 747
1712252064350 69.6 748
1712252074479 69.6 749
1712252084590 69.6 750
1712252094709 69.6 751
1712252104828 69.6 752
1712252114949 69.6 753
1712252125049 69.6 754
1712252135159 69.6 755
1712252145288 69.6 756
1712252155417 69.6 757
1712252165528 69.6 758
1712252175625 69.6 759
1712252185839 69.6 760
1712252195952 69.6 761
1712252206054 69.6 762
1712252216173 69.6 763
1712252226268 69.6 764
1712252236373 69.6 765
1712252246466 69.6 766
1712252256560 69.6 767
1712252266650 69.6 768
1712252276756 69.6 769
1712252286857 69.6 770
1712252296960 69.6 771
1712252307057 69.6 772
1712252317159 69.6 773
1712252327265 69.6 774
1712252337376 69.6 775
1712252347494 69.6 776
1712252357594 69.6 777
1712252367714 69.6 778
1712252377826 69.6 779
1712252387926 69.6 780
1712252398026 69.6 781
1712252408136 69.6 782
1712252418270 69.6 783
1712252428377 69.6 784
1712252438487 69.6 785
1712252448616 69.6 786
1712252458765 69.6 787
1712252468886 69.6 788
1712252478995 69.6 789
1712252489099 69.6 790
1712252499216 69.6 791
1712252509338 69.6 792
1712252519446 69.6 793
1712252529540 69.6 794
1712252539644 69.6 795
1712252549773 69.6 796
1712252559908 69.6 797
1712252570032 69.6 798
1712252580141 69.6 799
1712252590244 69.6 800
1712252600339 69.6 801
1712252610445 69.6 802
1712252620548 69.6 803
1712252630658 69.6 804
1712252640769 69.6 805
1712252650988 69.6 806
1712252661130 69.6 807
1712252671244 69.6 808
1712252681366 69.6 809
1712252691481 69.6 810
1712252701598 69.6 811
1712252711695 69.6 812
1712252721799 69.6 813
1712252731904 69.6 814
1712252742010 69.6 815
1712252752120 69.6 816
1712252762229 69.6 817
1712252772337 69.6 818
1712252782458 69.6 819
1712252792567 69.6 820
1712252802676 69.6 821
1712252812811 69.6 822
1712252822925 69.6 823
1712252833031 69.6 824
1712252843140 69.6 825
1712252853261 69.6 826
1712252863384 69.6 827
1712252873499 69.6 828
1712252883611 69.6 829
1712252893714 69.6 830
1712252903824 69.6 831
1712252913936 69.6 832
1712252924044 69.6 833
1712252934267 69.6 834
1712252944416 69.6 835
1712252954579 69.6 836
1712252964746 69.6 837
1712252974879 69.6 838
1712252985005 69.6 839
1712252995122 69.6 840
1712253005238 69.6 841
1712253015352 69.6 842
1712253025460 69.6 843
1712253035579 69.6 844
1712253045689 69.6 845
1712253055790 69.6 846
1712253065887 69.6 847
1712253076004 69.6 848
1712253086116 69.6 849
1712253096211 69.6 850
1712253106316 69.6 851
1712253116421 69.6 852
1712253126529 69.6 853
1712253136635 69.6 854
1712253146743 69.6 855
1712253156841 69.6 856
1712253166960 69.6 857
1712253177080 69.6 858
1712253187187 69.6 859
1712253197303 69.6 860
1712253207430 69.6 861
1712253217552 69.6 862
1712253227667 69.6 863
1712253237783 69.6 864
1712253247903 69.6 865
1712253258031 69.6 866
1712253268168 69.6 867
1712253278290 69.6 868
1712253288400 69.6 869
1712253298495 69.6 870
1712253308618 69.6 871
1712253318738 69.6 872
1712253328840 69.6 873
1712253338940 69.6 874
1712253349048 69.6 875
1712253359161 69.6 876
1712253369276 69.6 877
1712253379397 69.6 878
1712253389495 69.6 879
1712253399600 69.6 880
1712253409715 69.6 881
1712253419813 69.6 882
1712253429911 69.6 883
1712253440016 69.6 884
1712253450114 69.6 885
1712253460221 69.6 886
1712253470324 69.6 887
1712253480424 69.6 888
1712253490574 69.6 889
1712253500694 69.6 890
1712253510812 69.6 891
1712253520930 69.6 892
1712253531068 69.6 893
1712253541187 69.6 894
1712253551345 69.6 895
1712253561473 69.6 896
1712253571617 69.6 897
1712253581733 69.6 898
1712253591848 69.6 899
1712253601958 69.6 900
1712253612064 69.6 901
1712253622172 69.6 902
1712253632274 69.6 903
1712253642382 69.6 904
1712253652484 69.6 905
1712253662600 69.6 906
1712253672700 69.6 907
1712253682825 69.6 908
1712253692937 69.6 909
1712253703041 69.6 910
1712253713155 69.6 911
1712253723259 69.6 912
1712253733357 69.6 913
1712253743462 69.6 914
1712253753578 69.6 915
1712253763698 69.6 916
1712253773831 69.6 917
1712253783969 69.6 918
1712253794080 69.6 919
1712253804216 69.6 920
1712253814340 69.6 921
1712253824463 69.6 922
1712253834579 69.6 923
1712253844690 69.6 924
1712253854817 69.6 925
1712253864944 69.6 926
1712253875062 69.6 927
1712253885173 69.6 928
1712253895301 69.6 929
1712253905442 69.6 930
1712253915564 69.6 931
1712253925688 69.6 932
1712253935840 69.6 933
1712253945967 69.6 934
1712253956090 69.6 935
1712253966223 69.6 936
1712253976356 69.6 937
1712253986468 69.6 938
1712253996592 69.6 939
1712254006718 69.6 940
1712254016839 69.6 941
1712254026957 69.6 942
1712254037069 69.6 943
1712254047182 69.6 944
1712254057297 69.6 945
1712254067408 69.6 946
1712254077506 69.6 947
1712254087601 69.6 948
1712254097706 69.6 949
1712254107807 69.6 950
1712254117922 69.6 951
1712254128017 69.6 952
1712254138132 69.6 953
1712254148241 69.6 954
1712254158368 69.6 955
1712254168474 69.6 956
1712254178589 69.6 957
1712254188691 69.6 958
1712254198827 69.6 959
1712254208941 69.6 960
1712254219052 69.6 961
1712254229155 69.6 962
1712254239272 69.6 963
1712254249397 69.6 964
1712254259506 69.6 965
1712254269623 69.6 966
1712254279724 69.6 967
1712254289834 69.6 968
1712254299941 69.6 969
1712254310067 69.6 970
1712254320168 69.6 971
1712254330272 69.6 972
1712254340406 69.6 973
1712254350527 69.6 974
1712254360654 69.6 975
1712254370963 69.6 976
1712254381070 69.6 977
1712254391165 69.6 978
1712254401275 69.6 979
1712254411377 69.6 980
1712254421487 69.6 981
1712254431591 69.6 982
1712254441690 69.6 983
1712254451801 69.6 984
1712254461898 69.6 985
1712254472007 69.6 986
1712254482118 69.6 987
1712254492236 69.6 988
1712254502349 69.6 989
1712254512504 69.6 990
1712254522608 69.6 991
1712254532725 69.6 992
1712254542885 69.6 993
1712254553019 69.6 994
1712254563159 69.6 995
1712254573274 69.6 996
1712254583398 69.6 997
1712254593504 69.6 998
1712254603609 69.6 999
1712254613725 69.6 1000
1712254623844 69.6 1001
1712254633964 69.6 1002
1712254644084 69.6 1003
1712254654194 69.6 1004
1712254664304 69.6 1005
1712254674403 69.6 1006
1712254684510 69.6 1007
1712254694610 69.6 1008
1712254704724 69.6 1009
1712254714843 69.6 1010
1712254724944 69.6 1011
1712254735058 69.6 1012
1712254745173 69.6 1013
1712254755292 69.6 1014
1712254765413 69.6 1015
1712254775541 69.6 1016
1712254785663 69.6 1017
1712254795766 69.6 1018
1712254805874 69.6 1019
1712254816003 69.6 1020
1712254826136 69.6 1021
1712254836250 69.6 1022
1712254846367 69.6 1023
1712254856499 69.6 1024
1712254866618 69.6 1025
1712254876725 69.6 1026
1712254886857 69.6 1027
1712254896999 69.6 1028
1712254907120 69.6 1029
1712254917273 69.6 1030
1712254927386 69.6 1031
1712254937501 69.6 1032
1712254947624 69.6 1033
1712254957760 69.6 1034
1712254967864 69.6 1035
1712254977993 69.6 1036
1712254988123 69.6 1037
1712254998266 69.6 1038
1712255008388 69.6 1039
1712255018487 69.6 1040
1712255028614 69.6 1041
1712255038732 69.6 1042
1712255048863 69.6 1043
1712255058996 69.6 1044
1712255069116 69.6 1045
1712255079215 69.6 1046
1712255089329 69.6 1047
1712255099459 69.6 1048
1712255109567 69.6 1049
1712255119678 69.6 1050
1712255129791 69.6 1051
1712255139895 69.6 1052
1712255150053 69.6 1053
1712255160166 69.6 1054
1712255170270 69.6 1055
1712255180398 69.6 1056
1712255190516 69.6 1057
1712255200640 69.6 1058
1712255210770 69.6 1059
1712255220903 69.6 1060
1712255231038 69.6 1061
1712255241159 69.6 1062
1712255251266 69.6 1063
1712255261373 69.6 1064
1712255271482 69.6 1065
1712255281620 69.6 1066
1712255291748 69.6 1067
1712255301872 69.6 1068
1712255311978 69.6 1069
1712255322079 69.6 1070
1712255332196 69.6 1071
1712255342297 69.6 1072
1712255352406 69.6 1073
1712255362507 69.6 1074
1712255372628 69.6 1075
1712255382763 69.6 1076
1712255392899 69.6 1077
1712255403003 69.6 1078
1712255413111 69.6 1079
1712255423231 69.6 1080
1712255433342 69.6 1081
1712255443467 69.6 1082
1712255453611 69.6 1083
1712255463714 69.6 1084
1712255473825 69.6 1085
1712255483974 69.6 1086
1712255494098 69.6 1087
1712255504230 69.6 1088
1712255514363 69.6 1089
1712255524564 69.6 1090
1712255534667 69.6 1091
1712255544764 69.6 1092
1712255554898 69.6 1093
1712255565012 69.6 1094
1712255575113 69.6 1095
1712255585232 69.6 1096
1712255595334 69.6 1097
1712255605447 69.6 1098
1712255615571 69.6 1099
1712255625691 69.6 1100
1712255635826 69.6 1101
1712255645939 69.6 1102
1712255656051 69.6 1103
1712255666154 69.6 1104
1712255676278 69.6 1105
1712255686391 69.6 1106
1712255696496 69.6 1107
1712255706596 69.6 1108
1712255716698 69.6 1109
1712255726809 69.6 1110
1712255736920 69.6 1111
1712255747037 69.6 1112
1712255757143 69.6 1113
1712255767274 69.6 1114
1712255777395 69.6 1115
1712255787516 69.6 1116
1712255797633 69.6 1117
1712255807733 69.6 1118
1712255817847 69.6 1119
1712255827948 69.6 1120
1712255838074 69.6 1121
1712255848192 69.6 1122
1712255858711 69.6 1123
1712255868815 69.6 1124
1712255878945 69.6 1125
1712255889056 69.6 1126
1712255899160 69.6 1127
1712255909268 69.6 1128
1712255919372 69.6 1129
1712255929489 69.6 1130
1712255939606 69.6 1131
1712255949724 69.6 1132
1712255959840 69.6 1133
1712255969960 69.6 1134
1712255980071 69.6 1135
1712255990184 69.6 1136
1712256000290 69.6 1137
1712256010403 69.6 1138
1712256020504 69.6 1139
1712256030632 69.6 1140
1712256040756 69.6 1141
1712256050893 69.6 1142
1712256061008 69.6 1143
1712256071157 69.6 1144
1712256081272 69.6 1145
1712256091383 69.6 1146
1712256101495 69.6 1147
1712256111604 69.6 1148
1712256121732 69.6 1149
1712256131841 69.6 1150
1712256141945 69.6 1151
1712256152066 69.6 1152
1712256162189 69.6 1153
1712256172320 69.6 1154
1712256182443 69.6 1155
1712256192653 69.6 1156
1712256202765 69.6 1157
1712256212900 69.6 1158
1712256223021 69.6 1159
1712256233148 69.6 1160
1712256243279 69.6 1161
1712256253415 69.6 1162
1712256263532 69.6 1163
1712256273651 69.6 1164
1712256283801 69.6 1165
1712256293905 69.6 1166
1712256304035 69.6 1167
1712256314152 69.6 1168
1712256324257 69.6 1169
1712256334372 69.6 1170
1712256344479 69.6 1171
1712256354609 69.6 1172
1712256364724 69.6 1173
1712256374843 69.6 1174
1712256385056 69.6 1175
1712256395173 69.6 1176
1712256405304 69.6 1177
1712256415466 69.6 1178
1712256425587 69.6 1179
1712256435726 69.6 1180
1712256445858 69.6 1181
1712256455980 69.6 1182
1712256466091 69.6 1183
1712256476214 69.6 1184
1712256486363 69.6 1185
1712256496476 69.6 1186
1712256506597 69.6 1187
1712256516708 69.6 1188
1712256526834 69.6 1189
1712256536952 69.6 1190
1712256547072 69.6 1191
1712256557196 69.6 1192
1712256567314 69.6 1193
1712256577465 69.6 1194
1712256587607 69.6 1195
1712256597738 69.6 1196
1712256607875 69.6 1197
1712256618021 69.6 1198
1712256628130 69.6 1199
1712256638278 69.6 1200
1712256648394 69.6 1201
1712256658528 69.6 1202
1712256668640 69.6 1203
1712256678749 69.6 1204
1712256688875 69.6 1205
1712256698995 69.6 1206
1712256709101 69.6 1207
1712256719220 69.6 1208
1712256729328 69.6 1209
1712256739433 69.6 1210
1712256749567 69.6 1211
1712256759689 69.6 1212
1712256769825 69.6 1213
1712256779968 69.6 1214
1712256790103 69.6 1215
1712256800223 69.6 1216
1712256810333 69.6 1217
1712256820483 69.6 1218
1712256830616 69.6 1219
1712256840739 69.6 1220
1712256850848 69.6 1221
1712256861068 69.6 1222
1712256871220 69.6 1223
1712256881358 69.6 1224
1712256891487 69.6 1225
1712256901598 69.6 1226
1712256911706 69.6 1227
1712256921847 69.6 1228
1712256931966 69.6 1229
1712256942101 69.6 1230
1712256952240 69.6 1231
1712256962356 69.6 1232
1712256972471 69.6 1233
1712256982592 69.6 1234
1712256992751 69.6 1235
1712257002886 69.6 1236
1712257012998 69.6 1237
1712257023124 69.6 1238
1712257033242 69.6 1239
1712257043351 69.6 1240
1712257053561 69.6 1241
1712257063737 69.6 1242
1712257073848 69.6 1243
1712257083997 69.6 1244
1712257094123 69.6 1245
1712257104267 69.6 1246
1712257114453 69.6 1247
1712257124572 69.6 1248
1712257134702 69.6 1249
1712257144811 69.6 1250
1712257154982 69.6 1251
1712257165438 69.6 1252
1712257175620 69.6 1253
1712257185743 69.6 1254
1712257196269 69.6 1255
1712257206390 69.6 1256
1712257216499 69.6 1257
1712257226610 69.6 1258
1712257236739 69.6 1259
1712257246842 69.6 1260
1712257256956 69.6 1261
1712257267065 69.6 1262
1712257277186 69.6 1263
1712257287300 69.6 1264
1712257297419 69.6 1265
1712257307554 69.6 1266
1712257317671 69.6 1267
1712257327790 69.6 1268
1712257337908 69.6 1269
1712257348016 69.6 1270
1712257358118 69.6 1271
1712257368225 69.6 1272
1712257378345 69.6 1273
1712257388459 69.6 1274
1712257398568 69.6 1275
1712257408677 69.6 1276
1712257418788 69.6 1277
1712257428908 69.6 1278
1712257439025 69.6 1279
1712257449165 69.6 1280
1712257459291 69.6 1281
1712257469412 69.6 1282
1712257479529 69.6 1283
1712257489637 69.6 1284
1712257499751 69.6 1285
1712257509857 69.6 1286
1712257519977 69.6 1287
1712257530105 69.6 1288
1712257540328 69.6 1289
1712257550451 69.6 1290
1712257560569 69.6 1291
1712257570674 69.6 1292
1712257580789 69.6 1293
1712257590905 69.6 1294
1712257601036 69.6 1295
1712257611162 69.6 1296
1712257621290 69.6 1297
1712257631426 69.6 1298
1712257641568 69.6 1299
1712257651704 69.6 1300
1712257661836 69.6 1301
1712257671985 69.6 1302
1712257682114 69.6 1303
1712257692241 69.6 1304
1712257702358 69.6 1305
1712257712477 69.6 1306
1712257722623 69.6 1307
1712257732746 69.6 1308
1712257742878 69.6 1309
1712257752987 69.6 1310
1712257763112 69.6 1311
1712257773225 69.6 1312
1712257783372 69.6 1313
1712257793515 69.6 1314
1712257803645 69.6 1315
1712257813755 69.6 1316
1712257823891 69.6 1317
1712257834005 69.6 1318
1712257844138 69.6 1319
1712257854254 69.6 1320
1712257864387 69.6 1321
1712257874521 69.6 1322
1712257884673 69.6 1323
1712257894798 69.6 1324
1712257904929 69.6 1325
1712257915050 69.6 1326
1712257925182 69.6 1327
1712257935404 69.6 1328
1712257945551 69.6 1329
1712257955690 69.6 1330
1712257965823 69.6 1331
1712257975942 69.6 1332
1712257986088 69.6 1333
1712257996220 69.6 1334
1712258006365 69.6 1335
1712258016494 69.6 1336
1712258026624 69.6 1337
1712258036748 69.6 1338
1712258046873 69.6 1339
1712258057028 69.6 1340
1712258067183 69.6 1341
1712258077313 69.6 1342
1712258087443 69.6 1343
1712258097579 69.6 1344
1712258107818 69.6 1345
1712258117946 69.6 1346
1712258128069 69.6 1347
1712258138203 69.6 1348
1712258148331 69.6 1349
1712258158467 69.6 1350
1712258168612 69.6 1351
1712258178743 69.6 1352
1712258188867 69.6 1353
1712258199009 69.6 1354
1712258209152 69.6 1355
1712258219284 69.6 1356
1712258229413 69.6 1357
1712258239559 69.6 1358
1712258249698 69.6 1359
1712258259835 69.6 1360
1712258269945 69.6 1361
1712258280080 69.6 1362
1712258290198 69.6 1363
1712258300317 69.6 1364
1712258310427 69.6 1365
1712258320543 69.6 1366
1712258330676 69.6 1367
1712258340794 69.6 1368
1712258350931 69.6 1369
1712258361060 69.6 1370
1712258371196 69.6 1371
1712258381329 69.6 1372
1712258391490 69.6 1373
1712258401615 69.6 1374
1712258411751 69.6 1375
1712258421870 69.6 1376
1712258431973 69.6 1377
1712258442119 69.6 1378
1712258452262 69.6 1379
1712258462386 69.6 1380
1712258472500 69.6 1381
1712258482609 69.6 1382
1712258492722 69.6 1383
1712258502837 69.6 1384
1712258513038 69.6 1385
1712258523154 69.6 1386
1712258533289 69.6 1387
1712258543421 69.6 1388
1712258553545 69.6 1389
1712258563680 69.6 1390
1712258573829 69.6 1391
1712258583970 69.6 1392
1712258594112 69.6 1393
1712258604245 89.3 1394
1712258614553 89.3 1395
1712258624677 89.3 1396
1712258634807 89.3 1397
1712258644963 89.3 1398
1712258655708 89.3 1399
1712258665846 89.3 1400
1712258675982 89.3 1401
1712258686115 89.3 1402
1712258696222 89.3 1403
1712258706345 89.3 1404
1712258716478 89.3 1405
1712258726588 89.3 1406
1712258736725 89.3 1407
1712258746833 89.3 1408
1712258756946 89.3 1409
1712258767060 89.3 1410
1712258777167 89.3 1411
1712258787273 89.3 1412
1712258797381 89.3 1413
1712258807495 89.3 1414
1712258817610 89.3 1415
1712258827738 89.3 1416
1712258837852 89.3 1417
1712258847980 89.3 1418
1712258858119 89.3 1419
1712258868260 89.3 1420
1712258878389 89.3 1421
1712258888525 89.3 1422
1712258898654 89.3 1423
1712258908761 89.3 1424
1712258918901 89.3 1425
1712258929018 89.3 1426
1712258939155 89.3 1427
1712258949264 89.3 1428
1712258959367 89.3 1429
1712258969486 89.3 1430
1712258979610 89.3 1431
1712258989725 89.3 1432
1712258999856 89.3 1433
1712259009981 89.3 1434
1712259020087 89.3 1435
1712259030339 89.3 1436
1712259040454 89.3 1437
1712259050573 89.3 1438
1712259060707 89.3 1439
1712259070835 89.3 1440
1712259080956 89.3 1441
1712259091076 89.3 1442
1712259101215 89.3 1443
1712259111339 89.3 1444
1712259121460 89.3 1445
1712259131585 89.3 1446
1712259141708 89.3 1447
1712259151823 89.3 1448
1712259161954 89.3 1449
1712259172073 89.3 1450
1712259182188 89.3 1451
1712259192295 89.3 1452
1712259202414 89.3 1453
1712259212522 89.3 1454
1712259222652 89.3 1455
1712259232796 89.3 1456
1712259242931 89.3 1457
1712259253070 89.3 1458
1712259263187 89.3 1459
1712259273313 89.3 1460
1712259283425 89.3 1461
1712259293551 89.3 1462
1712259303682 89.3 1463
1712259313797 89.3 1464
1712259323911 89.3 1465
1712259334045 89.3 1466
1712259344157 89.3 1467
1712259354289 89.3 1468
1712259364406 89.3 1469
1712259374511 89.3 1470
1712259384626 89.3 1471
1712259394750 89.3 1472
1712259404874 89.3 1473
1712259415006 89.3 1474
1712259425154 89.3 1475
1712259435296 89.3 1476
1712259445433 89.3 1477
1712259455560 89.3 1478
1712259465688 89.3 1479
1712259475833 89.3 1480
1712259485977 89.3 1481
1712259496121 89.3 1482
1712259506239 89.3 1483
1712259516484 89.3 1484
1712259526620 89.3 1485
1712259536770 89.3 1486
1712259546899 89.3 1487
1712259557045 89.3 1488
1712259567164 89.3 1489
1712259577299 89.3 1490
1712259587416 89.3 1491
1712259597542 89.3 1492
1712259607679 89.3 1493
1712259617824 89.3 1494
1712259627947 89.3 1495
1712259638072 89.3 1496
1712259648194 89.3 1497
1712259658308 89.3 1498
1712259668428 89.3 1499
1712259678569 89.3 1500
1712259688683 89.3 1501
1712259698811 89.3 1502
1712259708965 89.3 1503
1712259719106 89.3 1504
1712259729259 89.3 1505
1712259739390 89.3 1506
1712259749529 89.3 1507
1712259759657 89.3 1508
1712259769793 89.3 1509
1712259779934 89.3 1510
1712259790059 89.3 1511
1712259800176 89.3 1512
1712259810440 89.3 1513
1712259820606 89.3 1514
1712259830785 89.3 1515
1712259840917 89.3 1516
1712259851052 89.3 1517
1712259861168 89.3 1518
1712259871282 89.3 1519
1712259881406 89.3 1520
1712259891553 89.3 1521
1712259901673 89.3 1522
1712259911782 89.3 1523
1712259921909 89.3 1524
1712259932026 89.3 1525
1712259942136 89.3 1526
1712259952247 89.3 1527
1712259962371 89.3 1528
1712259972505 89.3 1529
1712259982627 89.3 1530
1712259992754 89.3 1531
1712260002868 89.3 1532
1712260013003 89.3 1533
1712260023252 89.3 1534
1712260033399 89.3 1535
1712260043556 89.3 1536
1712260053705 89.3 1537
1712260063825 89.3 1538
1712260073978 89.3 1539
1712260084102 89.3 1540
1712260094220 89.3 1541
1712260104355 89.3 1542
1712260114475 89.3 1543
1712260124599 89.3 1544
1712260134713 89.3 1545
1712260144836 89.3 1546
1712260154967 89.3 1547
1712260165157 89.3 1548
1712260175286 89.3 1549
1712260185784 89.3 1550
1712260195945 89.3 1551
1712260206085 89.3 1552
1712260216235 89.3 1553
1712260226367 89.3 1554
1712260236478 89.3 1555
1712260246625 89.3 1556
1712260256746 89.3 1557
1712260266882 89.3 1558
1712260277025 89.3 1559
1712260287141 89.3 1560
1712260297288 89.3 1561
1712260307465 89.3 1562
1712260317613 89.3 1563
1712260327758 89.3 1564
1712260337901 89.3 1565
1712260348027 89.3 1566
1712260358151 89.3 1567
1712260368268 89.3 1568
1712260378398 89.3 1569
1712260388523 89.3 1570
1712260398653 89.3 1571
1712260408775 89.3 1572
1712260418908 89.3 1573
1712260429042 89.3 1574
1712260439169 89.3 1575
1712260449296 89.3 1576
1712260459469 89.3 1577
1712260469602 89.3 1578
1712260479728 89.3 1579
1712260489855 89.3 1580
1712260499963 89.3 1581
1712260510090 89.3 1582
1712260520226 89.3 1583
1712260530351 89.3 1584
1712260540477 89.3 1585
1712260550640 89.3 1586
1712260560747 89.3 1587
1712260570899 89.3 1588
1712260581028 89.3 1589
1712260591148 89.3 1590
1712260601269 89.3 1591
1712260611413 89.3 1592
1712260621561 89.3 1593
1712260631694 89.3 1594
1712260641858 89.3 1595
1712260651987 89.3 1596
1712260662131 89.3 1597
1712260672251 89.3 1598
1712260682370 89.3 1599
1712260692484 89.3 1600
1712260702758 89.3 1601
1712260712889 89.3 1602
1712260723011 89.3 1603
1712260733138 89.3 1604
1712260743264 89.3 1605
1712260753401 89.3 1606
1712260763522 89.3 1607
1712260773669 89.3 1608
1712260783795 89.3 1609
1712260793921 89.3 1610
1712260804032 89.3 1611
1712260814153 89.3 1612
1712260824290 89.3 1613
1712260834433 89.3 1614
1712260844556 89.3 1615
1712260854691 89.3 1616
1712260864815 89.3 1617
1712260874955 89.3 1618
1712260885085 89.3 1619
1712260895232 89.3 1620
1712260905382 89.3 1621
1712260915521 89.3 1622
1712260925637 89.3 1623
1712260935783 89.3 1624
1712260945909 89.3 1625
1712260956046 89.3 1626
1712260966180 89.3 1627
1712260976311 89.3 1628
1712260986452 89.3 1629
1712260996686 89.3 1630
1712261006826 89.3 1631
1712261016983 89.3 1632
1712261027134 89.3 1633
1712261037280 89.3 1634
1712261047409 89.3 1635
1712261057555 89.3 1636
1712261067713 89.3 1637
1712261077858 89.3 1638
1712261087994 89.3 1639
1712261098119 89.3 1640
1712261108259 89.3 1641
1712261118393 89.3 1642
1712261128532 89.3 1643
1712261138651 89.3 1644
1712261148774 89.3 1645
1712261158901 89.3 1646
1712261169037 89.3 1647
1712261179194 89.3 1648
1712261189322 89.3 1649
1712261199469 89.3 1650
1712261209704 89.3 1651
1712261219854 89.3 1652
1712261229979 89.3 1653
1712261240118 89.3 1654
1712261250238 89.3 1655
1712261260350 89.3 1656
1712261270478 89.3 1657
1712261280599 89.3 1658
1712261290758 89.3 1659
1712261300910 89.3 1660
1712261311043 89.3 1661
1712261321189 89.3 1662
1712261331313 89.3 1663
1712261341446 89.3 1664
1712261351575 89.3 1665
1712261361703 89.3 1666
1712261371831 89.3 1667
1712261381958 89.3 1668
1712261392070 89.3 1669
1712261402187 89.3 1670
1712261412315 89.3 1671
1712261422445 89.3 1672
1712261432607 89.3 1673
1712261442961 89.3 1674
1712261453122 89.3 1675
1712261463252 89.3 1676
1712261473396 89.3 1677
1712261483557 89.3 1678
1712261493690 89.3 1679
1712261504513 89.3 1680
1712261514668 89.3 1681
1712261524794 89.3 1682
1712261534940 89.3 1683
1712261545086 89.3 1684
1712261555212 89.3 1685
1712261565326 89.3 1686
1712261575491 89.3 1687
1712261585610 89.3 1688
1712261595775 89.3 1689
1712261605951 89.3 1690
1712261616092 89.3 1691
1712261626229 89.3 1692
1712261636375 89.3 1693
1712261646519 89.3 1694
1712261656660 89.3 1695
1712261666842 89.3 1696
1712261676968 89.3 1697
1712261687093 89.3 1698
1712261697233 89.3 1699
1712261707370 89.3 1700
1712261717505 89.3 1701
1712261727752 89.3 1702
1712261737878 89.3 1703
1712261748042 89.3 1704
1712261758166 89.3 1705
1712261768296 89.3 1706
1712261778430 89.3 1707
1712261788554 89.3 1708
1712261798681 89.3 1709
1712261808823 89.3 1710
1712261818986 89.3 1711
1712261829127 89.3 1712
1712261839274 89.3 1713
1712261849408 89.3 1714
1712261859550 89.3 1715
1712261869705 89.3 1716
1712261879843 89.3 1717
1712261889983 89.3 1718
1712261900111 89.3 1719
1712261910255 89.3 1720
1712261920386 89.3 1721
1712261930513 89.3 1722
1712261940634 89.3 1723
1712261950898 89.3 1724
1712261961038 89.3 1725
1712261971165 89.3 1726
1712261981322 89.3 1727
1712261991439 89.3 1728
1712262001586 89.3 1729
1712262011734 89.3 1730
1712262021889 89.3 1731
1712262032040 89.3 1732
1712262042189 89.3 1733
1712262052330 89.3 1734
1712262062464 89.3 1735
1712262072588 89.3 1736
1712262082722 89.3 1737
1712262092872 89.3 1738
1712262103046 89.3 1739
1712262113200 89.3 1740
1712262123371 89.3 1741
1712262133512 89.3 1742
1712262143677 89.3 1743
1712262153826 89.3 1744
1712262163985 89.3 1745
1712262174151 89.3 1746
1712262184438 89.3 1747
1712262194598 89.3 1748
1712262204755 89.3 1749
1712262214886 89.3 1750
1712262225018 89.3 1751
1712262235166 89.3 1752
1712262245324 89.3 1753
1712262255453 89.3 1754
1712262265588 89.3 1755
1712262275740 89.3 1756
1712262285887 89.3 1757
1712262296039 89.3 1758
1712262306177 89.3 1759
1712262316314 89.3 1760
1712262326478 89.3 1761
1712262336626 89.3 1762
1712262346791 89.3 1763
1712262356940 89.3 1764
1712262367087 89.3 1765
1712262377217 89.3 1766
1712262387365 89.3 1767
1712262397497 89.3 1768
1712262407653 89.3 1769
1712262417791 89.3 1770
1712262427935 89.3 1771
1712262438197 89.3 1772
1712262448325 89.3 1773
1712262458470 89.3 1774
1712262468619 89.3 1775
1712262478757 89.3 1776
1712262488916 89.3 1777
1712262499086 89.3 1778
1712262509207 89.3 1779
1712262519333 89.3 1780
1712262529470 89.3 1781
1712262539604 89.3 1782
1712262549735 89.3 1783
1712262559857 89.3 1784
1712262569997 89.3 1785
1712262580140 89.3 1786
1712262590273 89.3 1787
1712262600404 89.3 1788
1712262610528 89.3 1789
1712262620669 89.3 1790
1712262630796 89.3 1791
1712262641082 89.3 1792
1712262651223 89.3 1793
1712262661350 89.3 1794
1712262671483 89.3 1795
1712262681608 89.3 1796
1712262691742 89.3 1797
1712262701866 89.3 1798
1712262711981 89.3 1799
1712262722111 89.3 1800
1712262732226 89.3 1801
1712262742374 89.3 1802
1712262752523 89.3 1803
1712262762664 89.3 1804
1712262772811 89.3 1805
1712262782930 89.3 1806
1712262793181 89.3 1807
1712262803309 89.3 1808
1712262813443 89.3 1809
1712262823613 89.3 1810
1712262833750 89.3 1811
1712262843888 89.3 1812
1712262854118 89.3 1813
1712262864265 89.3 1814
1712262874413 89.3 1815
1712262884552 89.3 1816
1712262894710 89.3 1817
1712262904837 89.3 1818
1712262914954 89.3 1819
1712262925074 89.3 1820
1712262935195 89.3 1821
1712262945317 89.3 1822
1712262955437 89.3 1823
1712262966185 89.3 1824
1712262976333 89.3 1825
1712262986479 89.3 1826
1712262996609 89.3 1827
1712263006741 89.3 1828
1712263016890 89.3 1829
1712263027014 89.3 1830
1712263037139 89.3 1831
1712263047257 89.3 1832
1712263057382 89.3 1833
1712263067538 89.3 1834
1712263077656 89.3 1835
1712263087785 89.3 1836
1712263097917 89.3 1837
1712263108045 89.3 1838
1712263118324 89.3 1839
1712263128487 89.3 1840
1712263138642 89.3 1841
1712263148798 89.3 1842
1712263158946 89.3 1843
1712263169095 89.3 1844
1712263179227 89.3 1845
1712263189358 89.3 1846
1712263199494 89.3 1847
1712263209623 89.3 1848
1712263219760 89.3 1849
1712263229894 89.3 1850
1712263240038 89.3 1851
1712263250178 89.3 1852
1712263260305 89.3 1853
1712263270444 89.3 1854
1712263280673 89.3 1855
1712263290827 89.3 1856
1712263300963 89.3 1857
1712263311102 89.3 1858
1712263321221 89.3 1859
1712263331370 89.3 1860
1712263341528 89.3 1861
1712263351691 89.3 1862
1712263361828 89.3 1863
1712263371956 89.3 1864
1712263382078 89.3 1865
1712263392201 89.3 1866
1712263402344 89.3 1867
1712263412484 89.3 1868
1712263422618 89.3 1869
1712263432759 89.3 1870
1712263442891 89.3 1871
1712263453178 89.3 1872
1712263463330 89.3 1873
1712263473459 89.3 1874
1712263483623 89.3 1875
1712263493751 89.3 1876
1712263503875 89.3 1877
1712263513994 89.3 1878
1712263524138 89.3 1879
1712263534260 89.3 1880
1712263544396 89.3 1881
1712263554522 89.3 1882
1712263564642 89.3 1883
1712263574765 89.3 1884
1712263584940 89.3 1885
1712263595090 89.3 1886
1712263605338 89.3 1887
1712263615502 89.3 1888
1712263625667 89.3 1889
1712263635803 89.3 1890
1712263645939 89.3 1891
1712263656103 89.3 1892
1712263666228 89.3 1893
1712263676388 89.3 1894
1712263686531 89.3 1895
1712263696670 89.3 1896
1712263706814 89.3 1897
1712263716939 89.3 1898
1712263727085 89.3 1899
1712263737216 89.3 1900
1712263747346 89.3 1901
1712263757590 89.3 1902
1712263767709 89.3 1903
1712263777835 89.3 1904
1712263787971 89.3 1905
1712263798099 89.3 1906
1712263808248 89.3 1907
1712263818377 89.3 1908
1712263828513 89.3 1909
1712263838651 89.3 1910
1712263848793 89.3 1911
1712263858938 89.3 1912
1712263869073 89.3 1913
1712263879202 89.3 1914
1712263889322 89.3 1915
1712263899470 89.3 1916
1712263909735 89.3 1917
1712263919891 89.3 1918
1712263930023 89.3 1919
1712263940165 89.3 1920
1712263950296 89.3 1921
1712263960452 89.3 1922
1712263970617 89.3 1923
1712263980741 89.3 1924
1712263990883 89.3 1925
1712264001039 89.3 1926
1712264011178 89.3 1927
1712264021321 89.3 1928
1712264031490 89.3 1929
1712264041657 89.3 1930
1712264051788 89.3 1931
1712264061940 89.3 1932
1712264072200 89.3 1933
1712264082361 89.3 1934
1712264092511 89.3 1935
1712264102637 89.3 1936
1712264112806 89.3 1937
1712264122966 89.3 1938
1712264133108 89.3 1939
1712264143276 89.3 1940
1712264153443 89.3 1941
1712264163587 89.3 1942
1712264173709 89.3 1943
1712264183831 89.3 1944
1712264193964 89.3 1945
1712264204107 89.3 1946
1712264214265 89.3 1947
1712264224432 89.3 1948
1712264234691 89.3 1949
1712264244868 89.3 1950
1712264255048 89.3 1951
1712264265254 89.3 1952
1712264275411 89.3 1953
1712264285602 89.3 1954
1712264295751 89.3 1955
1712264305886 89.3 1956
1712264316066 89.3 1957
1712264326252 89.3 1958
1712264336381 89.3 1959
1712264346522 89.3 1960
1712264356658 89.3 1961
1712264366794 89.3 1962
1712264376942 89.3 1963
1712264387135 89.3 1964
1712264397404 89.3 1965
1712264407555 89.3 1966
1712264417713 89.3 1967
1712264427843 89.3 1968
1712264437974 89.3 1969
1712264448116 89.3 1970
1712264458270 89.3 1971
1712264468407 89.3 1972
1712264478548 89.3 1973
1712264488672 89.3 1974
1712264498827 89.3 1975
1712264508974 89.3 1976
1712264519133 89.3 1977
1712264529269 89.3 1978
1712264539399 89.3 1979
1712264549536 89.3 1980
1712264559685 89.3 1981
1712264569810 89.3 1982
1712264579932 89.3 1983
1712264590087 89.3 1984
1712264600218 89.3 1985
1712264610350 89.3 1986
1712264620510 89.3 1987
1712264630658 89.3 1988
1712264640794 89.3 1989
1712264650917 89.3 1990
1712264661056 89.3 1991
1712264671208 89.3 1992
1712264681334 89.3 1993
1712264691465 89.3 1994
1712264701601 89.3 1995
1712264711749 89.3 1996
1712264721899 89.3 1997
1712264732044 89.3 1998
1712264742193 89.3 1999
1712264752333 89.3 2000
1712264762476 89.3 2001
1712264772606 89.3 2002
1712264782751 89.3 2003
1712264792899 89.3 2004
1712264803024 89.3 2005
1712264813175 89.3 2006
1712264823297 89.3 2007
1712264833426 89.3 2008
1712264843569 89.3 2009
1712264853695 89.3 2010
1712264863960 89.3 2011
1712264874122 89.3 2012
1712264884248 89.3 2013
1712264894397 89.3 2014
1712264904544 89.3 2015
1712264914689 89.3 2016
1712264924817 89.3 2017
1712264934956 89.3 2018
1712264945113 89.3 2019
1712264955241 89.3 2020
1712264965422 89.3 2021
1712264975593 89.3 2022
1712264985743 89.3 2023
1712264995926 89.3 2024
1712265006109 89.3 2025
1712265016287 89.3 2026
1712265026453 89.3 2027
1712265036649 89.3 2028
1712265046839 89.3 2029
1712265057011 89.3 2030
1712265067197 89.3 2031
1712265077369 89.3 2032
1712265087528 89.3 2033
1712265097692 89.3 2034
1712265107855 89.3 2035
1712265118014 89.3 2036
1712265128179 89.3 2037
1712265138313 89.3 2038
1712265148460 89.3 2039
1712265158597 89.3 2040
1712265168747 89.3 2041
1712265178873 89.3 2042
1712265189027 89.3 2043
1712265199148 89.3 2044
1712265209292 89.3 2045
1712265219421 89.3 2046
1712265229556 89.3 2047
1712265239693 89.3 2048
1712265249855 89.3 2049
1712265260026 89.3 2050
1712265270166 89.3 2051
1712265280352 89.3 2052
1712265290502 89.3 2053
1712265300657 89.3 2054
1712265310809 89.3 2055
1712265321077 89.3 2056
1712265331245 89.3 2057
1712265341385 89.3 2058
1712265351516 89.3 2059
1712265361650 89.3 2060
1712265371778 89.3 2061
1712265381921 89.3 2062
1712265392068 89.3 2063
1712265402197 89.3 2064
1712265412332 89.3 2065
1712265422526 89.3 2066
1712265432671 89.3 2067
1712265442802 89.3 2068
1712265452939 89.3 2069
1712265463094 89.3 2070
1712265473224 89.3 2071
1712265483372 89.3 2072
1712265493509 89.3 2073
1712265503682 89.3 2074
1712265513851 89.3 2075
1712265524017 89.3 2076
1712265534182 89.3 2077
1712265544330 89.3 2078
1712265554485 89.3 2079
1712265564640 89.3 2080
1712265574762 89.3 2081
1712265584891 89.3 2082
1712265595035 89.3 2083
1712265605198 89.3 2084
1712265615354 89.3 2085
1712265625481 89.3 2086
1712265635761 89.3 2087
1712265646005 89.3 2088
1712265656390 89.3 2089
1712265666546 89.3 2090
1712265676712 89.3 2091
1712265686854 90.9 2092
1712265697003 90.9 2093
1712265707161 90.9 2094
1712265717346 90.9 2095
1712265727480 91.0 2096
1712265737607 91.0 2097
1712265747766 91.0 2098
1712265757894 91.0 2099
1712265768073 91.0 2100
1712265778212 91.0 2101
1712265789017 91.0 2102
1712265799146 91.0 2103
1712265809271 91.0 2104
1712265819409 91.0 2105
1712265829529 91.0 2106
1712265839677 91.0 2107
1712265849823 91.0 2108
1712265859959 91.0 2109
1712265870094 91.0 2110
1712265880216 91.0 2111
1712265890338 91.0 2112
1712265900468 91.0 2113
1712265910594 91.0 2114
1712265920736 91.0 2115
1712265930872 91.0 2116
1712265941008 91.0 2117
1712265951239 91.0 2118
1712265961368 91.0 2119
1712265971506 91.0 2120
1712265981638 91.0 2121
1712265991776 91.0 2122
1712266001899 91.0 2123
1712266012020 91.0 2124
1712266022159 91.0 2125
1712266032301 91.0 2126
1712266042424 91.0 2127
1712266052580 91.0 2128
1712266062715 91.0 2129
1712266072853 91.0 2130
1712266082984 91.0 2131
1712266093118 91.0 2132
1712266103243 91.0 2133
1712266113480 91.0 2134
1712266123617 91.0 2135
1712266133747 91.0 2136
1712266143892 91.0 2137
1712266154056 91.0 2138
1712266164215 91.0 2139
1712266174351 91.0 2140
1712266184481 91.0 2141
1712266194605 91.0 2142
1712266204743 91.0 2143
1712266214868 91.0 2144
1712266225015 91.0 2145
1712266235143 91.0 2146
1712266245274 91.0 2147
1712266255406 91.0 2148
1712266265554 91.0 2149
1712266275695 91.0 2150
1712266285823 91.0 2151
1712266295964 91.0 2152
1712266306107 91.0 2153
1712266316236 91.0 2154
1712266326374 91.0 2155
1712266336515 91.0 2156
1712266346661 91.0 2157
1712266356799 91.0 2158
1712266366936 91.0 2159
1712266377079 91.0 2160
1712266387324 91.0 2161
1712266397449 91.0 2162
1712266407594 91.0 2163
1712266417746 91.0 2164
1712266427917 91.0 2165
1712266438040 91.0 2166
1712266448165 91.0 2167
1712266458315 91.0 2168
1712266468465 91.0 2169
1712266478595 91.0 2170
1712266488734 91.0 2171
1712266498861 91.0 2172
1712266508999 91.0 2173
1712266519137 91.0 2174
1712266529263 91.0 2175
1712266539401 91.0 2176
1712266549553 91.0 2177
1712266559686 91.0 2178
1712266569846 91.0 2179
1712266579990 91.0 2180
1712266590227 91.0 2181
1712266600374 91.0 2182
1712266610505 91.0 2183
1712266620626 91.0 2184
1712266630756 91.0 2185
1712266640931 91.0 2186
1712266651087 91.0 2187
1712266661224 91.0 2188
1712266671367 91.0 2189
1712266681499 91.0 2190
1712266691635 91.0 2191
1712266701775 91.0 2192
1712266711929 91.0 2193
1712266722084 91.0 2194
1712266732319 91.0 2195
1712266742448 91.0 2196
1712266752591 91.0 2197
1712266762733 91.0 2198
1712266772885 91.0 2199
1712266783035 91.0 2200
1712266793173 91.0 2201
1712266803303 91.0 2202
1712266813433 91.0 2203
1712266823575 91.0 2204
1712266833710 91.0 2205
1712266844022 91.0 2206
1712266854173 91.0 2207
1712266864311 91.0 2208
1712266874458 91.0 2209
1712266884604 91.0 2210
1712266894765 91.0 2211
1712266904928 91.0 2212
1712266915079 91.0 2213
1712266925274 91.0 2214
1712266935585 91.0 2215
1712266945764 91.0 2216
1712266955937 91.0 2217
1712266966093 91.0 2218
1712266976229 91.0 2219
1712266986353 91.0 2220
1712266996486 91.0 2221
1712267006616 91.0 2222
1712267016841 91.0 2223
1712267026972 91.0 2224
1712267037139 91.0 2225
1712267047277 91.0 2226
1712267057425 91.0 2227
1712267067564 91.0 2228
1712267077686 91.0 2229
1712267087845 91.0 2230
1712267097981 91.0 2231
1712267108105 91.0 2232
1712267118239 91.0 2233
1712267128425 91.0 2234
1712267138603 91.0 2235
1712267148749 91.0 2236
1712267158909 91.0 2237
1712267169068 91.0 2238
1712267179215 91.0 2239
1712267189366 91.0 2240
1712267199517 91.0 2241
1712267209687 91.0 2242
1712267219861 91.0 2243
1712267230018 91.0 2244
1712267240186 91.0 2245
1712267250339 91.0 2246
1712267260480 91.0 2247
1712267270643 91.0 2248
1712267280778 91.0 2249
1712267290909 91.0 2250
1712267301042 91.0 2251
1712267311191 91.0 2252
1712267321372 91.0 2253
1712267331517 91.0 2254
1712267341654 91.0 2255
1712267351794 91.0 2256
1712267361940 91.0 2257
1712267372068 91.0 2258
1712267383126 91.0 2259
1712267393265 91.0 2260
1712267403436 91.0 2261
1712267413597 91.0 2262
1712267423739 91.0 2263
1712267433882 91.0 2264
1712267444041 91.0 2265
1712267454174 91.0 2266
1712267464319 91.0 2267
1712267474461 91.0 2268
1712267484612 91.0 2269
1712267494773 91.0 2270
1712267504930 91.0 2271
1712267515060 91.0 2272
1712267525202 91.0 2273
1712267535367 91.0 2274
1712267545520 91.0 2275
1712267555657 91.0 2276
1712267565797 91.0 2277
1712267575957 91.0 2278
1712267586203 91.0 2279
1712267596411 91.0 2280
1712267606565 91.0 2281
1712267616714 91.0 2282
1712267626866 91.0 2283
1712267637009 91.0 2284
1712267647151 91.0 2285
1712267657303 91.0 2286
1712267667454 91.0 2287
1712267677659 91.0 2288
1712267687836 91.0 2289
1712267698000 91.0 2290
1712267708148 91.0 2291
1712267718291 91.0 2292
1712267728543 91.0 2293
1712267738756 91.0 2294
1712267748918 91.0 2295
1712267759068 91.0 2296
1712267769192 91.0 2297
1712267779329 91.0 2298
1712267789499 91.0 2299
1712267799644 91.0 2300
1712267809806 91.0 2301
1712267819959 91.0 2302
1712267830092 91.0 2303
1712267840357 91.0 2304
1712267850499 91.0 2305
1712267860631 91.0 2306
1712267870779 91.0 2307
1712267880935 91.0 2308
1712267891093 91.0 2309
1712267901222 91.0 2310
1712267911362 91.0 2311
1712267921492 91.0 2312
1712267931767 91.0 2313
1712267941932 91.0 2314
1712267952075 91.0 2315
1712267962234 91.0 2316
1712267972362 91.0 2317
1712267982485 91.0 2318
1712267992690 91.0 2319
1712268002961 91.0 2320
1712268013100 91.0 2321
1712268023250 91.0 2322
1712268033406 91.0 2323
1712268043557 91.0 2324
1712268053706 91.0 2325
1712268063839 91.0 2326
1712268074003 91.0 2327
1712268084145 91.0 2328
1712268094314 91.0 2329
1712268104459 91.0 2330
1712268114597 91.0 2331
1712268124747 91.0 2332
1712268134887 91.0 2333
1712268145034 91.0 2334
1712268155192 91.0 2335
1712268165354 91.0 2336
1712268175499 91.0 2337
1712268185628 91.0 2338
1712268195772 91.0 2339
1712268205898 91.0 2340
1712268216031 91.0 2341
1712268226162 91.0 2342
1712268236309 91.0 2343
1712268246462 91.0 2344
1712268256599 91.0 2345
1712268266744 91.0 2346
1712268276891 91.0 2347
1712268287037 91.0 2348
1712268297291 91.0 2349
1712268307423 91.0 2350
1712268317557 91.0 2351
1712268327698 91.0 2352
1712268337831 91.0 2353
1712268348017 91.0 2354
1712268358199 91.0 2355
1712268368361 91.0 2356
1712268378506 91.0 2357
1712268388648 91.0 2358
1712268398801 91.0 2359
1712268408938 91.0 2360
1712268419074 91.0 2361
1712268429215 91.0 2362
1712268439508 91.0 2363
1712268449646 91.0 2364
1712268459808 91.0 2365
1712268469965 91.0 2366
1712268480121 91.0 2367
1712268490264 91.0 2368
1712268500411 91.0 2369
1712268510551 91.0 2370
1712268520698 91.0 2371
1712268530872 91.0 2372
1712268541057 91.0 2373
1712268551238 91.0 2374
1712268561926 91.0 2375
1712268572120 91.0 2376
1712268582277 91.0 2377
1712268592425 91.0 2378
1712268602563 91.0 2379
1712268612704 91.0 2380
1712268622853 91.0 2381
1712268633000 91.0 2382
1712268643178 91.0 2383
1712268653328 91.0 2384
1712268663478 91.0 2385
1712268673753 91.0 2386
1712268683905 91.0 2387
1712268694076 91.0 2388
1712268704251 91.0 2389
1712268714407 91.0 2390
1712268724567 91.0 2391
1712268734711 91.0 2392
1712268744848 91.0 2393
1712268755032 91.0 2394
1712268765216 91.0 2395
1712268775391 91.0 2396
1712268785577 91.0 2397
1712268795873 91.0 2398
1712268806051 91.0 2399
1712268816238 91.0 2400
1712268826391 91.0 2401
1712268836550 91.0 2402
1712268846701 91.0 2403
1712268856850 91.0 2404
1712268867023 91.0 2405
1712268877169 91.0 2406
1712268887325 91.0 2407
1712268897472 91.0 2408
1712268907633 91.0 2409
1712268917897 91.0 2410
1712268928055 91.0 2411
1712268938218 91.0 2412
1712268948373 91.0 2413
1712268958529 91.0 2414
1712268968676 91.0 2415
1712268978841 91.0 2416
1712268988981 91.0 2417
1712268999121 91.0 2418
1712269009292 91.0 2419
1712269019450 91.0 2420
1712269029711 91.0 2421
1712269039865 91.0 2422
1712269050021 91.0 2423
1712269060164 91.0 2424
1712269070325 91.0 2425
1712269080468 91.0 2426
1712269090621 91.0 2427
1712269100762 91.0 2428
1712269110902 91.0 2429
1712269121057 91.0 2430
1712269131216 91.0 2431
1712269141372 91.0 2432
1712269151622 91.0 2433
1712269161785 91.0 2434
1712269171942 91.0 2435
1712269182091 91.0 2436
1712269192273 91.0 2437
1712269202454 91.0 2438
1712269212628 91.0 2439
1712269222816 91.0 2440
1712269232974 91.0 2441
1712269243124 91.0 2442
1712269253265 91.0 2443
1712269263428 91.0 2444
1712269273698 91.0 2445
1712269283860 91.0 2446
1712269294009 91.0 2447
1712269304192 91.0 2448
1712269314330 91.0 2449
1712269324487 91.0 2450
1712269334631 91.0 2451
1712269344787 91.0 2452
1712269354938 91.0 2453
1712269365116 91.0 2454
1712269375272 91.0 2455
1712269385416 91.0 2456
1712269395669 91.0 2457
1712269405834 91.0 2458
1712269416000 91.0 2459
1712269426146 91.0 2460
1712269436333 91.0 2461
1712269446493 91.0 2462
1712269456637 91.0 2463
1712269466793 91.0 2464
1712269476956 91.0 2465
1712269487128 91.0 2466
1712269497294 91.0 2467
1712269507444 91.0 2468
1712269517716 91.0 2469
1712269527873 91.0 2470
1712269538017 91.0 2471
1712269548173 91.0 2472
1712269558352 91.0 2473
1712269568519 91.0 2474
1712269578668 91.0 2475
1712269588814 91.0 2476
1712269598968 91.0 2477
1712269609154 91.0 2478
1712269619315 91.0 2479
1712269629571 91.0 2480
1712269639742 91.0 2481
1712269649896 91.0 2482
1712269660047 91.0 2483
1712269670204 91.0 2484
1712269680371 91.0 2485
1712269690539 91.0 2486
1712269700708 91.0 2487
1712269710856 91.0 2488
1712269721029 91.0 2489
1712269731358 91.0 2490
1712269741543 91.0 2491
1712269751730 91.0 2492
1712269761895 91.0 2493
1712269772075 91.0 2494
1712269782260 91.0 2495
1712269792430 91.0 2496
1712269802581 91.0 2497
1712269812750 91.0 2498
1712269823024 91.0 2499
1712269833196 91.0 2500
1712269843355 91.0 2501
1712269853510 91.0 2502
1712269863672 91.0 2503
1712269873838 91.0 2504
1712269884018 91.0 2505
1712269894163 91.0 2506
1712269904356 91.0 2507
1712269914506 91.0 2508
1712269924652 91.0 2509
1712269934815 91.0 2510
1712269944974 91.0 2511
1712269955128 91.0 2512
1712269966103 91.0 2513
1712269976296 91.0 2514
1712269986532 91.0 2515
1712269996833 91.0 2516
1712270007496 91.0 2517
1712270017672 91.0 2518
1712270027858 91.0 2519
1712270038033 91.0 2520
1712270048215 91.0 2521
1712270058370 91.0 2522
1712270068535 91.0 2523
1712270078683 91.0 2524
1712270088831 91.0 2525
1712270099093 91.0 2526
1712270109241 91.0 2527
1712270119393 91.0 2528
1712270129556 91.0 2529
1712270139718 91.0 2530
1712270149874 91.0 2531
1712270160033 91.0 2532
1712270170197 91.0 2533
1712270180363 91.0 2534
1712270190624 91.0 2535
1712270200778 91.0 2536
1712270210920 91.0 2537
1712270221063 91.0 2538
1712270231224 91.0 2539
1712270241377 91.0 2540
1712270251554 91.0 2541
1712270261729 91.0 2542
1712270271882 91.0 2543
1712270282039 91.0 2544
1712270292222 91.0 2545
1712270302379 91.0 2546
1712270312544 91.0 2547
1712270322694 91.0 2548
1712270332842 91.0 2549
1712270343017 91.0 2550
1712270353183 91.0 2551
1712270363344 91.0 2552
1712270373601 91.0 2553
1712270383758 91.0 2554
1712270393916 91.0 2555
1712270404070 91.0 2556
1712270414223 91.0 2557
1712270424417 91.0 2558
1712270434572 91.0 2559
1712270444739 91.0 2560
1712270455005 91.0 2561
1712270465153 91.0 2562
1712270475304 91.0 2563
1712270485462 91.0 2564
1712270495657 91.0 2565
1712270505816 91.0 2566
1712270515979 91.0 2567
1712270526132 91.0 2568
1712270536299 91.0 2569
1712270546578 91.0 2570
1712270556730 91.0 2571
1712270566917 91.0 2572
1712270577090 91.0 2573
1712270587245 91.0 2574
1712270597413 91.0 2575
1712270607579 91.0 2576
1712270617733 91.0 2577
1712270627906 91.0 2578
1712270638177 91.0 2579
1712270648342 91.0 2580
1712270658505 91.0 2581
1712270668657 91.0 2582
1712270678811 91.0 2583
1712270688976 91.0 2584
1712270699141 91.0 2585
1712270709344 91.0 2586
1712270719499 91.0 2587
1712270729760 91.0 2588
1712270739933 91.0 2589
1712270750093 91.0 2590
1712270760251 91.0 2591
1712270770408 91.0 2592
1712270780572 91.0 2593
1712270790736 91.0 2594
1712270800900 91.0 2595
1712270811093 91.0 2596
1712270821347 91.0 2597
1712270831542 91.0 2598
1712270841721 91.0 2599
1712270851892 91.0 2600
1712270862069 91.0 2601
1712270872251 91.0 2602
1712270882431 91.0 2603
1712270892604 91.0 2604
1712270902798 91.0 2605
1712270913022 91.0 2606
1712270923216 91.0 2607
1712270933312 91.0 2608
1712270943398 91.0 2609
1712270953591 91.0 2610
1712270963693 91.0 2611
1712270973811 91.0 2612
1712270983990 91.0 2613
1712270994081 91.0 2614
1712271004348 91.0 2615
1712271014565 91.0 2616
1712271024670 91.0 2617
1712271034788 91.0 2618
1712271044906 91.0 2619
1712271055036 91.0 2620
1712271065153 91.0 2621
1712271075331 91.0 2622
1712271085462 91.0 2623
1712271095746 91.0 2624
1712271105918 91.0 2625
1712271116126 91.0 2626
1712271126322 91.0 2627
1712271136493 91.0 2628
1712271146675 91.0 2629
1712271156789 91.0 2630
1712271166963 91.0 2631
1712271177259 91.0 2632
1712271187440 91.0 2633
1712271197642 91.0 2634
1712271207820 91.0 2635
1712271217948 91.0 2636
1712271228148 91.0 2637
1712271238361 91.0 2638
1712271248551 91.0 2639
1712271258730 91.0 2640
1712271269053 91.0 2641
1712271279187 91.0 2642
1712271289363 91.0 2643
1712271299538 91.0 2644
1712271309712 91.0 2645
1712271319898 91.0 2646
1712271330063 91.0 2647
1712271340165 91.0 2648
1712271350360 91.0 2649
1712271360641 91.0 2650
1712271370843 91.0 2651
1712271381035 91.0 2652
1712271391233 91.0 2653
1712271401361 91.0 2654
1712271411593 91.0 2655
1712271421948 91.0 2656
1712271432151 91.0 2657
1712271442354 91.0 2658
1712271452552 91.0 2659
1712271463274 91.0 2660
1712271473472 91.0 2661
1712271483650 91.0 2662
1712271493853 91.0 2663
1712271504026 91.0 2664
1712271514193 91.0 2665
1712271524292 91.0 2666
1712271534472 91.0 2667
1712271544805 91.0 2668
1712271554991 91.0 2669
1712271565175 91.0 2670
1712271575367 91.0 2671
1712271585473 91.0 2672
1712271595653 91.0 2673
1712271605829 91.0 2674
1712271616016 91.0 2675
1712271626212 91.0 2676
1712271636493 91.0 2677
1712271646613 91.0 2678
1712271656800 91.0 2679
1712271666984 91.0 2680
1712271677164 91.0 2681
1712271687371 91.0 2682
1712271697563 91.0 2683
1712271707658 91.0 2684
1712271717839 91.0 2685
1712271728124 91.0 2686
1712271738308 91.0 2687
1712271748487 91.0 2688
1712271758608 91.0 2689
1712271768793 91.0 2690
1712271779016 91.0 2691
1712271789212 91.0 2692
1712271799413 91.0 2693
1712271809608 91.0 2694
1712271819916 91.0 2695
1712271830097 91.0 2696
1712271840283 91.0 2697
1712271850469 91.0 2698
1712271860652 91.0 2699
1712271870828 91.0 2700
1712271881020 91.0 2701
1712271891198 91.0 2702
1712271901395 91.0 2703
1712271911714 91.0 2704
1712271921892 91.0 2705
1712271932076 91.0 2706
1712271942244 91.0 2707
1712271952433 91.0 2708
1712271962629 91.0 2709
1712271972833 91.0 2710
1712271983017 91.0 2711
1712271993206 91.0 2712
1712272003388 91.0 2713
1712272013571 91.0 2714
1712272023778 91.0 2715
1712272033968 91.0 2716
1712272044151 91.0 2717
1712272054348 91.0 2718
1712272064536 91.0 2719
1712272074728 91.0 2720
1712272084904 91.0 2721
1712272095219 91.0 2722
1712272105401 91.0 2723
1712272115620 91.0 2724
1712272125809 91.0 2725
1712272135988 91.0 2726
1712272146161 91.0 2727
1712272156368 91.0 2728
1712272166534 91.0 2729
1712272176718 91.0 2730
1712272186997 91.0 2731
1712272197201 91.0 2732
1712272207406 91.0 2733
1712272217612 91.0 2734
1712272227787 91.0 2735
1712272237927 91.0 2736
1712272248123 91.0 2737
1712272258276 91.0 2738
1712272268404 91.0 2739
1712272278754 91.0 2740
1712272288885 91.0 2741
1712272298995 91.0 2742
1712272309178 91.0 2743
1712272319297 91.0 2744
1712272329398 91.0 2745
1712272339518 91.0 2746
1712272349718 91.0 2747
1712272359960 91.0 2748
1712272370087 91.0 2749
1712272380269 91.0 2750
1712272390371 91.0 2751
1712272400466 91.0 2752
1712272410673 91.0 2753
1712272420793 91.0 2754
1712272430895 91.0 2755
1712272441098 91.0 2756
1712272451368 91.0 2757
1712272461480 91.0 2758
1712272471678 91.0 2759
1712272481784 91.0 2760
1712272491898 91.0 2761
1712272502090 91.0 2762
1712272512243 91.0 2763
1712272522337 91.0 2764
1712272532518 91.0 2765
1712272542740 91.0 2766
1712272552941 91.0 2767
1712272563123 91.0 2768
1712272573324 91.0 2769
1712272583522 91.0 2770
1712272593722 91.0 2771
1712272603847 91.0 2772
1712272614052 91.0 2773
1712272624259 91.0 2774
1712272634560 91.0 2775
1712272644734 91.0 2776
1712272654956 91.0 2777
1712272665061 91.0 2778
1712272675324 91.0 2779
1712272685512 91.0 2780
1712272695693 91.0 2781
1712272705875 91.0 2782
1712272716059 91.0 2783
1712272726291 91.0 2784
1712272736477 91.0 2785
1712272746665 91.0 2786
1712272756853 91.0 2787
1712272767040 91.0 2788
1712272777218 91.0 2789
1712272787344 91.0 2790
1712272797536 91.0 2791
1712272807722 91.0 2792
1712272817994 91.0 2793
1712272828171 91.0 2794
1712272838279 91.0 2795
1712272848489 91.0 2796
1712272858737 91.0 2797
1712272868960 91.0 2798
1712272879208 91.0 2799
1712272889436 91.0 2800
1712272899545 91.0 2801
1712272910238 91.0 2802
1712272921030 91.0 2803
1712272931266 91.0 2804
1712272941485 91.0 2805
1712272951674 95.7 2806
1712272961792 95.7 2807
1712272971981 95.7 2808
1712272982173 95.7 2809
1712272992365 95.7 2810
1712273002677 95.7 2811
1712273012889 95.7 2812
1712273023014 95.7 2813
1712273033219 95.7 2814
1712273043403 95.7 2815
1712273053597 95.7 2816
1712273063782 95.7 2817
1712273073966 95.7 2818
1712273084074 95.7 2819
1712273094382 95.7 2820
1712273104605 95.7 2821
1712273114797 95.7 2822
1712273124984 95.7 2823
1712273135182 95.7 2824
1712273145297 95.7 2825
1712273155501 95.7 2826
1712273165685 95.7 2827
1712273175863 95.7 2828
1712273186192 95.7 2829
1712273196394 95.7 2830
1712273206483 95.7 2831
1712273216673 95.7 2832
1712273226857 95.7 2833
1712273237032 95.7 2834
1712273247239 95.7 2835
1712273257402 95.7 2836
1712273267520 95.7 2837
1712273277718 95.7 2838
1712273288058 95.7 2839
1712273298241 95.7 2840
1712273308422 95.7 2841
1712273318524 95.7 2842
1712273328692 95.7 2843
1712273338903 95.7 2844
1712273349090 95.7 2845
1712273359372 95.7 2846
1712273369555 95.7 2847
1712273379674 95.7 2848
1712273389863 95.7 2849
1712273400069 95.7 2850
1712273410260 95.7 2851
1712273420448 95.7 2852
1712273430633 95.7 2853
1712273440750 95.7 2854
1712273450938 95.7 2855
1712273461235 95.7 2856
1712273471432 95.7 2857
1712273481624 95.7 2858
1712273491814 95.7 2859
1712273501955 95.7 2860
1712273512155 95.7 2861
1712273522344 95.7 2862
1712273532536 95.7 2863
1712273542734 95.7 2864
1712273553053 95.7 2865
1712273563145 95.7 2866
1712273573322 95.7 2867
1712273583504 95.7 2868
1712273593697 95.7 2869
1712273603933 95.7 2870
1712273614243 95.7 2871
1712273624336 95.7 2872
1712273634518 95.7 2873
1712273644698 95.7 2874
1712273654889 95.7 2875
1712273665080 95.7 2876
1712273675386 95.7 2877
1712273685502 95.7 2878
1712273695718 95.7 2879
1712273705912 95.7 2880
1712273716120 95.7 2881
1712273726311 95.7 2882
1712273736515 95.7 2883
1712273746628 95.7 2884
1712273756828 95.7 2885
1712273767011 95.7 2886
1712273777208 95.7 2887
1712273787520 95.7 2888
1712273797725 95.7 2889
1712273807913 95.7 2890
1712273818124 95.7 2891
1712273828293 95.7 2892
1712273838472 95.7 2893
1712273848661 95.7 2894
1712273858780 95.7 2895
1712273869102 95.7 2896
1712273879330 95.7 2897
1712273889521 95.7 2898
1712273899706 95.7 2899
1712273909891 95.7 2900
1712273919999 95.7 2901
1712273930202 95.7 2902
1712273940512 95.7 2903
1712273950720 95.7 2904
1712273960825 95.7 2905
1712273970987 95.7 2906
1712273981124 95.7 2907
1712273991248 95.7 2908
1712274001834 95.7 2909
1712274011939 95.7 2910
1712274022039 95.7 2911
1712274032218 95.7 2912
1712274042314 95.7 2913
1712274052441 95.7 2914
1712274062600 95.7 2915
1712274072793 95.7 2916
1712274082950 95.7 2917
1712274093109 95.7 2918
1712274103333 95.7 2919
1712274113521 95.7 2920
1712274123694 95.7 2921
1712274133847 95.7 2922
1712274144046 99.3 2923
1712274154196 99.3 2924
1712274164285 99.3 2925
1712274174441 99.3 2926
1712274184590 99.3 2927
1712274194882 99.3 2928
1712274205064 99.3 2929
1712274215226 99.3 2930
1712274225328 99.3 2931
1712274235514 99.3 2932
1712274245670 99.3 2933
1712274255834 99.3 2934
1712274266142 99.3 2935
1712274276297 99.3 2936
1712274286404 99.3 2937
1712274296571 99.3 2938
1712274306738 99.3 2939
1712274317023 99.3 2940
1712274327215 99.3 2941
1712274337378 99.3 2942
1712274347481 99.3 2943
1712274357637 99.3 2944
1712274367789 99.3 2945
1712274377953 99.3 2946
1712274388113 99.3 2947
1712274398204 99.3 2948
1712274408370 99.3 2949
1712274418548 99.3 2950
1712274430801 99.3 2951
1712274440978 99.3 2952
1712274451177 99.3 2953
1712274461267 99.3 2954
1712274471484 99.3 2955
1712274481660 99.3 2956
1712274491818 99.3 2957
1712274501985 99.3 2958
1712274512153 99.3 2959
1712274522889 99.3 2960
1712274533056 99.3 2961
1712274543226 99.3 2962
1712274553411 99.3 2963
1712274563588 99.3 2964
1712274573741 99.3 2965
1712274583980 99.3 2966
1712274594136 99.3 2967
1712274604302 99.3 2968
1712274614492 99.3 2969
1712274624655 99.3 2970
1712274634815 99.3 2971
1712274645021 99.3 2972
1712274655187 99.3 2973
1712274665357 99.3 2974
1712274675522 99.3 2975
1712274685714 99.3 2976
1712274695889 99.3 2977
1712274705988 99.3 2978
1712274716175 99.3 2979
1712274726345 99.3 2980
1712274736526 99.3 2981
1712274746691 99.3 2982
1712274756978 99.3 2983
1712274767075 99.3 2984
1712274777257 99.3 2985
1712274787439 99.3 2986
1712274797609 99.3 2987
1712274807789 99.3 2988
1712274817892 99.3 2989
1712274828081 99.3 2990
1712274838381 99.3 2991
1712274848549 99.3 2992
1712274858718 99.3 2993
1712274868879 99.3 2994
1712274878982 99.3 2995
1712274889169 99.3 2996
1712274899334 99.3 2997
1712274909622 99.3 2998
1712274919799 99.3 2999
1712274929995 99.3 3000
1712274940093 99.3 3001
1712274950295 99.3 3002
1712274960467 99.3 3003
1712274970800 99.3 3004
1712274981004 99.3 3005
1712274991178 99.3 3006
1712275001278 99.3 3007
1712275011443 99.3 3008
1712275021605 99.3 3009
1712275031772 99.3 3010
1712275041941 99.3 3011
1712275052111 99.3 3012
1712275062201 99.3 3013
1712275072511 99.3 3014
1712275082692 99.3 3015
1712275092853 99.3 3016
1712275103033 99.3 3017
1712275113214 99.3 3018
1712275123311 99.3 3019
1712275133509 99.3 3020
1712275143682 99.3 3021
1712275153860 99.3 3022
1712275164156 99.3 3023
1712275174358 99.3 3024
1712275184457 99.3 3025
1712275194632 99.3 3026
1712275204803 99.3 3027
1712275214959 99.3 3028
1712275225244 99.3 3029
1712275235406 99.3 3030
1712275245529 99.3 3031
1712275255699 99.3 3032
1712275265894 99.3 3033
1712275276062 99.3 3034
1712275286345 99.3 3035
1712275296511 99.3 3036
1712275306609 99.3 3037
1712275316782 99.3 3038
1712275326958 99.3 3039
1712275337141 99.3 3040
1712275347313 99.3 3041
1712275357484 99.3 3042
1712275367590 99.3 3043
1712275377748 99.3 3044
1712275387923 99.3 3045
1712275398227 99.3 3046
1712275408424 99.3 3047
1712275418527 99.3 3048
1712275428702 99.3 3049
1712275438859 99.3 3050
1712275449036 99.3 3051
1712275459214 99.3 3052
1712275469396 99.3 3053
1712275479604 99.3 3054
1712275489780 99.3 3055
1712275500011 99.3 3056
1712275510184 99.3 3057
1712275520350 99.3 3058
1712275530511 99.3 3059
1712275540601 99.3 3060
1712275550897 99.3 3061
1712275561067 99.3 3062
1712275571235 99.3 3063
1712275581397 99.3 3064
1712275591571 99.3 3065
1712275601669 99.3 3066
1712275611842 99.3 3067
1712275622135 99.3 3068
1712275632328 99.3 3069
1712275642499 99.3 3070
1712275652668 99.3 3071
1712275662773 99.3 3072
1712275672937 99.3 3073
1712275683294 99.3 3074
1712275693474 99.3 3075
1712275703634 99.3 3076
1712275713799 99.3 3077
1712275723901 99.3 3078
1712275734064 99.3 3079
1712275744334 99.3 3080
1712275754508 99.3 3081
1712275764672 99.3 3082
1712275774832 99.3 3083
1712275784932 99.3 3084
1712275795095 99.3 3085
1712275805254 99.3 3086
1712275815522 99.3 3087
1712275825697 99.3 3088
1712275835861 99.3 3089
1712275845954 99.3 3090
1712275856127 99.3 3091
1712275866293 99.3 3092
1712275876573 99.3 3093
1712275886741 99.3 3094
1712275896897 99.3 3095
1712275906996 99.3 3096
1712275917160 99.3 3097
1712275927333 99.3 3098
1712275937606 99.3 3099
1712275947760 99.3 3100
1712275957885 99.3 3101
1712275968207 99.3 3102
1712275978399 99.3 3103
1712275988607 99.3 3104
1712275999312 99.3 3105
1712276009505 99.3 3106
1712276019608 99.3 3107
1712276029819 99.3 3108
1712276040419 99.3 3109
1712276050608 99.3 3110
1712276060778 99.3 3111
1712276071068 99.3 3112
1712276081165 99.3 3113
1712276091348 99.3 3114
1712276101519 99.3 3115
1712276111686 99.3 3116
1712276121865 99.3 3117
1712276132035 99.3 3118
1712276142258 99.3 3119
1712276152426 99.3 3120
1712276162606 99.3 3121
1712276172771 99.3 3122
1712276182947 99.3 3123
1712276193108 99.3 3124
1712276203211 99.3 3125
1712276213393 99.3 3126
1712276223659 99.3 3127
1712276233846 99.3 3128
1712276244018 99.3 3129
1712276254195 99.3 3130
1712276264295 99.3 3131
1712276274484 99.3 3132
1712276284676 99.3 3133
1712276294978 99.3 3134
1712276305169 99.3 3135
1712276315333 99.3 3136
1712276325429 99.3 3137
1712276335600 99.3 3138
1712276345770 99.3 3139
1712276355976 99.3 3140
1712276366279 99.3 3141
1712276376446 99.3 3142
1712276386542 99.3 3143
1712276396713 99.3 3144
1712276406873 99.3 3145
1712276417074 99.3 3146
1712276427269 99.3 3147
1712276437565 99.3 3148
1712276447696 99.3 3149
1712276457866 99.3 3150
1712276468044 99.3 3151
1712276478237 99.3 3152
1712276488414 99.3 3153
1712276498526 99.3 3154
1712276508835 99.3 3155
1712276519017 99.3 3156
1712276529194 99.3 3157
1712276539402 99.3 3158
1712276549602 99.3 3159
1712276559705 99.3 3160
1712276569890 99.3 3161
1712276580176 99.3 3162
1712276590346 99.3 3163
1712276600502 99.3 3164
1712276610664 99.3 3165
1712276620761 99.3 3166
1712276630950 99.3 3167
1712276641125 99.3 3168
1712276651289 99.3 3169
1712276661598 99.3 3170
1712276671766 99.3 3171
1712276681871 99.3 3172
1712276692051 99.3 3173
1712276702237 99.3 3174
1712276712411 99.3 3175
1712276722711 99.3 3176
1712276732909 99.3 3177
1712276743007 99.3 3178
1712276753184 99.3 3179
1712276763370 99.3 3180
1712276773528 99.3 3181
1712276783697 99.3 3182
1712276793883 99.3 3183
1712276803974 99.3 3184
1712276814267 99.3 3185
1712276824451 99.3 3186
1712276834632 99.3 3187
1712276844835 99.3 3188
1712276854995 99.3 3189
1712276865096 99.3 3190
1712276875401 99.3 3191
1712276885603 99.3 3192
1712276895776 99.3 3193
1712276905964 99.3 3194
1712276916177 99.3 3195
1712276926289 99.3 3196
1712276936585 99.3 3197
1712276946777 99.3 3198
1712276956951 99.3 3199
1712276967121 99.3 3200
1712276977320 99.3 3201
1712276987431 99.3 3202
1712276997744 99.3 3203
1712277007935 99.3 3204
1712277018156 99.3 3205
1712277028370 99.3 3206
1712277038493 99.3 3207
1712277048656 99.3 3208
1712277058967 99.3 3209
1712277069141 99.3 3210
1712277079347 99.3 3211
1712277089513 99.3 3212
1712277099617 99.3 3213
1712277109903 99.3 3214
1712277120089 99.3 3215
1712277130277 99.3 3216
1712277140447 99.3 3217
1712277150627 99.3 3218
1712277160752 99.3 3219
1712277171105 99.3 3220
1712277181299 99.3 3221
1712277191484 99.3 3222
1712277201661 99.3 3223
1712277211845 99.3 3224
1712277221947 99.3 3225
1712277232208 99.3 3226
1712277242382 99.3 3227
1712277252559 99.3 3228
1712277262731 99.3 3229
1712277272920 99.3 3230
1712277283011 99.3 3231
1712277293292 99.3 3232
1712277303460 99.3 3233
1712277313645 99.3 3234
1712277323818 99.3 3235
1712277334012 99.3 3236
1712277344198 99.3 3237
1712277354367 99.3 3238
1712277364530 99.3 3239
1712277374699 99.3 3240
1712277384878 99.3 3241
1712277395043 99.3 3242
1712277405235 99.3 3243
1712277415412 99.3 3244
1712277425571 99.3 3245
1712277435744 99.3 3246
1712277445919 99.3 3247
1712277456090 99.3 3248
1712277466294 99.3 3249
1712277476485 99.3 3250
1712277486668 99.3 3251
1712277497043 99.3 3252
1712277507249 99.3 3253
1712277517505 99.3 3254
1712277528566 99.3 3255
1712277538812 99.3 3256
1712277548993 99.3 3257
1712277559184 99.3 3258
1712277569362 99.3 3259
1712277579467 99.3 3260
1712277589744 99.3 3261
1712277599924 99.3 3262
1712277610101 99.3 3263
1712277620277 99.3 3264
1712277630444 99.3 3265
1712277640548 99.3 3266
1712277650834 99.3 3267
1712277661004 99.3 3268
1712277671181 99.3 3269
1712277681367 99.3 3270
1712277691546 99.3 3271
1712277701652 99.3 3272
1712277711821 99.3 3273
1712277721988 99.3 3274
1712277732180 99.3 3275
1712277742381 99.3 3276
1712277752552 99.3 3277
1712277762761 99.3 3278
1712277772950 99.3 3279
1712277783130 99.3 3280
1712277793304 99.3 3281
1712277803509 99.3 3282
1712277813696 99.3 3283
1712277823924 99.3 3284
1712277834100 99.3 3285
1712277844261 99.3 3286
1712277854443 99.3 3287
1712277864639 99.3 3288
1712277874824 99.3 3289
1712277885051 99.3 3290
1712277895231 99.3 3291
1712277905417 99.3 3292
1712277915594 99.3 3293
1712277925770 99.3 3294
1712277935941 99.3 3295
1712277946156 99.3 3296
1712277956322 99.3 3297
1712277966492 99.3 3298
1712277976684 99.3 3299
1712277986858 99.3 3300
1712277997141 99.3 3301
1712278007247 99.3 3302
1712278017422 99.3 3303
1712278027621 99.3 3304
1712278037790 99.3 3305
1712278047974 99.3 3306
1712278058189 99.3 3307
1712278068407 99.3 3308
1712278078607 99.3 3309
1712278088789 99.3 3310
1712278098965 99.3 3311
1712278109147 99.3 3312
1712278119360 99.3 3313
1712278129540 99.3 3314
1712278139721 99.3 3315
1712278149898 99.3 3316
1712278160064 99.3 3317
1712278170230 99.3 3318
1712278180458 99.3 3319
1712278190651 99.3 3320
1712278200842 99.3 3321
1712278211024 99.3 3322
1712278221198 99.3 3323
1712278231380 99.3 3324
1712278241610 99.3 3325
1712278251796 99.3 3326
1712278261983 99.3 3327
1712278272175 99.3 3328
1712278282362 99.3 3329
1712278292659 99.3 3330
1712278302774 99.3 3331
1712278312961 99.3 3332
1712278323136 99.3 3333
1712278333333 99.3 3334
1712278343518 99.3 3335
1712278353819 99.3 3336
1712278363922 99.3 3337
1712278374113 99.3 3338
1712278384281 99.3 3339
1712278394466 99.3 3340
1712278404659 99.3 3341
1712278414948 99.3 3342
1712278425068 99.3 3343
1712278435273 99.3 3344
1712278445471 99.3 3345
1712278455676 99.3 3346
1712278465871 99.3 3347
1712278476177 99.3 3348
1712278486327 99.3 3349
1712278496532 99.3 3350
1712278506710 99.3 3351
1712278516916 99.3 3352
1712278527090 99.3 3353
1712278537417 99.3 3354
1712278547541 99.3 3355
1712278557743 99.3 3356
1712278567915 99.3 3357
1712278578081 99.3 3358
1712278588381 99.3 3359
1712278598515 99.3 3360
1712278608722 99.3 3361
1712278618956 99.3 3362
1712278629137 99.3 3363
1712278639330 99.3 3364
1712278649625 99.3 3365
1712278659741 99.3 3366
1712278669926 99.3 3367
1712278680125 99.3 3368
1712278690317 99.3 3369
1712278700522 99.3 3370
1712278710814 99.3 3371
1712278720923 99.3 3372
1712278731115 99.3 3373
1712278741295 99.3 3374
1712278751494 99.3 3375
1712278761662 99.3 3376
1712278771986 99.3 3377
1712278782092 99.3 3378
1712278792265 99.3 3379
1712278802446 99.3 3380
1712278812620 99.3 3381
1712278822798 99.3 3382
1712278833099 99.3 3383
1712278843205 99.3 3384
1712278853386 99.3 3385
1712278863557 99.3 3386
1712278873722 99.3 3387
1712278883886 99.3 3388
1712278894051 99.3 3389
1712278904157 99.3 3390
1712278914321 99.3 3391
1712278924503 99.3 3392
1712278934674 99.3 3393
1712278944962 99.3 3394
1712278955131 99.3 3395
1712278965228 99.3 3396
1712278975400 99.3 3397
1712278985568 99.3 3398
1712278995743 99.3 3399
1712279006041 99.3 3400
1712279016215 99.3 3401
1712279026320 99.3 3402
