1712244508274 42.5 0
1712244518360 59.5 1
1712244528436 93.9 2
1712244538533 93.3 3
1712244548607 92.2 4
1712244558673 89.6 5
1712244568785 96.3 6
1712244578817 97.7 7
1712244588855 97.6 8
1712244598921 97.3 9
1712244608999 97.5 10
1712244619073 97.4 11
1712244629137 97.4 12
1712244639226 97.3 13
1712244649309 90.2 14
1712244659384 86.7 15
1712244669488 88.1 16
1712244679585 88.3 17
1712244689655 88.4 18
1712244699757 88.5 19
1712244709834 88.7 20
1712244719901 88.8 21
1712244729967 88.9 22
1712244740044 89.0 23
1712244750113 89.1 24
1712244760184 89.0 25
1712244770256 89.1 26
1712244780326 90.2 27
1712244790404 90.6 28
1712244800472 90.7 29
1712244810566 90.3 30
1712244820665 90.4 31
1712244830731 90.4 32
1712244840793 91.2 33
1712244850897 91.0 34
1712244860982 92.3 35
1712244871051 91.7 36
1712244881129 91.6 37
1712244891192 92.2 38
1712244901264 91.9 39
1712244911355 91.9 40
1712244921387 93.6 41
1712244931459 93.9 42
1712244941492 93.7 43
1712244951578 89.6 44
1712244961610 89.7 45
1712244971651 89.9 46
1712244981753 90.2 47
1712244991792 91.5 48
1712245001824 93.5 49
1712245011877 93.4 50
1712245021907 94.1 51
1712245031940 94.5 52
1712245041966 94.7 53
1712245051992 94.5 54
1712245062024 94.4 55
1712245072064 94.4 56
1712245082141 94.4 57
1712245092210 94.5 58
1712245102277 94.5 59
1712245112355 94.5 60
1712245122383 94.5 61
1712245132456 94.5 62
1712245142551 94.6 63
1712245152621 94.6 64
1712245162698 94.7 65
1712245172787 94.0 66
1712245182815 93.9 67
1712245192895 94.0 68
1712245202978 94.2 69
1712245213077 94.1 70
1712245223156 93.9 71
1712245233240 93.9 72
1712245243269 90.3 73
1712245253350 88.7 74
1712245263440 88.7 75
1712245273520 87.8 76
1712245283596 87.8 77
1712245293688 87.7 78
1712245303721 87.9 79
1712245313788 87.4 80
1712245323880 87.5 81
1712245333954 87.6 82
1712245344026 87.6 83
1712245354100 87.5 84
1712245364129 87.8 85
1712245374226 87.8 86
1712245384330 87.9 87
1712245394416 87.9 88
1712245404530 87.9 89
1712245414632 87.9 90
1712245424666 87.9 91
1712245434760 88.1 92
1712245444827 88.2 93
1712245454915 88.3 94
1712245465002 88.4 95
1712245475074 88.4 96
1712245485109 88.4 97
1712245495210 88.3 98
1712245505295 88.3 99
1712245515386 88.4 100
1712245525474 88.5 101
1712245535556 88.5 102
1712245545593 88.5 103
1712245555703 87.7 104
1712245565806 87.9 105
1712245575905 87.8 106
1712245586007 87.8 107
1712245596109 87.8 108
1712245606149 87.8 109
1712245616241 87.9 110
1712245626332 87.9 111
1712245636417 88.0 112
1712245646528 87.9 113
1712245656609 87.9 114
1712245666639 88.0 115
1712245676721 88.1 116
1712245686826 88.1 117
1712245696927 88.2 118
1712245707002 88.2 119
1712245717090 88.2 120
1712245727118 88.2 121
1712245737194 88.2 122
1712245747295 53.8 123
1712245757388 59.1 124
1712245767488 68.8 125
1712245777583 67.4 126
1712245787612 67.3 127
1712245797638 71.0 128
1712245807723 71.3 129
1712245817759 71.1 130
1712245827798 72.0 131
1712245837829 72.1 132
1712245847864 71.9 133
1712245857939 71.9 134
1712245868037 71.9 135
1712245878122 71.9 136
1712245888227 71.8 137
1712245898255 71.7 138
1712245908344 71.7 139
1712245920215 71.5 140
1712245930303 84.9 141
1712245940473 96.7 142
1712245950583 93.3 143
1712245960622 94.7 144
1712245970711 85.9 145
1712245980797 89.5 146
1712245990903 89.2 147
1712246000985 90.6 148
1712246011084 91.2 149
1712246021119 91.4 150
1712246031209 91.6 151
1712246041306 91.7 152
1712246051393 92.6 153
1712246061470 93.8 154
1712246071567 93.9 155
1712246081600 96.0 156
1712246091697 96.5 157
1712246101778 96.7 158
1712246111873 96.6 159
1712246121962 96.9 160
1712246132060 96.9 161
1712246142097 94.9 162
1712246152209 90.6 163
1712246162287 83.9 164
1712246172368 84.3 165
1712246182461 84.3 166
1712246192577 84.4 167
1712246202613 86.1 168
1712246212712 86.2 169
1712246222791 86.2 170
1712246232879 86.4 171
1712246242965 86.4 172
1712246253059 86.4 173
1712246263090 86.6 174
1712246273175 86.7 175
1712246283251 86.8 176
1712246293355 86.9 177
1712246303462 86.8 178
1712246313541 86.8 179
1712246323571 86.8 180
1712246333663 86.9 181
1712246343753 87.1 182
1712246353867 87.0 183
1712246363960 87.6 184
1712246374047 87.8 185
1712246384077 87.9 186
1712246394183 87.9 187
1712246404266 88.0 188
1712246414354 88.0 189
1712246424446 88.0 190
1712246434540 87.4 191
1712246444581 87.4 192
1712246454679 87.8 193
1712246464775 87.7 194
1712246474880 87.7 195
1712246484985 87.7 196
1712246495100 87.7 197
1712246505144 87.7 198
1712246515242 87.8 199
1712246525328 87.9 200
1712246535423 87.9 201
1712246545504 87.9 202
1712246555619 87.9 203
1712246565650 88.1 204
1712246575760 88.2 205
1712246585851 88.3 206
1712246595956 88.5 207
1712246606049 88.5 208
1712246616156 88.3 209
1712246626195 88.2 210
1712246636283 88.2 211
1712246646363 88.3 212
1712246656449 88.5 213
1712246666555 88.4 214
1712246676655 88.4 215
1712246686692 88.4 216
1712246696799 88.5 217
1712246706883 87.9 218
1712246716968 89.1 219
1712246727009 89.1 220
1712246737119 95.1 221
1712246747211 95.6 222
1712246757298 86.9 223
1712246767383 87.7 224
1712246777468 88.3 225
1712246787552 88.4 226
1712246797630 88.3 227
1712246807716 89.5 228
1712246817815 89.6 229
1712246827892 89.8 230
1712246837984 89.9 231
1712246848066 90.0 232
1712246858159 90.0 233
1712246868253 90.0 234
1712246878346 90.1 235
1712246888423 90.0 236
1712246898509 90.0 237
1712246908590 90.1 238
1712246918678 89.9 239
1712246928766 90.0 240
1712246938858 89.9 241
1712246948954 90.2 242
1712246959033 90.5 243
1712246969127 89.8 244
1712246979215 89.9 245
1712246989325 90.2 246
1712246999403 90.4 247
1712247009485 90.4 248
1712247019585 90.6 249
1712247029677 90.6 250
1712247039792 90.6 251
1712247049878 91.4 252
1712247059975 90.0 253
1712247070057 90.0 254
1712247080157 90.0 255
1712247090249 90.0 256
1712247100340 90.2 257
1712247110420 90.3 258
1712247120509 90.2 259
1712247130600 90.3 260
1712247140699 90.3 261
1712247150785 46.9 262
1712247160872 59.5 263
1712247170975 69.6 264
1712247181089 69.3 265
1712247191197 69.4 266
1712247201314 69.5 267
1712247211394 69.4 268
1712247221487 69.4 269
1712247231569 69.6 270
1712247241648 69.6 271
1712247251755 69.8 272
1712247261849 69.8 273
1712247271932 69.9 274
1712247282015 69.9 275
1712247292107 70.0 276
1712247302202 70.0 277
1712247312304 70.1 278
1712247322428 70.1 279
1712247332535 71.0 280
1712247342695 96.8 281
1712247352805 91.0 282
1712247362904 93.1 283
1712247373014 83.9 284
1712247383112 88.6 285
1712247393231 88.3 286
1712247403324 88.6 287
1712247413432 89.4 288
1712247423530 90.0 289
1712247433620 90.4 290
1712247443702 92.5 291
1712247453785 92.9 292
1712247463876 93.4 293
1712247473965 93.6 294
1712247484061 93.9 295
1712247494154 94.0 296
1712247504232 94.1 297
1712247514326 94.1 298
1712247524411 94.2 299
1712247534499 94.4 300
1712247544584 94.6 301
1712247554697 94.6 302
1712247564804 94.8 303
1712247574913 94.8 304
1712247585001 95.2 305
1712247595089 95.3 306
1712247605183 95.4 307
1712247615266 95.8 308
1712247625353 95.7 309
1712247635461 95.7 310
1712247645569 95.7 311
1712247655659 96.1 312
1712247665746 96.2 313
1712247675828 96.3 314
1712247685910 96.3 315
1712247696009 96.3 316
1712247706107 96.3 317
1712247716207 96.4 318
1712247726310 96.4 319
1712247736408 96.4 320
1712247746493 96.4 321
1712247756591 96.6 322
1712247766682 96.6 323
1712247776781 96.7 324
1712247786883 96.9 325
1712247796977 96.9 326
1712247807062 97.0 327
1712247817147 97.0 328
1712247827241 97.0 329
1712247837340 97.1 330
1712247847428 97.1 331
1712247857522 97.3 332
1712247867634 96.8 333
1712247877835 96.9 334
1712247887938 97.3 335
1712247898031 97.0 336
1712247908122 97.1 337
1712247918227 96.9 338
1712247928331 96.9 339
1712247938432 96.7 340
1712247948569 97.0 341
1712247958678 95.5 342
1712247968787 94.6 343
1712247978888 95.0 344
1712247988978 95.2 345
1712247999080 95.2 346
1712248009197 95.2 347
1712248019296 95.3 348
1712248029400 95.3 349
1712248039484 95.4 350
1712248049569 95.4 351
1712248059656 95.4 352
1712248069744 95.4 353
1712248079848 95.4 354
1712248089943 95.5 355
1712248100042 95.6 356
1712248110170 95.5 357
1712248120261 95.5 358
1712248130358 95.6 359
1712248140477 95.5 360
1712248150587 95.6 361
1712248160688 95.8 362
1712248170792 95.7 363
1712248180870 95.8 364
1712248190966 95.9 365
1712248201084 95.8 366
1712248211176 95.9 367
1712248221282 95.8 368
1712248231374 95.8 369
1712248241463 95.8 370
1712248251546 95.8 371
1712248261639 95.9 372
1712248271742 96.2 373
1712248281837 96.5 374
1712248291931 96.4 375
1712248302023 96.5 376
1712248312110 96.4 377
1712248322229 96.5 378
1712248332326 96.7 379
1712248342418 96.5 380
1712248352509 96.6 381
1712248362606 96.6 382
1712248372699 96.7 383
1712248382791 97.2 384
1712248392877 96.2 385
1712248402968 96.3 386
1712248413058 96.3 387
1712248423178 96.2 388
1712248433273 96.3 389
1712248443367 96.4 390
1712248453463 96.5 391
1712248463550 96.3 392
1712248473659 96.3 393
1712248483760 96.3 394
1712248493858 96.3 395
1712248503956 96.3 396
1712248514054 96.4 397
1712248524139 96.4 398
1712248534228 96.4 399
1712248544322 96.4 400
1712248554423 61.4 401
1712248564549 62.2 402
1712248574662 67.0 403
1712248584765 67.1 404
1712248594855 67.0 405
1712248604951 66.9 406
1712248615058 67.1 407
1712248625157 67.6 408
1712248635257 67.6 409
1712248645354 67.6 410
1712248655448 67.6 411
1712248665535 67.6 412
1712248675636 67.6 413
1712248685738 67.6 414
1712248695830 67.6 415
1712248706664 67.6 416
1712248716756 69.0 417
1712248726845 68.9 418
1712248737693 81.7 419
1712248747812 97.8 420
1712248757930 98.1 421
1712248768037 80.8 422
1712248778151 88.3 423
1712248788257 88.3 424
1712248798368 90.1 425
1712248808480 90.9 426
1712248818610 91.1 427
1712248828702 91.2 428
1712248838844 91.4 429
1712248848935 91.6 430
1712248859048 91.8 431
1712248869165 92.7 432
1712248879282 92.8 433
1712248889392 92.8 434
1712248899513 93.0 435
1712248909624 93.2 436
1712248919728 93.3 437
1712248929850 93.5 438
1712248939961 93.5 439
1712248950086 93.9 440
1712248960207 93.8 441
1712248970316 94.2 442
1712248980433 94.3 443
1712248990555 94.4 444
1712249000676 94.4 445
1712249010790 94.3 446
1712249020901 94.3 447
1712249031021 94.2 448
1712249041140 94.3 449
1712249051259 94.4 450
1712249061395 94.7 451
1712249071504 94.8 452
1712249081627 94.8 453
1712249091742 94.8 454
1712249101862 94.9 455
1712249111973 95.0 456
1712249122082 95.2 457
1712249132205 95.2 458
1712249142323 95.3 459
1712249152431 95.3 460
1712249162542 95.4 461
1712249172646 95.5 462
1712249182759 95.5 463
1712249192878 95.5 464
1712249202994 95.6 465
1712249213116 95.8 466
1712249223238 95.8 467
1712249233351 95.6 468
1712249243462 95.6 469
1712249253594 95.6 470
1712249263729 95.6 471
1712249273840 95.7 472
1712249283950 96.2 473
1712249294068 96.3 474
1712249304184 96.3 475
1712249314281 88.3 476
1712249324382 88.9 477
1712249334496 89.1 478
1712249344579 89.3 479
1712249354688 89.4 480
1712249364776 89.6 481
1712249374888 89.5 482
1712249384985 89.5 483
1712249395074 89.6 484
1712249405159 89.8 485
1712249415250 89.7 486
1712249425340 89.7 487
1712249435454 89.8 488
1712249445548 89.8 489
1712249455641 90.1 490
1712249465749 90.0 491
1712249475834 90.0 492
1712249486517 90.1 493
1712249496623 91.4 494
1712249506744 91.0 495
1712249516894 91.1 496
1712249527005 91.1 497
1712249537099 91.4 498
1712249547208 91.4 499
1712249557331 91.3 500
1712249567431 91.4 501
1712249577547 91.4 502
1712249587684 91.5 503
1712249597779 91.5 504
1712249607873 91.5 505
1712249617971 91.5 506
1712249628057 91.7 507
1712249638168 91.7 508
1712249648260 92.0 509
1712249658349 93.4 510
1712249668455 93.0 511
1712249678552 94.3 512
1712249688666 95.5 513
1712249698773 94.7 514
1712249708861 94.6 515
1712249718977 94.5 516
1712249729087 94.7 517
1712249739207 94.9 518
1712249749321 95.2 519
1712249759406 95.0 520
1712249769496 95.1 521
1712249779591 95.1 522
1712249789691 95.0 523
1712249799811 95.1 524
1712249809923 95.2 525
1712249820046 95.3 526
1712249830183 95.3 527
1712249840296 95.2 528
1712249850429 95.2 529
1712249860529 95.4 530
1712249870630 95.4 531
1712249880747 95.4 532
1712249890839 95.5 533
1712249900946 95.5 534
1712249911055 95.5 535
1712249921167 95.5 536
1712249931280 95.8 537
1712249941385 95.7 538
1712249951486 95.8 539
1712249961587 59.1 540
1712249971694 63.8 541
1712249981799 73.8 542
1712249991902 71.6 543
1712250002009 71.7 544
1712250012127 71.8 545
1712250022238 71.7 546
1712250032354 71.8 547
1712250042450 71.7 548
1712250052561 71.9 549
1712250062654 71.8 550
1712250072754 71.8 551
1712250082852 71.8 552
1712250092953 71.9 553
1712250103043 71.8 554
1712250113151 72.0 555
1712250123246 71.9 556
1712250133345 71.9 557
1712250143537 82.6 558
1712250153662 99.9 559
1712250163780 97.4 560
1712250173884 78.6 561
1712250183984 85.5 562
1712250194108 88.0 563
1712250204248 88.9 564
1712250214365 87.6 565
1712250224479 90.2 566
1712250234592 90.2 567
1712250244715 90.6 568
1712250254835 90.8 569
1712250264964 90.9 570
1712250275086 91.0 571
1712250285195 91.2 572
1712250295320 83.5 573
1712250305409 84.4 574
1712250315511 86.1 575
1712250325614 86.1 576
1712250335717 86.3 577
1712250345812 87.0 578
1712250355934 87.6 579
1712250366031 87.6 580
1712250376132 87.7 581
1712250386234 87.7 582
1712250396339 87.8 583
1712250406439 87.9 584
1712250416536 87.6 585
1712250426642 87.9 586
1712250436752 88.1 587
1712250446859 88.2 588
1712250456975 88.2 589
1712250467093 88.3 590
1712250477196 88.6 591
1712250487304 88.7 592
1712250497398 88.8 593
1712250507492 88.8 594
1712250517587 88.9 595
1712250527670 89.1 596
1712250537781 89.0 597
1712250547878 89.1 598
1712250557983 89.3 599
1712250568074 89.3 600
1712250578175 89.3 601
1712250588257 89.3 602
1712250598376 89.4 603
1712250608480 89.5 604
1712250618612 89.5 605
1712250628742 89.5 606
1712250638845 89.5 607
1712250648958 89.8 608
1712250659067 90.0 609
1712250669173 90.1 610
1712250679279 90.1 611
1712250689402 90.1 612
1712250699507 90.1 613
1712250709597 90.2 614
1712250719694 90.2 615
1712250729808 90.3 616
1712250739904 90.3 617
1712250749995 90.4 618
1712250760088 90.5 619
1712250770182 90.5 620
1712250780298 90.5 621
1712250790397 90.5 622
1712250800511 90.4 623
1712250810606 90.4 624
1712250820703 90.4 625
1712250830796 90.5 626
1712250840898 90.6 627
1712250850994 90.7 628
1712250861115 91.1 629
1712250871218 91.1 630
1712250881316 91.2 631
1712250891417 91.1 632
1712250901528 91.2 633
1712250911627 91.3 634
1712250921717 91.3 635
1712250931809 91.3 636
1712250941904 91.3 637
1712250951999 91.3 638
1712250962084 91.5 639
1712250972186 91.5 640
1712250982306 91.3 641
1712250992396 91.3 642
1712251002501 91.2 643
1712251012590 91.4 644
1712251022689 91.3 645
1712251032780 91.4 646
1712251042895 91.3 647
1712251052997 91.3 648
1712251063111 91.3 649
1712251073306 91.4 650
1712251083432 91.4 651
1712251093549 91.5 652
1712251103651 91.4 653
1712251113774 91.4 654
1712251123892 91.4 655
1712251133990 91.5 656
1712251144091 91.7 657
1712251154209 91.6 658
1712251164308 91.7 659
1712251174410 91.8 660
1712251184518 91.7 661
1712251194619 92.0 662
1712251204748 91.9 663
1712251214845 91.9 664
1712251224968 91.9 665
1712251235069 91.9 666
1712251245170 91.9 667
1712251255273 92.5 668
1712251265381 92.4 669
1712251275481 92.4 670
1712251285593 92.4 671
1712251295705 92.4 672
1712251305817 92.3 673
1712251315924 92.4 674
1712251326015 92.5 675
1712251336140 92.5 676
1712251346250 92.5 677
1712251356378 92.6 678
1712251366492 58.7 679
1712251376614 68.8 680
1712251386723 72.2 681
1712251396842 72.4 682
1712251406947 72.2 683
1712251417065 72.2 684
1712251427167 72.2 685
1712251437284 72.2 686
1712251447400 72.3 687
1712251457515 72.4 688
1712251467640 72.2 689
1712251477765 72.3 690
1712251487864 72.5 691
1712251497987 72.8 692
1712251508107 73.0 693
1712251518229 72.9 694
1712251528333 72.7 695
1712251538434 72.7 696
1712251548550 93.3 697
1712251558684 93.1 698
1712251568802 98.2 699
1712251578918 85.7 700
1712251589023 89.9 701
1712251599143 88.4 702
1712251609270 89.3 703
1712251619369 89.5 704
1712251629486 89.6 705
1712251639591 89.7 706
1712251649705 89.8 707
1712251659829 90.0 708
1712251669944 90.6 709
1712251680044 90.7 710
1712251690147 91.1 711
1712251700246 91.2 712
1712251710357 91.2 713
1712251720445 91.3 714
1712251730542 91.6 715
1712251740671 91.6 716
1712251750772 91.7 717
1712251760879 92.5 718
1712251770973 92.5 719
1712251781075 92.6 720
1712251791171 92.6 721
1712251801273 92.6 722
1712251811374 92.6 723
1712251821737 92.7 724
1712251831859 94.1 725
1712251841974 93.9 726
1712251852071 94.9 727
1712251862194 95.2 728
1712251872294 95.2 729
1712251882412 95.3 730
1712251892523 95.3 731
1712251902632 95.3 732
1712251912736 95.4 733
1712251922842 95.5 734
1712251932942 95.9 735
1712251943053 96.0 736
1712251953169 96.1 737
1712251963292 96.1 738
1712251973403 96.3 739
1712251983513 96.8 740
1712251993616 96.6 741
1712252003715 96.6 742
1712252013808 96.6 743
1712252023925 96.9 744
1712252034040 96.8 745
1712252044141 96.9 746
1712252054249 97.1 747
1712252064350 97.0 748
1712252074479 96.9 749
1712252084590 97.2 750
1712252094709 97.3 751
1712252104828 95.5 752
1712252114949 96.2 753
1712252125049 96.4 754
1712252135159 96.5 755
1712252145288 96.6 756
1712252155417 96.9 757
1712252165528 96.7 758
1712252175625 96.7 759
1712252185839 96.6 760
1712252195952 96.6 761
1712252206054 96.8 762
1712252216173 96.8 763
1712252226268 96.8 764
1712252236373 96.9 765
1712252246466 96.9 766
1712252256560 96.8 767
1712252266650 96.9 768
1712252276756 96.9 769
1712252286857 97.0 770
1712252296960 97.0 771
1712252307057 97.0 772
1712252317159 97.0 773
1712252327265 97.1 774
1712252337376 97.1 775
1712252347494 97.3 776
1712252357594 97.3 777
1712252367714 97.2 778
1712252377826 97.2 779
1712252387926 97.4 780
1712252398026 97.3 781
1712252408136 97.4 782
1712252418270 97.6 783
1712252428377 97.5 784
1712252438487 97.5 785
1712252448616 97.9 786
1712252458765 95.9 787
1712252468886 95.8 788
1712252478995 95.7 789
1712252489099 95.8 790
1712252499216 95.8 791
1712252509338 95.8 792
1712252519446 95.9 793
1712252529540 95.8 794
1712252539644 95.9 795
1712252549773 96.1 796
1712252559908 96.0 797
1712252570032 96.0 798
1712252580141 96.3 799
1712252590244 96.3 800
1712252600339 96.4 801
1712252610445 96.3 802
1712252620548 96.2 803
1712252630658 96.3 804
1712252640769 96.3 805
1712252650988 96.4 806
1712252661130 96.5 807
1712252671244 96.5 808
1712252681366 96.4 809
1712252691481 96.5 810
1712252701598 96.5 811
1712252711695 96.6 812
1712252721799 96.4 813
1712252731904 96.5 814
1712252742010 96.5 815
1712252752120 96.6 816
1712252762229 61.4 817
1712252772337 66.0 818
1712252782458 75.8 819
1712252792567 73.9 820
1712252802676 73.9 821
1712252812811 74.1 822
1712252822925 74.2 823
1712252833031 74.3 824
1712252843140 74.2 825
1712252853261 74.2 826
1712252863384 74.1 827
1712252873499 74.0 828
1712252883611 74.1 829
1712252893714 74.1 830
1712252903824 74.0 831
1712252913936 74.0 832
1712252924044 74.1 833
1712252934267 74.1 834
1712252944416 79.9 835
1712252954579 100.0 836
1712252964746 94.1 837
1712252974879 99.5 838
1712252985005 86.5 839
1712252995122 88.1 840
1712253005238 86.6 841
1712253015352 88.8 842
1712253025460 89.4 843
1712253035579 89.7 844
1712253045689 89.8 845
1712253055790 90.6 846
1712253065887 90.9 847
1712253076004 90.9 848
1712253086116 91.0 849
1712253096211 91.1 850
1712253106316 91.1 851
1712253116421 91.3 852
1712253126529 91.4 853
1712253136635 91.6 854
1712253146743 91.6 855
1712253156841 91.6 856
1712253166960 91.7 857
1712253177080 92.7 858
1712253187187 93.0 859
1712253197303 93.9 860
1712253207430 96.2 861
1712253217552 96.6 862
1712253227667 96.5 863
1712253237783 96.7 864
1712253247903 96.1 865
1712253258031 96.3 866
1712253268168 95.6 867
1712253278290 96.1 868
1712253288400 95.7 869
1712253298495 95.6 870
1712253308618 96.0 871
1712253318738 95.8 872
1712253328840 95.7 873
1712253338940 95.7 874
1712253349048 95.9 875
1712253359161 95.9 876
1712253369276 96.0 877
1712253379397 95.9 878
1712253389495 95.9 879
1712253399600 95.7 880
1712253409715 97.0 881
1712253419813 95.8 882
1712253429911 95.7 883
1712253440016 95.6 884
1712253450114 95.8 885
1712253460221 95.8 886
1712253470324 95.8 887
1712253480424 95.8 888
1712253490574 95.8 889
1712253500694 95.8 890
1712253510812 95.8 891
1712253520930 95.8 892
1712253531068 95.9 893
1712253541187 96.0 894
1712253551345 96.0 895
1712253561473 96.0 896
1712253571617 96.0 897
1712253581733 95.9 898
1712253591848 95.9 899
1712253601958 95.9 900
1712253612064 96.0 901
1712253622172 96.1 902
1712253632274 96.1 903
1712253642382 96.0 904
1712253652484 96.2 905
1712253662600 96.2 906
1712253672700 96.3 907
1712253682825 96.2 908
1712253692937 96.2 909
1712253703041 96.2 910
1712253713155 96.3 911
1712253723259 96.3 912
1712253733357 96.4 913
1712253743462 96.3 914
1712253753578 96.3 915
1712253763698 96.3 916
1712253773831 96.3 917
1712253783969 96.4 918
1712253794080 96.6 919
1712253804216 96.7 920
1712253814340 96.7 921
1712253824463 96.7 922
1712253834579 96.7 923
1712253844690 96.8 924
1712253854817 96.8 925
1712253864944 96.8 926
1712253875062 96.9 927
1712253885173 96.9 928
1712253895301 97.0 929
1712253905442 97.2 930
1712253915564 97.1 931
1712253925688 97.0 932
1712253935840 97.1 933
1712253945967 97.3 934
1712253956090 97.4 935
1712253966223 97.4 936
1712253976356 97.4 937
1712253986468 97.4 938
1712253996592 97.3 939
1712254006718 97.4 940
1712254016839 97.4 941
1712254026957 97.4 942
1712254037069 97.5 943
1712254047182 97.5 944
1712254057297 97.4 945
1712254067408 97.5 946
1712254077506 97.6 947
1712254087601 97.6 948
1712254097706 97.6 949
1712254107807 97.7 950
1712254117922 97.6 951
1712254128017 97.7 952
1712254138132 97.8 953
1712254148241 97.8 954
1712254158368 97.6 955
1712254168474 50.7 956
1712254178589 65.0 957
1712254188691 73.0 958
1712254198827 72.6 959
1712254208941 72.7 960
1712254219052 72.8 961
1712254229155 72.8 962
1712254239272 72.7 963
1712254249397 72.7 964
1712254259506 72.7 965
1712254269623 72.8 966
1712254279724 72.7 967
1712254289834 72.8 968
1712254299941 72.8 969
1712254310067 72.8 970
1712254320168 72.9 971
1712254330272 72.9 972
1712254340406 72.8 973
1712254350527 72.9 974
1712254360654 96.5 975
1712254370963 95.4 976
1712254381070 93.4 977
1712254391165 83.1 978
1712254401275 86.8 979
1712254411377 88.5 980
1712254421487 89.0 981
1712254431591 89.8 982
1712254441690 87.3 983
1712254451801 87.6 984
1712254461898 88.2 985
1712254472007 88.4 986
1712254482118 88.6 987
1712254492236 88.9 988
1712254502349 90.9 989
1712254512504 91.0 990
1712254522608 91.1 991
1712254532725 91.4 992
1712254542885 91.5 993
1712254553019 93.3 994
1712254563159 93.0 995
1712254573274 93.2 996
1712254583398 93.2 997
1712254593504 93.2 998
1712254603609 93.2 999
1712254613725 93.4 1000
1712254623844 93.5 1001
1712254633964 93.6 1002
1712254644084 94.1 1003
1712254654194 94.2 1004
1712254664304 94.2 1005
1712254674403 94.4 1006
1712254684510 94.6 1007
1712254694610 94.6 1008
1712254704724 94.6 1009
1712254714843 94.3 1010
1712254724944 94.4 1011
1712254735058 94.8 1012
1712254745173 95.0 1013
1712254755292 95.0 1014
1712254765413 95.0 1015
1712254775541 95.0 1016
1712254785663 95.0 1017
1712254795766 95.2 1018
1712254805874 95.4 1019
1712254816003 95.4 1020
1712254826136 93.6 1021
1712254836250 94.3 1022
1712254846367 94.7 1023
1712254856499 95.2 1024
1712254866618 95.2 1025
1712254876725 95.2 1026
1712254886857 95.5 1027
1712254896999 95.5 1028
1712254907120 95.6 1029
1712254917273 95.7 1030
1712254927386 95.8 1031
1712254937501 95.8 1032
1712254947624 95.8 1033
1712254957760 96.4 1034
1712254967864 96.6 1035
1712254977993 96.4 1036
1712254988123 96.5 1037
1712254998266 96.5 1038
1712255008388 96.6 1039
1712255018487 96.6 1040
1712255028614 96.7 1041
1712255038732 96.6 1042
1712255048863 96.6 1043
1712255058996 96.8 1044
1712255069116 96.6 1045
1712255079215 96.8 1046
1712255089329 97.0 1047
1712255099459 96.9 1048
1712255109567 97.0 1049
1712255119678 97.0 1050
1712255129791 97.1 1051
1712255139895 97.1 1052
1712255150053 96.8 1053
1712255160166 97.0 1054
1712255170270 97.0 1055
1712255180398 97.0 1056
1712255190516 96.9 1057
1712255200640 96.9 1058
1712255210770 97.1 1059
1712255220903 97.0 1060
1712255231038 97.1 1061
1712255241159 97.4 1062
1712255251266 97.4 1063
1712255261373 97.7 1064
1712255271482 94.5 1065
1712255281620 94.6 1066
1712255291748 94.6 1067
1712255301872 94.6 1068
1712255311978 94.6 1069
1712255322079 94.6 1070
1712255332196 94.8 1071
1712255342297 94.8 1072
1712255352406 94.8 1073
1712255362507 94.9 1074
1712255372628 94.9 1075
1712255382763 94.9 1076
1712255392899 94.9 1077
1712255403003 95.0 1078
1712255413111 95.1 1079
1712255423231 95.0 1080
1712255433342 95.1 1081
1712255443467 95.1 1082
1712255453611 95.5 1083
1712255463714 95.7 1084
1712255473825 95.6 1085
1712255483974 95.7 1086
1712255494098 95.7 1087
1712255504230 95.8 1088
1712255514363 95.8 1089
1712255524564 95.8 1090
1712255534667 96.0 1091
1712255544764 96.0 1092
1712255554898 96.0 1093
1712255565012 96.0 1094
1712255575113 50.6 1095
1712255585232 64.9 1096
1712255595334 74.8 1097
1712255605447 74.4 1098
1712255615571 74.4 1099
1712255625691 74.4 1100
1712255635826 74.5 1101
1712255645939 74.5 1102
1712255656051 74.6 1103
1712255666154 74.5 1104
1712255676278 74.5 1105
1712255686391 74.5 1106
1712255696496 74.6 1107
1712255706596 74.6 1108
1712255716698 74.6 1109
1712255726809 74.7 1110
1712255736920 75.2 1111
1712255747037 68.0 1112
1712255757143 68.4 1113
1712255767274 95.4 1114
1712255777395 92.2 1115
1712255787516 97.7 1116
1712255797633 83.2 1117
1712255807733 89.0 1118
1712255817847 88.6 1119
1712255827948 91.3 1120
1712255838074 91.8 1121
1712255848192 92.0 1122
1712255858711 92.2 1123
1712255868815 93.8 1124
1712255878945 93.6 1125
1712255889056 94.1 1126
1712255899160 94.2 1127
1712255909268 94.3 1128
1712255919372 94.4 1129
1712255929489 94.6 1130
1712255939606 94.7 1131
1712255949724 94.9 1132
1712255959840 95.3 1133
1712255969960 95.2 1134
1712255980071 95.2 1135
1712255990184 95.7 1136
1712256000290 95.8 1137
1712256010403 96.4 1138
1712256020504 96.3 1139
1712256030632 96.4 1140
1712256040756 96.4 1141
1712256050893 96.4 1142
1712256061008 96.8 1143
1712256071157 96.9 1144
1712256081272 96.8 1145
1712256091383 96.9 1146
1712256101495 96.9 1147
1712256111604 97.0 1148
1712256121732 97.0 1149
1712256131841 97.0 1150
1712256141945 97.0 1151
1712256152066 97.1 1152
1712256162189 96.7 1153
1712256172320 96.9 1154
1712256182443 97.0 1155
1712256192653 97.0 1156
1712256202765 97.0 1157
1712256212900 97.1 1158
1712256223021 97.1 1159
1712256233148 97.4 1160
1712256243279 97.6 1161
1712256253415 97.6 1162
1712256263532 97.0 1163
1712256273651 96.9 1164
1712256283801 96.9 1165
1712256293905 97.0 1166
1712256304035 97.1 1167
1712256314152 97.3 1168
1712256324257 97.4 1169
1712256334372 97.2 1170
1712256344479 97.3 1171
1712256354609 97.4 1172
1712256364724 97.3 1173
1712256374843 97.3 1174
1712256385056 97.3 1175
1712256395173 97.4 1176
1712256405304 97.4 1177
1712256415466 97.4 1178
1712256425587 97.5 1179
1712256435726 97.5 1180
1712256445858 97.5 1181
1712256455980 97.6 1182
1712256466091 97.6 1183
1712256476214 97.7 1184
1712256486363 97.7 1185
1712256496476 97.8 1186
1712256506597 97.7 1187
1712256516708 97.7 1188
1712256526834 97.7 1189
1712256536952 97.8 1190
1712256547072 97.9 1191
1712256557196 97.9 1192
1712256567314 97.1 1193
1712256577465 97.0 1194
1712256587607 97.0 1195
1712256597738 97.0 1196
1712256607875 97.0 1197
1712256618021 97.0 1198
1712256628130 97.1 1199
1712256638278 97.1 1200
1712256648394 94.5 1201
1712256658528 94.7 1202
1712256668640 94.7 1203
1712256678749 94.8 1204
1712256688875 94.8 1205
1712256698995 94.8 1206
1712256709101 94.9 1207
1712256719220 95.0 1208
1712256729328 95.0 1209
1712256739433 94.9 1210
1712256749567 95.0 1211
1712256759689 94.9 1212
1712256769825 95.1 1213
1712256779968 95.1 1214
1712256790103 95.2 1215
1712256800223 95.3 1216
1712256810333 95.3 1217
1712256820483 95.3 1218
1712256830616 95.3 1219
1712256840739 95.3 1220
1712256850848 95.6 1221
1712256861068 95.8 1222
1712256871220 95.9 1223
1712256881358 96.8 1224
1712256891487 96.8 1225
1712256901598 97.0 1226
1712256911706 97.2 1227
1712256921847 97.1 1228
1712256931966 97.2 1229
1712256942101 97.3 1230
1712256952240 97.4 1231
1712256962356 97.3 1232
1712256972471 97.3 1233
1712256982592 60.5 1234
1712256992751 70.6 1235
1712257002886 75.2 1236
1712257012998 75.4 1237
1712257023124 75.3 1238
1712257033242 75.3 1239
1712257043351 75.2 1240
1712257053561 75.1 1241
1712257063737 75.2 1242
1712257073848 75.3 1243
1712257083997 75.2 1244
1712257094123 75.3 1245
1712257104267 75.2 1246
1712257114453 75.2 1247
1712257124572 75.1 1248
1712257134702 75.2 1249
1712257144811 75.2 1250
1712257154982 75.3 1251
1712257165438 84.7 1252
1712257175620 97.7 1253
1712257185743 94.8 1254
1712257196269 81.6 1255
1712257206390 89.6 1256
1712257216499 91.3 1257
1712257226610 92.3 1258
1712257236739 92.6 1259
1712257246842 92.9 1260
1712257256956 93.4 1261
1712257267065 93.6 1262
1712257277186 93.8 1263
1712257287300 93.8 1264
1712257297419 93.8 1265
1712257307554 94.9 1266
1712257317671 94.9 1267
1712257327790 95.1 1268
1712257337908 95.1 1269
1712257348016 95.2 1270
1712257358118 95.2 1271
1712257368225 95.7 1272
1712257378345 95.9 1273
1712257388459 96.0 1274
1712257398568 96.4 1275
1712257408677 96.6 1276
1712257418788 96.6 1277
1712257428908 96.6 1278
1712257439025 96.6 1279
1712257449165 96.7 1280
1712257459291 97.0 1281
1712257469412 96.8 1282
1712257479529 96.8 1283
1712257489637 97.0 1284
1712257499751 97.0 1285
1712257509857 97.1 1286
1712257519977 97.2 1287
1712257530105 97.2 1288
1712257540328 97.4 1289
1712257550451 94.7 1290
1712257560569 95.2 1291
1712257570674 95.5 1292
1712257580789 95.5 1293
1712257590905 95.5 1294
1712257601036 95.6 1295
1712257611162 95.7 1296
1712257621290 95.6 1297
1712257631426 95.8 1298
1712257641568 95.7 1299
1712257651704 95.8 1300
1712257661836 95.8 1301
1712257671985 95.9 1302
1712257682114 96.2 1303
1712257692241 95.9 1304
1712257702358 96.1 1305
1712257712477 96.1 1306
1712257722623 96.1 1307
1712257732746 96.2 1308
1712257742878 96.2 1309
1712257752987 96.2 1310
1712257763112 96.3 1311
1712257773225 96.4 1312
1712257783372 96.3 1313
1712257793515 96.4 1314
1712257803645 96.4 1315
1712257813755 96.5 1316
1712257823891 96.5 1317
1712257834005 96.5 1318
1712257844138 96.5 1319
1712257854254 96.9 1320
1712257864387 96.9 1321
1712257874521 96.6 1322
1712257884673 96.6 1323
1712257894798 96.6 1324
1712257904929 96.5 1325
1712257915050 96.6 1326
1712257925182 96.7 1327
1712257935404 96.7 1328
1712257945551 96.9 1329
1712257955690 96.8 1330
1712257965823 96.8 1331
1712257975942 96.9 1332
1712257986088 97.0 1333
1712257996220 97.1 1334
1712258006365 97.1 1335
1712258016494 97.0 1336
1712258026624 97.0 1337
1712258036748 97.1 1338
1712258046873 97.2 1339
1712258057028 97.5 1340
1712258067183 97.3 1341
1712258077313 97.3 1342
1712258087443 97.4 1343
1712258097579 97.4 1344
1712258107818 97.4 1345
1712258117946 97.5 1346
1712258128069 97.5 1347
1712258138203 97.6 1348
1712258148331 97.7 1349
1712258158467 97.5 1350
1712258168612 97.6 1351
1712258178743 97.5 1352
1712258188867 97.5 1353
1712258199009 97.4 1354
1712258209152 97.5 1355
1712258219284 97.6 1356
1712258229413 97.7 1357
1712258239559 97.6 1358
1712258249698 97.6 1359
1712258259835 97.6 1360
1712258269945 97.7 1361
1712258280080 97.7 1362
1712258290198 97.9 1363
1712258300317 97.8 1364
1712258310427 97.9 1365
1712258320543 97.8 1366
1712258330676 97.9 1367
1712258340794 97.8 1368
1712258350931 97.9 1369
1712258361060 97.6 1370
1712258371196 97.7 1371
1712258381329 98.1 1372
1712258391490 62.6 1373
1712258401615 72.8 1374
1712258411751 75.5 1375
1712258421870 75.5 1376
1712258431973 75.5 1377
1712258442119 75.5 1378
1712258452262 76.2 1379
1712258462386 76.2 1380
1712258472500 69.1 1381
1712258482609 69.2 1382
1712258492722 69.3 1383
1712258502837 69.4 1384
1712258513038 69.5 1385
1712258523154 69.7 1386
1712258533289 69.8 1387
1712258543421 69.8 1388
1712258553545 70.1 1389
1712258563680 70.1 1390
1712258573829 94.4 1391
1712258583970 90.8 1392
1712258594112 95.4 1393
1712258604245 40.6 1394
1712258614553 35.4 1395
1712258624677 70.4 1396
1712258634807 87.5 1397
1712258644963 99.0 1398
1712258655708 79.6 1399
1712258665846 90.4 1400
1712258675982 90.8 1401
1712258686115 92.1 1402
1712258696222 92.6 1403
1712258706345 93.1 1404
1712258716478 93.4 1405
1712258726588 93.5 1406
1712258736725 93.8 1407
1712258746833 94.4 1408
1712258756946 94.8 1409
1712258767060 95.3 1410
1712258777167 95.4 1411
1712258787273 95.5 1412
1712258797381 95.4 1413
1712258807495 95.6 1414
1712258817610 95.6 1415
1712258827738 95.7 1416
1712258837852 95.8 1417
1712258847980 96.1 1418
1712258858119 96.0 1419
1712258868260 96.3 1420
1712258878389 96.4 1421
1712258888525 96.6 1422
1712258898654 96.6 1423
1712258908761 96.5 1424
1712258918901 96.5 1425
1712258929018 96.6 1426
1712258939155 96.7 1427
1712258949264 96.7 1428
1712258959367 96.9 1429
1712258969486 96.7 1430
1712258979610 96.7 1431
1712258989725 96.8 1432
1712258999856 96.7 1433
1712259009981 96.9 1434
1712259020087 96.9 1435
1712259030339 96.9 1436
1712259040454 96.9 1437
1712259050573 97.2 1438
1712259060707 97.3 1439
1712259070835 96.7 1440
1712259080956 96.8 1441
1712259091076 96.7 1442
1712259101215 96.7 1443
1712259111339 96.9 1444
1712259121460 96.9 1445
1712259131585 97.2 1446
1712259141708 97.2 1447
1712259151823 97.4 1448
1712259161954 97.3 1449
1712259172073 97.4 1450
1712259182188 97.3 1451
1712259192295 97.5 1452
1712259202414 97.5 1453
1712259212522 97.6 1454
1712259222652 97.5 1455
1712259232796 97.6 1456
1712259242931 97.7 1457
1712259253070 97.6 1458
1712259263187 97.5 1459
1712259273313 97.6 1460
1712259283425 97.5 1461
1712259293551 97.6 1462
1712259303682 97.7 1463
1712259313797 97.6 1464
1712259323911 97.7 1465
1712259334045 97.7 1466
1712259344157 97.7 1467
1712259354289 97.8 1468
1712259364406 97.7 1469
1712259374511 96.1 1470
1712259384626 96.3 1471
1712259394750 96.5 1472
1712259404874 96.6 1473
1712259415006 96.8 1474
1712259425154 96.8 1475
1712259435296 96.8 1476
1712259445433 96.9 1477
1712259455560 96.8 1478
1712259465688 96.8 1479
1712259475833 96.8 1480
1712259485977 96.9 1481
1712259496121 97.0 1482
1712259506239 96.9 1483
1712259516484 96.9 1484
1712259526620 96.9 1485
1712259536770 97.0 1486
1712259546899 97.0 1487
1712259557045 97.3 1488
1712259567164 96.9 1489
1712259577299 96.9 1490
1712259587416 97.0 1491
1712259597542 97.0 1492
1712259607679 97.2 1493
1712259617824 97.2 1494
1712259627947 97.1 1495
1712259638072 97.2 1496
1712259648194 97.2 1497
1712259658308 97.3 1498
1712259668428 97.3 1499
1712259678569 97.3 1500
1712259688683 97.2 1501
1712259698811 97.1 1502
1712259708965 97.2 1503
1712259719106 97.2 1504
1712259729259 97.2 1505
1712259739390 97.2 1506
1712259749529 97.2 1507
1712259759657 97.1 1508
1712259769793 97.2 1509
1712259779934 97.2 1510
1712259790059 97.3 1511
1712259800176 97.3 1512
1712259810440 97.4 1513
1712259820606 97.4 1514
1712259830785 97.5 1515
1712259840917 98.2 1516
1712259851052 62.7 1517
1712259861168 72.8 1518
1712259871282 72.4 1519
1712259881406 72.5 1520
1712259891553 72.6 1521
1712259901673 72.6 1522
1712259911782 73.0 1523
1712259921909 73.8 1524
1712259932026 73.8 1525
1712259942136 73.6 1526
1712259952247 73.7 1527
1712259962371 73.8 1528
1712259972505 73.9 1529
1712259982627 73.9 1530
1712259992754 73.8 1531
1712260002868 73.7 1532
1712260013003 73.8 1533
1712260023252 73.8 1534
1712260033399 94.8 1535
1712260043556 93.5 1536
1712260053705 99.9 1537
1712260063825 84.1 1538
1712260073978 88.0 1539
1712260084102 90.1 1540
1712260094220 87.8 1541
1712260104355 88.1 1542
1712260114475 88.2 1543
1712260124599 88.3 1544
1712260134713 88.5 1545
1712260144836 88.8 1546
1712260154967 89.0 1547
1712260165157 89.1 1548
1712260175286 89.1 1549
1712260185784 89.2 1550
1712260195945 91.2 1551
1712260206085 91.0 1552
1712260216235 91.1 1553
1712260226367 91.2 1554
1712260236478 91.2 1555
1712260246625 91.3 1556
1712260256746 93.6 1557
1712260266882 93.6 1558
1712260277025 94.5 1559
1712260287141 94.6 1560
1712260297288 85.9 1561
1712260307465 87.4 1562
1712260317613 87.8 1563
1712260327758 88.0 1564
1712260337901 88.0 1565
1712260348027 88.2 1566
1712260358151 88.2 1567
1712260368268 88.3 1568
1712260378398 88.5 1569
1712260388523 88.6 1570
1712260398653 88.7 1571
1712260408775 88.8 1572
1712260418908 88.9 1573
1712260429042 89.0 1574
1712260439169 89.1 1575
1712260449296 89.3 1576
1712260459469 89.6 1577
1712260469602 89.4 1578
1712260479728 89.6 1579
1712260489855 93.2 1580
1712260499963 93.6 1581
1712260510090 93.6 1582
1712260520226 93.7 1583
1712260530351 93.8 1584
1712260540477 94.0 1585
1712260550640 94.5 1586
1712260560747 94.4 1587
1712260570899 94.6 1588
1712260581028 94.5 1589
1712260591148 94.5 1590
1712260601269 94.5 1591
1712260611413 94.7 1592
1712260621561 94.6 1593
1712260631694 94.7 1594
1712260641858 94.6 1595
1712260651987 94.6 1596
1712260662131 94.6 1597
1712260672251 95.0 1598
1712260682370 95.1 1599
1712260692484 95.1 1600
1712260702758 95.0 1601
1712260712889 95.1 1602
1712260723011 95.0 1603
1712260733138 95.1 1604
1712260743264 95.1 1605
1712260753401 95.0 1606
1712260763522 94.9 1607
1712260773669 94.8 1608
1712260783795 94.8 1609
1712260793921 95.0 1610
1712260804032 95.0 1611
1712260814153 95.0 1612
1712260824290 95.1 1613
1712260834433 95.0 1614
1712260844556 95.0 1615
1712260854691 95.3 1616
1712260864815 95.2 1617
1712260874955 95.3 1618
1712260885085 95.2 1619
1712260895232 95.2 1620
1712260905382 95.3 1621
1712260915521 95.3 1622
1712260925637 95.4 1623
1712260935783 95.4 1624
1712260945909 95.3 1625
1712260956046 95.3 1626
1712260966180 95.3 1627
1712260976311 95.4 1628
1712260986452 95.5 1629
1712260996686 95.6 1630
1712261006826 95.5 1631
1712261016983 95.5 1632
1712261027134 95.5 1633
1712261037280 95.6 1634
1712261047409 95.7 1635
1712261057555 95.9 1636
1712261067713 95.8 1637
1712261077858 95.7 1638
1712261087994 95.9 1639
1712261098119 95.7 1640
1712261108259 95.8 1641
1712261118393 95.9 1642
1712261128532 95.9 1643
1712261138651 95.9 1644
1712261148774 96.0 1645
1712261158901 96.2 1646
1712261169037 96.2 1647
1712261179194 96.2 1648
1712261189322 96.4 1649
1712261199469 96.3 1650
1712261209704 96.3 1651
1712261219854 96.4 1652
1712261229979 96.4 1653
1712261240118 96.4 1654
1712261250238 61.1 1655
1712261260350 70.9 1656
1712261270478 74.7 1657
1712261280599 74.7 1658
1712261290758 74.7 1659
1712261300910 74.7 1660
1712261311043 74.8 1661
1712261321189 74.7 1662
1712261331313 74.7 1663
1712261341446 74.9 1664
1712261351575 74.8 1665
1712261361703 74.8 1666
1712261371831 74.8 1667
1712261381958 74.7 1668
1712261392070 74.8 1669
1712261402187 74.7 1670
1712261412315 74.9 1671
1712261422445 75.0 1672
1712261432607 86.6 1673
1712261442961 95.1 1674
1712261453122 95.8 1675
1712261463252 78.9 1676
1712261473396 84.9 1677
1712261483557 87.6 1678
1712261493690 88.6 1679
1712261504513 91.4 1680
1712261514668 90.7 1681
1712261524794 90.7 1682
1712261534940 90.9 1683
1712261545086 91.1 1684
1712261555212 91.5 1685
1712261565326 91.6 1686
1712261575491 92.0 1687
1712261585610 92.2 1688
1712261595775 92.3 1689
1712261605951 92.4 1690
1712261616092 92.4 1691
1712261626229 92.6 1692
1712261636375 92.8 1693
1712261646519 92.9 1694
1712261656660 93.5 1695
1712261666842 93.8 1696
1712261676968 93.8 1697
1712261687093 93.8 1698
1712261697233 93.9 1699
1712261707370 94.1 1700
1712261717505 94.2 1701
1712261727752 94.2 1702
1712261737878 94.3 1703
1712261748042 94.4 1704
1712261758166 94.5 1705
1712261768296 94.6 1706
1712261778430 94.6 1707
1712261788554 94.6 1708
1712261798681 94.6 1709
1712261808823 94.8 1710
1712261818986 94.8 1711
1712261829127 94.9 1712
1712261839274 94.9 1713
1712261849408 95.0 1714
1712261859550 94.9 1715
1712261869705 95.1 1716
1712261879843 95.1 1717
1712261889983 95.2 1718
1712261900111 95.3 1719
1712261910255 95.2 1720
1712261920386 95.2 1721
1712261930513 95.4 1722
1712261940634 95.4 1723
1712261950898 95.5 1724
1712261961038 95.6 1725
1712261971165 95.6 1726
1712261981322 95.6 1727
1712261991439 95.7 1728
1712262001586 95.7 1729
1712262011734 95.8 1730
1712262021889 95.8 1731
1712262032040 95.8 1732
1712262042189 95.7 1733
1712262052330 95.8 1734
1712262062464 96.0 1735
1712262072588 96.0 1736
1712262082722 95.9 1737
1712262092872 95.9 1738
1712262103046 94.9 1739
1712262113200 95.3 1740
1712262123371 95.5 1741
1712262133512 95.7 1742
1712262143677 95.6 1743
1712262153826 95.9 1744
1712262163985 95.9 1745
1712262174151 96.0 1746
1712262184438 96.0 1747
1712262194598 96.0 1748
1712262204755 96.3 1749
1712262214886 96.3 1750
1712262225018 96.1 1751
1712262235166 96.2 1752
1712262245324 96.2 1753
1712262255453 96.3 1754
1712262265588 96.3 1755
1712262275740 96.2 1756
1712262285887 96.3 1757
1712262296039 96.3 1758
1712262306177 96.5 1759
1712262316314 96.6 1760
1712262326478 96.5 1761
1712262336626 96.5 1762
1712262346791 96.5 1763
1712262356940 96.6 1764
1712262367087 96.7 1765
1712262377217 96.7 1766
1712262387365 96.7 1767
1712262397497 96.7 1768
1712262407653 96.7 1769
1712262417791 96.8 1770
1712262427935 96.8 1771
1712262438197 96.8 1772
1712262448325 96.9 1773
1712262458470 96.9 1774
1712262468619 97.0 1775
1712262478757 97.0 1776
1712262488916 97.1 1777
1712262499086 97.1 1778
1712262509207 97.1 1779
1712262519333 97.0 1780
1712262529470 97.1 1781
1712262539604 97.2 1782
1712262549735 97.3 1783
1712262559857 97.3 1784
1712262569997 97.2 1785
1712262580140 97.1 1786
1712262590273 97.2 1787
1712262600404 97.1 1788
1712262610528 97.2 1789
1712262620669 97.2 1790
1712262630796 97.2 1791
1712262641082 97.1 1792
1712262651223 50.3 1793
1712262661350 67.3 1794
1712262671483 77.5 1795
1712262681608 77.4 1796
1712262691742 77.2 1797
1712262701866 77.2 1798
1712262711981 77.5 1799
1712262722111 78.2 1800
1712262732226 78.5 1801
1712262742374 78.6 1802
1712262752523 78.5 1803
1712262762664 78.5 1804
1712262772811 78.5 1805
1712262782930 78.5 1806
1712262793181 78.7 1807
1712262803309 78.6 1808
1712262813443 78.7 1809
1712262823613 78.5 1810
1712262833750 78.4 1811
1712262843888 95.4 1812
1712262854118 86.3 1813
1712262864265 75.8 1814
1712262874413 85.7 1815
1712262884552 88.4 1816
1712262894710 90.0 1817
1712262904837 88.9 1818
1712262914954 89.2 1819
1712262925074 89.4 1820
1712262935195 89.6 1821
1712262945317 89.8 1822
1712262955437 90.9 1823
1712262966185 91.2 1824
1712262976333 93.1 1825
1712262986479 92.7 1826
1712262996609 92.7 1827
1712263006741 92.8 1828
1712263016890 93.1 1829
1712263027014 93.2 1830
1712263037139 93.3 1831
1712263047257 93.5 1832
1712263057382 93.7 1833
1712263067538 93.8 1834
1712263077656 94.1 1835
1712263087785 94.2 1836
1712263097917 94.4 1837
1712263108045 94.4 1838
1712263118324 94.5 1839
1712263128487 95.0 1840
1712263138642 95.0 1841
1712263148798 95.2 1842
1712263158946 95.4 1843
1712263169095 95.2 1844
1712263179227 95.2 1845
1712263189358 94.0 1846
1712263199494 94.1 1847
1712263209623 94.3 1848
1712263219760 94.2 1849
1712263229894 94.2 1850
1712263240038 94.2 1851
1712263250178 94.7 1852
1712263260305 94.5 1853
1712263270444 94.8 1854
1712263280673 94.8 1855
1712263290827 94.8 1856
1712263300963 94.8 1857
1712263311102 95.0 1858
1712263321221 95.1 1859
1712263331370 95.2 1860
1712263341528 95.4 1861
1712263351691 95.5 1862
1712263361828 95.5 1863
1712263371956 95.9 1864
1712263382078 95.9 1865
1712263392201 96.0 1866
1712263402344 96.0 1867
1712263412484 96.1 1868
1712263422618 96.1 1869
1712263432759 96.2 1870
1712263442891 96.2 1871
1712263453178 96.3 1872
1712263463330 96.2 1873
1712263473459 96.2 1874
1712263483623 96.2 1875
1712263493751 96.2 1876
1712263503875 96.2 1877
1712263513994 96.2 1878
1712263524138 96.3 1879
1712263534260 96.3 1880
1712263544396 96.7 1881
1712263554522 96.8 1882
1712263564642 96.9 1883
1712263574765 96.8 1884
1712263584940 96.7 1885
1712263595090 96.7 1886
1712263605338 96.7 1887
1712263615502 96.8 1888
1712263625667 96.9 1889
1712263635803 96.8 1890
1712263645939 96.8 1891
1712263656103 96.8 1892
1712263666228 96.8 1893
1712263676388 96.9 1894
1712263686531 97.1 1895
1712263696670 97.0 1896
1712263706814 97.0 1897
1712263716939 97.0 1898
1712263727085 97.0 1899
1712263737216 97.2 1900
1712263747346 97.3 1901
1712263757590 97.4 1902
1712263767709 97.2 1903
1712263777835 97.2 1904
1712263787971 97.3 1905
1712263798099 97.3 1906
1712263808248 97.4 1907
1712263818377 97.4 1908
1712263828513 97.3 1909
1712263838651 97.4 1910
1712263848793 97.5 1911
1712263858938 97.5 1912
1712263869073 97.6 1913
1712263879202 97.6 1914
1712263889322 97.6 1915
1712263899470 97.6 1916
1712263909735 97.7 1917
1712263919891 97.7 1918
1712263930023 97.8 1919
1712263940165 97.8 1920
1712263950296 97.8 1921
1712263960452 97.9 1922
1712263970617 97.9 1923
1712263980741 97.9 1924
1712263990883 97.9 1925
1712264001039 97.9 1926
1712264011178 97.8 1927
1712264021321 97.8 1928
1712264031490 97.9 1929
1712264041657 97.9 1930
1712264051788 86.9 1931
1712264061940 67.5 1932
1712264072200 77.4 1933
1712264082361 77.2 1934
1712264092511 81.3 1935
1712264102637 79.5 1936
1712264112806 79.8 1937
1712264122966 79.7 1938
1712264133108 79.7 1939
1712264143276 79.8 1940
1712264153443 80.5 1941
1712264163587 80.4 1942
1712264173709 80.4 1943
1712264183831 80.4 1944
1712264193964 80.4 1945
1712264204107 80.3 1946
1712264214265 80.5 1947
1712264224432 80.5 1948
1712264234691 80.4 1949
1712264244868 96.0 1950
1712264255048 89.7 1951
1712264265254 75.5 1952
1712264275411 84.4 1953
1712264285602 88.6 1954
1712264295751 89.0 1955
1712264305886 89.6 1956
1712264316066 89.8 1957
1712264326252 90.0 1958
1712264336381 90.9 1959
1712264346522 91.1 1960
1712264356658 91.6 1961
1712264366794 91.6 1962
1712264376942 91.8 1963
1712264387135 92.0 1964
1712264397404 92.2 1965
1712264407555 92.5 1966
1712264417713 92.5 1967
1712264427843 92.6 1968
1712264437974 92.6 1969
1712264448116 92.9 1970
1712264458270 93.5 1971
1712264468407 93.6 1972
1712264478548 94.5 1973
1712264488672 94.4 1974
1712264498827 94.7 1975
1712264508974 95.5 1976
1712264519133 95.2 1977
1712264529269 95.3 1978
1712264539399 95.4 1979
1712264549536 95.4 1980
1712264559685 95.4 1981
1712264569810 95.7 1982
1712264579932 95.7 1983
1712264590087 95.8 1984
1712264600218 96.1 1985
1712264610350 96.2 1986
1712264620510 96.2 1987
1712264630658 96.3 1988
1712264640794 96.5 1989
1712264650917 96.6 1990
1712264661056 96.6 1991
1712264671208 96.7 1992
1712264681334 96.9 1993
1712264691465 97.2 1994
1712264701601 97.4 1995
1712264711749 97.5 1996
1712264721899 97.5 1997
1712264732044 97.5 1998
1712264742193 97.6 1999
1712264752333 96.9 2000
1712264762476 97.1 2001
1712264772606 97.2 2002
1712264782751 97.2 2003
1712264792899 97.2 2004
1712264803024 97.2 2005
1712264813175 97.3 2006
1712264823297 97.4 2007
1712264833426 97.5 2008
1712264843569 97.5 2009
1712264853695 97.5 2010
1712264863960 97.5 2011
1712264874122 97.7 2012
1712264884248 97.6 2013
1712264894397 97.7 2014
1712264904544 97.8 2015
1712264914689 97.7 2016
1712264924817 97.7 2017
1712264934956 97.8 2018
1712264945113 97.8 2019
1712264955241 97.9 2020
1712264965422 97.7 2021
1712264975593 97.7 2022
1712264985743 97.6 2023
1712264995926 97.7 2024
1712265006109 97.7 2025
1712265016287 97.7 2026
1712265026453 97.7 2027
1712265036649 92.5 2028
1712265046839 93.9 2029
1712265057011 94.6 2030
1712265067197 94.8 2031
1712265077369 94.9 2032
1712265087528 94.9 2033
1712265097692 94.9 2034
1712265107855 95.1 2035
1712265118014 95.0 2036
1712265128179 95.2 2037
1712265138313 95.0 2038
1712265148460 94.7 2039
1712265158597 94.8 2040
1712265168747 95.0 2041
1712265178873 95.3 2042
1712265189027 95.4 2043
1712265199148 95.4 2044
1712265209292 95.4 2045
1712265219421 95.5 2046
1712265229556 95.6 2047
1712265239693 95.6 2048
1712265249855 95.7 2049
1712265260026 96.1 2050
1712265270166 95.9 2051
1712265280352 96.0 2052
1712265290502 96.0 2053
1712265300657 95.8 2054
1712265310809 95.9 2055
1712265321077 95.9 2056
1712265331245 96.0 2057
1712265341385 96.0 2058
1712265351516 96.1 2059
1712265361650 96.2 2060
1712265371778 96.2 2061
1712265381921 96.2 2062
1712265392068 96.2 2063
1712265402197 96.1 2064
1712265412332 96.2 2065
1712265422526 96.3 2066
1712265432671 96.4 2067
1712265442802 96.4 2068
1712265452939 96.4 2069
1712265463094 60.8 2070
1712265473224 70.0 2071
1712265483372 74.5 2072
1712265493509 74.5 2073
1712265503682 74.5 2074
1712265513851 74.5 2075
1712265524017 74.7 2076
1712265534182 74.8 2077
1712265544330 74.8 2078
1712265554485 74.8 2079
1712265564640 74.7 2080
1712265574762 74.6 2081
1712265584891 74.6 2082
1712265595035 74.9 2083
1712265605198 75.9 2084
1712265615354 75.9 2085
1712265625481 75.8 2086
1712265635761 75.7 2087
1712265646005 96.1 2088
1712265656390 94.1 2089
1712265666546 98.1 2090
1712265676712 44.7 2091
1712265686854 36.5 2092
1712265697003 46.7 2093
1712265707161 84.2 2094
1712265717346 96.5 2095
1712265727480 80.4 2096
1712265737607 86.6 2097
1712265747766 88.7 2098
1712265757894 88.0 2099
1712265768073 88.6 2100
1712265778212 89.1 2101
1712265789017 89.4 2102
1712265799146 91.5 2103
1712265809271 92.9 2104
1712265819409 93.1 2105
1712265829529 93.2 2106
1712265839677 93.2 2107
1712265849823 93.4 2108
1712265859959 93.8 2109
1712265870094 93.7 2110
1712265880216 93.7 2111
1712265890338 93.9 2112
1712265900468 94.1 2113
1712265910594 94.4 2114
1712265920736 94.4 2115
1712265930872 94.7 2116
1712265941008 94.7 2117
1712265951239 95.0 2118
1712265961368 94.9 2119
1712265971506 95.1 2120
1712265981638 95.0 2121
1712265991776 95.1 2122
1712266001899 95.1 2123
1712266012020 95.3 2124
1712266022159 95.3 2125
1712266032301 95.5 2126
1712266042424 95.5 2127
1712266052580 93.6 2128
1712266062715 94.3 2129
1712266072853 94.7 2130
1712266082984 94.9 2131
1712266093118 95.0 2132
1712266103243 95.1 2133
1712266113480 95.4 2134
1712266123617 95.5 2135
1712266133747 95.6 2136
1712266143892 95.8 2137
1712266154056 95.8 2138
1712266164215 96.0 2139
1712266174351 95.9 2140
1712266184481 96.0 2141
1712266194605 96.4 2142
1712266204743 96.5 2143
1712266214868 96.7 2144
1712266225015 96.5 2145
1712266235143 96.8 2146
1712266245274 97.1 2147
1712266255406 97.2 2148
1712266265554 97.3 2149
1712266275695 97.2 2150
1712266285823 97.2 2151
1712266295964 97.1 2152
1712266306107 97.1 2153
1712266316236 97.1 2154
1712266326374 97.2 2155
1712266336515 97.5 2156
1712266346661 97.5 2157
1712266356799 97.5 2158
1712266366936 97.5 2159
1712266377079 97.6 2160
1712266387324 97.7 2161
1712266397449 97.8 2162
1712266407594 97.8 2163
1712266417746 97.8 2164
1712266427917 97.9 2165
1712266438040 97.8 2166
1712266448165 97.9 2167
1712266458315 98.0 2168
1712266468465 97.9 2169
1712266478595 97.9 2170
1712266488734 98.0 2171
1712266498861 98.0 2172
1712266508999 98.0 2173
1712266519137 98.0 2174
1712266529263 98.1 2175
1712266539401 98.2 2176
1712266549553 98.2 2177
1712266559686 98.0 2178
1712266569846 98.0 2179
1712266579990 98.0 2180
1712266590227 98.0 2181
1712266600374 98.0 2182
1712266610505 98.2 2183
1712266620626 98.1 2184
1712266630756 98.2 2185
1712266640931 97.9 2186
1712266651087 97.9 2187
1712266661224 98.0 2188
1712266671367 98.0 2189
1712266681499 98.1 2190
1712266691635 98.1 2191
1712266701775 98.1 2192
1712266711929 98.1 2193
1712266722084 98.1 2194
1712266732319 98.1 2195
1712266742448 98.2 2196
1712266752591 98.2 2197
1712266762733 98.0 2198
1712266772885 98.0 2199
1712266783035 97.9 2200
1712266793173 97.9 2201
1712266803303 98.0 2202
1712266813433 98.0 2203
1712266823575 98.0 2204
1712266833710 97.9 2205
1712266844022 97.9 2206
1712266854173 97.8 2207
1712266864311 97.8 2208
1712266874458 97.7 2209
1712266884604 97.7 2210
1712266894765 97.7 2211
1712266904928 97.8 2212
1712266915079 97.8 2213
1712266925274 97.9 2214
1712266935585 97.3 2215
1712266945764 61.6 2216
1712266955937 70.1 2217
1712266966093 72.6 2218
1712266976229 72.7 2219
1712266986353 73.0 2220
1712266996486 73.1 2221
1712267006616 73.0 2222
1712267016841 73.1 2223
1712267026972 73.2 2224
1712267037139 73.2 2225
1712267047277 73.4 2226
1712267057425 73.7 2227
1712267067564 73.4 2228
1712267077686 73.5 2229
1712267087845 73.7 2230
1712267097981 73.7 2231
1712267108105 73.8 2232
1712267118239 73.8 2233
1712267128425 96.7 2234
1712267138603 89.8 2235
1712267148749 78.4 2236
1712267158909 85.8 2237
1712267169068 89.1 2238
1712267179215 89.9 2239
1712267189366 88.6 2240
1712267199517 89.0 2241
1712267209687 89.3 2242
1712267219861 89.5 2243
1712267230018 90.6 2244
1712267240186 90.7 2245
1712267250339 91.0 2246
1712267260480 91.0 2247
1712267270643 91.4 2248
1712267280778 91.7 2249
1712267290909 92.0 2250
1712267301042 92.3 2251
1712267311191 92.2 2252
1712267321372 92.4 2253
1712267331517 92.6 2254
1712267341654 92.7 2255
1712267351794 92.8 2256
1712267361940 92.8 2257
1712267372068 92.9 2258
1712267383126 94.4 2259
1712267393265 95.9 2260
1712267403436 95.1 2261
1712267413597 95.2 2262
1712267423739 95.1 2263
1712267433882 95.2 2264
1712267444041 95.2 2265
1712267454174 95.5 2266
1712267464319 95.5 2267
1712267474461 95.5 2268
1712267484612 95.6 2269
1712267494773 95.6 2270
1712267504930 95.7 2271
1712267515060 95.6 2272
1712267525202 95.7 2273
1712267535367 95.8 2274
1712267545520 95.9 2275
1712267555657 95.9 2276
1712267565797 95.9 2277
1712267575957 96.1 2278
1712267586203 96.3 2279
1712267596411 96.3 2280
1712267606565 96.4 2281
1712267616714 96.5 2282
1712267626866 96.5 2283
1712267637009 96.6 2284
1712267647151 96.8 2285
1712267657303 97.0 2286
1712267667454 97.1 2287
1712267677659 97.3 2288
1712267687836 97.2 2289
1712267698000 97.9 2290
1712267708148 98.2 2291
1712267718291 98.1 2292
1712267728543 98.0 2293
1712267738756 98.0 2294
1712267748918 98.3 2295
1712267759068 97.9 2296
1712267769192 98.0 2297
1712267779329 98.0 2298
1712267789499 98.0 2299
1712267799644 98.0 2300
1712267809806 97.8 2301
1712267819959 97.8 2302
1712267830092 97.8 2303
1712267840357 97.8 2304
1712267850499 97.8 2305
1712267860631 94.1 2306
1712267870779 95.8 2307
1712267880935 96.5 2308
1712267891093 96.7 2309
1712267901222 96.7 2310
1712267911362 96.8 2311
1712267921492 96.8 2312
1712267931767 96.9 2313
1712267941932 97.2 2314
1712267952075 96.9 2315
1712267962234 97.0 2316
1712267972362 97.0 2317
1712267982485 97.1 2318
1712267992690 97.1 2319
1712268002961 97.1 2320
1712268013100 97.2 2321
1712268023250 97.2 2322
1712268033406 97.2 2323
1712268043557 97.3 2324
1712268053706 97.6 2325
1712268063839 97.5 2326
1712268074003 97.3 2327
1712268084145 97.3 2328
1712268094314 97.2 2329
1712268104459 97.3 2330
1712268114597 97.4 2331
1712268124747 97.5 2332
1712268134887 97.5 2333
1712268145034 97.5 2334
1712268155192 97.5 2335
1712268165354 97.6 2336
1712268175499 97.7 2337
1712268185628 97.7 2338
1712268195772 97.8 2339
1712268205898 97.8 2340
1712268216031 97.8 2341
1712268226162 97.9 2342
1712268236309 97.8 2343
1712268246462 97.9 2344
1712268256599 97.9 2345
1712268266744 97.8 2346
1712268276891 97.8 2347
1712268287037 97.8 2348
1712268297291 97.9 2349
1712268307423 98.0 2350
1712268317557 98.0 2351
1712268327698 98.0 2352
1712268337831 98.1 2353
1712268348017 98.1 2354
1712268358199 98.8 2355
1712268368361 64.6 2356
1712268378506 74.5 2357
1712268388648 77.7 2358
1712268398801 77.9 2359
1712268408938 78.0 2360
1712268419074 78.0 2361
1712268429215 78.0 2362
1712268439508 77.9 2363
1712268449646 77.8 2364
1712268459808 77.8 2365
1712268469965 77.9 2366
1712268480121 77.9 2367
1712268490264 77.9 2368
1712268500411 77.9 2369
1712268510551 77.8 2370
1712268520698 77.8 2371
1712268530872 77.9 2372
1712268541057 77.9 2373
1712268551238 98.2 2374
1712268561926 94.8 2375
1712268572120 98.0 2376
1712268582277 81.2 2377
1712268592425 88.6 2378
1712268602563 90.1 2379
1712268612704 91.9 2380
1712268622853 92.2 2381
1712268633000 92.4 2382
1712268643178 92.5 2383
1712268653328 93.1 2384
1712268663478 93.3 2385
1712268673753 93.3 2386
1712268683905 93.4 2387
1712268694076 93.4 2388
1712268704251 94.9 2389
1712268714407 95.2 2390
1712268724567 95.4 2391
1712268734711 95.4 2392
1712268744848 95.4 2393
1712268755032 95.5 2394
1712268765216 96.2 2395
1712268775391 96.6 2396
1712268785577 96.7 2397
1712268795873 96.8 2398
1712268806051 96.8 2399
1712268816238 96.8 2400
1712268826391 96.7 2401
1712268836550 95.3 2402
1712268846701 95.4 2403
1712268856850 96.1 2404
1712268867023 95.9 2405
1712268877169 95.9 2406
1712268887325 96.0 2407
1712268897472 96.2 2408
1712268907633 96.4 2409
1712268917897 96.4 2410
1712268928055 96.5 2411
1712268938218 96.6 2412
1712268948373 96.8 2413
1712268958529 97.0 2414
1712268968676 97.0 2415
1712268978841 97.0 2416
1712268988981 97.0 2417
1712268999121 97.0 2418
1712269009292 97.0 2419
1712269019450 97.0 2420
1712269029711 97.2 2421
1712269039865 97.2 2422
1712269050021 97.2 2423
1712269060164 97.2 2424
1712269070325 97.4 2425
1712269080468 97.4 2426
1712269090621 97.6 2427
1712269100762 97.6 2428
1712269110902 97.6 2429
1712269121057 97.6 2430
1712269131216 97.7 2431
1712269141372 97.7 2432
1712269151622 97.8 2433
1712269161785 97.8 2434
1712269171942 97.7 2435
1712269182091 97.7 2436
1712269192273 97.7 2437
1712269202454 97.6 2438
1712269212628 97.8 2439
1712269222816 97.8 2440
1712269232974 97.8 2441
1712269243124 97.8 2442
1712269253265 98.0 2443
1712269263428 97.6 2444
1712269273698 97.6 2445
1712269283860 97.6 2446
1712269294009 97.6 2447
1712269304192 97.6 2448
1712269314330 97.7 2449
1712269324487 97.8 2450
1712269334631 97.8 2451
1712269344787 97.8 2452
1712269354938 97.2 2453
1712269365116 97.2 2454
1712269375272 97.3 2455
1712269385416 97.4 2456
1712269395669 97.4 2457
1712269405834 97.4 2458
1712269416000 97.3 2459
1712269426146 97.4 2460
1712269436333 97.5 2461
1712269446493 97.6 2462
1712269456637 97.7 2463
1712269466793 97.4 2464
1712269476956 97.4 2465
1712269487128 97.4 2466
1712269497294 97.5 2467
1712269507444 97.7 2468
1712269517716 97.6 2469
1712269527873 97.7 2470
1712269538017 97.6 2471
1712269548173 97.7 2472
1712269558352 97.6 2473
1712269568519 97.7 2474
1712269578668 97.6 2475
1712269588814 97.7 2476
1712269598968 97.6 2477
1712269609154 97.7 2478
1712269619315 97.8 2479
1712269629571 97.9 2480
1712269639742 97.9 2481
1712269649896 97.9 2482
1712269660047 97.9 2483
1712269670204 98.0 2484
1712269680371 98.0 2485
1712269690539 98.2 2486
1712269700708 98.2 2487
1712269710856 98.2 2488
1712269721029 98.2 2489
1712269731358 98.0 2490
1712269741543 98.0 2491
1712269751730 97.7 2492
1712269761895 97.6 2493
1712269772075 97.5 2494
1712269782260 97.5 2495
1712269792430 53.7 2496
1712269802581 68.6 2497
1712269812750 78.6 2498
1712269823024 78.1 2499
1712269833196 78.2 2500
1712269843355 78.1 2501
1712269853510 78.6 2502
1712269863672 78.7 2503
1712269873838 78.6 2504
1712269884018 78.6 2505
1712269894163 78.5 2506
1712269904356 78.5 2507
1712269914506 78.6 2508
1712269924652 78.6 2509
1712269934815 78.8 2510
1712269944974 78.8 2511
1712269955128 78.8 2512
1712269966103 78.8 2513
1712269976296 84.6 2514
1712269986532 93.7 2515
1712269996833 95.3 2516
1712270007496 91.8 2517
1712270017672 87.3 2518
1712270027858 90.9 2519
1712270038033 92.5 2520
1712270048215 93.3 2521
1712270058370 93.7 2522
1712270068535 93.7 2523
1712270078683 93.9 2524
1712270088831 94.2 2525
1712270099093 94.3 2526
1712270109241 94.4 2527
1712270119393 94.5 2528
1712270129556 94.6 2529
1712270139718 94.7 2530
1712270149874 94.9 2531
1712270160033 95.4 2532
1712270170197 95.6 2533
1712270180363 95.5 2534
1712270190624 95.7 2535
1712270200778 95.7 2536
1712270210920 95.8 2537
1712270221063 95.7 2538
1712270231224 95.9 2539
1712270241377 95.9 2540
1712270251554 96.0 2541
1712270261729 96.0 2542
1712270271882 96.1 2543
1712270282039 96.2 2544
1712270292222 96.4 2545
1712270302379 96.3 2546
1712270312544 96.4 2547
1712270322694 96.4 2548
1712270332842 96.5 2549
1712270343017 96.5 2550
1712270353183 96.6 2551
1712270363344 96.7 2552
1712270373601 96.7 2553
1712270383758 96.7 2554
1712270393916 96.9 2555
1712270404070 97.2 2556
1712270414223 97.2 2557
1712270424417 97.2 2558
1712270434572 97.2 2559
1712270444739 97.3 2560
1712270455005 97.6 2561
1712270465153 97.5 2562
1712270475304 97.6 2563
1712270485462 97.6 2564
1712270495657 97.6 2565
1712270505816 97.6 2566
1712270515979 97.7 2567
1712270526132 97.8 2568
1712270536299 97.8 2569
1712270546578 97.6 2570
1712270556730 97.6 2571
1712270566917 97.6 2572
1712270577090 97.7 2573
1712270587245 97.8 2574
1712270597413 97.8 2575
1712270607579 97.8 2576
1712270617733 97.8 2577
1712270627906 97.9 2578
1712270638177 97.9 2579
1712270648342 91.0 2580
1712270658505 94.1 2581
1712270668657 94.8 2582
1712270678811 95.2 2583
1712270688976 95.4 2584
1712270699141 95.4 2585
1712270709344 95.5 2586
1712270719499 95.6 2587
1712270729760 95.7 2588
1712270739933 95.7 2589
1712270750093 95.7 2590
1712270760251 95.9 2591
1712270770408 96.0 2592
1712270780572 96.0 2593
1712270790736 96.0 2594
1712270800900 96.0 2595
1712270811093 96.0 2596
1712270821347 96.1 2597
1712270831542 96.2 2598
1712270841721 96.2 2599
1712270851892 96.1 2600
1712270862069 96.2 2601
1712270872251 96.2 2602
1712270882431 96.2 2603
1712270892604 96.4 2604
1712270902798 96.3 2605
1712270913022 96.4 2606
1712270923216 96.4 2607
1712270933312 97.1 2608
1712270943398 97.4 2609
1712270953591 97.3 2610
1712270963693 97.5 2611
1712270973811 97.5 2612
1712270983990 95.4 2613
1712270994081 95.9 2614
1712271004348 97.1 2615
1712271014565 94.6 2616
1712271024670 94.2 2617
1712271034788 94.6 2618
1712271044906 93.7 2619
1712271055036 95.0 2620
1712271065153 94.7 2621
1712271075331 95.1 2622
1712271085462 94.6 2623
1712271095746 94.7 2624
1712271105918 95.6 2625
1712271116126 95.4 2626
1712271126322 95.8 2627
1712271136493 95.6 2628
1712271146675 95.7 2629
1712271156789 95.9 2630
1712271166963 95.9 2631
1712271177259 96.1 2632
1712271187440 96.2 2633
1712271197642 96.3 2634
1712271207820 96.3 2635
1712271217948 95.8 2636
1712271228148 56.8 2637
1712271238361 66.2 2638
1712271248551 76.2 2639
1712271258730 80.6 2640
1712271269053 80.3 2641
1712271279187 80.9 2642
1712271289363 82.2 2643
1712271299538 82.7 2644
1712271309712 82.6 2645
1712271319898 82.6 2646
1712271330063 82.6 2647
1712271340165 82.6 2648
1712271350360 83.0 2649
1712271360641 82.9 2650
1712271370843 83.0 2651
1712271381035 83.0 2652
1712271391233 78.1 2653
1712271401361 78.0 2654
1712271411593 78.2 2655
1712271421948 94.4 2656
1712271432151 97.3 2657
1712271442354 98.0 2658
1712271452552 81.4 2659
1712271463274 87.3 2660
1712271473472 89.4 2661
1712271483650 90.1 2662
1712271493853 90.6 2663
1712271504026 91.1 2664
1712271514193 91.2 2665
1712271524292 91.5 2666
1712271534472 92.4 2667
1712271544805 92.7 2668
1712271554991 92.3 2669
1712271565175 92.5 2670
1712271575367 94.4 2671
1712271585473 94.5 2672
1712271595653 95.4 2673
1712271605829 95.5 2674
1712271616016 95.8 2675
1712271626212 95.7 2676
1712271636493 95.8 2677
1712271646613 95.9 2678
1712271656800 96.4 2679
1712271666984 96.5 2680
1712271677164 96.6 2681
1712271687371 96.7 2682
1712271697563 96.7 2683
1712271707658 97.1 2684
1712271717839 97.0 2685
1712271728124 97.0 2686
1712271738308 97.1 2687
1712271748487 97.1 2688
1712271758608 97.2 2689
1712271768793 97.4 2690
1712271779016 97.6 2691
1712271789212 97.0 2692
1712271799413 96.9 2693
1712271809608 97.0 2694
1712271819916 96.8 2695
1712271830097 96.8 2696
1712271840283 96.9 2697
1712271850469 97.0 2698
1712271860652 97.2 2699
1712271870828 97.2 2700
1712271881020 97.2 2701
1712271891198 97.5 2702
1712271901395 97.7 2703
1712271911714 97.8 2704
1712271921892 98.0 2705
1712271932076 98.0 2706
1712271942244 98.0 2707
1712271952433 97.6 2708
1712271962629 97.6 2709
1712271972833 97.8 2710
1712271983017 97.8 2711
1712271993206 97.9 2712
1712272003388 98.1 2713
1712272013571 98.1 2714
1712272023778 98.1 2715
1712272033968 98.2 2716
1712272044151 98.2 2717
1712272054348 98.1 2718
1712272064536 98.2 2719
1712272074728 98.0 2720
1712272084904 98.2 2721
1712272095219 98.2 2722
1712272105401 97.5 2723
1712272115620 97.5 2724
1712272125809 97.6 2725
1712272135988 97.6 2726
1712272146161 97.7 2727
1712272156368 97.8 2728
1712272166534 97.5 2729
1712272176718 97.6 2730
1712272186997 97.7 2731
1712272197201 97.8 2732
1712272207406 97.9 2733
1712272217612 97.9 2734
1712272227787 98.0 2735
1712272237927 98.1 2736
1712272248123 97.9 2737
1712272258276 97.5 2738
1712272268404 97.7 2739
1712272278754 97.5 2740
1712272288885 97.5 2741
1712272298995 97.5 2742
1712272309178 97.5 2743
1712272319297 97.6 2744
1712272329398 97.7 2745
1712272339518 97.8 2746
1712272349718 97.9 2747
1712272359960 97.4 2748
1712272370087 97.5 2749
1712272380269 97.7 2750
1712272390371 97.7 2751
1712272400466 97.8 2752
1712272410673 97.9 2753
1712272420793 97.9 2754
1712272430895 98.1 2755
1712272441098 97.7 2756
1712272451368 97.8 2757
1712272461480 97.8 2758
1712272471678 97.9 2759
1712272481784 94.6 2760
1712272491898 94.7 2761
1712272502090 94.8 2762
1712272512243 95.1 2763
1712272522337 95.1 2764
1712272532518 95.2 2765
1712272542740 95.2 2766
1712272552941 95.4 2767
1712272563123 92.5 2768
1712272573324 93.8 2769
1712272583522 93.9 2770
1712272593722 89.4 2771
1712272603847 89.5 2772
1712272614052 89.7 2773
1712272624259 89.9 2774
1712272634560 89.9 2775
1712272644734 90.0 2776
1712272654956 90.0 2777
1712272665061 47.5 2778
1712272675324 59.8 2779
1712272685512 70.4 2780
1712272695693 73.5 2781
1712272705875 73.5 2782
1712272716059 73.5 2783
1712272726291 74.3 2784
1712272736477 74.4 2785
1712272746665 74.5 2786
1712272756853 74.7 2787
1712272767040 74.6 2788
1712272777218 74.6 2789
1712272787344 74.7 2790
1712272797536 74.7 2791
1712272807722 74.8 2792
1712272817994 74.7 2793
1712272828171 74.8 2794
1712272838279 74.8 2795
1712272848489 75.1 2796
1712272858737 87.9 2797
1712272868960 99.4 2798
1712272879208 87.3 2799
1712272889436 71.6 2800
1712272899545 32.8 2801
1712272910238 44.6 2802
1712272921030 77.1 2803
1712272931266 97.2 2804
1712272941485 98.1 2805
1712272951674 84.2 2806
1712272961792 90.1 2807
1712272971981 91.7 2808
1712272982173 92.5 2809
1712272992365 93.0 2810
1712273002677 93.4 2811
1712273012889 93.7 2812
1712273023014 93.7 2813
1712273033219 93.9 2814
1712273043403 94.0 2815
1712273053597 94.5 2816
1712273063782 94.8 2817
1712273073966 94.7 2818
1712273084074 94.8 2819
1712273094382 95.0 2820
1712273104605 95.1 2821
1712273114797 95.2 2822
1712273124984 95.6 2823
1712273135182 95.8 2824
1712273145297 96.2 2825
1712273155501 96.3 2826
1712273165685 96.1 2827
1712273175863 96.3 2828
1712273186192 96.2 2829
1712273196394 96.4 2830
1712273206483 96.5 2831
1712273216673 96.6 2832
1712273226857 96.7 2833
1712273237032 96.7 2834
1712273247239 96.7 2835
1712273257402 96.8 2836
1712273267520 96.9 2837
1712273277718 97.1 2838
1712273288058 97.3 2839
1712273298241 97.4 2840
1712273308422 97.4 2841
1712273318524 97.5 2842
1712273328692 97.7 2843
1712273338903 97.9 2844
1712273349090 97.5 2845
1712273359372 97.8 2846
1712273369555 97.6 2847
1712273379674 97.6 2848
1712273389863 97.8 2849
1712273400069 97.6 2850
1712273410260 97.6 2851
1712273420448 96.8 2852
1712273430633 96.6 2853
1712273440750 96.7 2854
1712273450938 97.0 2855
1712273461235 97.0 2856
1712273471432 96.6 2857
1712273481624 96.8 2858
1712273491814 96.7 2859
1712273501955 96.8 2860
1712273512155 96.9 2861
1712273522344 96.9 2862
1712273532536 97.0 2863
1712273542734 97.3 2864
1712273553053 97.2 2865
1712273563145 97.2 2866
1712273573322 97.4 2867
1712273583504 97.6 2868
1712273593697 97.5 2869
1712273603933 97.4 2870
1712273614243 97.4 2871
1712273624336 97.4 2872
1712273634518 97.5 2873
1712273644698 97.7 2874
1712273654889 97.6 2875
1712273665080 97.2 2876
1712273675386 97.1 2877
1712273685502 97.1 2878
1712273695718 97.1 2879
1712273705912 97.3 2880
1712273716120 97.3 2881
1712273726311 97.4 2882
1712273736515 97.5 2883
1712273746628 97.6 2884
1712273756828 97.6 2885
1712273767011 97.6 2886
1712273777208 97.7 2887
1712273787520 97.7 2888
1712273797725 97.8 2889
1712273807913 97.9 2890
1712273818124 97.2 2891
1712273828293 97.2 2892
1712273838472 97.3 2893
1712273848661 97.3 2894
1712273858780 97.3 2895
1712273869102 97.4 2896
1712273879330 97.5 2897
1712273889521 97.1 2898
1712273899706 97.2 2899
1712273909891 97.2 2900
1712273919999 97.1 2901
1712273930202 97.3 2902
1712273940512 97.3 2903
1712273950720 97.4 2904
1712273960825 97.1 2905
1712273970987 96.3 2906
1712273981124 98.7 2907
1712273991248 97.3 2908
1712274001834 97.0 2909
1712274011939 97.0 2910
1712274022039 96.2 2911
1712274032218 96.6 2912
1712274042314 96.6 2913
1712274052441 96.8 2914
1712274062600 96.8 2915
1712274072793 96.9 2916
1712274082950 96.9 2917
1712274093109 96.9 2918
1712274103333 96.8 2919
1712274113521 97.5 2920
1712274123694 63.6 2921
1712274133847 73.3 2922
1712274144046 81.8 2923
1712274154196 83.1 2924
1712274164285 83.8 2925
1712274174441 84.0 2926
1712274184590 84.0 2927
1712274194882 83.8 2928
1712274205064 83.8 2929
1712274215226 84.3 2930
1712274225328 84.2 2931
1712274235514 84.3 2932
1712274245670 83.8 2933
1712274255834 83.8 2934
1712274266142 84.5 2935
1712274276297 84.6 2936
1712274286404 84.5 2937
1712274296571 84.6 2938
1712274306738 84.7 2939
1712274317023 84.7 2940
1712274327215 81.4 2941
1712274337378 81.5 2942
1712274347481 81.6 2943
1712274357637 81.6 2944
1712274367789 81.7 2945
1712274377953 81.7 2946
1712274388113 81.8 2947
1712274398204 78.3 2948
1712274408370 78.5 2949
1712274418548 78.8 2950
1712274430801 79.2 2951
1712274440978 94.0 2952
1712274451177 93.4 2953
1712274461267 95.3 2954
1712274471484 97.5 2955
1712274481660 86.7 2956
1712274491818 90.5 2957
1712274501985 92.6 2958
1712274512153 93.6 2959
1712274522889 93.9 2960
1712274533056 96.9 2961
1712274543226 96.3 2962
1712274553411 96.8 2963
1712274563588 97.1 2964
1712274573741 97.6 2965
1712274583980 97.6 2966
1712274594136 97.9 2967
1712274604302 98.2 2968
1712274614492 97.7 2969
1712274624655 95.5 2970
1712274634815 95.8 2971
1712274645021 96.2 2972
1712274655187 96.0 2973
1712274665357 96.2 2974
1712274675522 96.3 2975
1712274685714 96.5 2976
1712274695889 96.8 2977
1712274705988 96.8 2978
1712274716175 96.7 2979
1712274726345 96.9 2980
1712274736526 96.9 2981
1712274746691 97.0 2982
1712274756978 97.1 2983
1712274767075 97.1 2984
1712274777257 97.2 2985
1712274787439 97.3 2986
1712274797609 97.6 2987
1712274807789 97.9 2988
1712274817892 97.8 2989
1712274828081 98.0 2990
1712274838381 97.9 2991
1712274848549 98.0 2992
1712274858718 97.9 2993
1712274868879 97.8 2994
1712274878982 97.7 2995
1712274889169 97.7 2996
1712274899334 98.0 2997
1712274909622 98.2 2998
1712274919799 98.6 2999
1712274929995 98.6 3000
1712274940093 98.7 3001
1712274950295 98.9 3002
1712274960467 98.9 3003
1712274970800 98.9 3004
1712274981004 98.4 3005
1712274991178 97.3 3006
1712275001278 97.4 3007
1712275011443 97.4 3008
1712275021605 96.7 3009
1712275031772 97.1 3010
1712275041941 97.4 3011
1712275052111 97.6 3012
1712275062201 97.7 3013
1712275072511 97.9 3014
1712275082692 97.9 3015
1712275092853 98.1 3016
1712275103033 98.0 3017
1712275113214 98.1 3018
1712275123311 98.1 3019
1712275133509 98.1 3020
1712275143682 97.9 3021
1712275153860 98.3 3022
1712275164156 97.8 3023
1712275174358 97.6 3024
1712275184457 97.8 3025
1712275194632 94.5 3026
1712275204803 95.1 3027
1712275214959 95.3 3028
1712275225244 95.3 3029
1712275235406 94.3 3030
1712275245529 94.5 3031
1712275255699 94.9 3032
1712275265894 94.9 3033
1712275276062 94.9 3034
1712275286345 94.9 3035
1712275296511 94.9 3036
1712275306609 94.9 3037
1712275316782 95.0 3038
1712275326958 95.1 3039
1712275337141 95.2 3040
1712275347313 95.9 3041
1712275357484 96.0 3042
1712275367590 96.2 3043
1712275377748 96.2 3044
1712275387923 96.3 3045
1712275398227 96.5 3046
1712275408424 96.4 3047
1712275418527 96.4 3048
1712275428702 96.6 3049
1712275438859 96.6 3050
1712275449036 96.5 3051
1712275459214 96.7 3052
1712275469396 96.5 3053
1712275479604 96.5 3054
1712275489780 96.5 3055
1712275500011 96.6 3056
1712275510184 96.8 3057
1712275520350 97.2 3058
1712275530511 97.6 3059
1712275540601 97.5 3060
1712275550897 97.6 3061
1712275561067 97.0 3062
1712275571235 97.1 3063
1712275581397 97.2 3064
1712275591571 97.2 3065
1712275601669 97.3 3066
1712275611842 97.5 3067
1712275622135 97.4 3068
1712275632328 97.4 3069
1712275642499 98.3 3070
1712275652668 63.0 3071
1712275662773 73.6 3072
1712275672937 77.4 3073
1712275683294 77.2 3074
1712275693474 82.8 3075
1712275703634 81.9 3076
1712275713799 81.8 3077
1712275723901 82.5 3078
1712275734064 82.6 3079
1712275744334 82.6 3080
1712275754508 82.6 3081
1712275764672 82.6 3082
1712275774832 82.5 3083
1712275784932 82.4 3084
1712275795095 82.9 3085
1712275805254 82.8 3086
1712275815522 82.9 3087
1712275825697 83.0 3088
1712275835861 83.1 3089
1712275845954 82.9 3090
1712275856127 83.2 3091
1712275866293 83.2 3092
1712275876573 83.2 3093
1712275886741 83.2 3094
1712275896897 83.2 3095
1712275906996 83.2 3096
1712275917160 83.2 3097
1712275927333 83.3 3098
1712275937606 83.3 3099
1712275947760 83.5 3100
1712275957885 83.6 3101
1712275968207 95.7 3102
1712275978399 95.6 3103
1712275988607 96.2 3104
1712275999312 97.2 3105
1712276009505 86.5 3106
1712276019608 90.8 3107
1712276029819 93.3 3108
1712276040419 94.3 3109
1712276050608 95.5 3110
1712276060778 97.4 3111
1712276071068 98.2 3112
1712276081165 98.6 3113
1712276091348 98.2 3114
1712276101519 96.9 3115
1712276111686 96.9 3116
1712276121865 97.1 3117
1712276132035 94.9 3118
1712276142258 96.2 3119
1712276152426 97.0 3120
1712276162606 97.4 3121
1712276172771 97.9 3122
1712276182947 97.9 3123
1712276193108 97.6 3124
1712276203211 97.8 3125
1712276213393 97.8 3126
1712276223659 97.5 3127
1712276233846 97.6 3128
1712276244018 97.7 3129
1712276254195 97.6 3130
1712276264295 97.6 3131
1712276274484 97.3 3132
1712276284676 94.6 3133
1712276294978 94.7 3134
1712276305169 94.7 3135
1712276315333 95.9 3136
1712276325429 96.0 3137
1712276335600 96.1 3138
1712276345770 96.0 3139
1712276355976 96.1 3140
1712276366279 96.1 3141
1712276376446 96.2 3142
1712276386542 96.1 3143
1712276396713 96.2 3144
1712276406873 91.3 3145
1712276417074 92.0 3146
1712276427269 92.5 3147
1712276437565 92.7 3148
1712276447696 93.1 3149
1712276457866 93.5 3150
1712276468044 93.9 3151
1712276478237 94.1 3152
1712276488414 94.2 3153
1712276498526 94.4 3154
1712276508835 94.7 3155
1712276519017 94.9 3156
1712276529194 95.0 3157
1712276539402 94.9 3158
1712276549602 95.0 3159
1712276559705 95.3 3160
1712276569890 95.4 3161
1712276580176 95.5 3162
1712276590346 95.9 3163
1712276600502 95.9 3164
1712276610664 95.9 3165
1712276620761 95.9 3166
1712276630950 96.0 3167
1712276641125 96.0 3168
1712276651289 96.0 3169
1712276661598 96.0 3170
1712276671766 96.0 3171
1712276681871 96.1 3172
1712276692051 96.2 3173
1712276702237 96.1 3174
1712276712411 96.2 3175
1712276722711 96.3 3176
1712276732909 96.3 3177
1712276743007 96.3 3178
1712276753184 91.2 3179
1712276763370 91.3 3180
1712276773528 91.9 3181
1712276783697 92.2 3182
1712276793883 92.4 3183
1712276803974 92.8 3184
1712276814267 93.2 3185
1712276824451 93.5 3186
1712276834632 93.9 3187
1712276844835 94.1 3188
1712276854995 94.3 3189
1712276865096 94.6 3190
1712276875401 95.6 3191
1712276885603 96.0 3192
1712276895776 96.3 3193
1712276905964 96.5 3194
1712276916177 96.6 3195
1712276926289 96.7 3196
1712276936585 96.9 3197
1712276946777 96.9 3198
1712276956951 97.2 3199
1712276967121 96.9 3200
1712276977320 96.8 3201
1712276987431 96.9 3202
1712276997744 96.9 3203
1712277007935 97.2 3204
1712277018156 97.2 3205
1712277028370 97.1 3206
1712277038493 96.8 3207
1712277048656 97.3 3208
1712277058967 96.4 3209
1712277069141 96.3 3210
1712277079347 96.6 3211
1712277089513 96.7 3212
1712277099617 94.5 3213
1712277109903 94.9 3214
1712277120089 95.2 3215
1712277130277 95.4 3216
1712277140447 96.2 3217
1712277150627 95.9 3218
1712277160752 96.1 3219
1712277171105 96.8 3220
1712277181299 65.3 3221
1712277191484 75.7 3222
1712277201661 79.0 3223
1712277211845 79.1 3224
1712277221947 79.2 3225
1712277232208 79.1 3226
1712277242382 79.4 3227
1712277252559 79.2 3228
1712277262731 79.3 3229
1712277272920 79.5 3230
1712277283011 79.5 3231
1712277293292 79.6 3232
1712277303460 81.1 3233
1712277313645 80.0 3234
1712277323818 80.2 3235
1712277334012 80.1 3236
1712277344198 80.1 3237
1712277354367 80.4 3238
1712277364530 80.3 3239
1712277374699 80.2 3240
1712277384878 80.1 3241
1712277395043 80.0 3242
1712277405235 80.0 3243
1712277415412 80.0 3244
1712277425571 80.1 3245
1712277435744 80.1 3246
1712277445919 80.3 3247
1712277456090 80.1 3248
1712277466294 80.2 3249
1712277476485 80.1 3250
1712277486668 80.2 3251
1712277497043 92.2 3252
1712277507249 95.0 3253
1712277517505 97.4 3254
1712277528566 99.8 3255
1712277538812 78.9 3256
1712277548993 91.3 3257
1712277559184 96.2 3258
1712277569362 97.1 3259
1712277579467 97.6 3260
1712277589744 97.6 3261
1712277599924 97.9 3262
1712277610101 97.5 3263
1712277620277 96.7 3264
1712277630444 97.2 3265
1712277640548 95.0 3266
1712277650834 95.7 3267
1712277661004 96.4 3268
1712277671181 97.0 3269
1712277681367 97.1 3270
1712277691546 97.2 3271
1712277701652 97.2 3272
1712277711821 97.3 3273
1712277721988 97.5 3274
1712277732180 97.6 3275
1712277742381 97.4 3276
1712277752552 97.4 3277
1712277762761 97.4 3278
1712277772950 97.6 3279
1712277783130 92.2 3280
1712277793304 92.7 3281
1712277803509 93.1 3282
1712277813696 93.2 3283
1712277823924 93.5 3284
1712277834100 93.8 3285
1712277844261 94.7 3286
1712277854443 95.1 3287
1712277864639 95.4 3288
1712277874824 95.4 3289
1712277885051 95.9 3290
1712277895231 96.0 3291
1712277905417 96.1 3292
1712277915594 96.2 3293
1712277925770 96.2 3294
1712277935941 96.2 3295
1712277946156 96.4 3296
1712277956322 96.7 3297
1712277966492 94.9 3298
1712277976684 95.8 3299
1712277986858 96.1 3300
1712277997141 96.1 3301
1712278007247 96.0 3302
1712278017422 96.1 3303
1712278027621 96.2 3304
1712278037790 96.2 3305
1712278047974 96.2 3306
1712278058189 96.3 3307
1712278068407 96.4 3308
1712278078607 96.3 3309
1712278088789 96.2 3310
1712278098965 96.3 3311
1712278109147 96.3 3312
1712278119360 96.5 3313
1712278129540 96.5 3314
1712278139721 96.5 3315
1712278149898 96.4 3316
1712278160064 96.7 3317
1712278170230 96.5 3318
1712278180458 96.5 3319
1712278190651 96.5 3320
1712278200842 96.6 3321
1712278211024 96.7 3322
1712278221198 96.7 3323
1712278231380 96.7 3324
1712278241610 96.7 3325
1712278251796 96.9 3326
1712278261983 96.8 3327
1712278272175 96.9 3328
1712278282362 96.9 3329
1712278292659 97.0 3330
1712278302774 96.9 3331
1712278312961 97.0 3332
1712278323136 97.0 3333
1712278333333 97.0 3334
1712278343518 97.0 3335
1712278353819 97.0 3336
1712278363922 97.1 3337
1712278374113 97.1 3338
1712278384281 97.2 3339
1712278394466 97.2 3340
1712278404659 97.2 3341
1712278414948 97.4 3342
1712278425068 97.5 3343
1712278435273 97.4 3344
1712278445471 97.6 3345
1712278455676 97.6 3346
1712278465871 97.1 3347
1712278476177 97.1 3348
1712278486327 97.1 3349
1712278496532 97.5 3350
1712278506710 97.4 3351
1712278516916 97.9 3352
1712278527090 97.8 3353
1712278537417 98.0 3354
1712278547541 98.3 3355
1712278557743 98.0 3356
1712278567915 98.4 3357
1712278578081 98.3 3358
1712278588381 98.3 3359
1712278598515 98.2 3360
1712278608722 98.2 3361
1712278618956 97.8 3362
1712278629137 97.8 3363
1712278639330 97.6 3364
1712278649625 97.7 3365
1712278659741 97.7 3366
1712278669926 97.7 3367
1712278680125 97.8 3368
1712278690317 97.7 3369
1712278700522 97.8 3370
1712278710814 62.0 3371
1712278720923 68.9 3372
1712278731115 78.9 3373
1712278741295 77.0 3374
1712278751494 77.1 3375
1712278761662 77.2 3376
1712278771986 77.2 3377
1712278782092 83.5 3378
1712278792265 82.4 3379
1712278802446 82.6 3380
1712278812620 83.3 3381
1712278822798 83.3 3382
1712278833099 83.3 3383
1712278843205 83.3 3384
1712278853386 83.5 3385
1712278863557 83.4 3386
1712278873722 81.3 3387
1712278883886 81.2 3388
1712278894051 81.5 3389
1712278904157 81.4 3390
1712278914321 81.6 3391
1712278924503 81.4 3392
1712278934674 81.4 3393
1712278944962 81.3 3394
1712278955131 81.3 3395
1712278965228 81.3 3396
1712278975400 81.3 3397
1712278985568 81.5 3398
1712278995743 81.4 3399
1712279006041 81.6 3400
1712279016215 82.3 3401
1712279026320 82.2 3402
