1712244508274 7169.8 0
1712244518360 10029.7 1
1712244528436 15835.4 2
1712244538533 15731.4 3
1712244548607 15557.7 4
1712244558673 15113.6 5
1712244568785 16244.5 6
1712244578817 16483.2 7
1712244588855 16464.3 8
1712244598921 16413.3 9
1712244608999 16437.6 10
1712244619073 16434.9 11
1712244629137 16423.3 12
1712244639226 16419.8 13
1712244649309 15214.9 14
1712244659384 14621.0 15
1712244669488 14866.4 16
1712244679585 14890.0 17
1712244689655 14904.9 18
1712244699757 14925.9 19
1712244709834 14967.1 20
1712244719901 14971.5 21
1712244729967 14995.1 22
1712244740044 15005.5 23
1712244750113 15035.0 24
1712244760184 15010.5 25
1712244770256 15027.8 26
1712244780326 15207.0 27
1712244790404 15278.9 28
1712244800472 15293.3 29
1712244810566 15225.6 30
1712244820665 15240.1 31
1712244830731 15246.4 32
1712244840793 15387.7 33
1712244850897 15357.0 34
1712244860982 15575.5 35
1712244871051 15471.0 36
1712244881129 15458.3 37
1712244891192 15551.1 38
1712244901264 15500.2 39
1712244911355 15508.8 40
1712244921387 15781.0 41
1712244931459 15829.7 42
1712244941492 15799.6 43
1712244951578 15105.5 44
1712244961610 15129.5 45
1712244971651 15158.4 46
1712244981753 15214.2 47
1712244991792 15428.1 48
1712245001824 15764.6 49
1712245011877 15748.8 50
1712245021907 15867.0 51
1712245031940 15933.7 52
1712245041966 15977.4 53
1712245051992 15932.1 54
1712245062024 15926.0 55
1712245072064 15926.6 56
1712245082141 15922.0 57
1712245092210 15933.2 58
1712245102277 15936.3 59
1712245112355 15934.3 60
1712245122383 15933.6 61
1712245132456 15943.4 62
1712245142551 15947.9 63
1712245152621 15964.0 64
1712245162698 15969.5 65
1712245172787 15858.6 66
1712245182815 15845.0 67
1712245192895 15851.4 68
1712245202978 15885.4 69
1712245213077 15871.7 70
1712245223156 15837.7 71
1712245233240 15843.6 72
1712245243269 15233.3 73
1712245253350 14958.6 74
1712245263440 14966.6 75
1712245273520 14801.5 76
1712245283596 14802.4 77
1712245293688 14800.4 78
1712245303721 14819.4 79
1712245313788 14748.3 80
1712245323880 14752.5 81
1712245333954 14783.5 82
1712245344026 14772.8 83
1712245354100 14758.4 84
1712245364129 14816.6 85
1712245374226 14804.6 86
1712245384330 14819.6 87
1712245394416 14831.2 88
1712245404530 14831.3 89
1712245414632 14821.5 90
1712245424666 14833.4 91
1712245434760 14854.5 92
1712245444827 14871.9 93
1712245454915 14895.0 94
1712245465002 14913.0 95
1712245475074 14903.6 96
1712245485109 14904.7 97
1712245495210 14885.5 98
1712245505295 14896.4 99
1712245515386 14913.1 100
1712245525474 14922.9 101
1712245535556 14920.2 102
1712245545593 14922.4 103
1712245555703 14786.8 104
1712245565806 14827.7 105
1712245575905 14801.1 106
1712245586007 14815.3 107
1712245596109 14807.5 108
1712245606149 14809.1 109
1712245616241 14819.9 110
1712245626332 14829.3 111
1712245636417 14836.2 112
1712245646528 14830.8 113
1712245656609 14831.5 114
1712245666639 14836.4 115
1712245676721 14852.7 116
1712245686826 14866.4 117
1712245696927 14877.4 118
1712245707002 14882.0 119
1712245717090 14884.3 120
1712245727118 14879.5 121
1712245737194 14882.1 122
1712245747295 9081.9 123
1712245757388 9965.2 124
1712245767488 11612.1 125
1712245777583 11363.1 126
1712245787612 11357.8 127
1712245797638 11970.6 128
1712245807723 12019.2 129
1712245817759 11990.2 130
1712245827798 12145.3 131
1712245837829 12156.2 132
1712245847864 12126.3 133
1712245857939 12126.7 134
1712245868037 12121.1 135
1712245878122 12120.2 136
1712245888227 12107.6 137
1712245898255 12090.9 138
1712245908344 12093.7 139
1712245920215 12056.9 140
1712245930303 14314.6 141
1712245940473 16310.1 142
1712245950583 15742.1 143
1712245960622 15970.2 144
1712245970711 14492.3 145
1712245980797 15094.7 146
1712245990903 15047.8 147
1712246000985 15287.2 148
1712246011084 15389.8 149
1712246021119 15412.4 150
1712246031209 15450.4 151
1712246041306 15466.4 152
1712246051393 15614.7 153
1712246061470 15828.4 154
1712246071567 15829.9 155
1712246081600 16197.9 156
1712246091697 16279.1 157
1712246101778 16304.8 158
1712246111873 16287.9 159
1712246121962 16349.1 160
1712246132060 16346.2 161
1712246142097 16008.1 162
1712246152209 15286.3 163
1712246162287 14159.7 164
1712246172368 14210.8 165
1712246182461 14223.9 166
1712246192577 14239.1 167
1712246202613 14526.5 168
1712246212712 14542.0 169
1712246222791 14546.5 170
1712246232879 14572.8 171
1712246242965 14579.3 172
1712246253059 14576.4 173
1712246263090 14607.6 174
1712246273175 14627.0 175
1712246283251 14639.7 176
1712246293355 14650.2 177
1712246303462 14642.6 178
1712246313541 14645.4 179
1712246323571 14642.7 180
1712246333663 14661.4 181
1712246343753 14690.7 182
1712246353867 14670.1 183
1712246363960 14773.4 184
1712246374047 14813.0 185
1712246384077 14822.9 186
1712246394183 14831.0 187
1712246404266 14851.2 188
1712246414354 14850.3 189
1712246424446 14846.9 190
1712246434540 14741.0 191
1712246444581 14743.5 192
1712246454679 14807.5 193
1712246464775 14792.0 194
1712246474880 14795.1 195
1712246484985 14797.6 196
1712246495100 14797.2 197
1712246505144 14798.0 198
1712246515242 14808.8 199
1712246525328 14824.7 200
1712246535423 14830.5 201
1712246545504 14830.6 202
1712246555619 14822.0 203
1712246565650 14863.9 204
1712246575760 14880.4 205
1712246585851 14895.9 206
1712246595956 14925.4 207
1712246606049 14928.7 208
1712246616156 14894.3 209
1712246626195 14883.1 210
1712246636283 14882.8 211
1712246646363 14898.5 212
1712246656449 14930.1 213
1712246666555 14912.8 214
1712246676655 14910.2 215
1712246686692 14912.4 216
1712246696799 14932.8 217
1712246706883 14830.7 218
1712246716968 15033.3 219
1712246727009 15025.6 220
1712246737119 16035.1 221
1712246747211 16132.5 222
1712246757298 14665.4 223
1712246767383 14799.8 224
1712246777468 14893.2 225
1712246787552 14906.6 226
1712246797630 14898.7 227
1712246807716 15100.9 228
1712246817815 15106.3 229
1712246827892 15142.6 230
1712246837984 15166.6 231
1712246848066 15176.8 232
1712246858159 15180.2 233
1712246868253 15182.2 234
1712246878346 15199.3 235
1712246888423 15180.1 236
1712246898509 15184.5 237
1712246908590 15191.9 238
1712246918678 15169.8 239
1712246928766 15171.8 240
1712246938858 15171.0 241
1712246948954 15207.1 242
1712246959033 15262.5 243
1712246969127 15145.9 244
1712246979215 15158.8 245
1712246989325 15221.3 246
1712246999403 15249.3 247
1712247009485 15245.6 248
1712247019585 15282.2 249
1712247029677 15287.8 250
1712247039792 15289.3 251
1712247049878 15409.1 252
1712247059975 15173.2 253
1712247070057 15184.3 254
1712247080157 15173.5 255
1712247090249 15176.7 256
1712247100340 15212.5 257
1712247110420 15227.0 258
1712247120509 15221.4 259
1712247130600 15236.2 260
1712247140699 15229.2 261
1712247150785 7912.8 262
1712247160872 10040.1 263
1712247170975 11739.5 264
1712247181089 11681.4 265
1712247191197 11707.9 266
1712247201314 11724.2 267
1712247211394 11709.0 268
1712247221487 11708.8 269
1712247231569 11732.5 270
1712247241648 11735.4 271
1712247251755 11770.7 272
1712247261849 11779.4 273
1712247271932 11784.7 274
1712247282015 11793.4 275
1712247292107 11803.1 276
1712247302202 11809.1 277
1712247312304 11821.9 278
1712247322428 11822.4 279
1712247332535 11976.8 280
1712247342695 16332.2 281
1712247352805 15350.8 282
1712247362904 15705.5 283
1712247373014 14152.2 284
1712247383112 14949.0 285
1712247393231 14889.4 286
1712247403324 14946.3 287
1712247413432 15085.2 288
1712247423530 15180.5 289
1712247433620 15252.9 290
1712247443702 15605.6 291
1712247453785 15661.1 292
1712247463876 15745.4 293
1712247473965 15792.5 294
1712247484061 15841.8 295
1712247494154 15858.0 296
1712247504232 15864.8 297
1712247514326 15878.1 298
1712247524411 15892.1 299
1712247534499 15924.9 300
1712247544584 15956.0 301
1712247554697 15956.8 302
1712247564804 15985.0 303
1712247574913 15988.8 304
1712247585001 16057.8 305
1712247595089 16073.4 306
1712247605183 16094.4 307
1712247615266 16153.5 308
1712247625353 16141.1 309
1712247635461 16136.8 310
1712247645569 16145.1 311
1712247655659 16215.9 312
1712247665746 16230.6 313
1712247675828 16241.7 314
1712247685910 16244.2 315
1712247696009 16243.9 316
1712247706107 16238.0 317
1712247716207 16257.5 318
1712247726310 16263.3 319
1712247736408 16267.3 320
1712247746493 16264.0 321
1712247756591 16292.1 322
1712247766682 16295.8 323
1712247776781 16317.3 324
1712247786883 16338.9 325
1712247796977 16350.8 326
1712247807062 16352.8 327
1712247817147 16365.0 328
1712247827241 16354.1 329
1712247837340 16374.7 330
1712247847428 16384.2 331
1712247857522 16407.3 332
1712247867634 16331.4 333
1712247877835 16337.2 334
1712247887938 16404.9 335
1712247898031 16356.1 336
1712247908122 16375.0 337
1712247918227 16348.2 338
1712247928331 16346.0 339
1712247938432 16316.9 340
1712247948569 16362.2 341
1712247958678 16110.8 342
1712247968787 15962.7 343
1712247978888 16028.8 344
1712247988978 16056.1 345
1712247999080 16054.3 346
1712248009197 16057.6 347
1712248019296 16067.8 348
1712248029400 16080.1 349
1712248039484 16092.4 350
1712248049569 16088.9 351
1712248059656 16088.0 352
1712248069744 16097.3 353
1712248079848 16093.6 354
1712248089943 16110.0 355
1712248100042 16117.8 356
1712248110170 16104.2 357
1712248120261 16101.8 358
1712248130358 16117.8 359
1712248140477 16108.8 360
1712248150587 16129.9 361
1712248160688 16152.8 362
1712248170792 16148.2 363
1712248180870 16161.3 364
1712248190966 16177.7 365
1712248201084 16156.9 366
1712248211176 16169.9 367
1712248221282 16164.7 368
1712248231374 16161.0 369
1712248241463 16161.2 370
1712248251546 16162.9 371
1712248261639 16174.4 372
1712248271742 16224.0 373
1712248281837 16270.7 374
1712248291931 16267.6 375
1712248302023 16281.1 376
1712248312110 16251.9 377
1712248322229 16273.6 378
1712248332326 16309.3 379
1712248342418 16281.5 380
1712248352509 16291.5 381
1712248362606 16289.2 382
1712248372699 16315.4 383
1712248382791 16391.3 384
1712248392877 16226.3 385
1712248402968 16248.2 386
1712248413058 16251.0 387
1712248423178 16234.0 388
1712248433273 16243.9 389
1712248443367 16255.1 390
1712248453463 16268.6 391
1712248463550 16237.7 392
1712248473659 16245.8 393
1712248483760 16241.3 394
1712248493858 16247.1 395
1712248503956 16243.3 396
1712248514054 16264.3 397
1712248524139 16259.4 398
1712248534228 16253.9 399
1712248544322 16262.3 400
1712248554423 10358.3 401
1712248564549 10483.2 402
1712248574662 11307.0 403
1712248584765 11311.2 404
1712248594855 11293.4 405
1712248604951 11283.3 406
1712248615058 11314.5 407
1712248625157 11408.7 408
1712248635257 11406.9 409
1712248645354 11398.7 410
1712248655448 11408.7 411
1712248665535 11394.3 412
1712248675636 11398.6 413
1712248685738 11410.1 414
1712248695830 11408.6 415
1712248706664 11402.2 416
1712248716756 11638.6 417
1712248726845 11614.4 418
1712248737693 13780.9 419
1712248747812 16495.3 420
1712248757930 16553.0 421
1712248768037 13636.4 422
1712248778151 14889.3 423
1712248788257 14895.8 424
1712248798368 15188.7 425
1712248808480 15323.9 426
1712248818610 15361.4 427
1712248828702 15386.3 428
1712248838844 15418.9 429
1712248848935 15454.9 430
1712248859048 15483.7 431
1712248869165 15640.7 432
1712248879282 15648.0 433
1712248889392 15658.6 434
1712248899513 15689.5 435
1712248909624 15725.1 436
1712248919728 15739.6 437
1712248929850 15762.4 438
1712248939961 15773.7 439
1712248950086 15832.6 440
1712248960207 15822.9 441
1712248970316 15884.8 442
1712248980433 15900.2 443
1712248990555 15914.5 444
1712249000676 15920.7 445
1712249010790 15910.7 446
1712249020901 15911.0 447
1712249031021 15887.2 448
1712249041140 15904.9 449
1712249051259 15923.4 450
1712249061395 15976.7 451
1712249071504 15982.3 452
1712249081627 15982.0 453
1712249091742 15992.2 454
1712249101862 16004.4 455
1712249111973 16026.0 456
1712249122082 16056.8 457
1712249132205 16059.3 458
1712249142323 16069.8 459
1712249152431 16082.3 460
1712249162542 16088.4 461
1712249172646 16103.9 462
1712249182759 16103.9 463
1712249192878 16114.3 464
1712249202994 16121.4 465
1712249213116 16153.6 466
1712249223238 16156.8 467
1712249233351 16122.6 468
1712249243462 16121.1 469
1712249253594 16122.8 470
1712249263729 16121.1 471
1712249273840 16138.0 472
1712249283950 16218.0 473
1712249294068 16236.1 474
1712249304184 16238.7 475
1712249314281 14892.8 476
1712249324382 14995.9 477
1712249334496 15035.3 478
1712249344579 15069.1 479
1712249354688 15076.4 480
1712249364776 15109.6 481
1712249374888 15095.5 482
1712249384985 15100.3 483
1712249395074 15120.5 484
1712249405159 15138.7 485
1712249415250 15136.6 486
1712249425340 15134.9 487
1712249435454 15146.4 488
1712249445548 15140.6 489
1712249455641 15192.0 490
1712249465749 15174.3 491
1712249475834 15180.9 492
1712249486517 15197.5 493
1712249496623 15419.8 494
1712249506744 15349.9 495
1712249516894 15364.7 496
1712249527005 15373.4 497
1712249537099 15412.9 498
1712249547208 15417.4 499
1712249557331 15402.7 500
1712249567431 15408.8 501
1712249577547 15417.9 502
1712249587684 15431.5 503
1712249597779 15431.5 504
1712249607873 15436.3 505
1712249617971 15435.7 506
1712249628057 15463.9 507
1712249638168 15462.9 508
1712249648260 15510.0 509
1712249658349 15748.7 510
1712249668455 15690.2 511
1712249678552 15909.0 512
1712249688666 16105.8 513
1712249698773 15977.8 514
1712249708861 15957.4 515
1712249718977 15943.2 516
1712249729087 15969.0 517
1712249739207 16014.1 518
1712249749321 16061.7 519
1712249759406 16030.0 520
1712249769496 16042.5 521
1712249779591 16033.6 522
1712249789691 16030.8 523
1712249799811 16043.5 524
1712249809923 16064.4 525
1712249820046 16074.2 526
1712249830183 16071.1 527
1712249840296 16061.9 528
1712249850429 16062.2 529
1712249860529 16085.6 530
1712249870630 16091.8 531
1712249880747 16095.1 532
1712249890839 16105.6 533
1712249900946 16099.7 534
1712249911055 16112.7 535
1712249921167 16106.9 536
1712249931280 16153.3 537
1712249941385 16147.5 538
1712249951486 16164.6 539
1712249961587 9969.2 540
1712249971694 10759.5 541
1712249981799 12444.4 542
1712249991902 12081.6 543
1712250002009 12086.4 544
1712250012127 12117.1 545
1712250022238 12087.2 546
1712250032354 12102.5 547
1712250042450 12092.1 548
1712250052561 12128.7 549
1712250062654 12107.0 550
1712250072754 12117.4 551
1712250082852 12113.0 552
1712250092953 12121.9 553
1712250103043 12113.6 554
1712250113151 12137.1 555
1712250123246 12134.2 556
1712250133345 12128.3 557
1712250143537 13938.8 558
1712250153662 16853.0 559
1712250163780 16433.9 560
1712250173884 13262.3 561
1712250183984 14427.3 562
1712250194108 14842.3 563
1712250204248 14994.4 564
1712250214365 14774.1 565
1712250224479 15218.8 566
1712250234592 15218.5 567
1712250244715 15274.6 568
1712250254835 15316.3 569
1712250264964 15333.6 570
1712250275086 15348.4 571
1712250285195 15387.9 572
1712250295320 14086.2 573
1712250305409 14228.9 574
1712250315511 14527.9 575
1712250325614 14519.9 576
1712250335717 14556.8 577
1712250345812 14678.4 578
1712250355934 14773.9 579
1712250366031 14776.8 580
1712250376132 14790.7 581
1712250386234 14799.9 582
1712250396339 14806.4 583
1712250406439 14818.0 584
1712250416536 14772.2 585
1712250426642 14832.2 586
1712250436752 14863.7 587
1712250446859 14869.2 588
1712250456975 14869.1 589
1712250467093 14898.3 590
1712250477196 14943.4 591
1712250487304 14967.1 592
1712250497398 14977.6 593
1712250507492 14982.8 594
1712250517587 14987.5 595
1712250527670 15021.2 596
1712250537781 15006.5 597
1712250547878 15024.4 598
1712250557983 15067.5 599
1712250568074 15058.4 600
1712250578175 15053.9 601
1712250588257 15068.0 602
1712250598376 15074.5 603
1712250608480 15087.5 604
1712250618612 15098.4 605
1712250628742 15103.3 606
1712250638845 15104.0 607
1712250648958 15147.9 608
1712250659067 15182.5 609
1712250669173 15190.0 610
1712250679279 15193.6 611
1712250689402 15192.3 612
1712250699507 15190.9 613
1712250709597 15210.6 614
1712250719694 15216.9 615
1712250729808 15228.3 616
1712250739904 15231.9 617
1712250749995 15242.0 618
1712250760088 15257.2 619
1712250770182 15258.9 620
1712250780298 15256.1 621
1712250790397 15257.0 622
1712250800511 15252.3 623
1712250810606 15254.8 624
1712250820703 15253.6 625
1712250830796 15272.5 626
1712250840898 15278.0 627
1712250850994 15297.1 628
1712250861115 15373.5 629
1712250871218 15364.0 630
1712250881316 15379.4 631
1712250891417 15368.7 632
1712250901528 15375.8 633
1712250911627 15394.3 634
1712250921717 15395.1 635
1712250931809 15399.3 636
1712250941904 15394.8 637
1712250951999 15407.2 638
1712250962084 15430.0 639
1712250972186 15440.1 640
1712250982306 15394.4 641
1712250992396 15392.3 642
1712251002501 15390.3 643
1712251012590 15408.0 644
1712251022689 15401.6 645
1712251032780 15414.6 646
1712251042895 15396.0 647
1712251052997 15393.2 648
1712251063111 15398.5 649
1712251073306 15413.0 650
1712251083432 15424.1 651
1712251093549 15436.5 652
1712251103651 15416.9 653
1712251113774 15416.4 654
1712251123892 15416.7 655
1712251133990 15438.6 656
1712251144091 15464.5 657
1712251154209 15458.2 658
1712251164308 15474.9 659
1712251174410 15479.3 660
1712251184518 15473.5 661
1712251194619 15518.5 662
1712251204748 15498.7 663
1712251214845 15500.0 664
1712251224968 15499.8 665
1712251235069 15503.5 666
1712251245170 15501.3 667
1712251255273 15607.3 668
1712251265381 15586.5 669
1712251275481 15587.8 670
1712251285593 15587.0 671
1712251295705 15592.3 672
1712251305817 15568.1 673
1712251315924 15585.8 674
1712251326015 15597.4 675
1712251336140 15607.0 676
1712251346250 15606.9 677
1712251356378 15625.4 678
1712251366492 9901.7 679
1712251376614 11599.0 680
1712251386723 12178.1 681
1712251396842 12217.2 682
1712251406947 12182.2 683
1712251417065 12171.3 684
1712251427167 12175.9 685
1712251437284 12182.2 686
1712251447400 12190.5 687
1712251457515 12217.2 688
1712251467640 12179.7 689
1712251477765 12192.1 690
1712251487864 12220.3 691
1712251497987 12282.4 692
1712251508107 12306.1 693
1712251518229 12302.8 694
1712251528333 12268.2 695
1712251538434 12261.3 696
1712251548550 15732.6 697
1712251558684 15707.8 698
1712251568802 16559.7 699
1712251578918 14462.8 700
1712251589023 15170.7 701
1712251599143 14904.4 702
1712251609270 15055.4 703
1712251619369 15102.6 704
1712251629486 15120.9 705
1712251639591 15121.7 706
1712251649705 15153.8 707
1712251659829 15181.6 708
1712251669944 15282.2 709
1712251680044 15306.3 710
1712251690147 15368.9 711
1712251700246 15382.2 712
1712251710357 15382.9 713
1712251720445 15396.1 714
1712251730542 15446.8 715
1712251740671 15449.6 716
1712251750772 15473.6 717
1712251760879 15594.7 718
1712251770973 15599.6 719
1712251781075 15617.6 720
1712251791171 15619.1 721
1712251801273 15625.3 722
1712251811374 15625.8 723
1712251821737 15633.4 724
1712251831859 15871.8 725
1712251841974 15831.2 726
1712251852071 16008.7 727
1712251862194 16057.2 728
1712251872294 16060.3 729
1712251882412 16073.2 730
1712251892523 16076.8 731
1712251902632 16077.3 732
1712251912736 16095.8 733
1712251922842 16103.0 734
1712251932942 16180.1 735
1712251943053 16190.4 736
1712251953169 16210.9 737
1712251963292 16205.6 738
1712251973403 16236.8 739
1712251983513 16324.1 740
1712251993616 16289.3 741
1712252003715 16288.6 742
1712252013808 16290.3 743
1712252023925 16335.9 744
1712252034040 16324.7 745
1712252044141 16347.0 746
1712252054249 16371.7 747
1712252064350 16355.0 748
1712252074479 16339.0 749
1712252084590 16400.8 750
1712252094709 16414.1 751
1712252104828 16114.0 752
1712252114949 16223.9 753
1712252125049 16257.7 754
1712252135159 16279.0 755
1712252145288 16293.3 756
1712252155417 16337.1 757
1712252165528 16318.0 758
1712252175625 16314.9 759
1712252185839 16294.7 760
1712252195952 16299.8 761
1712252206054 16322.6 762
1712252216173 16324.7 763
1712252226268 16331.6 764
1712252236373 16340.0 765
1712252246466 16338.7 766
1712252256560 16330.3 767
1712252266650 16338.4 768
1712252276756 16339.0 769
1712252286857 16356.2 770
1712252296960 16361.6 771
1712252307057 16367.4 772
1712252317159 16366.6 773
1712252327265 16369.6 774
1712252337376 16374.6 775
1712252347494 16407.3 776
1712252357594 16418.7 777
1712252367714 16392.2 778
1712252377826 16393.0 779
1712252387926 16422.1 780
1712252398026 16409.2 781
1712252408136 16433.6 782
1712252418270 16453.8 783
1712252428377 16451.0 784
1712252438487 16447.6 785
1712252448616 16518.9 786
1712252458765 16172.8 787
1712252468886 16161.5 788
1712252478995 16146.2 789
1712252489099 16160.9 790
1712252499216 16156.2 791
1712252509338 16163.0 792
1712252519446 16167.0 793
1712252529540 16164.8 794
1712252539644 16170.4 795
1712252549773 16207.7 796
1712252559908 16184.3 797
1712252570032 16196.4 798
1712252580141 16238.8 799
1712252590244 16241.9 800
1712252600339 16251.4 801
1712252610445 16238.5 802
1712252620548 16232.7 803
1712252630658 16250.0 804
1712252640769 16249.0 805
1712252650988 16260.9 806
1712252661130 16271.5 807
1712252671244 16273.0 808
1712252681366 16267.8 809
1712252691481 16276.6 810
1712252701598 16271.0 811
1712252711695 16288.6 812
1712252721799 16266.4 813
1712252731904 16272.6 814
1712252742010 16270.9 815
1712252752120 16300.9 816
1712252762229 10359.6 817
1712252772337 11134.6 818
1712252782458 12778.6 819
1712252792567 12469.7 820
1712252802676 12467.4 821
1712252812811 12496.5 822
1712252822925 12511.3 823
1712252833031 12527.6 824
1712252843140 12518.3 825
1712252853261 12514.9 826
1712252863384 12502.0 827
1712252873499 12486.4 828
1712252883611 12501.1 829
1712252893714 12501.3 830
1712252903824 12489.4 831
1712252913936 12484.4 832
1712252924044 12493.4 833
1712252934267 12503.7 834
1712252944416 13483.4 835
1712252954579 16866.3 836
1712252964746 15864.1 837
1712252974879 16778.2 838
1712252985005 14586.3 839
1712252995122 14855.8 840
1712253005238 14615.1 841
1712253015352 14980.5 842
1712253025460 15084.9 843
1712253035579 15129.6 844
1712253045689 15154.2 845
1712253055790 15286.0 846
1712253065887 15339.5 847
1712253076004 15333.6 848
1712253086116 15352.0 849
1712253096211 15358.5 850
1712253106316 15363.7 851
1712253116421 15391.7 852
1712253126529 15412.2 853
1712253136635 15446.6 854
1712253146743 15451.2 855
1712253156841 15456.2 856
1712253166960 15473.8 857
1712253177080 15641.2 858
1712253187187 15681.1 859
1712253197303 15836.0 860
1712253207430 16222.5 861
1712253217552 16296.3 862
1712253227667 16277.8 863
1712253237783 16316.5 864
1712253247903 16210.6 865
1712253258031 16245.0 866
1712253268168 16119.3 867
1712253278290 16216.0 868
1712253288400 16142.4 869
1712253298495 16129.9 870
1712253308618 16197.4 871
1712253318738 16160.5 872
1712253328840 16149.5 873
1712253338940 16149.6 874
1712253349048 16182.0 875
1712253359161 16179.5 876
1712253369276 16194.9 877
1712253379397 16181.6 878
1712253389495 16179.9 879
1712253399600 16149.8 880
1712253409715 16354.8 881
1712253419813 16153.7 882
1712253429911 16137.9 883
1712253440016 16128.5 884
1712253450114 16150.3 885
1712253460221 16153.4 886
1712253470324 16163.7 887
1712253480424 16158.3 888
1712253490574 16162.6 889
1712253500694 16162.7 890
1712253510812 16162.8 891
1712253520930 16160.2 892
1712253531068 16172.1 893
1712253541187 16190.9 894
1712253551345 16199.2 895
1712253561473 16184.7 896
1712253571617 16184.4 897
1712253581733 16177.3 898
1712253591848 16181.0 899
1712253601958 16181.4 900
1712253612064 16188.7 901
1712253622172 16209.2 902
1712253632274 16209.8 903
1712253642382 16191.0 904
1712253652484 16223.5 905
1712253662600 16225.0 906
1712253672700 16240.5 907
1712253682825 16221.0 908
1712253692937 16227.5 909
1712253703041 16219.0 910
1712253713155 16248.2 911
1712253723259 16248.2 912
1712253733357 16258.5 913
1712253743462 16249.1 914
1712253753578 16251.0 915
1712253763698 16246.3 916
1712253773831 16250.2 917
1712253783969 16261.5 918
1712253794080 16298.9 919
1712253804216 16307.5 920
1712253814340 16306.6 921
1712253824463 16302.6 922
1712253834579 16318.4 923
1712253844690 16330.1 924
1712253854817 16334.7 925
1712253864944 16328.2 926
1712253875062 16341.6 927
1712253885173 16346.3 928
1712253895301 16356.6 929
1712253905442 16388.9 930
1712253915564 16385.5 931
1712253925688 16364.4 932
1712253935840 16370.1 933
1712253945967 16415.0 934
1712253956090 16432.3 935
1712253966223 16429.3 936
1712253976356 16422.2 937
1712253986468 16421.0 938
1712253996592 16408.3 939
1712254006718 16420.5 940
1712254016839 16421.4 941
1712254026957 16435.8 942
1712254037069 16438.9 943
1712254047182 16446.3 944
1712254057297 16436.0 945
1712254067408 16448.4 946
1712254077506 16459.6 947
1712254087601 16466.1 948
1712254097706 16468.0 949
1712254107807 16471.9 950
1712254117922 16464.5 951
1712254128017 16476.9 952
1712254138132 16491.9 953
1712254148241 16503.7 954
1712254158368 16466.1 955
1712254168474 8547.4 956
1712254178589 10971.0 957
1712254188691 12308.9 958
1712254198827 12244.5 959
1712254208941 12258.7 960
1712254219052 12274.3 961
1712254229155 12281.0 962
1712254239272 12264.8 963
1712254249397 12262.0 964
1712254259506 12269.5 965
1712254269623 12284.3 966
1712254279724 12266.8 967
1712254289834 12280.2 968
1712254299941 12274.1 969
1712254310067 12285.3 970
1712254320168 12290.9 971
1712254330272 12295.5 972
1712254340406 12282.1 973
1712254350527 12287.6 974
1712254360654 16284.3 975
1712254370963 16083.8 976
1712254381070 15757.8 977
1712254391165 14012.9 978
1712254401275 14644.6 979
1712254411377 14930.3 980
1712254421487 15005.6 981
1712254431591 15138.2 982
1712254441690 14726.7 983
1712254451801 14774.6 984
1712254461898 14873.4 985
1712254472007 14905.0 986
1712254482118 14941.7 987
1712254492236 14990.1 988
1712254502349 15324.9 989
1712254512504 15341.2 990
1712254522608 15366.5 991
1712254532725 15409.0 992
1712254542885 15436.6 993
1712254553019 15744.3 994
1712254563159 15692.8 995
1712254573274 15715.8 996
1712254583398 15719.8 997
1712254593504 15723.4 998
1712254603609 15725.6 999
1712254613725 15747.8 1000
1712254623844 15773.6 1001
1712254633964 15781.1 1002
1712254644084 15872.0 1003
1712254654194 15890.1 1004
1712254664304 15886.4 1005
1712254674403 15930.5 1006
1712254684510 15954.5 1007
1712254694610 15962.6 1008
1712254704724 15960.6 1009
1712254714843 15913.7 1010
1712254724944 15920.6 1011
1712254735058 15989.3 1012
1712254745173 16024.3 1013
1712254755292 16024.2 1014
1712254765413 16020.0 1015
1712254775541 16016.4 1016
1712254785663 16026.8 1017
1712254795766 16049.2 1018
1712254805874 16085.0 1019
1712254816003 16094.7 1020
1712254826136 15792.0 1021
1712254836250 15905.6 1022
1712254846367 15972.4 1023
1712254856499 16057.2 1024
1712254866618 16058.6 1025
1712254876725 16061.5 1026
1712254886857 16106.5 1027
1712254896999 16108.5 1028
1712254907120 16132.5 1029
1712254917273 16148.2 1030
1712254927386 16155.1 1031
1712254937501 16158.8 1032
1712254947624 16151.6 1033
1712254957760 16260.4 1034
1712254967864 16292.4 1035
1712254977993 16258.1 1036
1712254988123 16281.1 1037
1712254998266 16275.2 1038
1712255008388 16287.2 1039
1712255018487 16290.0 1040
1712255028614 16312.3 1041
1712255038732 16298.0 1042
1712255048863 16299.1 1043
1712255058996 16327.5 1044
1712255069116 16300.6 1045
1712255079215 16332.3 1046
1712255089329 16359.9 1047
1712255099459 16347.8 1048
1712255109567 16359.2 1049
1712255119678 16364.0 1050
1712255129791 16372.3 1051
1712255139895 16370.7 1052
1712255150053 16334.1 1053
1712255160166 16364.0 1054
1712255170270 16359.4 1055
1712255180398 16361.5 1056
1712255190516 16350.7 1057
1712255200640 16346.9 1058
1712255210770 16372.2 1059
1712255220903 16365.9 1060
1712255231038 16373.5 1061
1712255241159 16422.8 1062
1712255251266 16424.5 1063
1712255261373 16485.2 1064
1712255271482 15944.1 1065
1712255281620 15949.8 1066
1712255291748 15958.5 1067
1712255301872 15956.7 1068
1712255311978 15959.9 1069
1712255322079 15959.7 1070
1712255332196 15984.9 1071
1712255342297 15981.9 1072
1712255352406 15998.1 1073
1712255362507 16001.3 1074
1712255372628 16008.1 1075
1712255382763 16001.1 1076
1712255392899 16012.5 1077
1712255403003 16015.2 1078
1712255413111 16036.1 1079
1712255423231 16027.8 1080
1712255433342 16036.6 1081
1712255443467 16035.5 1082
1712255453611 16103.9 1083
1712255463714 16139.0 1084
1712255473825 16125.2 1085
1712255483974 16142.0 1086
1712255494098 16148.3 1087
1712255504230 16156.2 1088
1712255514363 16156.2 1089
1712255524564 16163.5 1090
1712255534667 16200.5 1091
1712255544764 16187.7 1092
1712255554898 16192.7 1093
1712255565012 16190.2 1094
1712255575113 8530.9 1095
1712255585232 10951.0 1096
1712255595334 12608.5 1097
1712255605447 12557.0 1098
1712255615571 12554.6 1099
1712255625691 12553.4 1100
1712255635826 12563.6 1101
1712255645939 12573.2 1102
1712255656051 12580.3 1103
1712255666154 12574.1 1104
1712255676278 12571.3 1105
1712255686391 12569.2 1106
1712255696496 12576.6 1107
1712255706596 12585.3 1108
1712255716698 12590.7 1109
1712255726809 12599.4 1110
1712255736920 12687.2 1111
1712255747037 11461.2 1112
1712255757143 11540.7 1113
1712255767274 16085.5 1114
1712255777395 15543.5 1115
1712255787516 16477.2 1116
1712255797633 14024.8 1117
1712255807733 15008.5 1118
1712255817847 14937.2 1119
1712255827948 15396.0 1120
1712255838074 15478.2 1121
1712255848192 15524.9 1122
1712255858711 15547.9 1123
1712255868815 15827.6 1124
1712255878945 15792.7 1125
1712255889056 15867.5 1126
1712255899160 15896.0 1127
1712255909268 15909.9 1128
1712255919372 15915.4 1129
1712255929489 15956.4 1130
1712255939606 15974.5 1131
1712255949724 15999.0 1132
1712255959840 16081.3 1133
1712255969960 16057.9 1134
1712255980071 16060.5 1135
1712255990184 16133.2 1136
1712256000290 16159.6 1137
1712256010403 16257.4 1138
1712256020504 16240.6 1139
1712256030632 16255.8 1140
1712256040756 16253.2 1141
1712256050893 16264.0 1142
1712256061008 16322.9 1143
1712256071157 16349.1 1144
1712256081272 16332.9 1145
1712256091383 16341.9 1146
1712256101495 16340.6 1147
1712256111604 16358.5 1148
1712256121732 16367.1 1149
1712256131841 16368.8 1150
1712256141945 16364.1 1151
1712256152066 16371.8 1152
1712256162189 16315.7 1153
1712256172320 16348.6 1154
1712256182443 16363.7 1155
1712256192653 16361.0 1156
1712256202765 16365.9 1157
1712256212900 16377.1 1158
1712256223021 16380.8 1159
1712256233148 16420.2 1160
1712256243279 16455.8 1161
1712256253415 16455.5 1162
1712256263532 16354.9 1163
1712256273651 16347.1 1164
1712256283801 16347.7 1165
1712256293905 16363.6 1166
1712256304035 16383.0 1167
1712256314152 16408.0 1168
1712256324257 16424.7 1169
1712256334372 16400.0 1170
1712256344479 16407.8 1171
1712256354609 16436.4 1172
1712256364724 16416.8 1173
1712256374843 16419.8 1174
1712256385056 16416.4 1175
1712256395173 16427.7 1176
1712256405304 16433.6 1177
1712256415466 16432.0 1178
1712256425587 16443.7 1179
1712256435726 16445.8 1180
1712256445858 16445.9 1181
1712256455980 16461.6 1182
1712256466091 16465.7 1183
1712256476214 16481.6 1184
1712256486363 16481.1 1185
1712256496476 16489.2 1186
1712256506597 16475.7 1187
1712256516708 16475.8 1188
1712256526834 16477.0 1189
1712256536952 16499.0 1190
1712256547072 16514.8 1191
1712256557196 16508.4 1192
1712256567314 16372.6 1193
1712256577465 16369.1 1194
1712256587607 16354.6 1195
1712256597738 16355.2 1196
1712256607875 16365.6 1197
1712256618021 16356.6 1198
1712256628130 16381.1 1199
1712256638278 16376.7 1200
1712256648394 15944.1 1201
1712256658528 15968.5 1202
1712256668640 15975.6 1203
1712256678749 15984.9 1204
1712256688875 15990.1 1205
1712256698995 15989.3 1206
1712256709101 16007.6 1207
1712256719220 16021.6 1208
1712256729328 16016.7 1209
1712256739433 16014.4 1210
1712256749567 16016.9 1211
1712256759689 16014.4 1212
1712256769825 16042.8 1213
1712256779968 16033.7 1214
1712256790103 16062.3 1215
1712256800223 16079.4 1216
1712256810333 16074.5 1217
1712256820483 16067.0 1218
1712256830616 16077.1 1219
1712256840739 16074.6 1220
1712256850848 16127.4 1221
1712256861068 16151.4 1222
1712256871220 16174.9 1223
1712256881358 16335.5 1224
1712256891487 16318.7 1225
1712256901598 16368.5 1226
1712256911706 16402.7 1227
1712256921847 16385.4 1228
1712256931966 16401.8 1229
1712256942101 16415.2 1230
1712256952240 16424.2 1231
1712256962356 16407.3 1232
1712256972471 16418.8 1233
1712256982592 10204.1 1234
1712256992751 11902.3 1235
1712257002886 12687.0 1236
1712257012998 12711.1 1237
1712257023124 12698.3 1238
1712257033242 12695.1 1239
1712257043351 12690.3 1240
1712257053561 12660.1 1241
1712257063737 12677.2 1242
1712257073848 12692.6 1243
1712257083997 12686.5 1244
1712257094123 12695.7 1245
1712257104267 12689.0 1246
1712257114453 12680.4 1247
1712257124572 12674.5 1248
1712257134702 12676.8 1249
1712257144811 12689.0 1250
1712257154982 12706.8 1251
1712257165438 14284.8 1252
1712257175620 16480.9 1253
1712257185743 15995.1 1254
1712257196269 13768.3 1255
1712257206390 15117.5 1256
1712257216499 15401.3 1257
1712257226610 15565.8 1258
1712257236739 15626.9 1259
1712257246842 15671.1 1260
1712257256956 15760.0 1261
1712257267065 15786.9 1262
1712257277186 15818.5 1263
1712257287300 15820.7 1264
1712257297419 15828.0 1265
1712257307554 16007.3 1266
1712257317671 16015.1 1267
1712257327790 16037.7 1268
1712257337908 16037.2 1269
1712257348016 16053.4 1270
1712257358118 16051.4 1271
1712257368225 16142.7 1272
1712257378345 16180.7 1273
1712257388459 16199.6 1274
1712257398568 16260.0 1275
1712257408677 16294.5 1276
1712257418788 16295.4 1277
1712257428908 16290.2 1278
1712257439025 16290.2 1279
1712257449165 16311.1 1280
1712257459291 16357.5 1281
1712257469412 16327.6 1282
1712257479529 16328.3 1283
1712257489637 16353.3 1284
1712257499751 16354.1 1285
1712257509857 16378.4 1286
1712257519977 16399.4 1287
1712257530105 16399.2 1288
1712257540328 16423.5 1289
1712257550451 15970.1 1290
1712257560569 16054.6 1291
1712257570674 16101.2 1292
1712257580789 16104.1 1293
1712257590905 16110.5 1294
1712257601036 16121.5 1295
1712257611162 16137.8 1296
1712257621290 16132.0 1297
1712257631426 16153.5 1298
1712257641568 16146.3 1299
1712257651704 16150.8 1300
1712257661836 16157.8 1301
1712257671985 16181.7 1302
1712257682114 16226.1 1303
1712257692241 16174.3 1304
1712257702358 16206.3 1305
1712257712477 16214.0 1306
1712257722623 16212.8 1307
1712257732746 16223.9 1308
1712257742878 16229.9 1309
1712257752987 16233.3 1310
1712257763112 16241.9 1311
1712257773225 16259.9 1312
1712257783372 16247.0 1313
1712257793515 16263.4 1314
1712257803645 16267.4 1315
1712257813755 16279.3 1316
1712257823891 16272.4 1317
1712257834005 16269.5 1318
1712257844138 16275.3 1319
1712257854254 16351.1 1320
1712257864387 16336.1 1321
1712257874521 16300.1 1322
1712257884673 16288.5 1323
1712257894798 16290.5 1324
1712257904929 16283.4 1325
1712257915050 16295.6 1326
1712257925182 16312.1 1327
1712257935404 16315.2 1328
1712257945551 16336.8 1329
1712257955690 16320.1 1330
1712257965823 16324.9 1331
1712257975942 16340.4 1332
1712257986088 16352.4 1333
1712257996220 16370.7 1334
1712258006365 16369.7 1335
1712258016494 16355.0 1336
1712258026624 16363.0 1337
1712258036748 16375.2 1338
1712258046873 16391.1 1339
1712258057028 16439.7 1340
1712258067183 16405.1 1341
1712258077313 16407.2 1342
1712258087443 16422.0 1343
1712258097579 16423.3 1344
1712258107818 16432.1 1345
1712258117946 16446.8 1346
1712258128069 16448.0 1347
1712258138203 16464.8 1348
1712258148331 16476.3 1349
1712258158467 16447.7 1350
1712258168612 16462.2 1351
1712258178743 16453.2 1352
1712258188867 16452.2 1353
1712258199009 16432.3 1354
1712258209152 16443.8 1355
1712258219284 16454.2 1356
1712258229413 16475.0 1357
1712258239559 16466.6 1358
1712258249698 16468.6 1359
1712258259835 16465.8 1360
1712258269945 16482.8 1361
1712258280080 16482.9 1362
1712258290198 16508.5 1363
1712258300317 16502.6 1364
1712258310427 16505.0 1365
1712258320543 16501.6 1366
1712258330676 16512.0 1367
1712258340794 16503.5 1368
1712258350931 16513.4 1369
1712258361060 16469.7 1370
1712258371196 16477.4 1371
1712258381329 16539.1 1372
1712258391490 10564.7 1373
1712258401615 12286.1 1374
1712258411751 12734.4 1375
1712258421870 12731.6 1376
1712258431973 12737.8 1377
1712258442119 12737.4 1378
1712258452262 12850.2 1379
1712258462386 12852.8 1380
1712258472500 11656.1 1381
1712258482609 11667.0 1382
1712258492722 11685.3 1383
1712258502837 11705.7 1384
1712258513038 11727.4 1385
1712258523154 11753.1 1386
1712258533289 11774.7 1387
1712258543421 11779.7 1388
1712258553545 11821.2 1389
1712258563680 11823.3 1390
1712258573829 15925.4 1391
1712258583970 15313.6 1392
1712258594112 16087.1 1393
1712258604245 6843.2 1394
1712258614553 5964.6 1395
1712258624677 11868.5 1396
1712258634807 14764.4 1397
1712258644963 16693.0 1398
1712258655708 13428.8 1399
1712258665846 15242.8 1400
1712258675982 15315.4 1401
1712258686115 15526.5 1402
1712258696222 15627.1 1403
1712258706345 15701.5 1404
1712258716478 15754.1 1405
1712258726588 15766.9 1406
1712258736725 15822.3 1407
1712258746833 15915.9 1408
1712258756946 15997.5 1409
1712258767060 16066.9 1410
1712258777167 16096.7 1411
1712258787273 16103.5 1412
1712258797381 16095.7 1413
1712258807495 16117.2 1414
1712258817610 16132.8 1415
1712258827738 16145.7 1416
1712258837852 16155.3 1417
1712258847980 16207.3 1418
1712258858119 16196.1 1419
1712258868260 16242.3 1420
1712258878389 16259.6 1421
1712258888525 16290.0 1422
1712258898654 16291.6 1423
1712258908761 16282.3 1424
1712258918901 16280.2 1425
1712258929018 16286.4 1426
1712258939155 16302.7 1427
1712258949264 16308.7 1428
1712258959367 16337.3 1429
1712258969486 16304.5 1430
1712258979610 16308.6 1431
1712258989725 16323.5 1432
1712258999856 16306.0 1433
1712259009981 16349.5 1434
1712259020087 16343.7 1435
1712259030339 16345.2 1436
1712259040454 16349.4 1437
1712259050573 16393.7 1438
1712259060707 16405.1 1439
1712259070835 16310.0 1440
1712259080956 16330.4 1441
1712259091076 16313.7 1442
1712259101215 16316.9 1443
1712259111339 16343.3 1444
1712259121460 16342.9 1445
1712259131585 16393.2 1446
1712259141708 16402.4 1447
1712259151823 16422.6 1448
1712259161954 16405.5 1449
1712259172073 16423.6 1450
1712259182188 16417.2 1451
1712259192295 16451.9 1452
1712259202414 16439.2 1453
1712259212522 16455.6 1454
1712259222652 16440.0 1455
1712259232796 16459.1 1456
1712259242931 16474.9 1457
1712259253070 16465.2 1458
1712259263187 16445.1 1459
1712259273313 16455.7 1460
1712259283425 16440.1 1461
1712259293551 16458.0 1462
1712259303682 16472.1 1463
1712259313797 16468.6 1464
1712259323911 16476.1 1465
1712259334045 16475.1 1466
1712259344157 16475.5 1467
1712259354289 16488.4 1468
1712259364406 16476.5 1469
1712259374511 16216.1 1470
1712259384626 16236.8 1471
1712259394750 16268.4 1472
1712259404874 16291.5 1473
1712259415006 16333.4 1474
1712259425154 16334.3 1475
1712259435296 16332.7 1476
1712259445433 16344.1 1477
1712259455560 16327.0 1478
1712259465688 16325.0 1479
1712259475833 16331.2 1480
1712259485977 16346.0 1481
1712259496121 16357.5 1482
1712259506239 16338.7 1483
1712259516484 16350.9 1484
1712259526620 16346.1 1485
1712259536770 16357.3 1486
1712259546899 16369.0 1487
1712259557045 16419.9 1488
1712259567164 16344.4 1489
1712259577299 16349.3 1490
1712259587416 16354.0 1491
1712259597542 16367.5 1492
1712259607679 16387.7 1493
1712259617824 16388.7 1494
1712259627947 16382.8 1495
1712259638072 16391.3 1496
1712259648194 16398.7 1497
1712259658308 16406.9 1498
1712259668428 16412.3 1499
1712259678569 16408.0 1500
1712259688683 16395.9 1501
1712259698811 16370.4 1502
1712259708965 16390.7 1503
1712259719106 16392.5 1504
1712259729259 16398.0 1505
1712259739390 16402.4 1506
1712259749529 16401.0 1507
1712259759657 16379.1 1508
1712259769793 16387.6 1509
1712259779934 16391.1 1510
1712259790059 16407.3 1511
1712259800176 16407.8 1512
1712259810440 16423.9 1513
1712259820606 16427.4 1514
1712259830785 16443.8 1515
1712259840917 16566.4 1516
1712259851052 10568.5 1517
1712259861168 12280.4 1518
1712259871282 12207.9 1519
1712259881406 12236.6 1520
1712259891553 12238.6 1521
1712259901673 12241.4 1522
1712259911782 12316.4 1523
1712259921909 12445.2 1524
1712259932026 12452.3 1525
1712259942136 12417.9 1526
1712259952247 12432.7 1527
1712259962371 12447.0 1528
1712259972505 12461.1 1529
1712259982627 12457.3 1530
1712259992754 12448.2 1531
1712260002868 12432.9 1532
1712260013003 12450.3 1533
1712260023252 12453.7 1534
1712260033399 15989.6 1535
1712260043556 15764.1 1536
1712260053705 16847.8 1537
1712260063825 14189.3 1538
1712260073978 14846.9 1539
1712260084102 15194.4 1540
1712260094220 14815.4 1541
1712260104355 14854.1 1542
1712260114475 14874.0 1543
1712260124599 14892.9 1544
1712260134713 14935.3 1545
1712260144836 14972.8 1546
1712260154967 15008.6 1547
1712260165157 15028.0 1548
1712260175286 15030.7 1549
1712260185784 15048.8 1550
1712260195945 15381.7 1551
1712260206085 15341.7 1552
1712260216235 15358.7 1553
1712260226367 15377.7 1554
1712260236478 15382.7 1555
1712260246625 15393.8 1556
1712260256746 15787.6 1557
1712260266882 15788.8 1558
1712260277025 15936.8 1559
1712260287141 15957.9 1560
1712260297288 14489.4 1561
1712260307465 14737.3 1562
1712260317613 14804.2 1563
1712260327758 14837.3 1564
1712260337901 14850.5 1565
1712260348027 14870.2 1566
1712260358151 14876.1 1567
1712260368268 14897.3 1568
1712260378398 14932.1 1569
1712260388523 14949.3 1570
1712260398653 14954.0 1571
1712260408775 14970.3 1572
1712260418908 14986.4 1573
1712260429042 15006.6 1574
1712260439169 15022.5 1575
1712260449296 15059.5 1576
1712260459469 15119.0 1577
1712260469602 15086.3 1578
1712260479728 15112.0 1579
1712260489855 15718.8 1580
1712260499963 15781.7 1581
1712260510090 15795.2 1582
1712260520226 15806.8 1583
1712260530351 15820.3 1584
1712260540477 15854.8 1585
1712260550640 15945.4 1586
1712260560747 15914.9 1587
1712260570899 15955.5 1588
1712260581028 15942.7 1589
1712260591148 15940.3 1590
1712260601269 15942.7 1591
1712260611413 15970.5 1592
1712260621561 15961.5 1593
1712260631694 15968.3 1594
1712260641858 15955.8 1595
1712260651987 15960.5 1596
1712260662131 15956.9 1597
1712260672251 16017.6 1598
1712260682370 16036.6 1599
1712260692484 16042.4 1600
1712260702758 16031.3 1601
1712260712889 16035.5 1602
1712260723011 16022.1 1603
1712260733138 16036.3 1604
1712260743264 16047.3 1605
1712260753401 16024.7 1606
1712260763522 16007.5 1607
1712260773669 15996.4 1608
1712260783795 15998.1 1609
1712260793921 16022.2 1610
1712260804032 16027.4 1611
1712260814153 16025.7 1612
1712260824290 16037.8 1613
1712260834433 16028.7 1614
1712260844556 16017.4 1615
1712260854691 16079.3 1616
1712260864815 16061.8 1617
1712260874955 16078.0 1618
1712260885085 16062.6 1619
1712260895232 16056.1 1620
1712260905382 16067.9 1621
1712260915521 16077.8 1622
1712260925637 16086.9 1623
1712260935783 16088.3 1624
1712260945909 16077.6 1625
1712260956046 16073.9 1626
1712260966180 16075.2 1627
1712260976311 16097.0 1628
1712260986452 16104.7 1629
1712260996686 16132.7 1630
1712261006826 16105.5 1631
1712261016983 16105.3 1632
1712261027134 16109.2 1633
1712261037280 16118.6 1634
1712261047409 16143.3 1635
1712261057555 16180.3 1636
1712261067713 16161.1 1637
1712261077858 16147.9 1638
1712261087994 16168.7 1639
1712261098119 16136.9 1640
1712261108259 16156.8 1641
1712261118393 16177.6 1642
1712261128532 16173.7 1643
1712261138651 16175.4 1644
1712261148774 16188.6 1645
1712261158901 16222.6 1646
1712261169037 16228.2 1647
1712261179194 16221.1 1648
1712261189322 16254.6 1649
1712261199469 16238.9 1650
1712261209704 16246.0 1651
1712261219854 16262.1 1652
1712261229979 16264.5 1653
1712261240118 16261.8 1654
1712261250238 10313.5 1655
1712261260350 11956.4 1656
1712261270478 12598.9 1657
1712261280599 12597.4 1658
1712261290758 12607.0 1659
1712261300910 12600.3 1660
1712261311043 12618.7 1661
1712261321189 12592.3 1662
1712261331313 12606.8 1663
1712261341446 12627.3 1664
1712261351575 12619.6 1665
1712261361703 12616.3 1666
1712261371831 12608.3 1667
1712261381958 12600.9 1668
1712261392070 12609.7 1669
1712261402187 12606.8 1670
1712261412315 12641.1 1671
1712261422445 12641.9 1672
1712261432607 14609.7 1673
1712261442961 16046.9 1674
1712261453122 16156.6 1675
1712261463252 13316.2 1676
1712261473396 14327.7 1677
1712261483557 14772.7 1678
1712261493690 14944.5 1679
1712261504513 15415.9 1680
1712261514668 15291.4 1681
1712261524794 15298.2 1682
1712261534940 15339.1 1683
1712261545086 15368.2 1684
1712261555212 15425.3 1685
1712261565326 15445.2 1686
1712261575491 15522.1 1687
1712261585610 15546.9 1688
1712261595775 15573.4 1689
1712261605951 15584.6 1690
1712261616092 15592.0 1691
1712261626229 15614.2 1692
1712261636375 15657.3 1693
1712261646519 15674.4 1694
1712261656660 15776.0 1695
1712261666842 15820.6 1696
1712261676968 15815.5 1697
1712261687093 15813.8 1698
1712261697233 15846.0 1699
1712261707370 15878.0 1700
1712261717505 15890.8 1701
1712261727752 15893.3 1702
1712261737878 15901.0 1703
1712261748042 15917.3 1704
1712261758166 15934.2 1705
1712261768296 15951.4 1706
1712261778430 15957.1 1707
1712261788554 15957.0 1708
1712261798681 15957.7 1709
1712261808823 15985.9 1710
1712261818986 15990.5 1711
1712261829127 16004.4 1712
1712261839274 16008.0 1713
1712261849408 16026.7 1714
1712261859550 15998.6 1715
1712261869705 16032.1 1716
1712261879843 16037.2 1717
1712261889983 16055.7 1718
1712261900111 16066.9 1719
1712261910255 16062.7 1720
1712261920386 16064.1 1721
1712261930513 16091.9 1722
1712261940634 16097.2 1723
1712261950898 16111.1 1724
1712261961038 16122.8 1725
1712261971165 16129.6 1726
1712261981322 16125.6 1727
1712261991439 16144.1 1728
1712262001586 16141.8 1729
1712262011734 16158.3 1730
1712262021889 16151.5 1731
1712262032040 16154.5 1732
1712262042189 16148.5 1733
1712262052330 16164.6 1734
1712262062464 16187.4 1735
1712262072588 16188.3 1736
1712262082722 16181.0 1737
1712262092872 16180.3 1738
1712262103046 16001.5 1739
1712262113200 16066.2 1740
1712262123371 16109.1 1741
1712262133512 16137.3 1742
1712262143677 16132.6 1743
1712262153826 16182.6 1744
1712262163985 16180.1 1745
1712262174151 16188.3 1746
1712262184438 16185.6 1747
1712262194598 16197.1 1748
1712262204755 16238.1 1749
1712262214886 16244.0 1750
1712262225018 16203.4 1751
1712262235166 16218.1 1752
1712262245324 16227.7 1753
1712262255453 16234.5 1754
1712262265588 16236.8 1755
1712262275740 16234.2 1756
1712262285887 16235.9 1757
1712262296039 16248.7 1758
1712262306177 16282.0 1759
1712262316314 16285.7 1760
1712262326478 16280.5 1761
1712262336626 16269.5 1762
1712262346791 16273.4 1763
1712262356940 16294.5 1764
1712262367087 16311.5 1765
1712262377217 16314.3 1766
1712262387365 16317.6 1767
1712262397497 16314.0 1768
1712262407653 16314.8 1769
1712262417791 16319.8 1770
1712262427935 16325.6 1771
1712262438197 16333.9 1772
1712262448325 16335.7 1773
1712262458470 16338.0 1774
1712262468619 16353.4 1775
1712262478757 16355.5 1776
1712262488916 16373.5 1777
1712262499086 16377.9 1778
1712262509207 16380.5 1779
1712262519333 16366.2 1780
1712262529470 16385.7 1781
1712262539604 16387.8 1782
1712262549735 16408.4 1783
1712262559857 16413.6 1784
1712262569997 16398.9 1785
1712262580140 16373.0 1786
1712262590273 16396.8 1787
1712262600404 16385.6 1788
1712262610528 16396.0 1789
1712262620669 16388.2 1790
1712262630796 16387.6 1791
1712262641082 16382.6 1792
1712262651223 8487.4 1793
1712262661350 11355.4 1794
1712262671483 13070.9 1795
1712262681608 13053.4 1796
1712262691742 13018.9 1797
1712262701866 13023.4 1798
1712262711981 13076.7 1799
1712262722111 13187.9 1800
1712262732226 13240.5 1801
1712262742374 13252.7 1802
1712262752523 13246.1 1803
1712262762664 13235.4 1804
1712262772811 13244.0 1805
1712262782930 13247.4 1806
1712262793181 13267.7 1807
1712262803309 13260.6 1808
1712262813443 13268.0 1809
1712262823613 13239.1 1810
1712262833750 13225.4 1811
1712262843888 16086.7 1812
1712262854118 14560.7 1813
1712262864265 12784.9 1814
1712262874413 14454.6 1815
1712262884552 14912.4 1816
1712262894710 15185.1 1817
1712262904837 14989.9 1818
1712262914954 15049.1 1819
1712262925074 15087.2 1820
1712262935195 15118.5 1821
1712262945317 15153.7 1822
1712262955437 15332.9 1823
1712262966185 15376.1 1824
1712262976333 15695.0 1825
1712262986479 15632.9 1826
1712262996609 15642.5 1827
1712263006741 15656.2 1828
1712263016890 15700.2 1829
1712263027014 15713.9 1830
1712263037139 15733.6 1831
1712263047257 15774.7 1832
1712263057382 15798.5 1833
1712263067538 15819.6 1834
1712263077656 15863.9 1835
1712263087785 15896.5 1836
1712263097917 15922.2 1837
1712263108045 15929.7 1838
1712263118324 15932.3 1839
1712263128487 16018.1 1840
1712263138642 16030.3 1841
1712263148798 16049.8 1842
1712263158946 16090.2 1843
1712263169095 16057.9 1844
1712263179227 16055.5 1845
1712263189358 15862.5 1846
1712263199494 15872.8 1847
1712263209623 15900.2 1848
1712263219760 15893.4 1849
1712263229894 15892.7 1850
1712263240038 15892.0 1851
1712263250178 15969.0 1852
1712263260305 15945.4 1853
1712263270444 15988.9 1854
1712263280673 15985.6 1855
1712263290827 15994.5 1856
1712263300963 15994.5 1857
1712263311102 16019.9 1858
1712263321221 16034.5 1859
1712263331370 16049.1 1860
1712263341528 16093.1 1861
1712263351691 16100.4 1862
1712263361828 16102.0 1863
1712263371956 16180.3 1864
1712263382078 16179.2 1865
1712263392201 16195.3 1866
1712263402344 16192.6 1867
1712263412484 16215.0 1868
1712263422618 16207.0 1869
1712263432759 16226.3 1870
1712263442891 16226.3 1871
1712263453178 16245.1 1872
1712263463330 16223.1 1873
1712263473459 16221.8 1874
1712263483623 16224.4 1875
1712263493751 16229.0 1876
1712263503875 16233.3 1877
1712263513994 16232.4 1878
1712263524138 16238.1 1879
1712263534260 16241.1 1880
1712263544396 16303.1 1881
1712263554522 16335.3 1882
1712263564642 16335.8 1883
1712263574765 16321.0 1884
1712263584940 16316.9 1885
1712263595090 16310.3 1886
1712263605338 16308.8 1887
1712263615502 16332.1 1888
1712263625667 16340.0 1889
1712263635803 16330.3 1890
1712263645939 16331.1 1891
1712263656103 16331.9 1892
1712263666228 16329.9 1893
1712263676388 16352.3 1894
1712263686531 16371.5 1895
1712263696670 16367.8 1896
1712263706814 16364.9 1897
1712263716939 16360.6 1898
1712263727085 16363.2 1899
1712263737216 16397.7 1900
1712263747346 16415.5 1901
1712263757590 16424.9 1902
1712263767709 16400.9 1903
1712263777835 16401.9 1904
1712263787971 16406.0 1905
1712263798099 16408.2 1906
1712263808248 16421.0 1907
1712263818377 16433.8 1908
1712263828513 16419.6 1909
1712263838651 16424.9 1910
1712263848793 16443.1 1911
1712263858938 16442.6 1912
1712263869073 16461.9 1913
1712263879202 16457.6 1914
1712263889322 16454.5 1915
1712263899470 16468.0 1916
1712263909735 16480.0 1917
1712263919891 16475.9 1918
1712263930023 16490.8 1919
1712263940165 16497.7 1920
1712263950296 16499.8 1921
1712263960452 16506.9 1922
1712263970617 16512.7 1923
1712263980741 16517.6 1924
1712263990883 16515.1 1925
1712264001039 16509.8 1926
1712264011178 16492.2 1927
1712264021321 16490.3 1928
1712264031490 16504.8 1929
1712264041657 16506.7 1930
1712264051788 14653.3 1931
1712264061940 11383.8 1932
1712264072200 13049.7 1933
1712264082361 13019.1 1934
1712264092511 13711.0 1935
1712264102637 13405.2 1936
1712264112806 13451.4 1937
1712264122966 13439.2 1938
1712264133108 13448.9 1939
1712264143276 13463.7 1940
1712264153443 13581.4 1941
1712264163587 13557.2 1942
1712264173709 13559.9 1943
1712264183831 13567.9 1944
1712264193964 13552.7 1945
1712264204107 13550.3 1946
1712264214265 13581.5 1947
1712264224432 13579.3 1948
1712264234691 13568.5 1949
1712264244868 16195.3 1950
1712264255048 15135.9 1951
1712264265254 12741.1 1952
1712264275411 14234.6 1953
1712264285602 14938.4 1954
1712264295751 15011.0 1955
1712264305886 15104.6 1956
1712264316066 15153.1 1957
1712264326252 15188.2 1958
1712264336381 15336.3 1959
1712264346522 15368.2 1960
1712264356658 15451.8 1961
1712264366794 15445.9 1962
1712264376942 15483.5 1963
1712264387135 15520.2 1964
1712264397404 15557.2 1965
1712264407555 15600.4 1966
1712264417713 15607.5 1967
1712264427843 15617.2 1968
1712264437974 15618.7 1969
1712264448116 15664.2 1970
1712264458270 15764.6 1971
1712264468407 15791.8 1972
1712264478548 15939.9 1973
1712264488672 15916.6 1974
1712264498827 15970.2 1975
1712264508974 16106.7 1976
1712264519133 16053.2 1977
1712264529269 16066.5 1978
1712264539399 16084.2 1979
1712264549536 16096.6 1980
1712264559685 16092.5 1981
1712264569810 16135.2 1982
1712264579932 16137.3 1983
1712264590087 16161.6 1984
1712264600218 16206.2 1985
1712264610350 16225.3 1986
1712264620510 16231.4 1987
1712264630658 16244.6 1988
1712264640794 16272.7 1989
1712264650917 16293.3 1990
1712264661056 16297.8 1991
1712264671208 16312.9 1992
1712264681334 16346.9 1993
1712264691465 16387.8 1994
1712264701601 16420.2 1995
1712264711749 16444.5 1996
1712264721899 16451.1 1997
1712264732044 16447.3 1998
1712264742193 16455.0 1999
1712264752333 16350.5 2000
1712264762476 16378.0 2001
1712264772606 16393.0 2002
1712264782751 16389.0 2003
1712264792899 16387.4 2004
1712264803024 16396.5 2005
1712264813175 16412.8 2006
1712264823297 16423.2 2007
1712264833426 16452.8 2008
1712264843569 16441.7 2009
1712264853695 16449.5 2010
1712264863960 16447.4 2011
1712264874122 16476.6 2012
1712264884248 16462.2 2013
1712264894397 16484.3 2014
1712264904544 16488.1 2015
1712264914689 16483.5 2016
1712264924817 16479.8 2017
1712264934956 16490.7 2018
1712264945113 16502.2 2019
1712264955241 16505.9 2020
1712264965422 16473.6 2021
1712264975593 16485.4 2022
1712264985743 16466.9 2023
1712264995926 16482.7 2024
1712265006109 16480.3 2025
1712265016287 16477.2 2026
1712265026453 16487.1 2027
1712265036649 15607.4 2028
1712265046839 15844.1 2029
1712265057011 15955.6 2030
1712265067197 15990.4 2031
1712265077369 16000.4 2032
1712265087528 16008.1 2033
1712265097692 16007.9 2034
1712265107855 16033.2 2035
1712265118014 16020.9 2036
1712265128179 16054.0 2037
1712265138313 16026.3 2038
1712265148460 15979.8 2039
1712265158597 15996.6 2040
1712265168747 16026.2 2041
1712265178873 16079.8 2042
1712265189027 16098.5 2043
1712265199148 16097.6 2044
1712265209292 16099.1 2045
1712265219421 16112.1 2046
1712265229556 16129.5 2047
1712265239693 16126.0 2048
1712265249855 16143.9 2049
1712265260026 16201.9 2050
1712265270166 16173.2 2051
1712265280352 16190.1 2052
1712265290502 16196.5 2053
1712265300657 16159.4 2054
1712265310809 16180.0 2055
1712265321077 16174.2 2056
1712265331245 16189.8 2057
1712265341385 16184.5 2058
1712265351516 16202.8 2059
1712265361650 16218.9 2060
1712265371778 16227.5 2061
1712265381921 16220.1 2062
1712265392068 16221.6 2063
1712265402197 16215.0 2064
1712265412332 16226.0 2065
1712265422526 16249.8 2066
1712265432671 16255.7 2067
1712265442802 16259.9 2068
1712265452939 16261.0 2069
1712265463094 10255.5 2070
1712265473224 11814.1 2071
1712265483372 12567.3 2072
1712265493509 12571.1 2073
1712265503682 12569.6 2074
1712265513851 12560.3 2075
1712265524017 12595.1 2076
1712265534182 12611.9 2077
1712265544330 12622.4 2078
1712265554485 12614.0 2079
1712265564640 12603.0 2080
1712265574762 12585.2 2081
1712265584891 12587.3 2082
1712265595035 12633.0 2083
1712265605198 12799.9 2084
1712265615354 12796.1 2085
1712265625481 12777.7 2086
1712265635761 12770.0 2087
1712265646005 16217.2 2088
1712265656390 15867.6 2089
1712265666546 16553.5 2090
1712265676712 7533.4 2091
1712265686854 6163.3 2092
1712265697003 7882.8 2093
1712265707161 14196.1 2094
1712265717346 16283.2 2095
1712265727480 13563.1 2096
1712265737607 14601.0 2097
1712265747766 14959.4 2098
1712265757894 14849.9 2099
1712265768073 14948.5 2100
1712265778212 15031.1 2101
1712265789017 15082.5 2102
1712265799146 15429.8 2103
1712265809271 15667.2 2104
1712265819409 15697.2 2105
1712265829529 15715.5 2106
1712265839677 15722.3 2107
1712265849823 15760.4 2108
1712265859959 15823.4 2109
1712265870094 15801.7 2110
1712265880216 15808.3 2111
1712265890338 15838.9 2112
1712265900468 15869.3 2113
1712265910594 15917.5 2114
1712265920736 15927.9 2115
1712265930872 15965.6 2116
1712265941008 15981.2 2117
1712265951239 16024.3 2118
1712265961368 16003.0 2119
1712265971506 16034.0 2120
1712265981638 16029.7 2121
1712265991776 16043.5 2122
1712266001899 16041.2 2123
1712266012020 16078.0 2124
1712266022159 16078.8 2125
1712266032301 16103.1 2126
1712266042424 16105.4 2127
1712266052580 15782.1 2128
1712266062715 15898.9 2129
1712266072853 15977.6 2130
1712266082984 16007.5 2131
1712266093118 16026.7 2132
1712266103243 16038.2 2133
1712266113480 16096.1 2134
1712266123617 16105.1 2135
1712266133747 16127.1 2136
1712266143892 16152.9 2137
1712266154056 16166.9 2138
1712266164215 16186.4 2139
1712266174351 16178.8 2140
1712266184481 16198.7 2141
1712266194605 16259.0 2142
1712266204743 16283.4 2143
1712266214868 16308.5 2144
1712266225015 16280.7 2145
1712266235143 16325.1 2146
1712266245274 16370.0 2147
1712266255406 16393.1 2148
1712266265554 16409.0 2149
1712266275695 16388.1 2150
1712266285823 16398.0 2151
1712266295964 16385.8 2152
1712266306107 16376.1 2153
1712266316236 16381.8 2154
1712266326374 16390.4 2155
1712266336515 16445.8 2156
1712266346661 16443.3 2157
1712266356799 16437.3 2158
1712266366936 16444.9 2159
1712266377079 16463.4 2160
1712266387324 16481.5 2161
1712266397449 16494.0 2162
1712266407594 16497.5 2163
1712266417746 16497.2 2164
1712266427917 16514.2 2165
1712266438040 16502.8 2166
1712266448165 16512.2 2167
1712266458315 16534.7 2168
1712266468465 16509.6 2169
1712266478595 16515.6 2170
1712266488734 16523.7 2171
1712266498861 16528.8 2172
1712266508999 16526.5 2173
1712266519137 16536.6 2174
1712266529263 16545.9 2175
1712266539401 16556.0 2176
1712266549553 16564.2 2177
1712266559686 16525.0 2178
1712266569846 16533.6 2179
1712266579990 16525.0 2180
1712266590227 16531.7 2181
1712266600374 16531.1 2182
1712266610505 16556.0 2183
1712266620626 16553.5 2184
1712266630756 16564.0 2185
1712266640931 16514.7 2186
1712266651087 16516.0 2187
1712266661224 16521.2 2188
1712266671367 16527.8 2189
1712266681499 16545.0 2190
1712266691635 16545.7 2191
1712266701775 16546.0 2192
1712266711929 16549.8 2193
1712266722084 16543.3 2194
1712266732319 16551.2 2195
1712266742448 16556.5 2196
1712266752591 16562.9 2197
1712266762733 16525.7 2198
1712266772885 16525.6 2199
1712266783035 16515.6 2200
1712266793173 16519.0 2201
1712266803303 16528.2 2202
1712266813433 16530.4 2203
1712266823575 16521.9 2204
1712266833710 16519.3 2205
1712266844022 16518.7 2206
1712266854173 16489.0 2207
1712266864311 16489.0 2208
1712266874458 16479.2 2209
1712266884604 16481.7 2210
1712266894765 16485.1 2211
1712266904928 16489.0 2212
1712266915079 16496.9 2213
1712266925274 16514.3 2214
1712266935585 16409.3 2215
1712266945764 10381.6 2216
1712266955937 11828.6 2217
1712266966093 12241.9 2218
1712266976229 12258.7 2219
1712266986353 12305.7 2220
1712266996486 12331.2 2221
1712267006616 12310.6 2222
1712267016841 12327.1 2223
1712267026972 12342.0 2224
1712267037139 12354.6 2225
1712267047277 12384.9 2226
1712267057425 12432.8 2227
1712267067564 12382.4 2228
1712267077686 12390.7 2229
1712267087845 12430.3 2230
1712267097981 12428.2 2231
1712267108105 12450.0 2232
1712267118239 12453.0 2233
1712267128425 16311.9 2234
1712267138603 15153.7 2235
1712267148749 13230.4 2236
1712267158909 14469.7 2237
1712267169068 15023.3 2238
1712267179215 15166.2 2239
1712267189366 14936.5 2240
1712267199517 15003.7 2241
1712267209687 15056.1 2242
1712267219861 15095.6 2243
1712267230018 15278.2 2244
1712267240186 15290.9 2245
1712267250339 15344.0 2246
1712267260480 15349.2 2247
1712267270643 15415.6 2248
1712267280778 15464.9 2249
1712267290909 15509.1 2250
1712267301042 15559.8 2251
1712267311191 15552.7 2252
1712267321372 15587.8 2253
1712267331517 15624.8 2254
1712267341654 15629.0 2255
1712267351794 15649.6 2256
1712267361940 15659.7 2257
1712267372068 15675.8 2258
1712267383126 15927.9 2259
1712267393265 16177.6 2260
1712267403436 16040.0 2261
1712267413597 16061.3 2262
1712267423739 16047.0 2263
1712267433882 16050.8 2264
1712267444041 16057.0 2265
1712267454174 16111.5 2266
1712267464319 16100.1 2267
1712267474461 16112.0 2268
1712267484612 16128.5 2269
1712267494773 16118.4 2270
1712267504930 16136.2 2271
1712267515060 16130.4 2272
1712267525202 16142.1 2273
1712267535367 16162.5 2274
1712267545520 16168.2 2275
1712267555657 16171.8 2276
1712267565797 16181.6 2277
1712267575957 16214.2 2278
1712267586203 16237.1 2279
1712267596411 16248.2 2280
1712267606565 16260.4 2281
1712267616714 16273.1 2282
1712267626866 16279.9 2283
1712267637009 16299.8 2284
1712267647151 16322.0 2285
1712267657303 16365.3 2286
1712267667454 16377.2 2287
1712267677659 16408.8 2288
1712267687836 16401.9 2289
1712267698000 16513.3 2290
1712267708148 16568.7 2291
1712267718291 16544.2 2292
1712267728543 16531.9 2293
1712267738756 16532.9 2294
1712267748918 16577.3 2295
1712267759068 16520.2 2296
1712267769192 16521.8 2297
1712267779329 16521.4 2298
1712267789499 16527.1 2299
1712267799644 16528.5 2300
1712267809806 16504.1 2301
1712267819959 16497.2 2302
1712267830092 16503.0 2303
1712267840357 16487.9 2304
1712267850499 16496.9 2305
1712267860631 15864.2 2306
1712267870779 16163.4 2307
1712267880935 16274.9 2308
1712267891093 16312.7 2309
1712267901222 16310.5 2310
1712267911362 16320.2 2311
1712267921492 16325.9 2312
1712267931767 16336.9 2313
1712267941932 16391.5 2314
1712267952075 16345.9 2315
1712267962234 16356.1 2316
1712267972362 16357.5 2317
1712267982485 16371.5 2318
1712267992690 16384.5 2319
1712268002961 16380.8 2320
1712268013100 16388.5 2321
1712268023250 16391.3 2322
1712268033406 16398.5 2323
1712268043557 16403.8 2324
1712268053706 16458.2 2325
1712268063839 16440.6 2326
1712268074003 16407.8 2327
1712268084145 16406.2 2328
1712268094314 16402.4 2329
1712268104459 16414.8 2330
1712268114597 16429.7 2331
1712268124747 16447.5 2332
1712268134887 16453.2 2333
1712268145034 16450.3 2334
1712268155192 16448.1 2335
1712268165354 16455.7 2336
1712268175499 16477.1 2337
1712268185628 16481.2 2338
1712268195772 16498.4 2339
1712268205898 16498.2 2340
1712268216031 16498.4 2341
1712268226162 16505.4 2342
1712268236309 16492.7 2343
1712268246462 16511.9 2344
1712268256599 16517.6 2345
1712268266744 16490.2 2346
1712268276891 16497.5 2347
1712268287037 16501.1 2348
1712268297291 16518.4 2349
1712268307423 16529.4 2350
1712268317557 16536.1 2351
1712268327698 16535.2 2352
1712268337831 16538.4 2353
1712268348017 16554.0 2354
1712268358199 16668.9 2355
1712268368361 10897.9 2356
1712268378506 12564.7 2357
1712268388648 13113.1 2358
1712268398801 13146.1 2359
1712268408938 13149.2 2360
1712268419074 13151.4 2361
1712268429215 13157.3 2362
1712268439508 13147.7 2363
1712268449646 13121.5 2364
1712268459808 13120.3 2365
1712268469965 13130.9 2366
1712268480121 13137.2 2367
1712268490264 13146.3 2368
1712268500411 13141.4 2369
1712268510551 13126.9 2370
1712268520698 13120.5 2371
1712268530872 13131.5 2372
1712268541057 13132.3 2373
1712268551238 16558.8 2374
1712268561926 15995.7 2375
1712268572120 16526.5 2376
1712268582277 13701.8 2377
1712268592425 14943.9 2378
1712268602563 15202.4 2379
1712268612704 15493.0 2380
1712268622853 15557.1 2381
1712268633000 15589.7 2382
1712268643178 15604.4 2383
1712268653328 15700.7 2384
1712268663478 15730.7 2385
1712268673753 15737.3 2386
1712268683905 15752.5 2387
1712268694076 15749.9 2388
1712268704251 16014.6 2389
1712268714407 16062.2 2390
1712268724567 16093.1 2391
1712268734711 16095.3 2392
1712268744848 16095.7 2393
1712268755032 16105.7 2394
1712268765216 16228.2 2395
1712268775391 16291.3 2396
1712268785577 16308.6 2397
1712268795873 16322.7 2398
1712268806051 16327.4 2399
1712268816238 16334.0 2400
1712268826391 16312.8 2401
1712268836550 16080.0 2402
1712268846701 16091.8 2403
1712268856850 16202.5 2404
1712268867023 16181.1 2405
1712268877169 16181.6 2406
1712268887325 16195.5 2407
1712268897472 16225.5 2408
1712268907633 16260.1 2409
1712268917897 16266.8 2410
1712268928055 16280.9 2411
1712268938218 16294.6 2412
1712268948373 16327.7 2413
1712268958529 16366.2 2414
1712268968676 16365.9 2415
1712268978841 16362.2 2416
1712268988981 16367.0 2417
1712268999121 16357.3 2418
1712269009292 16360.6 2419
1712269019450 16354.5 2420
1712269029711 16398.7 2421
1712269039865 16392.3 2422
1712269050021 16400.6 2423
1712269060164 16401.6 2424
1712269070325 16423.0 2425
1712269080468 16435.6 2426
1712269090621 16460.1 2427
1712269100762 16465.5 2428
1712269110902 16469.6 2429
1712269121057 16469.2 2430
1712269131216 16471.5 2431
1712269141372 16478.0 2432
1712269151622 16503.3 2433
1712269161785 16491.4 2434
1712269171942 16480.9 2435
1712269182091 16472.5 2436
1712269192273 16470.7 2437
1712269202454 16467.5 2438
1712269212628 16489.6 2439
1712269222816 16488.2 2440
1712269232974 16493.6 2441
1712269243124 16491.1 2442
1712269253265 16530.9 2443
1712269263428 16467.3 2444
1712269273698 16458.8 2445
1712269283860 16457.5 2446
1712269294009 16455.7 2447
1712269304192 16464.7 2448
1712269314330 16480.1 2449
1712269324487 16493.4 2450
1712269334631 16498.2 2451
1712269344787 16497.3 2452
1712269354938 16389.3 2453
1712269365116 16397.1 2454
1712269375272 16412.2 2455
1712269385416 16436.5 2456
1712269395669 16434.8 2457
1712269405834 16433.7 2458
1712269416000 16419.3 2459
1712269426146 16423.3 2460
1712269436333 16441.4 2461
1712269446493 16465.0 2462
1712269456637 16476.0 2463
1712269466793 16435.2 2464
1712269476956 16430.5 2465
1712269487128 16436.1 2466
1712269497294 16452.4 2467
1712269507444 16470.7 2468
1712269517716 16464.9 2469
1712269527873 16475.0 2470
1712269538017 16468.5 2471
1712269548173 16479.5 2472
1712269558352 16458.9 2473
1712269568519 16485.9 2474
1712269578668 16469.5 2475
1712269588814 16476.8 2476
1712269598968 16468.6 2477
1712269609154 16481.8 2478
1712269619315 16491.8 2479
1712269629571 16508.4 2480
1712269639742 16511.4 2481
1712269649896 16517.9 2482
1712269660047 16518.5 2483
1712269670204 16534.6 2484
1712269680371 16536.4 2485
1712269690539 16561.0 2486
1712269700708 16558.5 2487
1712269710856 16559.7 2488
1712269721029 16564.8 2489
1712269731358 16527.2 2490
1712269741543 16531.9 2491
1712269751730 16479.8 2492
1712269761895 16461.3 2493
1712269772075 16442.9 2494
1712269782260 16442.6 2495
1712269792430 9059.7 2496
1712269802581 11577.8 2497
1712269812750 13265.4 2498
1712269823024 13179.7 2499
1712269833196 13188.4 2500
1712269843355 13178.5 2501
1712269853510 13265.7 2502
1712269863672 13274.0 2503
1712269873838 13252.2 2504
1712269884018 13252.6 2505
1712269894163 13243.1 2506
1712269904356 13239.2 2507
1712269914506 13257.7 2508
1712269924652 13253.1 2509
1712269934815 13296.4 2510
1712269944974 13297.7 2511
1712269955128 13292.7 2512
1712269966103 13298.4 2513
1712269976296 14272.7 2514
1712269986532 15807.5 2515
1712269996833 16071.3 2516
1712270007496 15487.2 2517
1712270017672 14731.7 2518
1712270027858 15326.1 2519
1712270038033 15606.2 2520
1712270048215 15742.9 2521
1712270058370 15810.7 2522
1712270068535 15806.3 2523
1712270078683 15836.9 2524
1712270088831 15885.8 2525
1712270099093 15906.1 2526
1712270109241 15928.3 2527
1712270119393 15942.9 2528
1712270129556 15961.3 2529
1712270139718 15974.1 2530
1712270149874 16005.4 2531
1712270160033 16096.1 2532
1712270170197 16127.8 2533
1712270180363 16109.7 2534
1712270190624 16140.9 2535
1712270200778 16145.1 2536
1712270210920 16161.3 2537
1712270221063 16145.7 2538
1712270231224 16178.3 2539
1712270241377 16174.6 2540
1712270251554 16191.0 2541
1712270261729 16188.5 2542
1712270271882 16216.6 2543
1712270282039 16234.3 2544
1712270292222 16254.5 2545
1712270302379 16250.7 2546
1712270312544 16261.4 2547
1712270322694 16258.7 2548
1712270332842 16273.1 2549
1712270343017 16281.7 2550
1712270353183 16297.5 2551
1712270363344 16311.2 2552
1712270373601 16307.0 2553
1712270383758 16308.0 2554
1712270393916 16350.8 2555
1712270404070 16393.2 2556
1712270414223 16401.4 2557
1712270424417 16399.2 2558
1712270434572 16402.0 2559
1712270444739 16409.3 2560
1712270455005 16468.1 2561
1712270465153 16451.8 2562
1712270475304 16457.6 2563
1712270485462 16455.6 2564
1712270495657 16465.2 2565
1712270505816 16469.2 2566
1712270515979 16485.1 2567
1712270526132 16497.0 2568
1712270536299 16498.0 2569
1712270546578 16463.1 2570
1712270556730 16468.0 2571
1712270566917 16464.6 2572
1712270577090 16482.1 2573
1712270587245 16499.8 2574
1712270597413 16488.1 2575
1712270607579 16498.1 2576
1712270617733 16493.0 2577
1712270627906 16506.7 2578
1712270638177 16518.5 2579
1712270648342 15340.6 2580
1712270658505 15865.3 2581
1712270668657 15991.8 2582
1712270678811 16049.9 2583
1712270688976 16083.0 2584
1712270699141 16088.3 2585
1712270709344 16105.5 2586
1712270719499 16119.8 2587
1712270729760 16138.9 2588
1712270739933 16137.5 2589
1712270750093 16143.1 2590
1712270760251 16179.4 2591
1712270770408 16200.4 2592
1712270780572 16196.9 2593
1712270790736 16187.5 2594
1712270800900 16186.0 2595
1712270811093 16190.4 2596
1712270821347 16206.8 2597
1712270831542 16222.2 2598
1712270841721 16220.3 2599
1712270851892 16212.7 2600
1712270862069 16226.8 2601
1712270872251 16224.8 2602
1712270882431 16233.9 2603
1712270892604 16251.6 2604
1712270902798 16247.5 2605
1712270913022 16258.8 2606
1712270923216 16253.0 2607
1712270933312 16372.0 2608
1712270943398 16431.4 2609
1712270953591 16414.5 2610
1712270963693 16438.2 2611
1712270973811 16438.3 2612
1712270983990 16093.5 2613
1712270994081 16181.9 2614
1712271004348 16370.2 2615
1712271014565 15957.5 2616
1712271024670 15893.9 2617
1712271034788 15962.7 2618
1712271044906 15801.0 2619
1712271055036 16018.0 2620
1712271065153 15981.0 2621
1712271075331 16043.3 2622
1712271085462 15948.3 2623
1712271095746 15973.7 2624
1712271105918 16117.4 2625
1712271116126 16096.6 2626
1712271126322 16155.3 2627
1712271136493 16125.6 2628
1712271146675 16148.4 2629
1712271156789 16171.9 2630
1712271166963 16180.3 2631
1712271177259 16206.2 2632
1712271187440 16225.9 2633
1712271197642 16243.6 2634
1712271207820 16241.3 2635
1712271217948 16163.0 2636
1712271228148 9588.5 2637
1712271238361 11161.9 2638
1712271248551 12854.4 2639
1712271258730 13589.3 2640
1712271269053 13538.8 2641
1712271279187 13637.0 2642
1712271289363 13871.8 2643
1712271299538 13941.2 2644
1712271309712 13938.8 2645
1712271319898 13938.1 2646
1712271330063 13930.6 2647
1712271340165 13926.5 2648
1712271350360 14006.4 2649
1712271360641 13977.2 2650
1712271370843 13997.0 2651
1712271381035 13994.9 2652
1712271391233 13167.0 2653
1712271401361 13158.4 2654
1712271411593 13191.5 2655
1712271421948 15917.3 2656
1712271432151 16419.0 2657
1712271442354 16529.0 2658
1712271452552 13737.9 2659
1712271463274 14724.7 2660
1712271473472 15075.6 2661
1712271483650 15204.1 2662
1712271493853 15287.0 2663
1712271504026 15365.4 2664
1712271514193 15387.0 2665
1712271524292 15433.9 2666
1712271534472 15583.4 2667
1712271544805 15643.0 2668
1712271554991 15561.8 2669
1712271565175 15601.1 2670
1712271575367 15916.3 2671
1712271585473 15940.1 2672
1712271595653 16085.1 2673
1712271605829 16108.5 2674
1712271616016 16161.4 2675
1712271626212 16146.0 2676
1712271636493 16152.9 2677
1712271646613 16176.1 2678
1712271656800 16261.0 2679
1712271666984 16276.2 2680
1712271677164 16297.9 2681
1712271687371 16303.5 2682
1712271697563 16312.7 2683
1712271707658 16379.3 2684
1712271717839 16368.6 2685
1712271728124 16363.2 2686
1712271738308 16373.8 2687
1712271748487 16383.5 2688
1712271758608 16389.9 2689
1712271768793 16431.0 2690
1712271779016 16456.1 2691
1712271789212 16368.7 2692
1712271799413 16348.9 2693
1712271809608 16358.2 2694
1712271819916 16322.6 2695
1712271830097 16329.0 2696
1712271840283 16341.2 2697
1712271850469 16366.7 2698
1712271860652 16391.4 2699
1712271870828 16401.1 2700
1712271881020 16394.6 2701
1712271891198 16440.9 2702
1712271901395 16476.4 2703
1712271911714 16503.5 2704
1712271921892 16528.4 2705
1712271932076 16534.7 2706
1712271942244 16536.6 2707
1712271952433 16470.0 2708
1712271962629 16459.0 2709
1712271972833 16494.7 2710
1712271983017 16497.2 2711
1712271993206 16512.3 2712
1712272003388 16542.3 2713
1712272013571 16553.9 2714
1712272023778 16553.5 2715
1712272033968 16569.3 2716
1712272044151 16561.0 2717
1712272054348 16544.5 2718
1712272064536 16558.5 2719
1712272074728 16533.3 2720
1712272084904 16557.7 2721
1712272095219 16559.7 2722
1712272105401 16452.3 2723
1712272115620 16447.2 2724
1712272125809 16460.1 2725
1712272135988 16462.2 2726
1712272146161 16485.4 2727
1712272156368 16496.0 2728
1712272166534 16452.6 2729
1712272176718 16463.1 2730
1712272186997 16479.0 2731
1712272197201 16494.8 2732
1712272207406 16507.1 2733
1712272217612 16517.6 2734
1712272227787 16534.3 2735
1712272237927 16540.5 2736
1712272248123 16506.9 2737
1712272258276 16450.8 2738
1712272268404 16478.4 2739
1712272278754 16440.9 2740
1712272288885 16438.7 2741
1712272298995 16438.4 2742
1712272309178 16442.7 2743
1712272319297 16459.0 2744
1712272329398 16474.1 2745
1712272339518 16490.7 2746
1712272349718 16507.6 2747
1712272359960 16435.9 2748
1712272370087 16451.6 2749
1712272380269 16484.6 2750
1712272390371 16476.5 2751
1712272400466 16491.2 2752
1712272410673 16513.3 2753
1712272420793 16512.1 2754
1712272430895 16540.1 2755
1712272441098 16478.8 2756
1712272451368 16499.0 2757
1712272461480 16494.9 2758
1712272471678 16518.3 2759
1712272481784 15949.4 2760
1712272491898 15968.1 2761
1712272502090 15988.2 2762
1712272512243 16035.5 2763
1712272522337 16047.3 2764
1712272532518 16062.1 2765
1712272542740 16062.9 2766
1712272552941 16087.3 2767
1712272563123 15609.0 2768
1712272573324 15821.1 2769
1712272583522 15840.0 2770
1712272593722 15075.7 2771
1712272603847 15102.0 2772
1712272614052 15131.2 2773
1712272624259 15160.6 2774
1712272634560 15171.7 2775
1712272644734 15183.7 2776
1712272654956 15181.2 2777
1712272665061 8016.2 2778
1712272675324 10091.2 2779
1712272685512 11882.2 2780
1712272695693 12402.3 2781
1712272705875 12404.7 2782
1712272716059 12403.6 2783
1712272726291 12528.9 2784
1712272736477 12545.8 2785
1712272746665 12569.5 2786
1712272756853 12595.9 2787
1712272767040 12579.1 2788
1712272777218 12581.9 2789
1712272787344 12592.4 2790
1712272797536 12594.2 2791
1712272807722 12615.2 2792
1712272817994 12604.3 2793
1712272828171 12615.0 2794
1712272838279 12613.9 2795
1712272848489 12660.9 2796
1712272858737 14829.9 2797
1712272868960 16763.7 2798
1712272879208 14726.4 2799
1712272889436 12074.4 2800
1712272899545 5537.5 2801
1712272910238 7518.3 2802
1712272921030 12998.9 2803
1712272931266 16391.2 2804
1712272941485 16548.0 2805
1712272951674 14203.2 2806
1712272961792 15201.0 2807
1712272971981 15467.8 2808
1712272982173 15609.2 2809
1712272992365 15694.1 2810
1712273002677 15759.3 2811
1712273012889 15800.3 2812
1712273023014 15807.6 2813
1712273033219 15846.3 2814
1712273043403 15862.6 2815
1712273053597 15940.7 2816
1712273063782 15981.8 2817
1712273073966 15974.0 2818
1712273084074 15990.8 2819
1712273094382 16016.7 2820
1712273104605 16038.2 2821
1712273114797 16050.9 2822
1712273124984 16126.3 2823
1712273135182 16166.8 2824
1712273145297 16222.0 2825
1712273155501 16249.7 2826
1712273165685 16213.3 2827
1712273175863 16234.8 2828
1712273186192 16233.3 2829
1712273196394 16258.2 2830
1712273206483 16269.1 2831
1712273216673 16285.7 2832
1712273226857 16306.3 2833
1712273237032 16308.5 2834
1712273247239 16316.9 2835
1712273257402 16325.9 2836
1712273267520 16338.9 2837
1712273277718 16375.4 2838
1712273288058 16413.5 2839
1712273298241 16420.2 2840
1712273308422 16432.7 2841
1712273318524 16437.3 2842
1712273328692 16483.7 2843
1712273338903 16512.8 2844
1712273349090 16450.8 2845
1712273359372 16491.3 2846
1712273369555 16454.2 2847
1712273379674 16467.4 2848
1712273389863 16497.5 2849
1712273400069 16462.7 2850
1712273410260 16468.2 2851
1712273420448 16330.2 2852
1712273430633 16286.3 2853
1712273440750 16302.6 2854
1712273450938 16352.7 2855
1712273461235 16361.2 2856
1712273471432 16290.4 2857
1712273481624 16327.1 2858
1712273491814 16310.2 2859
1712273501955 16321.4 2860
1712273512155 16339.5 2861
1712273522344 16344.3 2862
1712273532536 16358.9 2863
1712273542734 16410.2 2864
1712273553053 16402.8 2865
1712273563145 16402.0 2866
1712273573322 16432.5 2867
1712273583504 16454.5 2868
1712273593697 16443.2 2869
1712273603933 16435.2 2870
1712273614243 16430.6 2871
1712273624336 16430.9 2872
1712273634518 16446.8 2873
1712273644698 16473.9 2874
1712273654889 16467.5 2875
1712273665080 16400.0 2876
1712273675386 16378.6 2877
1712273685502 16384.9 2878
1712273695718 16385.6 2879
1712273705912 16404.9 2880
1712273716120 16414.8 2881
1712273726311 16430.8 2882
1712273736515 16442.3 2883
1712273746628 16457.3 2884
1712273756828 16469.4 2885
1712273767011 16466.7 2886
1712273777208 16471.5 2887
1712273787520 16475.0 2888
1712273797725 16488.3 2889
1712273807913 16510.6 2890
1712273818124 16388.8 2891
1712273828293 16402.4 2892
1712273838472 16407.2 2893
1712273848661 16415.7 2894
1712273858780 16413.5 2895
1712273869102 16432.1 2896
1712273879330 16446.5 2897
1712273889521 16370.7 2898
1712273899706 16388.1 2899
1712273909891 16388.0 2900
1712273919999 16373.5 2901
1712273930202 16403.6 2902
1712273940512 16407.4 2903
1712273950720 16424.4 2904
1712273960825 16374.2 2905
1712273970987 16250.4 2906
1712273981124 16652.9 2907
1712273991248 16411.3 2908
1712274001834 16360.8 2909
1712274011939 16361.6 2910
1712274022039 16232.5 2911
1712274032218 16295.9 2912
1712274042314 16298.7 2913
1712274052441 16321.0 2914
1712274062600 16327.5 2915
1712274072793 16350.1 2916
1712274082950 16345.6 2917
1712274093109 16337.8 2918
1712274103333 16334.6 2919
1712274113521 16445.6 2920
1712274123694 10734.7 2921
1712274133847 12357.2 2922
1712274144046 13794.2 2923
1712274154196 14021.7 2924
1712274164285 14139.8 2925
1712274174441 14175.7 2926
1712274184590 14174.7 2927
1712274194882 14134.8 2928
1712274205064 14128.9 2929
1712274215226 14226.9 2930
1712274225328 14195.8 2931
1712274235514 14215.5 2932
1712274245670 14131.8 2933
1712274255834 14137.5 2934
1712274266142 14259.4 2935
1712274276297 14266.4 2936
1712274286404 14249.7 2937
1712274296571 14262.8 2938
1712274306738 14289.6 2939
1712274317023 14280.0 2940
1712274327215 13733.7 2941
1712274337378 13738.4 2942
1712274347481 13755.3 2943
1712274357637 13771.4 2944
1712274367789 13784.4 2945
1712274377953 13785.5 2946
1712274388113 13790.7 2947
1712274398204 13200.6 2948
1712274408370 13245.6 2949
1712274418548 13286.6 2950
1712274430801 13350.8 2951
1712274440978 15861.7 2952
1712274451177 15758.0 2953
1712274461267 16076.2 2954
1712274471484 16444.9 2955
1712274481660 14618.7 2956
1712274491818 15270.9 2957
1712274501985 15619.4 2958
1712274512153 15779.2 2959
1712274522889 15843.2 2960
1712274533056 16339.4 2961
1712274543226 16251.2 2962
1712274553411 16329.8 2963
1712274563588 16376.4 2964
1712274573741 16463.6 2965
1712274583980 16465.2 2966
1712274594136 16518.0 2967
1712274604302 16568.2 2968
1712274614492 16479.9 2969
1712274624655 16106.8 2970
1712274634815 16160.2 2971
1712274645021 16227.5 2972
1712274655187 16191.8 2973
1712274665357 16228.3 2974
1712274675522 16244.9 2975
1712274685714 16280.5 2976
1712274695889 16332.7 2977
1712274705988 16331.1 2978
1712274716175 16318.3 2979
1712274726345 16351.6 2980
1712274736526 16347.3 2981
1712274746691 16356.9 2982
1712274756978 16370.4 2983
1712274767075 16369.6 2984
1712274777257 16398.6 2985
1712274787439 16413.6 2986
1712274797609 16456.2 2987
1712274807789 16510.4 2988
1712274817892 16492.6 2989
1712274828081 16523.3 2990
1712274838381 16515.7 2991
1712274848549 16521.2 2992
1712274858718 16506.6 2993
1712274868879 16498.6 2994
1712274878982 16478.9 2995
1712274889169 16474.8 2996
1712274899334 16532.8 2997
1712274909622 16571.0 2998
1712274919799 16636.6 2999
1712274929995 16622.9 3000
1712274940093 16654.6 3001
1712274950295 16673.0 3002
1712274960467 16677.2 3003
1712274970800 16678.0 3004
1712274981004 16600.9 3005
1712274991178 16407.7 3006
1712275001278 16431.1 3007
1712275011443 16429.0 3008
1712275021605 16302.6 3009
1712275031772 16372.5 3010
1712275041941 16431.6 3011
1712275052111 16465.7 3012
1712275062201 16482.4 3013
1712275072511 16510.1 3014
1712275082692 16517.7 3015
1712275092853 16544.4 3016
1712275103033 16535.0 3017
1712275113214 16545.8 3018
1712275123311 16541.1 3019
1712275133509 16552.9 3020
1712275143682 16520.0 3021
1712275153860 16575.1 3022
1712275164156 16492.4 3023
1712275174358 16469.0 3024
1712275184457 16499.8 3025
1712275194632 15939.3 3026
1712275204803 16046.7 3027
1712275214959 16070.3 3028
1712275225244 16070.8 3029
1712275235406 15910.9 3030
1712275245529 15936.2 3031
1712275255699 16001.3 3032
1712275265894 16005.2 3033
1712275276062 16002.9 3034
1712275286345 16003.3 3035
1712275296511 16014.3 3036
1712275306609 16003.5 3037
1712275316782 16023.2 3038
1712275326958 16036.0 3039
1712275337141 16052.6 3040
1712275347313 16180.1 3041
1712275357484 16186.6 3042
1712275367590 16226.6 3043
1712275377748 16221.6 3044
1712275387923 16239.8 3045
1712275398227 16270.3 3046
1712275408424 16255.6 3047
1712275418527 16265.9 3048
1712275428702 16285.8 3049
1712275438859 16294.6 3050
1712275449036 16276.3 3051
1712275459214 16309.4 3052
1712275469396 16284.1 3053
1712275479604 16274.4 3054
1712275489780 16271.6 3055
1712275500011 16296.3 3056
1712275510184 16324.6 3057
1712275520350 16396.2 3058
1712275530511 16459.7 3059
1712275540601 16445.1 3060
1712275550897 16454.3 3061
1712275561067 16365.7 3062
1712275571235 16373.7 3063
1712275581397 16399.6 3064
1712275591571 16400.6 3065
1712275601669 16404.6 3066
1712275611842 16441.1 3067
1712275622135 16425.7 3068
1712275632328 16433.1 3069
1712275642499 16579.1 3070
1712275652668 10629.9 3071
1712275662773 12408.6 3072
1712275672937 13050.8 3073
1712275683294 13017.1 3074
1712275693474 13966.0 3075
1712275703634 13807.6 3076
1712275713799 13804.1 3077
1712275723901 13913.6 3078
1712275734064 13929.5 3079
1712275744334 13932.0 3080
1712275754508 13925.6 3081
1712275764672 13924.2 3082
1712275774832 13921.8 3083
1712275784932 13906.3 3084
1712275795095 13985.5 3085
1712275805254 13965.2 3086
1712275815522 13987.9 3087
1712275825697 13991.2 3088
1712275835861 14024.7 3089
1712275845954 13984.4 3090
1712275856127 14040.3 3091
1712275866293 14038.8 3092
1712275876573 14028.9 3093
1712275886741 14037.1 3094
1712275896897 14037.6 3095
1712275906996 14027.1 3096
1712275917160 14038.8 3097
1712275927333 14046.9 3098
1712275937606 14047.6 3099
1712275947760 14077.9 3100
1712275957885 14100.3 3101
1712275968207 16137.3 3102
1712275978399 16127.0 3103
1712275988607 16233.9 3104
1712275999312 16399.5 3105
1712276009505 14588.7 3106
1712276019608 15316.9 3107
1712276029819 15734.3 3108
1712276040419 15909.3 3109
1712276050608 16110.6 3110
1712276060778 16424.8 3111
1712276071068 16567.9 3112
1712276081165 16636.0 3113
1712276091348 16565.9 3114
1712276101519 16335.9 3115
1712276111686 16351.7 3116
1712276121865 16379.5 3117
1712276132035 15999.9 3118
1712276142258 16220.3 3119
1712276152426 16352.7 3120
1712276162606 16423.8 3121
1712276172771 16505.2 3122
1712276182947 16505.9 3123
1712276193108 16467.5 3124
1712276203211 16490.1 3125
1712276213393 16500.7 3126
1712276223659 16442.3 3127
1712276233846 16454.6 3128
1712276244018 16479.8 3129
1712276254195 16455.2 3130
1712276264295 16458.2 3131
1712276274484 16419.7 3132
1712276284676 15952.6 3133
1712276294978 15968.8 3134
1712276305169 15977.6 3135
1712276315333 16177.5 3136
1712276325429 16187.5 3137
1712276335600 16201.4 3138
1712276345770 16196.6 3139
1712276355976 16212.9 3140
1712276366279 16207.1 3141
1712276376446 16221.5 3142
1712276386542 16202.6 3143
1712276396713 16226.3 3144
1712276406873 15401.4 3145
1712276417074 15522.7 3146
1712276427269 15595.2 3147
1712276437565 15633.9 3148
1712276447696 15698.3 3149
1712276457866 15767.0 3150
1712276468044 15835.7 3151
1712276478237 15872.3 3152
1712276488414 15882.3 3153
1712276498526 15924.9 3154
1712276508835 15975.9 3155
1712276519017 16003.9 3156
1712276529194 16027.3 3157
1712276539402 16003.1 3158
1712276549602 16015.2 3159
1712276559705 16070.8 3160
1712276569890 16090.1 3161
1712276580176 16102.2 3162
1712276590346 16172.1 3163
1712276600502 16180.8 3164
1712276610664 16171.0 3165
1712276620761 16170.3 3166
1712276630950 16191.4 3167
1712276641125 16187.1 3168
1712276651289 16199.6 3169
1712276661598 16198.7 3170
1712276671766 16195.9 3171
1712276681871 16210.2 3172
1712276692051 16218.6 3173
1712276702237 16215.1 3174
1712276712411 16231.9 3175
1712276722711 16234.7 3176
1712276732909 16249.8 3177
1712276743007 16243.4 3178
1712276753184 15382.8 3179
1712276763370 15394.6 3180
1712276773528 15501.0 3181
1712276783697 15556.9 3182
1712276793883 15583.9 3183
1712276803974 15652.7 3184
1712276814267 15720.5 3185
1712276824451 15774.4 3186
1712276834632 15840.4 3187
1712276844835 15876.0 3188
1712276854995 15909.3 3189
1712276865096 15948.3 3190
1712276875401 16120.4 3191
1712276885603 16187.0 3192
1712276895776 16245.1 3193
1712276905964 16280.3 3194
1712276916177 16301.4 3195
1712276926289 16311.1 3196
1712276936585 16352.1 3197
1712276946777 16346.8 3198
1712276956951 16390.5 3199
1712276967121 16341.2 3200
1712276977320 16329.7 3201
1712276987431 16337.6 3202
1712276997744 16337.1 3203
1712277007935 16396.6 3204
1712277018156 16392.6 3205
1712277028370 16383.9 3206
1712277038493 16335.1 3207
1712277048656 16414.4 3208
1712277058967 16254.6 3209
1712277069141 16245.1 3210
1712277079347 16291.9 3211
1712277089513 16302.5 3212
1712277099617 15937.2 3213
1712277109903 16002.4 3214
1712277120089 16050.6 3215
1712277130277 16093.7 3216
1712277140447 16222.9 3217
1712277150627 16174.8 3218
1712277160752 16214.1 3219
1712277171105 16329.5 3220
1712277181299 11012.0 3221
1712277191484 12760.8 3222
1712277201661 13329.6 3223
1712277211845 13339.3 3224
1712277221947 13360.6 3225
1712277232208 13342.8 3226
1712277242382 13390.4 3227
1712277252559 13366.3 3228
1712277262731 13380.0 3229
1712277272920 13413.5 3230
1712277283011 13403.3 3231
1712277293292 13420.8 3232
1712277303460 13671.6 3233
1712277313645 13491.1 3234
1712277323818 13520.0 3235
1712277334012 13514.1 3236
1712277344198 13511.6 3237
1712277354367 13553.0 3238
1712277364530 13539.6 3239
1712277374699 13527.7 3240
1712277384878 13505.2 3241
1712277395043 13499.4 3242
1712277405235 13494.8 3243
1712277415412 13496.6 3244
1712277425571 13508.1 3245
1712277435744 13502.6 3246
1712277445919 13536.0 3247
1712277456090 13517.8 3248
1712277466294 13523.5 3249
1712277476485 13508.3 3250
1712277486668 13520.5 3251
1712277497043 15557.5 3252
1712277507249 16025.0 3253
1712277517505 16433.5 3254
1712277528566 16828.7 3255
1712277538812 13306.3 3256
1712277548993 15392.9 3257
1712277559184 16222.4 3258
1712277569362 16377.2 3259
1712277579467 16460.3 3260
1712277589744 16460.1 3261
1712277599924 16507.9 3262
1712277610101 16440.1 3263
1712277620277 16315.2 3264
1712277630444 16401.3 3265
1712277640548 16025.9 3266
1712277650834 16149.4 3267
1712277661004 16251.8 3268
1712277671181 16361.6 3269
1712277681367 16380.4 3270
1712277691546 16398.3 3271
1712277701652 16395.4 3272
1712277711821 16403.8 3273
1712277721988 16442.5 3274
1712277732180 16465.6 3275
1712277742381 16424.9 3276
1712277752552 16432.4 3277
1712277762761 16432.3 3278
1712277772950 16464.5 3279
1712277783130 15552.4 3280
1712277793304 15640.3 3281
1712277803509 15699.9 3282
1712277813696 15712.4 3283
1712277823924 15764.6 3284
1712277834100 15824.9 3285
1712277844261 15974.0 3286
1712277854443 16033.9 3287
1712277864639 16087.8 3288
1712277874824 16089.1 3289
1712277885051 16173.2 3290
1712277895231 16192.7 3291
1712277905417 16201.2 3292
1712277915594 16223.5 3293
1712277925770 16230.7 3294
1712277935941 16228.1 3295
1712277946156 16257.1 3296
1712277956322 16312.9 3297
1712277966492 16002.1 3298
1712277976684 16164.4 3299
1712277986858 16207.5 3300
1712277997141 16213.7 3301
1712278007247 16199.0 3302
1712278017422 16215.8 3303
1712278027621 16218.3 3304
1712278037790 16222.3 3305
1712278047974 16220.0 3306
1712278058189 16244.7 3307
1712278068407 16252.6 3308
1712278078607 16245.5 3309
1712278088789 16233.4 3310
1712278098965 16241.6 3311
1712278109147 16247.7 3312
1712278119360 16281.3 3313
1712278129540 16284.5 3314
1712278139721 16270.2 3315
1712278149898 16266.9 3316
1712278160064 16309.5 3317
1712278170230 16272.7 3318
1712278180458 16275.6 3319
1712278190651 16275.9 3320
1712278200842 16289.2 3321
1712278211024 16316.4 3322
1712278221198 16315.1 3323
1712278231380 16316.5 3324
1712278241610 16310.2 3325
1712278251796 16343.4 3326
1712278261983 16324.8 3327
1712278272175 16351.9 3328
1712278282362 16337.2 3329
1712278292659 16356.3 3330
1712278302774 16343.6 3331
1712278312961 16360.6 3332
1712278323136 16363.0 3333
1712278333333 16362.7 3334
1712278343518 16362.9 3335
1712278353819 16364.8 3336
1712278363922 16381.0 3337
1712278374113 16383.0 3338
1712278384281 16397.9 3339
1712278394466 16398.3 3340
1712278404659 16390.9 3341
1712278414948 16426.5 3342
1712278425068 16441.8 3343
1712278435273 16423.7 3344
1712278445471 16458.2 3345
1712278455676 16470.0 3346
1712278465871 16379.5 3347
1712278476177 16381.6 3348
1712278486327 16378.0 3349
1712278496532 16451.7 3350
1712278506710 16429.3 3351
1712278516916 16518.4 3352
1712278527090 16496.8 3353
1712278537417 16523.5 3354
1712278547541 16576.0 3355
1712278557743 16524.8 3356
1712278567915 16590.0 3357
1712278578081 16580.8 3358
1712278588381 16587.5 3359
1712278598515 16566.9 3360
1712278608722 16560.4 3361
1712278618956 16502.5 3362
1712278629137 16495.8 3363
1712278639330 16468.2 3364
1712278649625 16472.4 3365
1712278659741 16483.6 3366
1712278669926 16476.6 3367
1712278680125 16488.9 3368
1712278690317 16486.5 3369
1712278700522 16500.4 3370
1712278710814 10455.9 3371
1712278720923 11622.1 3372
1712278731115 13303.0 3373
1712278741295 12994.1 3374
1712278751494 13008.3 3375
1712278761662 13019.0 3376
1712278771986 13016.1 3377
1712278782092 14084.7 3378
1712278792265 13904.7 3379
1712278802446 13932.3 3380
1712278812620 14049.8 3381
1712278822798 14053.2 3382
1712278833099 14051.8 3383
1712278843205 14046.8 3384
1712278853386 14087.8 3385
1712278863557 14061.7 3386
1712278873722 13720.6 3387
1712278883886 13701.9 3388
1712278894051 13743.4 3389
1712278904157 13727.6 3390
1712278914321 13765.4 3391
1712278924503 13726.3 3392
1712278934674 13724.3 3393
1712278944962 13708.8 3394
1712278955131 13713.1 3395
1712278965228 13711.2 3396
1712278975400 13706.0 3397
1712278985568 13739.4 3398
1712278995743 13725.1 3399
1712279006041 13761.1 3400
1712279016215 13877.4 3401
1712279026320 13861.6 3402
