1712237060592 0.0 0
1712237070632 8.2 1
1712237080662 7.8 2
1712237090987 5.5 3
1712237101018 4.3 4
1712237111097 5.0 5
1712237121164 8.3 6
1712237131240 7.1 7
1712237141274 8.4 8
1712237151353 7.5 9
1712237161430 7.2 10
1712237171463 7.8 11
1712237181560 9.6 12
1712237191601 8.3 13
1712237201647 8.9 14
1712237211757 7.3 15
1712237221798 7.1 16
1712237231825 7.1 17
1712237241904 7.2 18
1712237251943 6.9 19
1712237262011 7.2 20
1712237272082 7.1 21
1712237282157 7.0 22
1712237292258 7.0 23
1712237302340 7.0 24
1712237312384 7.1 25
1712237322410 7.1 26
1712237332498 8.5 27
1712237342531 7.6 28
1712237352557 8.1 29
1712237362629 9.3 30
1712237372721 8.2 31
1712237382809 7.4 32
1712237392876 7.2 33
1712237402906 7.4 34
1712237412985 7.9 35
1712237423063 7.3 36
1712237433131 7.5 37
1712237443195 7.6 38
1712237453272 7.7 39
1712237463350 7.9 40
1712237473439 8.6 41
1712237483518 7.3 42
1712237493598 7.1 43
1712237503680 7.4 44
1712237513764 6.8 45
1712237523833 6.8 46
1712237533915 7.1 47
1712237543991 7.1 48
1712237554068 7.0 49
1712237564148 7.2 50
1712237574222 7.2 51
1712237584313 7.2 52
1712237594395 7.4 53
1712237604444 7.1 54
1712237614566 9.4 55
1712237624659 7.9 56
1712237634745 7.1 57
1712237644822 7.2 58
1712237654892 7.1 59
1712237664976 7.2 60
1712237675077 7.4 61
1712237685168 7.3 62
1712237695255 7.1 63
1712237705352 8.2 64
1712237715432 8.0 65
1712237725527 7.4 66
1712237735633 7.3 67
1712237745714 7.2 68
1712237755804 10.2 69
1712237765886 11.0 70
1712237775969 7.0 71
1712237786050 7.1 72
1712237796141 7.0 73
1712237806241 7.2 74
1712237816345 7.1 75
1712237826425 7.0 76
1712237836505 7.2 77
1712237846580 8.5 78
1712237856665 7.5 79
1712237866705 7.1 80
1712237876794 9.2 81
1712237886873 7.5 82
1712237896958 7.0 83
1712237907046 7.7 84
1712237917168 7.2 85
1712237927246 7.0 86
1712237937344 6.9 87
1712237947427 7.3 88
1712237957525 7.0 89
1712237967601 7.0 90
1712237977715 7.2 91
1712237987824 7.1 92
1712237997922 7.1 93
1712238008001 6.9 94
1712238018077 7.0 95
1712238028183 7.1 96
1712238038287 7.3 97
1712238048384 7.2 98
1712238058480 8.4 99
1712238068575 7.2 100
1712238078667 7.0 101
1712238088746 8.1 102
1712238098842 6.9 103
1712238108924 7.1 104
1712238119010 6.9 105
1712238129105 7.3 106
1712238139189 10.5 107
1712238149296 7.2 108
1712238159383 7.1 109
1712238169476 7.1 110
1712238179567 6.9 111
1712238189665 7.0 112
1712238199756 7.1 113
1712238209851 7.1 114
1712238219940 7.1 115
1712238230032 7.0 116
1712238240114 7.1 117
1712238250213 7.2 118
1712238260295 7.2 119
1712238270394 7.0 120
1712238280501 7.0 121
1712238290624 7.1 122
1712238300818 7.8 123
1712238310928 4.3 124
1712238321015 3.4 125
1712238331113 7.1 126
1712238341222 9.0 127
1712238351307 8.8 128
1712238361395 8.1 129
1712238371508 8.2 130
1712238381597 8.1 131
1712238391683 8.1 132
1712238401781 8.1 133
1712238411878 8.1 134
1712238421976 8.1 135
1712238432056 8.0 136
1712238442154 8.0 137
1712238452249 8.0 138
1712238462351 8.1 139
1712238472380 8.6 140
1712238482493 7.5 141
1712238492623 5.6 142
1712238502717 6.1 143
1712238512830 4.2 144
1712238522949 10.0 145
1712238533042 8.4 146
1712238543185 7.0 147
1712238553429 8.7 148
1712238563538 6.9 149
1712238573637 6.4 150
1712238583773 6.6 151
1712238593876 6.6 152
1712238603979 6.8 153
1712238614091 6.6 154
1712238624196 7.0 155
1712238634298 6.8 156
1712238644397 7.3 157
1712238654507 7.3 158
1712238664616 6.8 159
1712238674735 6.7 160
1712238684781 7.4 161
1712238694830 11.7 162
1712238704935 6.9 163
1712238715027 6.8 164
1712238725064 6.7 165
1712238735176 7.4 166
1712238745296 7.2 167
1712238755402 7.2 168
1712238765519 7.4 169
1712238775624 7.0 170
1712238785728 7.0 171
1712238795842 7.0 172
1712238805955 7.3 173
1712238816065 6.9 174
1712238826166 7.2 175
1712238836276 7.1 176
1712238846387 7.0 177
1712238856496 7.0 178
1712238866546 8.3 179
1712238876659 10.2 180
1712238886751 8.1 181
1712238896850 7.0 182
1712238906942 7.1 183
1712238917039 7.2 184
1712238927141 7.2 185
1712238937253 7.9 186
1712238947377 7.7 187
1712238957460 8.5 188
1712238967550 7.0 189
1712238977644 7.0 190
1712238987734 7.0 191
1712238997832 7.0 192
1712239007938 7.1 193
1712239018026 7.1 194
1712239028138 7.1 195
1712239038232 7.1 196
1712239048328 7.4 197
1712239058426 7.3 198
1712239068528 7.3 199
1712239078640 8.1 200
1712239088744 7.1 201
1712239098864 8.1 202
1712239108972 11.9 203
1712239119098 11.9 204
1712239129222 11.9 205
1712239139340 8.9 206
1712239149425 7.0 207
1712239159513 7.0 208
1712239169605 6.9 209
1712239179705 7.0 210
1712239189795 6.9 211
1712239199899 6.9 212
1712239209988 7.0 213
1712239220080 7.1 214
1712239230155 6.9 215
1712239240255 7.1 216
1712239250340 7.6 217
1712239260434 7.6 218
1712239270526 7.1 219
1712239280627 7.1 220
1712239290716 7.1 221
1712239300800 7.1 222
1712239310890 7.2 223
1712239320980 7.1 224
1712239331082 7.1 225
1712239341175 7.4 226
1712239351262 7.2 227
1712239361342 7.0 228
1712239371425 7.2 229
1712239381522 7.1 230
1712239391610 7.1 231
1712239401688 7.1 232
1712239411776 7.2 233
1712239421870 7.0 234
1712239431978 7.2 235
1712239442067 7.1 236
1712239452161 7.1 237
1712239462257 7.1 238
1712239472359 7.0 239
1712239482448 7.1 240
1712239492531 7.0 241
1712239502628 7.1 242
1712239512716 7.5 243
1712239522811 7.0 244
1712239532893 7.2 245
1712239542975 7.1 246
1712239553067 8.5 247
1712239563159 7.1 248
1712239573241 7.1 249
1712239583330 7.2 250
1712239593421 7.1 251
1712239603504 7.3 252
1712239613598 7.3 253
1712239623693 7.1 254
1712239633799 10.2 255
1712239643888 7.5 256
1712239653987 7.2 257
1712239664091 7.3 258
1712239674181 7.1 259
1712239684266 7.2 260
1712239694320 7.1 261
1712239704423 8.4 262
1712239714523 3.9 263
1712239724606 4.4 264
1712239734698 6.7 265
1712239744787 8.2 266
1712239754894 8.6 267
1712239764988 8.4 268
1712239775085 8.2 269
1712239785171 8.2 270
1712239795255 8.1 271
1712239805339 8.0 272
1712239815456 8.2 273
1712239825556 8.1 274
1712239835651 8.1 275
1712239845738 8.9 276
1712239855836 10.2 277
1712239865919 8.2 278
1712239876036 8.4 279
1712239886125 9.2 280
1712239896233 6.9 281
1712239906345 6.3 282
1712239916436 5.6 283
1712239926531 8.2 284
1712239936615 7.6 285
1712239946699 7.2 286
1712239956808 7.0 287
1712239966900 7.0 288
1712239976984 7.3 289
1712239987072 6.8 290
1712239997166 6.7 291
1712240007266 6.6 292
1712240017357 6.9 293
1712240027460 6.8 294
1712240037559 8.5 295
1712240047659 6.9 296
1712240057754 6.9 297
1712240067839 6.9 298
1712240077920 6.9 299
1712240088027 7.0 300
1712240098127 7.0 301
1712240108221 7.0 302
1712240118324 7.1 303
1712240128416 7.0 304
1712240138521 7.3 305
1712240148620 8.3 306
1712240158702 7.5 307
1712240168789 6.9 308
1712240178879 7.1 309
1712240188964 6.9 310
1712240199064 6.9 311
1712240209174 6.9 312
1712240219262 7.1 313
1712240229353 7.1 314
1712240239441 7.3 315
1712240249551 7.2 316
1712240259611 6.9 317
1712240269690 8.9 318
1712240279723 7.2 319
1712240289766 7.6 320
1712240299884 8.0 321
1712240309988 7.1 322
1712240320084 7.6 323
1712240330170 7.0 324
1712240340266 7.2 325
1712240350351 7.2 326
1712240360452 7.1 327
1712240370539 7.0 328
1712240380641 7.0 329
1712240390735 7.0 330
1712240400822 7.2 331
1712240410928 7.2 332
1712240421035 7.3 333
1712240431120 7.1 334
1712240441213 7.2 335
1712240451301 7.8 336
1712240461396 7.2 337
1712240471509 7.1 338
1712240481602 7.1 339
1712240491695 7.4 340
1712240501789 7.1 341
1712240511899 7.1 342
1712240521983 7.2 343
1712240532076 7.1 344
1712240542173 8.1 345
1712240552269 7.2 346
1712240562360 7.1 347
1712240572471 7.1 348
1712240582571 7.0 349
1712240592685 7.1 350
1712240602780 7.0 351
1712240612867 7.3 352
1712240622977 7.0 353
1712240633078 7.1 354
1712240643177 7.0 355
1712240653275 7.0 356
1712240663369 7.3 357
1712240673466 7.1 358
1712240683551 7.0 359
1712240693650 7.2 360
1712240703753 6.9 361
1712240713866 7.1 362
1712240723976 7.0 363
1712240734066 7.0 364
1712240744161 7.2 365
1712240754251 7.8 366
1712240764367 7.3 367
1712240774451 7.0 368
1712240784560 7.0 369
1712240794658 7.0 370
1712240804754 7.0 371
1712240814842 7.2 372
1712240824937 7.1 373
1712240835030 7.1 374
1712240845130 7.1 375
1712240855212 7.1 376
1712240865322 7.0 377
1712240875412 7.1 378
1712240885511 7.1 379
1712240895610 7.0 380
1712240905719 7.0 381
1712240915816 7.1 382
1712240925916 7.0 383
1712240936005 7.2 384
1712240946096 8.9 385
1712240956189 7.1 386
1712240966280 7.0 387
1712240976377 7.0 388
1712240986469 7.1 389
1712240996587 7.1 390
1712241006692 7.2 391
1712241016781 7.1 392
1712241026874 7.0 393
1712241036973 7.0 394
1712241047074 7.0 395
1712241057170 8.4 396
1712241067272 7.2 397
1712241077363 7.2 398
1712241087469 7.0 399
1712241097571 6.9 400
1712241107676 9.2 401
1712241117779 3.7 402
1712241127885 5.3 403
1712241137999 6.4 404
1712241148092 7.5 405
1712241158192 7.9 406
1712241168291 8.0 407
1712241178393 8.1 408
1712241188502 8.0 409
1712241198612 8.0 410
1712241208710 8.1 411
1712241218814 7.9 412
1712241228908 8.1 413
1712241239001 8.1 414
1712241249100 8.0 415
1712241259203 8.0 416
1712241269311 8.0 417
1712241279430 7.6 418
1712241289526 8.4 419
1712241299623 6.3 420
1712241309730 6.9 421
1712241319842 6.1 422
1712241329996 6.1 423
1712241340118 6.8 424
1712241350241 7.3 425
1712241360354 7.3 426
1712241370471 7.0 427
1712241380581 7.0 428
1712241390687 7.1 429
1712241400801 7.0 430
1712241410902 7.1 431
1712241421020 7.2 432
1712241431115 7.1 433
1712241441206 7.0 434
1712241451295 6.9 435
1712241461402 6.9 436
1712241471502 7.0 437
1712241481540 7.5 438
1712241491579 9.1 439
1712241501704 8.1 440
1712241511803 6.9 441
1712241521912 6.9 442
1712241532030 7.0 443
1712241542128 7.1 444
1712241552238 6.8 445
1712241562340 7.2 446
1712241572434 7.0 447
1712241582548 7.1 448
1712241592639 7.0 449
1712241602723 7.2 450
1712241612813 7.1 451
1712241622912 7.2 452
1712241633021 7.2 453
1712241643118 7.2 454
1712241653225 8.1 455
1712241663349 7.3 456
1712241673432 7.8 457
1712241683527 7.2 458
1712241693631 7.0 459
1712241703718 7.0 460
1712241713828 7.0 461
1712241723926 7.2 462
1712241734033 7.4 463
1712241744127 7.2 464
1712241754226 7.1 465
1712241764312 7.1 466
1712241774406 7.0 467
1712241784510 7.1 468
1712241794596 7.0 469
1712241804696 7.0 470
1712241814783 7.0 471
1712241824881 7.1 472
1712241834988 7.0 473
1712241845088 9.7 474
1712241855199 11.2 475
1712241865283 7.1 476
1712241875366 7.2 477
1712241885459 7.2 478
1712241895546 7.2 479
1712241905651 7.3 480
1712241915753 7.4 481
1712241925854 7.3 482
1712241935950 7.1 483
1712241946036 9.0 484
1712241956135 7.5 485
1712241966233 7.0 486
1712241976328 7.0 487
1712241986412 7.1 488
1712241996503 7.2 489
1712242006600 7.1 490
1712242016704 7.1 491
1712242027366 7.2 492
1712242037474 6.8 493
1712242047576 7.0 494
1712242057681 7.0 495
1712242067809 7.1 496
1712242077911 7.5 497
1712242088015 7.1 498
1712242098115 7.1 499
1712242108224 7.1 500
1712242118327 7.1 501
1712242128431 7.5 502
1712242138531 7.7 503
1712242148638 7.3 504
1712242158742 7.2 505
1712242168837 7.1 506
1712242178946 7.2 507
1712242189055 7.1 508
1712242199158 7.2 509
1712242209275 7.1 510
1712242219372 7.1 511
1712242229475 7.0 512
1712242239577 7.0 513
1712242249682 7.3 514
1712242259795 7.5 515
1712242269913 7.1 516
1712242280009 7.0 517
1712242290111 7.1 518
1712242300217 7.0 519
1712242310313 7.1 520
1712242320435 7.1 521
1712242330536 7.2 522
1712242340638 7.0 523
1712242350752 7.1 524
1712242360859 6.9 525
1712242370958 7.1 526
1712242381058 7.6 527
1712242391182 8.0 528
1712242401329 7.1 529
1712242411462 6.9 530
1712242421604 7.0 531
1712242431713 7.0 532
1712242441764 7.0 533
1712242451903 10.8 534
1712242462049 9.5 535
1712242472169 8.3 536
1712242482280 11.0 537
1712242492436 7.3 538
1712242502537 7.3 539
1712242512668 9.0 540
1712242522790 4.0 541
1712242532915 4.0 542
1712242543019 7.8 543
1712242553130 8.5 544
1712242563258 7.9 545
1712242573375 8.2 546
1712242583530 8.4 547
1712242593669 9.6 548
1712242603808 8.7 549
1712242613964 8.8 550
1712242624125 8.5 551
1712242634264 8.2 552
1712242644302 8.4 553
1712242654477 8.2 554
1712242664635 7.9 555
1712242674779 7.8 556
1712242684931 8.3 557
1712242695090 8.7 558
1712242705244 7.1 559
1712242715415 4.5 560
1712242725578 8.4 561
1712242735771 5.4 562
1712242745973 8.3 563
1712242756131 7.9 564
1712242766283 7.3 565
1712242776433 7.2 566
1712242786580 6.8 567
1712242796718 6.8 568
1712242807594 6.5 569
1712242817747 6.8 570
1712242827891 7.1 571
1712242838030 7.8 572
1712242848201 8.6 573
1712242858360 7.7 574
1712242868512 7.2 575
1712242878639 7.2 576
1712242888758 7.1 577
1712242898803 7.1 578
1712242908928 8.7 579
1712242919060 8.8 580
1712242929168 7.3 581
1712242939288 7.1 582
1712242949391 7.2 583
1712242959500 7.2 584
1712242969606 7.1 585
1712242979708 7.3 586
1712242989817 7.2 587
1712242999932 7.3 588
1712243010044 7.0 589
1712243020152 7.2 590
1712243030248 6.9 591
1712243040361 7.3 592
1712243050470 7.4 593
1712243060579 7.1 594
1712243070710 7.1 595
1712243080829 7.1 596
1712243090933 7.2 597
1712243101048 7.1 598
1712243111156 7.3 599
1712243121259 7.1 600
1712243131398 7.3 601
1712243141516 7.4 602
1712243151638 9.2 603
1712243161761 7.5 604
1712243171902 7.0 605
1712243182019 7.1 606
1712243192158 7.3 607
1712243202272 7.1 608
1712243212407 7.0 609
1712243222516 7.0 610
1712243232640 7.0 611
1712243242739 7.1 612
1712243252844 7.1 613
1712243262954 7.1 614
1712243273083 8.0 615
1712243283130 10.7 616
1712243293257 9.6 617
1712243303371 8.0 618
1712243313510 6.7 619
1712243323623 7.3 620
1712243333751 7.2 621
1712243343865 7.3 622
1712243353984 7.3 623
1712243364093 7.1 624
1712243374212 7.3 625
1712243384344 7.2 626
1712243394468 7.1 627
1712243404582 7.1 628
1712243414710 7.5 629
1712243424818 9.2 630
1712243434944 7.7 631
1712243445062 7.5 632
1712243455182 7.7 633
1712243465288 7.6 634
1712243475427 6.9 635
1712243485530 7.3 636
1712243495650 7.1 637
1712243505784 6.9 638
1712243515892 7.4 639
1712243526004 7.3 640
1712243536120 7.4 641
1712243546268 7.5 642
1712243556403 8.7 643
1712243566525 7.9 644
1712243576664 7.4 645
1712243586816 7.4 646
1712243596975 7.1 647
1712243607100 7.2 648
1712243617241 7.6 649
1712243627371 7.2 650
1712243637501 6.9 651
1712243647620 7.4 652
1712243657754 7.7 653
1712243667882 7.7 654
1712243678018 7.7 655
1712243688162 7.1 656
1712243698307 7.6 657
1712243708429 9.8 658
1712243718537 7.7 659
1712243728677 7.8 660
1712243738797 7.0 661
1712243748931 7.6 662
1712243759042 8.5 663
1712243769180 7.3 664
1712243779305 7.5 665
1712243789417 7.0 666
1712243799543 7.3 667
1712243809658 7.1 668
1712243819780 7.2 669
1712243829938 7.0 670
1712243840070 8.4 671
1712243850192 9.2 672
1712243860309 7.0 673
1712243870418 7.6 674
1712243880539 7.3 675
1712243890650 7.3 676
1712243900771 7.1 677
1712243910900 7.2 678
1712243921039 7.1 679
1712243931182 8.7 680
1712243941308 2.6 681
1712243951427 5.5 682
1712243961487 5.5 683
1712243971612 9.2 684
1712243981743 8.8 685
1712243991866 8.7 686
1712244001983 8.5 687
1712244012101 8.2 688
1712244022211 8.0 689
1712244032318 8.0 690
1712244042420 8.1 691
1712244052533 9.2 692
1712244062635 8.4 693
1712244072757 8.4 694
1712244082856 8.0 695
1712244092965 8.2 696
1712244103072 8.1 697
1712244113168 8.2 698
1712244123295 7.1 699
1712244133414 7.1 700
1712244143536 5.5 701
1712244153647 8.5 702
1712244163770 3.3 703
1712244173889 7.1 704
1712244184250 6.9 705
1712244194389 5.8 706
1712244204526 6.6 707
1712244214666 10.2 708
1712244224793 12.7 709
1712244234930 12.2 710
1712244245119 11.8 711
1712244255246 12.5 712
1712244265387 12.4 713
1712244275507 13.2 714
1712244285653 12.3 715
1712244295797 12.2 716
1712244305917 15.1 717
1712244316046 12.5 718
1712244326167 12.6 719
1712244336292 11.0 720
1712244346409 7.3 721
1712244356521 9.4 722
1712244366647 7.4 723
1712244376752 7.3 724
1712244386861 7.2 725
1712244396956 7.4 726
1712244407062 7.4 727
1712244417183 7.1 728
1712244427274 7.1 729
1712244437368 7.3 730
1712244447476 7.2 731
1712244457583 8.0 732
1712244467680 9.0 733
1712244477794 7.7 734
