1712237060592 54.7 0
1712237070632 55.7 1
1712237080662 57.7 2
1712237090987 59.3 3
1712237101018 60.8 4
1712237111097 61.6 5
1712237121164 61.6 6
1712237131240 61.6 7
1712237141274 61.6 8
1712237151353 61.6 9
1712237161430 61.6 10
1712237171463 61.6 11
1712237181560 61.6 12
1712237191601 61.6 13
1712237201647 61.6 14
1712237211757 61.6 15
1712237221798 61.6 16
1712237231825 61.6 17
1712237241904 61.6 18
1712237251943 61.6 19
1712237262011 61.6 20
1712237272082 61.6 21
1712237282157 61.6 22
1712237292258 61.6 23
1712237302340 61.6 24
1712237312384 61.6 25
1712237322410 61.6 26
1712237332498 61.6 27
1712237342531 61.6 28
1712237352557 61.6 29
1712237362629 61.6 30
1712237372721 61.6 31
1712237382809 61.6 32
1712237392876 61.6 33
1712237402906 61.6 34
1712237412985 61.6 35
1712237423063 61.6 36
1712237433131 61.6 37
1712237443195 61.6 38
1712237453272 61.6 39
1712237463350 61.6 40
1712237473439 61.6 41
1712237483518 61.6 42
1712237493598 61.6 43
1712237503680 61.6 44
1712237513764 61.6 45
1712237523833 61.6 46
1712237533915 61.6 47
1712237543991 61.6 48
1712237554068 61.6 49
1712237564148 61.6 50
1712237574222 61.6 51
1712237584313 61.6 52
1712237594395 61.6 53
1712237604444 61.6 54
1712237614566 61.6 55
1712237624659 61.6 56
1712237634745 61.6 57
1712237644822 61.6 58
1712237654892 61.6 59
1712237664976 61.6 60
1712237675077 61.6 61
1712237685168 61.6 62
1712237695255 61.6 63
1712237705352 61.6 64
1712237715432 61.6 65
1712237725527 61.6 66
1712237735633 61.6 67
1712237745714 61.6 68
1712237755804 61.6 69
1712237765886 61.6 70
1712237775969 61.6 71
1712237786050 61.6 72
1712237796141 61.6 73
1712237806241 61.6 74
1712237816345 61.6 75
1712237826425 61.6 76
1712237836505 61.6 77
1712237846580 61.6 78
1712237856665 61.6 79
1712237866705 61.6 80
1712237876794 61.6 81
1712237886873 61.6 82
1712237896958 61.6 83
1712237907046 61.6 84
1712237917168 61.6 85
1712237927246 61.6 86
1712237937344 61.6 87
1712237947427 61.6 88
1712237957525 61.6 89
1712237967601 61.6 90
1712237977715 61.6 91
1712237987824 61.6 92
1712237997922 61.6 93
1712238008001 61.6 94
1712238018077 61.6 95
1712238028183 61.6 96
1712238038287 61.6 97
1712238048384 61.6 98
1712238058480 61.6 99
1712238068575 61.6 100
1712238078667 61.6 101
1712238088746 61.6 102
1712238098842 61.6 103
1712238108924 61.6 104
1712238119010 61.6 105
1712238129105 61.6 106
1712238139189 61.6 107
1712238149296 61.6 108
1712238159383 61.6 109
1712238169476 61.6 110
1712238179567 61.6 111
1712238189665 61.6 112
1712238199756 61.6 113
1712238209851 61.6 114
1712238219940 61.6 115
1712238230032 61.6 116
1712238240114 61.6 117
1712238250213 61.6 118
1712238260295 61.6 119
1712238270394 61.6 120
1712238280501 61.6 121
1712238290624 61.6 122
1712238300818 57.0 123
1712238310928 58.0 124
1712238321015 59.6 125
1712238331113 59.6 126
1712238341222 59.6 127
1712238351307 59.6 128
1712238361395 59.6 129
1712238371508 59.6 130
1712238381597 59.6 131
1712238391683 59.6 132
1712238401781 59.6 133
1712238411878 59.6 134
1712238421976 59.6 135
1712238432056 59.6 136
1712238442154 59.6 137
1712238452249 59.6 138
1712238462351 59.6 139
1712238472380 59.6 140
1712238482493 58.2 141
1712238492623 59.8 142
1712238502717 61.0 143
1712238512830 61.5 144
1712238522949 62.0 145
1712238533042 62.0 146
1712238543185 62.0 147
1712238553429 62.0 148
1712238563538 62.0 149
1712238573637 62.0 150
1712238583773 62.0 151
1712238593876 62.0 152
1712238603979 62.0 153
1712238614091 62.0 154
1712238624196 62.0 155
1712238634298 62.0 156
1712238644397 62.0 157
1712238654507 62.0 158
1712238664616 62.0 159
1712238674735 62.0 160
1712238684781 62.0 161
1712238694830 62.0 162
1712238704935 62.0 163
1712238715027 62.0 164
1712238725064 62.0 165
1712238735176 62.0 166
1712238745296 62.0 167
1712238755402 62.0 168
1712238765519 62.0 169
1712238775624 62.0 170
1712238785728 62.0 171
1712238795842 62.0 172
1712238805955 62.0 173
1712238816065 62.0 174
1712238826166 62.0 175
1712238836276 62.0 176
1712238846387 62.0 177
1712238856496 62.0 178
1712238866546 62.0 179
1712238876659 62.0 180
1712238886751 62.0 181
1712238896850 62.0 182
1712238906942 62.0 183
1712238917039 62.0 184
1712238927141 62.0 185
1712238937253 62.0 186
1712238947377 62.0 187
1712238957460 62.0 188
1712238967550 62.0 189
1712238977644 62.0 190
1712238987734 62.0 191
1712238997832 62.0 192
1712239007938 62.0 193
1712239018026 62.0 194
1712239028138 62.0 195
1712239038232 62.0 196
1712239048328 62.0 197
1712239058426 62.0 198
1712239068528 62.0 199
1712239078640 62.0 200
1712239088744 62.0 201
1712239098864 62.0 202
1712239108972 62.0 203
1712239119098 62.0 204
1712239129222 62.0 205
1712239139340 62.0 206
1712239149425 62.0 207
1712239159513 62.0 208
1712239169605 62.0 209
1712239179705 62.0 210
1712239189795 62.0 211
1712239199899 62.0 212
1712239209988 62.0 213
1712239220080 62.0 214
1712239230155 62.0 215
1712239240255 62.0 216
1712239250340 62.0 217
1712239260434 62.0 218
1712239270526 62.0 219
1712239280627 62.0 220
1712239290716 62.0 221
1712239300800 62.0 222
1712239310890 62.0 223
1712239320980 62.0 224
1712239331082 62.0 225
1712239341175 62.0 226
1712239351262 62.0 227
1712239361342 62.0 228
1712239371425 62.0 229
1712239381522 62.0 230
1712239391610 62.0 231
1712239401688 62.0 232
1712239411776 62.0 233
1712239421870 62.0 234
1712239431978 62.0 235
1712239442067 62.0 236
1712239452161 62.0 237
1712239462257 62.0 238
1712239472359 62.0 239
1712239482448 62.0 240
1712239492531 62.0 241
1712239502628 62.0 242
1712239512716 62.0 243
1712239522811 62.0 244
1712239532893 62.0 245
1712239542975 62.0 246
1712239553067 62.0 247
1712239563159 62.0 248
1712239573241 62.0 249
1712239583330 62.0 250
1712239593421 62.0 251
1712239603504 62.0 252
1712239613598 62.0 253
1712239623693 62.0 254
1712239633799 62.0 255
1712239643888 62.0 256
1712239653987 62.0 257
1712239664091 62.0 258
1712239674181 62.0 259
1712239684266 62.0 260
1712239694320 62.0 261
1712239704423 57.4 262
1712239714523 57.4 263
1712239724606 59.1 264
1712239734698 59.9 265
1712239744787 59.9 266
1712239754894 59.9 267
1712239764988 59.9 268
1712239775085 59.9 269
1712239785171 59.9 270
1712239795255 59.9 271
1712239805339 59.9 272
1712239815456 59.9 273
1712239825556 59.9 274
1712239835651 59.9 275
1712239845738 59.9 276
1712239855836 59.9 277
1712239865919 59.9 278
1712239876036 59.9 279
1712239886125 59.9 280
1712239896233 59.4 281
1712239906345 60.9 282
1712239916436 61.4 283
1712239926531 62.0 284
1712239936615 62.0 285
1712239946699 62.0 286
1712239956808 62.0 287
1712239966900 62.0 288
1712239976984 62.0 289
1712239987072 62.0 290
1712239997166 62.0 291
1712240007266 62.0 292
1712240017357 62.0 293
1712240027460 62.0 294
1712240037559 62.0 295
1712240047659 62.0 296
1712240057754 62.0 297
1712240067839 62.0 298
1712240077920 62.0 299
1712240088027 62.0 300
1712240098127 62.0 301
1712240108221 62.0 302
1712240118324 62.0 303
1712240128416 62.0 304
1712240138521 62.0 305
1712240148620 62.0 306
1712240158702 62.0 307
1712240168789 62.0 308
1712240178879 62.0 309
1712240188964 62.0 310
1712240199064 62.0 311
1712240209174 62.0 312
1712240219262 62.0 313
1712240229353 62.0 314
1712240239441 62.0 315
1712240249551 62.0 316
1712240259611 62.0 317
1712240269690 62.0 318
1712240279723 62.0 319
1712240289766 62.0 320
1712240299884 62.0 321
1712240309988 62.0 322
1712240320084 62.0 323
1712240330170 62.0 324
1712240340266 62.0 325
1712240350351 62.0 326
1712240360452 62.0 327
1712240370539 62.0 328
1712240380641 62.0 329
1712240390735 62.0 330
1712240400822 62.0 331
1712240410928 62.0 332
1712240421035 62.0 333
1712240431120 62.0 334
1712240441213 62.0 335
1712240451301 62.0 336
1712240461396 62.0 337
1712240471509 62.0 338
1712240481602 62.0 339
1712240491695 62.0 340
1712240501789 62.0 341
1712240511899 62.0 342
1712240521983 62.0 343
1712240532076 62.0 344
1712240542173 62.0 345
1712240552269 62.0 346
1712240562360 62.0 347
1712240572471 62.0 348
1712240582571 62.0 349
1712240592685 62.0 350
1712240602780 62.0 351
1712240612867 62.0 352
1712240622977 62.0 353
1712240633078 62.0 354
1712240643177 62.0 355
1712240653275 62.0 356
1712240663369 62.0 357
1712240673466 62.0 358
1712240683551 62.0 359
1712240693650 62.0 360
1712240703753 62.0 361
1712240713866 62.0 362
1712240723976 62.0 363
1712240734066 62.0 364
1712240744161 62.0 365
1712240754251 62.0 366
1712240764367 62.0 367
1712240774451 62.0 368
1712240784560 62.0 369
1712240794658 62.0 370
1712240804754 62.0 371
1712240814842 62.0 372
1712240824937 62.0 373
1712240835030 62.0 374
1712240845130 62.0 375
1712240855212 62.0 376
1712240865322 62.0 377
1712240875412 62.0 378
1712240885511 62.0 379
1712240895610 62.0 380
1712240905719 62.0 381
1712240915816 62.0 382
1712240925916 62.0 383
1712240936005 62.0 384
1712240946096 62.0 385
1712240956189 62.0 386
1712240966280 62.0 387
1712240976377 62.0 388
1712240986469 62.0 389
1712240996587 62.0 390
1712241006692 62.0 391
1712241016781 62.0 392
1712241026874 62.0 393
1712241036973 62.0 394
1712241047074 62.0 395
1712241057170 62.0 396
1712241067272 62.0 397
1712241077363 62.0 398
1712241087469 62.0 399
1712241097571 62.0 400
1712241107676 57.1 401
1712241117779 57.1 402
1712241127885 59.3 403
1712241137999 59.7 404
1712241148092 59.7 405
1712241158192 59.7 406
1712241168291 59.7 407
1712241178393 59.7 408
1712241188502 59.7 409
1712241198612 59.7 410
1712241208710 59.7 411
1712241218814 59.7 412
1712241228908 59.7 413
1712241239001 59.7 414
1712241249100 59.7 415
1712241259203 59.7 416
1712241269311 59.7 417
1712241279430 59.7 418
1712241289526 59.7 419
1712241299623 59.1 420
1712241309730 60.7 421
1712241319842 61.4 422
1712241329996 62.0 423
1712241340118 62.0 424
1712241350241 62.0 425
1712241360354 62.0 426
1712241370471 62.0 427
1712241380581 62.0 428
1712241390687 62.0 429
1712241400801 62.0 430
1712241410902 62.0 431
1712241421020 62.0 432
1712241431115 62.0 433
1712241441206 62.0 434
1712241451295 62.0 435
1712241461402 62.0 436
1712241471502 62.0 437
1712241481540 62.0 438
1712241491579 62.0 439
1712241501704 62.0 440
1712241511803 62.0 441
1712241521912 62.0 442
1712241532030 62.0 443
1712241542128 62.0 444
1712241552238 62.0 445
1712241562340 62.0 446
1712241572434 62.0 447
1712241582548 62.0 448
1712241592639 62.0 449
1712241602723 62.0 450
1712241612813 62.0 451
1712241622912 62.0 452
1712241633021 62.0 453
1712241643118 62.0 454
1712241653225 62.0 455
1712241663349 62.0 456
1712241673432 62.0 457
1712241683527 62.0 458
1712241693631 62.0 459
1712241703718 62.0 460
1712241713828 62.0 461
1712241723926 62.0 462
1712241734033 62.0 463
1712241744127 62.0 464
1712241754226 62.0 465
1712241764312 62.0 466
1712241774406 62.0 467
1712241784510 62.0 468
1712241794596 62.0 469
1712241804696 62.0 470
1712241814783 62.0 471
1712241824881 62.0 472
1712241834988 62.0 473
1712241845088 62.0 474
1712241855199 62.0 475
1712241865283 62.0 476
1712241875366 62.0 477
1712241885459 62.0 478
1712241895546 62.0 479
1712241905651 62.0 480
1712241915753 62.0 481
1712241925854 62.0 482
1712241935950 62.0 483
1712241946036 62.0 484
1712241956135 62.0 485
1712241966233 62.0 486
1712241976328 62.0 487
1712241986412 62.0 488
1712241996503 62.0 489
1712242006600 62.0 490
1712242016704 62.0 491
1712242027366 62.0 492
1712242037474 62.0 493
1712242047576 62.0 494
1712242057681 62.0 495
1712242067809 62.0 496
1712242077911 62.0 497
1712242088015 62.0 498
1712242098115 62.0 499
1712242108224 62.0 500
1712242118327 62.0 501
1712242128431 62.0 502
1712242138531 62.0 503
1712242148638 62.0 504
1712242158742 62.0 505
1712242168837 62.0 506
1712242178946 62.0 507
1712242189055 62.0 508
1712242199158 62.0 509
1712242209275 62.0 510
1712242219372 62.0 511
1712242229475 62.0 512
1712242239577 62.0 513
1712242249682 62.0 514
1712242259795 62.0 515
1712242269913 62.0 516
1712242280009 62.0 517
1712242290111 62.0 518
1712242300217 62.0 519
1712242310313 62.0 520
1712242320435 62.0 521
1712242330536 62.0 522
1712242340638 62.0 523
1712242350752 62.0 524
1712242360859 62.0 525
1712242370958 62.0 526
1712242381058 62.0 527
1712242391182 62.0 528
1712242401329 62.0 529
1712242411462 62.0 530
1712242421604 62.0 531
1712242431713 62.0 532
1712242441764 62.0 533
1712242451903 62.0 534
1712242462049 62.0 535
1712242472169 62.0 536
1712242482280 62.0 537
1712242492436 62.0 538
1712242502537 62.0 539
1712242512668 57.6 540
1712242522790 57.4 541
1712242532915 58.8 542
1712242543019 60.0 543
1712242553130 60.0 544
1712242563258 60.0 545
1712242573375 60.0 546
1712242583530 60.0 547
1712242593669 60.0 548
1712242603808 60.0 549
1712242613964 60.0 550
1712242624125 60.0 551
1712242634264 60.0 552
1712242644302 60.0 553
1712242654477 60.0 554
1712242664635 60.0 555
1712242674779 60.0 556
1712242684931 60.0 557
1712242695090 60.0 558
1712242705244 58.5 559
1712242715415 59.6 560
1712242725578 61.2 561
1712242735771 61.6 562
1712242745973 62.2 563
1712242756131 62.2 564
1712242766283 62.2 565
1712242776433 62.2 566
1712242786580 62.2 567
1712242796718 62.2 568
1712242807594 62.2 569
1712242817747 62.2 570
1712242827891 62.2 571
1712242838030 62.2 572
1712242848201 62.2 573
1712242858360 62.2 574
1712242868512 62.2 575
1712242878639 62.2 576
1712242888758 62.2 577
1712242898803 62.2 578
1712242908928 62.2 579
1712242919060 62.2 580
1712242929168 62.2 581
1712242939288 62.2 582
1712242949391 62.2 583
1712242959500 62.2 584
1712242969606 62.2 585
1712242979708 62.2 586
1712242989817 62.2 587
1712242999932 62.2 588
1712243010044 62.2 589
1712243020152 62.2 590
1712243030248 62.2 591
1712243040361 62.2 592
1712243050470 62.2 593
1712243060579 62.2 594
1712243070710 62.2 595
1712243080829 62.2 596
1712243090933 62.2 597
1712243101048 62.2 598
1712243111156 62.2 599
1712243121259 62.2 600
1712243131398 62.2 601
1712243141516 62.2 602
1712243151638 62.2 603
1712243161761 62.2 604
1712243171902 62.2 605
1712243182019 62.2 606
1712243192158 62.2 607
1712243202272 62.2 608
1712243212407 62.2 609
1712243222516 62.2 610
1712243232640 62.2 611
1712243242739 62.2 612
1712243252844 62.2 613
1712243262954 62.2 614
1712243273083 62.2 615
1712243283130 62.2 616
1712243293257 62.2 617
1712243303371 62.2 618
1712243313510 62.2 619
1712243323623 62.2 620
1712243333751 62.2 621
1712243343865 62.2 622
1712243353984 62.2 623
1712243364093 62.2 624
1712243374212 62.2 625
1712243384344 62.2 626
1712243394468 62.2 627
1712243404582 62.2 628
1712243414710 62.2 629
1712243424818 62.2 630
1712243434944 62.2 631
1712243445062 62.2 632
1712243455182 62.2 633
1712243465288 62.2 634
1712243475427 62.2 635
1712243485530 62.2 636
1712243495650 62.2 637
1712243505784 62.2 638
1712243515892 62.2 639
1712243526004 62.2 640
1712243536120 62.2 641
1712243546268 62.2 642
1712243556403 62.2 643
1712243566525 62.2 644
1712243576664 62.2 645
1712243586816 62.2 646
1712243596975 62.2 647
1712243607100 62.2 648
1712243617241 62.2 649
1712243627371 62.2 650
1712243637501 62.2 651
1712243647620 62.2 652
1712243657754 62.2 653
1712243667882 62.2 654
1712243678018 62.2 655
1712243688162 62.2 656
1712243698307 62.2 657
1712243708429 62.2 658
1712243718537 62.2 659
1712243728677 62.2 660
1712243738797 62.2 661
1712243748931 62.2 662
1712243759042 62.2 663
1712243769180 62.2 664
1712243779305 62.2 665
1712243789417 62.2 666
1712243799543 62.2 667
1712243809658 62.2 668
1712243819780 62.2 669
1712243829938 62.2 670
1712243840070 62.2 671
1712243850192 62.2 672
1712243860309 62.2 673
1712243870418 62.2 674
1712243880539 62.2 675
1712243890650 62.2 676
1712243900771 62.2 677
1712243910900 62.2 678
1712243921039 62.2 679
1712243931182 57.8 680
1712243941308 57.8 681
1712243951427 58.8 682
1712243961487 60.0 683
1712243971612 60.0 684
1712243981743 60.0 685
1712243991866 60.0 686
1712244001983 60.0 687
1712244012101 60.0 688
1712244022211 60.0 689
1712244032318 60.0 690
1712244042420 60.0 691
1712244052533 60.0 692
1712244062635 60.0 693
1712244072757 60.0 694
1712244082856 60.0 695
1712244092965 60.0 696
1712244103072 60.0 697
1712244113168 60.0 698
1712244123295 59.2 699
1712244133414 60.8 700
1712244143536 61.6 701
1712244153647 57.5 702
1712244163770 56.6 703
1712244173889 57.2 704
1712244184250 59.2 705
1712244194389 61.2 706
1712244204526 61.7 707
1712244214666 62.2 708
1712244224793 62.2 709
1712244234930 62.2 710
1712244245119 62.2 711
1712244255246 62.2 712
1712244265387 62.2 713
1712244275507 62.2 714
1712244285653 62.2 715
1712244295797 62.2 716
1712244305917 62.2 717
1712244316046 62.2 718
1712244326167 62.2 719
1712244336292 62.2 720
1712244346409 62.2 721
1712244356521 62.2 722
1712244366647 62.2 723
1712244376752 62.2 724
1712244386861 62.2 725
1712244396956 62.2 726
1712244407062 62.2 727
1712244417183 62.2 728
1712244427274 62.2 729
1712244437368 62.2 730
1712244447476 62.2 731
1712244457583 62.2 732
1712244467680 62.2 733
1712244477794 62.2 734
