1712237060592 125148.3 0
1712237070632 122429.6 1
1712237080662 116937.2 2
1712237090987 112527.5 3
1712237101018 108197.0 4
1712237111097 106096.9 5
1712237121164 106096.9 6
1712237131240 106096.9 7
1712237141274 106096.9 8
1712237151353 106096.9 9
1712237161430 106096.9 10
1712237171463 106096.9 11
1712237181560 106096.9 12
1712237191601 106096.9 13
1712237201647 106096.9 14
1712237211757 106096.9 15
1712237221798 106096.9 16
1712237231825 106096.9 17
1712237241904 106096.9 18
1712237251943 106096.9 19
1712237262011 106096.9 20
1712237272082 106096.9 21
1712237282157 106096.9 22
1712237292258 106096.9 23
1712237302340 106096.9 24
1712237312384 106096.9 25
1712237322410 106096.9 26
1712237332498 106096.8 27
1712237342531 106096.8 28
1712237352557 106096.8 29
1712237362629 106096.8 30
1712237372721 106096.8 31
1712237382809 106096.8 32
1712237392876 106096.8 33
1712237402906 106096.8 34
1712237412985 106096.8 35
1712237423063 106096.8 36
1712237433131 106096.8 37
1712237443195 106096.8 38
1712237453272 106096.8 39
1712237463350 106096.8 40
1712237473439 106096.8 41
1712237483518 106096.8 42
1712237493598 106096.8 43
1712237503680 106096.8 44
1712237513764 106096.8 45
1712237523833 106096.8 46
1712237533915 106096.8 47
1712237543991 106096.8 48
1712237554068 106096.8 49
1712237564148 106096.8 50
1712237574222 106096.8 51
1712237584313 106096.8 52
1712237594395 106096.8 53
1712237604444 106096.8 54
1712237614566 106096.8 55
1712237624659 106096.8 56
1712237634745 106096.8 57
1712237644822 106096.8 58
1712237654892 106096.8 59
1712237664976 106096.8 60
1712237675077 106096.8 61
1712237685168 106096.8 62
1712237695255 106096.8 63
1712237705352 106096.8 64
1712237715432 106096.8 65
1712237725527 106096.8 66
1712237735633 106096.8 67
1712237745714 106096.8 68
1712237755804 106096.8 69
1712237765886 106096.8 70
1712237775969 106096.8 71
1712237786050 106096.8 72
1712237796141 106096.8 73
1712237806241 106096.8 74
1712237816345 106096.3 75
1712237826425 106096.3 76
1712237836505 106096.3 77
1712237846580 106096.3 78
1712237856665 106096.3 79
1712237866705 106096.3 80
1712237876794 106096.3 81
1712237886873 106096.3 82
1712237896958 106096.3 83
1712237907046 106096.3 84
1712237917168 106096.3 85
1712237927246 106096.3 86
1712237937344 106096.3 87
1712237947427 106096.3 88
1712237957525 106096.3 89
1712237967601 106096.3 90
1712237977715 106096.3 91
1712237987824 106096.3 92
1712237997922 106096.3 93
1712238008001 106096.3 94
1712238018077 106096.3 95
1712238028183 106096.3 96
1712238038287 106096.3 97
1712238048384 106096.3 98
1712238058480 106096.3 99
1712238068575 106096.3 100
1712238078667 106096.3 101
1712238088746 106096.3 102
1712238098842 106096.3 103
1712238108924 106096.3 104
1712238119010 106096.3 105
1712238129105 106096.3 106
1712238139189 106096.3 107
1712238149296 106096.3 108
1712238159383 106096.3 109
1712238169476 106096.3 110
1712238179567 106096.3 111
1712238189665 106096.3 112
1712238199756 106096.3 113
1712238209851 106096.3 114
1712238219940 106096.2 115
1712238230032 106096.2 116
1712238240114 106096.2 117
1712238250213 106096.2 118
1712238260295 106096.2 119
1712238270394 106096.2 120
1712238280501 106096.2 121
1712238290624 106096.2 122
1712238300818 118739.4 123
1712238310928 115992.6 124
1712238321015 111649.9 125
1712238331113 111649.9 126
1712238341222 111649.9 127
1712238351307 111649.9 128
1712238361395 111649.9 129
1712238371508 111649.9 130
1712238381597 111649.9 131
1712238391683 111649.9 132
1712238401781 111649.9 133
1712238411878 111649.9 134
1712238421976 111649.9 135
1712238432056 111649.9 136
1712238442154 111649.9 137
1712238452249 111649.9 138
1712238462351 111649.9 139
1712238472380 111649.9 140
1712238482493 115313.6 141
1712238492623 110975.4 142
1712238502717 107713.8 143
1712238512830 106372.3 144
1712238522949 104799.8 145
1712238533042 104799.8 146
1712238543185 104799.8 147
1712238553429 104799.8 148
1712238563538 104799.8 149
1712238573637 104799.8 150
1712238583773 104799.8 151
1712238593876 104799.8 152
1712238603979 104799.8 153
1712238614091 104799.8 154
1712238624196 104799.8 155
1712238634298 104799.8 156
1712238644397 104799.8 157
1712238654507 104799.8 158
1712238664616 104799.8 159
1712238674735 104799.8 160
1712238684781 104799.8 161
1712238694830 104799.8 162
1712238704935 104799.8 163
1712238715027 104799.8 164
1712238725064 104799.8 165
1712238735176 104799.8 166
1712238745296 104799.8 167
1712238755402 104799.8 168
1712238765519 104799.8 169
1712238775624 104799.8 170
1712238785728 104799.8 171
1712238795842 104799.8 172
1712238805955 104799.8 173
1712238816065 104799.8 174
1712238826166 104799.8 175
1712238836276 104799.8 176
1712238846387 104799.8 177
1712238856496 104799.2 178
1712238866546 104799.2 179
1712238876659 104799.2 180
1712238886751 104799.2 181
1712238896850 104799.2 182
1712238906942 104799.2 183
1712238917039 104799.2 184
1712238927141 104799.2 185
1712238937253 104799.2 186
1712238947377 104799.2 187
1712238957460 104799.2 188
1712238967550 104799.2 189
1712238977644 104799.2 190
1712238987734 104799.2 191
1712238997832 104799.2 192
1712239007938 104799.2 193
1712239018026 104799.2 194
1712239028138 104799.2 195
1712239038232 104799.2 196
1712239048328 104799.2 197
1712239058426 104799.2 198
1712239068528 104799.2 199
1712239078640 104799.2 200
1712239088744 104799.2 201
1712239098864 104799.2 202
1712239108972 104799.2 203
1712239119098 104799.2 204
1712239129222 104799.2 205
1712239139340 104799.2 206
1712239149425 104799.2 207
1712239159513 104799.2 208
1712239169605 104799.2 209
1712239179705 104799.2 210
1712239189795 104799.2 211
1712239199899 104799.2 212
1712239209988 104799.2 213
1712239220080 104799.2 214
1712239230155 104799.2 215
1712239240255 104799.2 216
1712239250340 104799.2 217
1712239260434 104799.2 218
1712239270526 104799.2 219
1712239280627 104799.2 220
1712239290716 104799.2 221
1712239300800 104799.2 222
1712239310890 104799.2 223
1712239320980 104799.2 224
1712239331082 104799.2 225
1712239341175 104799.2 226
1712239351262 104799.2 227
1712239361342 104799.2 228
1712239371425 104799.2 229
1712239381522 104799.2 230
1712239391610 104799.2 231
1712239401688 104799.2 232
1712239411776 104799.2 233
1712239421870 104799.2 234
1712239431978 104799.2 235
1712239442067 104799.2 236
1712239452161 104799.2 237
1712239462257 104799.2 238
1712239472359 104799.2 239
1712239482448 104799.2 240
1712239492531 104799.2 241
1712239502628 104799.2 242
1712239512716 104799.2 243
1712239522811 104799.2 244
1712239532893 104799.2 245
1712239542975 104799.2 246
1712239553067 104799.2 247
1712239563159 104799.2 248
1712239573241 104799.2 249
1712239583330 104799.2 250
1712239593421 104799.2 251
1712239603504 104799.2 252
1712239613598 104799.2 253
1712239623693 104799.2 254
1712239633799 104799.2 255
1712239643888 104799.2 256
1712239653987 104799.2 257
1712239664091 104799.2 258
1712239674181 104799.2 259
1712239684266 104799.2 260
1712239694320 104799.2 261
1712239704423 117659.4 262
1712239714523 117743.3 263
1712239724606 112819.7 264
1712239734698 110638.5 265
1712239744787 110638.5 266
1712239754894 110638.5 267
1712239764988 110638.5 268
1712239775085 110638.5 269
1712239785171 110638.5 270
1712239795255 110638.5 271
1712239805339 110638.5 272
1712239815456 110638.5 273
1712239825556 110638.5 274
1712239835651 110638.5 275
1712239845738 110638.5 276
1712239855836 110638.5 277
1712239865919 110638.5 278
1712239876036 110638.5 279
1712239886125 110638.5 280
1712239896233 112200.9 281
1712239906345 107839.1 282
1712239916436 106627.1 283
1712239926531 105003.6 284
1712239936615 105003.6 285
1712239946699 105003.6 286
1712239956808 105003.6 287
1712239966900 105003.6 288
1712239976984 105003.6 289
1712239987072 105003.6 290
1712239997166 105003.6 291
1712240007266 105003.6 292
1712240017357 105003.6 293
1712240027460 105003.6 294
1712240037559 105003.6 295
1712240047659 105003.6 296
1712240057754 105003.6 297
1712240067839 105003.6 298
1712240077920 105003.6 299
1712240088027 105003.6 300
1712240098127 105003.6 301
1712240108221 105003.6 302
1712240118324 105003.6 303
1712240128416 105003.6 304
1712240138521 105003.6 305
1712240148620 105003.6 306
1712240158702 105003.6 307
1712240168789 105003.6 308
1712240178879 105003.6 309
1712240188964 105003.6 310
1712240199064 105003.6 311
1712240209174 105003.6 312
1712240219262 105003.6 313
1712240229353 105003.6 314
1712240239441 105003.6 315
1712240249551 105003.6 316
1712240259611 105003.6 317
1712240269690 105003.6 318
1712240279723 105003.6 319
1712240289766 105003.6 320
1712240299884 105003.6 321
1712240309988 105003.6 322
1712240320084 105003.6 323
1712240330170 105003.6 324
1712240340266 105003.6 325
1712240350351 105003.6 326
1712240360452 105003.6 327
1712240370539 105003.6 328
1712240380641 105003.6 329
1712240390735 105003.6 330
1712240400822 105003.6 331
1712240410928 105003.6 332
1712240421035 105003.6 333
1712240431120 105003.6 334
1712240441213 105003.6 335
1712240451301 105003.6 336
1712240461396 105003.6 337
1712240471509 105003.6 338
1712240481602 105003.6 339
1712240491695 105003.6 340
1712240501789 105003.6 341
1712240511899 105003.6 342
1712240521983 105003.6 343
1712240532076 105003.6 344
1712240542173 105003.6 345
1712240552269 105003.6 346
1712240562360 105003.6 347
1712240572471 105003.6 348
1712240582571 105003.6 349
1712240592685 105003.6 350
1712240602780 105003.6 351
1712240612867 105003.6 352
1712240622977 105003.6 353
1712240633078 105003.6 354
1712240643177 105003.6 355
1712240653275 105003.6 356
1712240663369 105003.6 357
1712240673466 105003.6 358
1712240683551 105003.6 359
1712240693650 105003.6 360
1712240703753 105003.6 361
1712240713866 105003.6 362
1712240723976 105003.5 363
1712240734066 105003.5 364
1712240744161 105003.5 365
1712240754251 105003.5 366
1712240764367 105003.5 367
1712240774451 105003.5 368
1712240784560 105003.5 369
1712240794658 105003.5 370
1712240804754 105003.5 371
1712240814842 105003.5 372
1712240824937 105003.5 373
1712240835030 105003.5 374
1712240845130 105003.5 375
1712240855212 105003.5 376
1712240865322 105003.5 377
1712240875412 105003.5 378
1712240885511 105003.5 379
1712240895610 105003.5 380
1712240905719 105003.5 381
1712240915816 105003.5 382
1712240925916 105003.5 383
1712240936005 105003.0 384
1712240946096 105003.0 385
1712240956189 105003.0 386
1712240966280 105003.0 387
1712240976377 105003.0 388
1712240986469 105003.0 389
1712240996587 105003.0 390
1712241006692 105003.0 391
1712241016781 105003.0 392
1712241026874 105003.0 393
1712241036973 105003.0 394
1712241047074 105003.0 395
1712241057170 105003.0 396
1712241067272 105003.0 397
1712241077363 105003.0 398
1712241087469 105003.0 399
1712241097571 105003.0 400
1712241107676 118473.1 401
1712241117779 118473.1 402
1712241127885 112445.0 403
1712241137999 111362.7 404
1712241148092 111362.7 405
1712241158192 111362.7 406
1712241168291 111362.7 407
1712241178393 111362.7 408
1712241188502 111362.7 409
1712241198612 111362.7 410
1712241208710 111362.7 411
1712241218814 111362.7 412
1712241228908 111362.7 413
1712241239001 111362.7 414
1712241249100 111362.7 415
1712241259203 111362.7 416
1712241269311 111362.7 417
1712241279430 111362.7 418
1712241289526 111362.7 419
1712241299623 112873.5 420
1712241309730 108496.3 421
1712241319842 106463.1 422
1712241329996 105061.1 423
1712241340118 105061.1 424
1712241350241 105061.1 425
1712241360354 105061.1 426
1712241370471 105061.1 427
1712241380581 105061.1 428
1712241390687 105061.1 429
1712241400801 105061.1 430
1712241410902 105061.1 431
1712241421020 105061.1 432
1712241431115 105061.1 433
1712241441206 105061.1 434
1712241451295 105061.1 435
1712241461402 105061.1 436
1712241471502 105061.1 437
1712241481540 105061.1 438
1712241491579 105061.0 439
1712241501704 105061.0 440
1712241511803 105061.0 441
1712241521912 105061.0 442
1712241532030 105061.0 443
1712241542128 105061.0 444
1712241552238 105061.0 445
1712241562340 105061.0 446
1712241572434 105061.0 447
1712241582548 105061.0 448
1712241592639 105061.0 449
1712241602723 105061.0 450
1712241612813 105061.0 451
1712241622912 105061.0 452
1712241633021 105061.0 453
1712241643118 105061.0 454
1712241653225 105061.0 455
1712241663349 105061.0 456
1712241673432 105061.0 457
1712241683527 105061.0 458
1712241693631 105061.0 459
1712241703718 105061.0 460
1712241713828 105061.0 461
1712241723926 105061.0 462
1712241734033 105061.0 463
1712241744127 105061.0 464
1712241754226 105061.0 465
1712241764312 105061.0 466
1712241774406 105061.0 467
1712241784510 105061.0 468
1712241794596 105061.0 469
1712241804696 105061.0 470
1712241814783 105061.0 471
1712241824881 105061.0 472
1712241834988 105061.0 473
1712241845088 105061.0 474
1712241855199 105061.0 475
1712241865283 105061.0 476
1712241875366 105061.0 477
1712241885459 105061.0 478
1712241895546 105061.0 479
1712241905651 105061.0 480
1712241915753 105061.0 481
1712241925854 105061.0 482
1712241935950 105061.0 483
1712241946036 105061.0 484
1712241956135 105061.0 485
1712241966233 105061.0 486
1712241976328 105060.5 487
1712241986412 105060.5 488
1712241996503 105060.5 489
1712242006600 105060.5 490
1712242016704 105060.5 491
1712242027366 105060.5 492
1712242037474 105060.5 493
1712242047576 105060.5 494
1712242057681 105060.5 495
1712242067809 105060.5 496
1712242077911 105060.5 497
1712242088015 105060.5 498
1712242098115 105060.5 499
1712242108224 105060.5 500
1712242118327 105060.5 501
1712242128431 105060.5 502
1712242138531 105060.5 503
1712242148638 105060.5 504
1712242158742 105060.5 505
1712242168837 105060.5 506
1712242178946 105060.5 507
1712242189055 105060.5 508
1712242199158 105060.5 509
1712242209275 105060.5 510
1712242219372 105060.5 511
1712242229475 105060.5 512
1712242239577 105060.5 513
1712242249682 105060.5 514
1712242259795 105060.5 515
1712242269913 105060.5 516
1712242280009 105060.5 517
1712242290111 105060.5 518
1712242300217 105060.4 519
1712242310313 105060.4 520
1712242320435 105060.4 521
1712242330536 105060.4 522
1712242340638 105060.4 523
1712242350752 105060.4 524
1712242360859 105060.4 525
1712242370958 105060.4 526
1712242381058 105060.4 527
1712242391182 105060.4 528
1712242401329 105060.4 529
1712242411462 105060.4 530
1712242421604 105060.4 531
1712242431713 105060.4 532
1712242441764 105060.4 533
1712242451903 105060.4 534
1712242462049 105060.4 535
1712242472169 105060.4 536
1712242482280 105060.4 537
1712242492436 105060.4 538
1712242502537 105060.4 539
1712242512668 117084.9 540
1712242522790 117582.5 541
1712242532915 113639.9 542
1712242543019 110364.7 543
1712242553130 110364.7 544
1712242563258 110364.7 545
1712242573375 110364.7 546
1712242583530 110364.7 547
1712242593669 110364.7 548
1712242603808 110364.7 549
1712242613964 110364.7 550
1712242624125 110364.7 551
1712242634264 110364.7 552
1712242644302 110364.7 553
1712242654477 110364.7 554
1712242664635 110364.7 555
1712242674779 110364.7 556
1712242684931 110364.7 557
1712242695090 110364.7 558
1712242705244 114689.9 559
1712242715415 111438.9 560
1712242725578 107088.0 561
1712242735771 106010.5 562
1712242745973 104391.5 563
1712242756131 104391.5 564
1712242766283 104391.5 565
1712242776433 104391.5 566
1712242786580 104391.5 567
1712242796718 104391.5 568
1712242807594 104391.5 569
1712242817747 104391.5 570
1712242827891 104391.5 571
1712242838030 104391.5 572
1712242848201 104391.5 573
1712242858360 104391.5 574
1712242868512 104391.5 575
1712242878639 104391.5 576
1712242888758 104391.5 577
1712242898803 104391.5 578
1712242908928 104391.5 579
1712242919060 104391.5 580
1712242929168 104391.5 581
1712242939288 104391.5 582
1712242949391 104391.5 583
1712242959500 104391.5 584
1712242969606 104391.5 585
1712242979708 104391.5 586
1712242989817 104391.5 587
1712242999932 104391.5 588
1712243010044 104391.5 589
1712243020152 104391.0 590
1712243030248 104391.0 591
1712243040361 104391.0 592
1712243050470 104391.0 593
1712243060579 104391.0 594
1712243070710 104391.0 595
1712243080829 104391.0 596
1712243090933 104391.0 597
1712243101048 104391.0 598
1712243111156 104391.0 599
1712243121259 104391.0 600
1712243131398 104391.0 601
1712243141516 104391.0 602
1712243151638 104391.0 603
1712243161761 104391.0 604
1712243171902 104391.0 605
1712243182019 104391.0 606
1712243192158 104391.0 607
1712243202272 104391.0 608
1712243212407 104391.0 609
1712243222516 104391.0 610
1712243232640 104391.0 611
1712243242739 104391.0 612
1712243252844 104391.0 613
1712243262954 104391.0 614
1712243273083 104391.0 615
1712243283130 104391.0 616
1712243293257 104391.0 617
1712243303371 104391.0 618
1712243313510 104391.0 619
1712243323623 104391.0 620
1712243333751 104391.0 621
1712243343865 104391.0 622
1712243353984 104391.0 623
1712243364093 104391.0 624
1712243374212 104391.0 625
1712243384344 104391.0 626
1712243394468 104391.0 627
1712243404582 104391.0 628
1712243414710 104391.0 629
1712243424818 104391.0 630
1712243434944 104391.0 631
1712243445062 104391.0 632
1712243455182 104391.0 633
1712243465288 104391.0 634
1712243475427 104391.0 635
1712243485530 104391.0 636
1712243495650 104391.0 637
1712243505784 104391.0 638
1712243515892 104391.0 639
1712243526004 104391.0 640
1712243536120 104391.0 641
1712243546268 104399.4 642
1712243556403 104399.4 643
1712243566525 104399.4 644
1712243576664 104399.4 645
1712243586816 104399.4 646
1712243596975 104399.4 647
1712243607100 104399.4 648
1712243617241 104399.4 649
1712243627371 104399.4 650
1712243637501 104399.4 651
1712243647620 104399.4 652
1712243657754 104399.4 653
1712243667882 104399.4 654
1712243678018 104399.4 655
1712243688162 104399.4 656
1712243698307 104399.4 657
1712243708429 104399.4 658
1712243718537 104399.4 659
1712243728677 104399.4 660
1712243738797 104399.4 661
1712243748931 104399.4 662
1712243759042 104399.4 663
1712243769180 104399.4 664
1712243779305 104399.4 665
1712243789417 104399.4 666
1712243799543 104399.4 667
1712243809658 104399.4 668
1712243819780 104399.4 669
1712243829938 104399.4 670
1712243840070 104399.4 671
1712243850192 104399.4 672
1712243860309 104399.4 673
1712243870418 104399.4 674
1712243880539 104399.4 675
1712243890650 104399.4 676
1712243900771 104399.4 677
1712243910900 104399.4 678
1712243921039 104399.4 679
1712243931182 116541.4 680
1712243941308 116541.4 681
1712243951427 113840.1 682
1712243961487 110569.8 683
1712243971612 110569.8 684
1712243981743 110569.8 685
1712243991866 110569.8 686
1712244001983 110569.8 687
1712244012101 110569.8 688
1712244022211 110569.8 689
1712244032318 110569.8 690
1712244042420 110569.8 691
1712244052533 110569.8 692
1712244062635 110569.2 693
1712244072757 110569.2 694
1712244082856 110569.2 695
1712244092965 110569.2 696
1712244103072 110569.2 697
1712244113168 110569.2 698
1712244123295 112568.8 699
1712244133414 108237.1 700
1712244143536 106044.6 701
1712244153647 117419.7 702
1712244163770 119795.5 703
1712244173889 118154.9 704
1712244184250 112667.9 705
1712244194389 107053.7 706
1712244204526 105902.3 707
1712244214666 104279.5 708
1712244224793 104279.5 709
1712244234930 104279.5 710
1712244245119 104279.5 711
1712244255246 104279.5 712
1712244265387 104279.5 713
1712244275507 104279.5 714
1712244285653 104279.5 715
1712244295797 104279.5 716
1712244305917 104279.5 717
1712244316046 104279.5 718
1712244326167 104279.5 719
1712244336292 104279.5 720
1712244346409 104279.5 721
1712244356521 104279.5 722
1712244366647 104279.5 723
1712244376752 104279.5 724
1712244386861 104279.4 725
1712244396956 104279.4 726
1712244407062 104279.4 727
1712244417183 104279.4 728
1712244427274 104279.4 729
1712244437368 104279.4 730
1712244447476 104279.4 731
1712244457583 104279.4 732
1712244467680 104279.4 733
1712244477794 104279.4 734
