1712237060592 150999.4 0
1712237070632 153718.1 1
1712237080662 159210.6 2
1712237090987 163620.2 3
1712237101018 167950.8 4
1712237111097 170050.9 5
1712237121164 170050.9 6
1712237131240 170050.9 7
1712237141274 170050.9 8
1712237151353 170050.9 9
1712237161430 170050.9 10
1712237171463 170050.9 11
1712237181560 170050.9 12
1712237191601 170050.9 13
1712237201647 170050.9 14
1712237211757 170050.9 15
1712237221798 170050.9 16
1712237231825 170050.9 17
1712237241904 170050.9 18
1712237251943 170050.9 19
1712237262011 170050.9 20
1712237272082 170050.9 21
1712237282157 170050.9 22
1712237292258 170050.9 23
1712237302340 170050.9 24
1712237312384 170050.9 25
1712237322410 170050.9 26
1712237332498 170050.9 27
1712237342531 170050.9 28
1712237352557 170050.9 29
1712237362629 170050.9 30
1712237372721 170050.9 31
1712237382809 170050.9 32
1712237392876 170050.9 33
1712237402906 170050.9 34
1712237412985 170050.9 35
1712237423063 170050.9 36
1712237433131 170050.9 37
1712237443195 170050.9 38
1712237453272 170050.9 39
1712237463350 170050.9 40
1712237473439 170050.9 41
1712237483518 170050.9 42
1712237493598 170050.9 43
1712237503680 170050.9 44
1712237513764 170050.9 45
1712237523833 170050.9 46
1712237533915 170050.9 47
1712237543991 170050.9 48
1712237554068 170050.9 49
1712237564148 170050.9 50
1712237574222 170050.9 51
1712237584313 170050.9 52
1712237594395 170050.9 53
1712237604444 170050.9 54
1712237614566 170050.9 55
1712237624659 170050.9 56
1712237634745 170050.9 57
1712237644822 170050.9 58
1712237654892 170050.9 59
1712237664976 170050.9 60
1712237675077 170050.9 61
1712237685168 170050.9 62
1712237695255 170050.9 63
1712237705352 170050.9 64
1712237715432 170050.9 65
1712237725527 170050.9 66
1712237735633 170050.9 67
1712237745714 170050.9 68
1712237755804 170050.9 69
1712237765886 170050.9 70
1712237775969 170050.9 71
1712237786050 170050.9 72
1712237796141 170050.9 73
1712237806241 170050.9 74
1712237816345 170051.5 75
1712237826425 170051.5 76
1712237836505 170051.5 77
1712237846580 170051.5 78
1712237856665 170051.5 79
1712237866705 170051.5 80
1712237876794 170051.5 81
1712237886873 170051.5 82
1712237896958 170051.5 83
1712237907046 170051.5 84
1712237917168 170051.5 85
1712237927246 170051.5 86
1712237937344 170051.5 87
1712237947427 170051.5 88
1712237957525 170051.5 89
1712237967601 170051.5 90
1712237977715 170051.5 91
1712237987824 170051.5 92
1712237997922 170051.5 93
1712238008001 170051.5 94
1712238018077 170051.5 95
1712238028183 170051.5 96
1712238038287 170051.5 97
1712238048384 170051.5 98
1712238058480 170051.5 99
1712238068575 170051.5 100
1712238078667 170051.5 101
1712238088746 170051.5 102
1712238098842 170051.5 103
1712238108924 170051.5 104
1712238119010 170051.5 105
1712238129105 170051.5 106
1712238139189 170051.5 107
1712238149296 170051.5 108
1712238159383 170051.5 109
1712238169476 170051.5 110
1712238179567 170051.5 111
1712238189665 170051.5 112
1712238199756 170051.5 113
1712238209851 170051.5 114
1712238219940 170051.5 115
1712238230032 170051.5 116
1712238240114 170051.5 117
1712238250213 170051.5 118
1712238260295 170051.5 119
1712238270394 170051.5 120
1712238280501 170051.5 121
1712238290624 170051.5 122
1712238300818 157408.3 123
1712238310928 160155.1 124
1712238321015 164497.8 125
1712238331113 164497.8 126
1712238341222 164497.8 127
1712238351307 164497.8 128
1712238361395 164497.8 129
1712238371508 164497.8 130
1712238381597 164497.8 131
1712238391683 164497.8 132
1712238401781 164497.8 133
1712238411878 164497.8 134
1712238421976 164497.8 135
1712238432056 164497.8 136
1712238442154 164497.8 137
1712238452249 164497.8 138
1712238462351 164497.8 139
1712238472380 164497.8 140
1712238482493 160834.1 141
1712238492623 165172.4 142
1712238502717 168434.0 143
1712238512830 169775.5 144
1712238522949 171347.9 145
1712238533042 171347.9 146
1712238543185 171347.9 147
1712238553429 171347.9 148
1712238563538 171347.9 149
1712238573637 171347.9 150
1712238583773 171347.9 151
1712238593876 171347.9 152
1712238603979 171347.9 153
1712238614091 171347.9 154
1712238624196 171347.9 155
1712238634298 171347.9 156
1712238644397 171347.9 157
1712238654507 171347.9 158
1712238664616 171347.9 159
1712238674735 171347.9 160
1712238684781 171347.9 161
1712238694830 171347.9 162
1712238704935 171347.9 163
1712238715027 171347.9 164
1712238725064 171347.9 165
1712238735176 171347.9 166
1712238745296 171347.9 167
1712238755402 171347.9 168
1712238765519 171347.9 169
1712238775624 171347.9 170
1712238785728 171347.9 171
1712238795842 171347.9 172
1712238805955 171348.0 173
1712238816065 171348.0 174
1712238826166 171348.0 175
1712238836276 171348.0 176
1712238846387 171348.0 177
1712238856496 171348.5 178
1712238866546 171348.5 179
1712238876659 171348.5 180
1712238886751 171348.5 181
1712238896850 171348.5 182
1712238906942 171348.5 183
1712238917039 171348.5 184
1712238927141 171348.5 185
1712238937253 171348.5 186
1712238947377 171348.5 187
1712238957460 171348.5 188
1712238967550 171348.5 189
1712238977644 171348.5 190
1712238987734 171348.5 191
1712238997832 171348.5 192
1712239007938 171348.5 193
1712239018026 171348.5 194
1712239028138 171348.5 195
1712239038232 171348.5 196
1712239048328 171348.5 197
1712239058426 171348.5 198
1712239068528 171348.5 199
1712239078640 171348.5 200
1712239088744 171348.5 201
1712239098864 171348.5 202
1712239108972 171348.5 203
1712239119098 171348.5 204
1712239129222 171348.5 205
1712239139340 171348.5 206
1712239149425 171348.5 207
1712239159513 171348.5 208
1712239169605 171348.5 209
1712239179705 171348.5 210
1712239189795 171348.5 211
1712239199899 171348.5 212
1712239209988 171348.5 213
1712239220080 171348.5 214
1712239230155 171348.5 215
1712239240255 171348.5 216
1712239250340 171348.5 217
1712239260434 171348.5 218
1712239270526 171348.5 219
1712239280627 171348.5 220
1712239290716 171348.5 221
1712239300800 171348.5 222
1712239310890 171348.5 223
1712239320980 171348.5 224
1712239331082 171348.5 225
1712239341175 171348.5 226
1712239351262 171348.5 227
1712239361342 171348.5 228
1712239371425 171348.5 229
1712239381522 171348.5 230
1712239391610 171348.5 231
1712239401688 171348.5 232
1712239411776 171348.5 233
1712239421870 171348.5 234
1712239431978 171348.5 235
1712239442067 171348.5 236
1712239452161 171348.5 237
1712239462257 171348.5 238
1712239472359 171348.5 239
1712239482448 171348.5 240
1712239492531 171348.5 241
1712239502628 171348.5 242
1712239512716 171348.5 243
1712239522811 171348.5 244
1712239532893 171348.5 245
1712239542975 171348.5 246
1712239553067 171348.5 247
1712239563159 171348.5 248
1712239573241 171348.5 249
1712239583330 171348.5 250
1712239593421 171348.5 251
1712239603504 171348.5 252
1712239613598 171348.5 253
1712239623693 171348.5 254
1712239633799 171348.5 255
1712239643888 171348.5 256
1712239653987 171348.5 257
1712239664091 171348.5 258
1712239674181 171348.5 259
1712239684266 171348.5 260
1712239694320 171348.5 261
1712239704423 158488.3 262
1712239714523 158404.4 263
1712239724606 163328.0 264
1712239734698 165509.2 265
1712239744787 165509.2 266
1712239754894 165509.2 267
1712239764988 165509.2 268
1712239775085 165509.2 269
1712239785171 165509.2 270
1712239795255 165509.2 271
1712239805339 165509.2 272
1712239815456 165509.2 273
1712239825556 165509.2 274
1712239835651 165509.2 275
1712239845738 165509.2 276
1712239855836 165509.2 277
1712239865919 165509.2 278
1712239876036 165509.2 279
1712239886125 165509.2 280
1712239896233 163946.8 281
1712239906345 168308.6 282
1712239916436 169520.6 283
1712239926531 171144.1 284
1712239936615 171144.1 285
1712239946699 171144.1 286
1712239956808 171144.1 287
1712239966900 171144.1 288
1712239976984 171144.1 289
1712239987072 171144.1 290
1712239997166 171144.1 291
1712240007266 171144.1 292
1712240017357 171144.1 293
1712240027460 171144.1 294
1712240037559 171144.1 295
1712240047659 171144.1 296
1712240057754 171144.1 297
1712240067839 171144.1 298
1712240077920 171144.1 299
1712240088027 171144.1 300
1712240098127 171144.1 301
1712240108221 171144.1 302
1712240118324 171144.1 303
1712240128416 171144.1 304
1712240138521 171144.1 305
1712240148620 171144.1 306
1712240158702 171144.1 307
1712240168789 171144.1 308
1712240178879 171144.1 309
1712240188964 171144.1 310
1712240199064 171144.1 311
1712240209174 171144.1 312
1712240219262 171144.1 313
1712240229353 171144.1 314
1712240239441 171144.1 315
1712240249551 171144.1 316
1712240259611 171144.1 317
1712240269690 171144.1 318
1712240279723 171144.1 319
1712240289766 171144.1 320
1712240299884 171144.1 321
1712240309988 171144.1 322
1712240320084 171144.1 323
1712240330170 171144.1 324
1712240340266 171144.1 325
1712240350351 171144.1 326
1712240360452 171144.1 327
1712240370539 171144.1 328
1712240380641 171144.1 329
1712240390735 171144.1 330
1712240400822 171144.1 331
1712240410928 171144.1 332
1712240421035 171144.1 333
1712240431120 171144.1 334
1712240441213 171144.1 335
1712240451301 171144.1 336
1712240461396 171144.1 337
1712240471509 171144.1 338
1712240481602 171144.1 339
1712240491695 171144.1 340
1712240501789 171144.1 341
1712240511899 171144.1 342
1712240521983 171144.1 343
1712240532076 171144.1 344
1712240542173 171144.1 345
1712240552269 171144.2 346
1712240562360 171144.2 347
1712240572471 171144.2 348
1712240582571 171144.2 349
1712240592685 171144.2 350
1712240602780 171144.2 351
1712240612867 171144.2 352
1712240622977 171144.2 353
1712240633078 171144.2 354
1712240643177 171144.2 355
1712240653275 171144.2 356
1712240663369 171144.2 357
1712240673466 171144.2 358
1712240683551 171144.2 359
1712240693650 171144.2 360
1712240703753 171144.2 361
1712240713866 171144.2 362
1712240723976 171144.2 363
1712240734066 171144.2 364
1712240744161 171144.2 365
1712240754251 171144.2 366
1712240764367 171144.2 367
1712240774451 171144.2 368
1712240784560 171144.2 369
1712240794658 171144.2 370
1712240804754 171144.2 371
1712240814842 171144.2 372
1712240824937 171144.2 373
1712240835030 171144.2 374
1712240845130 171144.2 375
1712240855212 171144.2 376
1712240865322 171144.2 377
1712240875412 171144.2 378
1712240885511 171144.2 379
1712240895610 171144.2 380
1712240905719 171144.2 381
1712240915816 171144.2 382
1712240925916 171144.2 383
1712240936005 171144.7 384
1712240946096 171144.7 385
1712240956189 171144.7 386
1712240966280 171144.7 387
1712240976377 171144.7 388
1712240986469 171144.7 389
1712240996587 171144.7 390
1712241006692 171144.7 391
1712241016781 171144.7 392
1712241026874 171144.7 393
1712241036973 171144.7 394
1712241047074 171144.7 395
1712241057170 171144.7 396
1712241067272 171144.7 397
1712241077363 171144.7 398
1712241087469 171144.7 399
1712241097571 171144.7 400
1712241107676 157674.6 401
1712241117779 157674.6 402
1712241127885 163702.8 403
1712241137999 164785.0 404
1712241148092 164785.0 405
1712241158192 164785.0 406
1712241168291 164785.0 407
1712241178393 164785.0 408
1712241188502 164785.0 409
1712241198612 164785.0 410
1712241208710 164785.0 411
1712241218814 164785.0 412
1712241228908 164785.0 413
1712241239001 164785.0 414
1712241249100 164785.0 415
1712241259203 164785.0 416
1712241269311 164785.0 417
1712241279430 164785.0 418
1712241289526 164785.0 419
1712241299623 163274.2 420
1712241309730 167651.4 421
1712241319842 169684.7 422
1712241329996 171086.7 423
1712241340118 171086.7 424
1712241350241 171086.7 425
1712241360354 171086.7 426
1712241370471 171086.7 427
1712241380581 171086.7 428
1712241390687 171086.7 429
1712241400801 171086.7 430
1712241410902 171086.7 431
1712241421020 171086.7 432
1712241431115 171086.7 433
1712241441206 171086.7 434
1712241451295 171086.7 435
1712241461402 171086.7 436
1712241471502 171086.7 437
1712241481540 171086.7 438
1712241491579 171086.7 439
1712241501704 171086.7 440
1712241511803 171086.7 441
1712241521912 171086.7 442
1712241532030 171086.7 443
1712241542128 171086.7 444
1712241552238 171086.7 445
1712241562340 171086.7 446
1712241572434 171086.7 447
1712241582548 171086.7 448
1712241592639 171086.7 449
1712241602723 171086.7 450
1712241612813 171086.7 451
1712241622912 171086.7 452
1712241633021 171086.7 453
1712241643118 171086.7 454
1712241653225 171086.7 455
1712241663349 171086.7 456
1712241673432 171086.7 457
1712241683527 171086.7 458
1712241693631 171086.7 459
1712241703718 171086.7 460
1712241713828 171086.7 461
1712241723926 171086.7 462
1712241734033 171086.7 463
1712241744127 171086.7 464
1712241754226 171086.7 465
1712241764312 171086.7 466
1712241774406 171086.7 467
1712241784510 171086.7 468
1712241794596 171086.7 469
1712241804696 171086.7 470
1712241814783 171086.7 471
1712241824881 171086.7 472
1712241834988 171086.7 473
1712241845088 171086.7 474
1712241855199 171086.7 475
1712241865283 171086.7 476
1712241875366 171086.7 477
1712241885459 171086.7 478
1712241895546 171086.7 479
1712241905651 171086.7 480
1712241915753 171086.7 481
1712241925854 171086.7 482
1712241935950 171086.7 483
1712241946036 171086.7 484
1712241956135 171086.7 485
1712241966233 171086.7 486
1712241976328 171087.2 487
1712241986412 171087.2 488
1712241996503 171087.2 489
1712242006600 171087.2 490
1712242016704 171087.2 491
1712242027366 171087.2 492
1712242037474 171087.2 493
1712242047576 171087.2 494
1712242057681 171087.2 495
1712242067809 171087.2 496
1712242077911 171087.2 497
1712242088015 171087.2 498
1712242098115 171087.2 499
1712242108224 171087.2 500
1712242118327 171087.2 501
1712242128431 171087.2 502
1712242138531 171087.2 503
1712242148638 171087.2 504
1712242158742 171087.2 505
1712242168837 171087.3 506
1712242178946 171087.3 507
1712242189055 171087.3 508
1712242199158 171087.3 509
1712242209275 171087.3 510
1712242219372 171087.3 511
1712242229475 171087.3 512
1712242239577 171087.3 513
1712242249682 171087.3 514
1712242259795 171087.3 515
1712242269913 171087.3 516
1712242280009 171087.3 517
1712242290111 171087.3 518
1712242300217 171087.3 519
1712242310313 171087.3 520
1712242320435 171087.3 521
1712242330536 171087.3 522
1712242340638 171087.3 523
1712242350752 171087.3 524
1712242360859 171087.3 525
1712242370958 171087.3 526
1712242381058 171087.3 527
1712242391182 171087.3 528
1712242401329 171087.3 529
1712242411462 171087.3 530
1712242421604 171087.3 531
1712242431713 171087.3 532
1712242441764 171087.3 533
1712242451903 171087.3 534
1712242462049 171087.3 535
1712242472169 171087.3 536
1712242482280 171087.3 537
1712242492436 171087.3 538
1712242502537 171087.3 539
1712242512668 159062.8 540
1712242522790 158565.3 541
1712242532915 162507.8 542
1712242543019 165783.0 543
1712242553130 165783.0 544
1712242563258 165783.0 545
1712242573375 165783.0 546
1712242583530 165783.0 547
1712242593669 165783.0 548
1712242603808 165783.0 549
1712242613964 165783.0 550
1712242624125 165783.0 551
1712242634264 165783.0 552
1712242644302 165783.0 553
1712242654477 165783.0 554
1712242664635 165783.0 555
1712242674779 165783.0 556
1712242684931 165783.0 557
1712242695090 165783.0 558
1712242705244 161457.8 559
1712242715415 164708.8 560
1712242725578 169059.7 561
1712242735771 170137.2 562
1712242745973 171756.2 563
1712242756131 171756.2 564
1712242766283 171756.2 565
1712242776433 171756.2 566
1712242786580 171756.2 567
1712242796718 171756.2 568
1712242807594 171756.2 569
1712242817747 171756.2 570
1712242827891 171756.2 571
1712242838030 171756.2 572
1712242848201 171756.2 573
1712242858360 171756.2 574
1712242868512 171756.2 575
1712242878639 171756.2 576
1712242888758 171756.2 577
1712242898803 171756.2 578
1712242908928 171756.2 579
1712242919060 171756.2 580
1712242929168 171756.2 581
1712242939288 171756.2 582
1712242949391 171756.2 583
1712242959500 171756.2 584
1712242969606 171756.2 585
1712242979708 171756.2 586
1712242989817 171756.2 587
1712242999932 171756.2 588
1712243010044 171756.2 589
1712243020152 171756.7 590
1712243030248 171756.7 591
1712243040361 171756.7 592
1712243050470 171756.7 593
1712243060579 171756.7 594
1712243070710 171756.7 595
1712243080829 171756.7 596
1712243090933 171756.7 597
1712243101048 171756.7 598
1712243111156 171756.7 599
1712243121259 171756.7 600
1712243131398 171756.7 601
1712243141516 171756.7 602
1712243151638 171756.7 603
1712243161761 171756.7 604
1712243171902 171756.7 605
1712243182019 171756.7 606
1712243192158 171756.7 607
1712243202272 171756.7 608
1712243212407 171756.7 609
1712243222516 171756.7 610
1712243232640 171756.7 611
1712243242739 171756.7 612
1712243252844 171756.7 613
1712243262954 171756.7 614
1712243273083 171756.7 615
1712243283130 171756.7 616
1712243293257 171756.7 617
1712243303371 171756.7 618
1712243313510 171756.7 619
1712243323623 171756.7 620
1712243333751 171756.7 621
1712243343865 171756.7 622
1712243353984 171756.7 623
1712243364093 171756.7 624
1712243374212 171756.7 625
1712243384344 171756.7 626
1712243394468 171756.7 627
1712243404582 171756.7 628
1712243414710 171756.7 629
1712243424818 171756.7 630
1712243434944 171756.7 631
1712243445062 171756.7 632
1712243455182 171756.7 633
1712243465288 171756.7 634
1712243475427 171756.7 635
1712243485530 171756.7 636
1712243495650 171756.7 637
1712243505784 171756.7 638
1712243515892 171756.7 639
1712243526004 171756.7 640
1712243536120 171756.7 641
1712243546268 171748.3 642
1712243556403 171748.3 643
1712243566525 171748.3 644
1712243576664 171748.3 645
1712243586816 171748.3 646
1712243596975 171748.3 647
1712243607100 171748.3 648
1712243617241 171748.3 649
1712243627371 171748.3 650
1712243637501 171748.3 651
1712243647620 171748.3 652
1712243657754 171748.3 653
1712243667882 171748.3 654
1712243678018 171748.3 655
1712243688162 171748.3 656
1712243698307 171748.3 657
1712243708429 171748.3 658
1712243718537 171748.3 659
1712243728677 171748.3 660
1712243738797 171748.3 661
1712243748931 171748.3 662
1712243759042 171748.4 663
1712243769180 171748.4 664
1712243779305 171748.4 665
1712243789417 171748.4 666
1712243799543 171748.4 667
1712243809658 171748.4 668
1712243819780 171748.4 669
1712243829938 171748.4 670
1712243840070 171748.4 671
1712243850192 171748.4 672
1712243860309 171748.4 673
1712243870418 171748.4 674
1712243880539 171748.4 675
1712243890650 171748.4 676
1712243900771 171748.4 677
1712243910900 171748.4 678
1712243921039 171748.4 679
1712243931182 159606.3 680
1712243941308 159606.3 681
1712243951427 162307.6 682
1712243961487 165577.9 683
1712243971612 165577.9 684
1712243981743 165577.9 685
1712243991866 165577.9 686
1712244001983 165577.9 687
1712244012101 165577.9 688
1712244022211 165577.9 689
1712244032318 165578.0 690
1712244042420 165578.0 691
1712244052533 165578.0 692
1712244062635 165578.5 693
1712244072757 165578.5 694
1712244082856 165578.5 695
1712244092965 165578.5 696
1712244103072 165578.5 697
1712244113168 165578.5 698
1712244123295 163578.9 699
1712244133414 167910.7 700
1712244143536 170103.1 701
1712244153647 158728.1 702
1712244163770 156352.2 703
1712244173889 157992.8 704
1712244184250 163479.9 705
1712244194389 169094.0 706
1712244204526 170245.4 707
1712244214666 171868.3 708
1712244224793 171868.3 709
1712244234930 171868.3 710
1712244245119 171868.3 711
1712244255246 171868.3 712
1712244265387 171868.3 713
1712244275507 171868.3 714
1712244285653 171868.3 715
1712244295797 171868.3 716
1712244305917 171868.3 717
1712244316046 171868.3 718
1712244326167 171868.3 719
1712244336292 171868.3 720
1712244346409 171868.3 721
1712244356521 171868.3 722
1712244366647 171868.3 723
1712244376752 171868.3 724
1712244386861 171868.3 725
1712244396956 171868.3 726
1712244407062 171868.3 727
1712244417183 171868.3 728
1712244427274 171868.3 729
1712244437368 171868.3 730
1712244447476 171868.3 731
1712244457583 171868.3 732
1712244467680 171868.3 733
1712244477794 171868.3 734
