1712237060592 0.0 0
1712237070632 0.0 1
1712237080662 0.0 2
1712237090987 0.0 3
1712237101018 0.0 4
1712237111097 39.0 5
1712237121164 100.0 6
1712237131240 100.0 7
1712237141274 99.0 8
1712237151353 100.0 9
1712237161430 100.0 10
1712237171463 100.0 11
1712237181560 99.0 12
1712237191601 99.0 13
1712237201647 100.0 14
1712237211757 99.0 15
1712237221798 99.0 16
1712237231825 100.0 17
1712237241904 100.0 18
1712237251943 100.0 19
1712237262011 99.0 20
1712237272082 99.0 21
1712237282157 96.0 22
1712237292258 99.0 23
1712237302340 100.0 24
1712237312384 100.0 25
1712237322410 100.0 26
1712237332498 99.0 27
1712237342531 100.0 28
1712237352557 99.0 29
1712237362629 100.0 30
1712237372721 100.0 31
1712237382809 99.0 32
1712237392876 100.0 33
1712237402906 99.0 34
1712237412985 100.0 35
1712237423063 100.0 36
1712237433131 99.0 37
1712237443195 100.0 38
1712237453272 100.0 39
1712237463350 99.0 40
1712237473439 100.0 41
1712237483518 99.0 42
1712237493598 100.0 43
1712237503680 99.0 44
1712237513764 99.0 45
1712237523833 99.0 46
1712237533915 100.0 47
1712237543991 100.0 48
1712237554068 99.0 49
1712237564148 99.0 50
1712237574222 100.0 51
1712237584313 99.0 52
1712237594395 100.0 53
1712237604444 100.0 54
1712237614566 99.0 55
1712237624659 100.0 56
1712237634745 99.0 57
1712237644822 99.0 58
1712237654892 100.0 59
1712237664976 99.0 60
1712237675077 99.0 61
1712237685168 100.0 62
1712237695255 100.0 63
1712237705352 99.0 64
1712237715432 99.0 65
1712237725527 99.0 66
1712237735633 99.0 67
1712237745714 99.0 68
1712237755804 100.0 69
1712237765886 100.0 70
1712237775969 100.0 71
1712237786050 99.0 72
1712237796141 100.0 73
1712237806241 99.0 74
1712237816345 100.0 75
1712237826425 100.0 76
1712237836505 99.0 77
1712237846580 99.0 78
1712237856665 100.0 79
1712237866705 100.0 80
1712237876794 99.0 81
1712237886873 99.0 82
1712237896958 99.0 83
1712237907046 100.0 84
1712237917168 100.0 85
1712237927246 99.0 86
1712237937344 99.0 87
1712237947427 100.0 88
1712237957525 100.0 89
1712237967601 97.0 90
1712237977715 99.0 91
1712237987824 100.0 92
1712237997922 100.0 93
1712238008001 99.0 94
1712238018077 99.0 95
1712238028183 100.0 96
1712238038287 100.0 97
1712238048384 99.0 98
1712238058480 100.0 99
1712238068575 100.0 100
1712238078667 100.0 101
1712238088746 99.0 102
1712238098842 100.0 103
1712238108924 100.0 104
1712238119010 99.0 105
1712238129105 99.0 106
1712238139189 100.0 107
1712238149296 100.0 108
1712238159383 99.0 109
1712238169476 100.0 110
1712238179567 100.0 111
1712238189665 100.0 112
1712238199756 100.0 113
1712238209851 100.0 114
1712238219940 100.0 115
1712238230032 99.0 116
1712238240114 100.0 117
1712238250213 99.0 118
1712238260295 99.0 119
1712238270394 100.0 120
1712238280501 100.0 121
1712238290624 100.0 122
1712238300818 0.0 123
1712238310928 0.0 124
1712238321015 0.0 125
1712238331113 100.0 126
1712238341222 100.0 127
1712238351307 100.0 128
1712238361395 100.0 129
1712238371508 100.0 130
1712238381597 100.0 131
1712238391683 99.0 132
1712238401781 100.0 133
1712238411878 100.0 134
1712238421976 99.0 135
1712238432056 100.0 136
1712238442154 100.0 137
1712238452249 99.0 138
1712238462351 100.0 139
1712238472380 100.0 140
1712238482493 0.0 141
1712238492623 0.0 142
1712238502717 0.0 143
1712238512830 0.0 144
1712238522949 100.0 145
1712238533042 99.0 146
1712238543185 100.0 147
1712238553429 99.0 148
1712238563538 99.0 149
1712238573637 100.0 150
1712238583773 99.0 151
1712238593876 100.0 152
1712238603979 100.0 153
1712238614091 99.0 154
1712238624196 99.0 155
1712238634298 99.0 156
1712238644397 100.0 157
1712238654507 100.0 158
1712238664616 100.0 159
1712238674735 100.0 160
1712238684781 99.0 161
1712238694830 99.0 162
1712238704935 99.0 163
1712238715027 100.0 164
1712238725064 100.0 165
1712238735176 99.0 166
1712238745296 99.0 167
1712238755402 99.0 168
1712238765519 99.0 169
1712238775624 99.0 170
1712238785728 99.0 171
1712238795842 100.0 172
1712238805955 100.0 173
1712238816065 100.0 174
1712238826166 100.0 175
1712238836276 100.0 176
1712238846387 99.0 177
1712238856496 99.0 178
1712238866546 100.0 179
1712238876659 100.0 180
1712238886751 99.0 181
1712238896850 99.0 182
1712238906942 100.0 183
1712238917039 99.0 184
1712238927141 100.0 185
1712238937253 99.0 186
1712238947377 100.0 187
1712238957460 100.0 188
1712238967550 100.0 189
1712238977644 100.0 190
1712238987734 99.0 191
1712238997832 100.0 192
1712239007938 100.0 193
1712239018026 99.0 194
1712239028138 99.0 195
1712239038232 100.0 196
1712239048328 99.0 197
1712239058426 99.0 198
1712239068528 100.0 199
1712239078640 100.0 200
1712239088744 100.0 201
1712239098864 99.0 202
1712239108972 99.0 203
1712239119098 100.0 204
1712239129222 100.0 205
1712239139340 100.0 206
1712239149425 99.0 207
1712239159513 99.0 208
1712239169605 100.0 209
1712239179705 100.0 210
1712239189795 99.0 211
1712239199899 100.0 212
1712239209988 100.0 213
1712239220080 99.0 214
1712239230155 100.0 215
1712239240255 99.0 216
1712239250340 99.0 217
1712239260434 100.0 218
1712239270526 100.0 219
1712239280627 100.0 220
1712239290716 100.0 221
1712239300800 100.0 222
1712239310890 99.0 223
1712239320980 100.0 224
1712239331082 99.0 225
1712239341175 99.0 226
1712239351262 100.0 227
1712239361342 100.0 228
1712239371425 100.0 229
1712239381522 100.0 230
1712239391610 100.0 231
1712239401688 99.0 232
1712239411776 100.0 233
1712239421870 100.0 234
1712239431978 99.0 235
1712239442067 100.0 236
1712239452161 100.0 237
1712239462257 99.0 238
1712239472359 100.0 239
1712239482448 100.0 240
1712239492531 99.0 241
1712239502628 100.0 242
1712239512716 100.0 243
1712239522811 99.0 244
1712239532893 100.0 245
1712239542975 100.0 246
1712239553067 99.0 247
1712239563159 100.0 248
1712239573241 100.0 249
1712239583330 99.0 250
1712239593421 100.0 251
1712239603504 100.0 252
1712239613598 99.0 253
1712239623693 99.0 254
1712239633799 99.0 255
1712239643888 100.0 256
1712239653987 99.0 257
1712239664091 100.0 258
1712239674181 99.0 259
1712239684266 100.0 260
1712239694320 100.0 261
1712239704423 0.0 262
1712239714523 0.0 263
1712239724606 0.0 264
1712239734698 100.0 265
1712239744787 100.0 266
1712239754894 99.0 267
1712239764988 100.0 268
1712239775085 99.0 269
1712239785171 100.0 270
1712239795255 100.0 271
1712239805339 100.0 272
1712239815456 100.0 273
1712239825556 99.0 274
1712239835651 100.0 275
1712239845738 100.0 276
1712239855836 100.0 277
1712239865919 100.0 278
1712239876036 100.0 279
1712239886125 0.0 280
1712239896233 0.0 281
1712239906345 0.0 282
1712239916436 0.0 283
1712239926531 99.0 284
1712239936615 100.0 285
1712239946699 100.0 286
1712239956808 99.0 287
1712239966900 100.0 288
1712239976984 100.0 289
1712239987072 100.0 290
1712239997166 99.0 291
1712240007266 100.0 292
1712240017357 99.0 293
1712240027460 100.0 294
1712240037559 99.0 295
1712240047659 100.0 296
1712240057754 100.0 297
1712240067839 99.0 298
1712240077920 100.0 299
1712240088027 100.0 300
1712240098127 100.0 301
1712240108221 100.0 302
1712240118324 99.0 303
1712240128416 100.0 304
1712240138521 100.0 305
1712240148620 99.0 306
1712240158702 100.0 307
1712240168789 100.0 308
1712240178879 100.0 309
1712240188964 100.0 310
1712240199064 99.0 311
1712240209174 99.0 312
1712240219262 100.0 313
1712240229353 99.0 314
1712240239441 100.0 315
1712240249551 100.0 316
1712240259611 98.0 317
1712240269690 99.0 318
1712240279723 100.0 319
1712240289766 99.0 320
1712240299884 99.0 321
1712240309988 100.0 322
1712240320084 100.0 323
1712240330170 99.0 324
1712240340266 100.0 325
1712240350351 100.0 326
1712240360452 100.0 327
1712240370539 100.0 328
1712240380641 100.0 329
1712240390735 99.0 330
1712240400822 100.0 331
1712240410928 100.0 332
1712240421035 100.0 333
1712240431120 100.0 334
1712240441213 100.0 335
1712240451301 99.0 336
1712240461396 100.0 337
1712240471509 100.0 338
1712240481602 100.0 339
1712240491695 100.0 340
1712240501789 100.0 341
1712240511899 100.0 342
1712240521983 99.0 343
1712240532076 100.0 344
1712240542173 100.0 345
1712240552269 99.0 346
1712240562360 99.0 347
1712240572471 100.0 348
1712240582571 99.0 349
1712240592685 100.0 350
1712240602780 100.0 351
1712240612867 100.0 352
1712240622977 100.0 353
1712240633078 100.0 354
1712240643177 100.0 355
1712240653275 99.0 356
1712240663369 100.0 357
1712240673466 99.0 358
1712240683551 100.0 359
1712240693650 100.0 360
1712240703753 100.0 361
1712240713866 100.0 362
1712240723976 100.0 363
1712240734066 99.0 364
1712240744161 100.0 365
1712240754251 100.0 366
1712240764367 99.0 367
1712240774451 99.0 368
1712240784560 100.0 369
1712240794658 99.0 370
1712240804754 100.0 371
1712240814842 100.0 372
1712240824937 99.0 373
1712240835030 100.0 374
1712240845130 100.0 375
1712240855212 100.0 376
1712240865322 100.0 377
1712240875412 99.0 378
1712240885511 99.0 379
1712240895610 100.0 380
1712240905719 100.0 381
1712240915816 100.0 382
1712240925916 100.0 383
1712240936005 100.0 384
1712240946096 100.0 385
1712240956189 99.0 386
1712240966280 99.0 387
1712240976377 100.0 388
1712240986469 100.0 389
1712240996587 100.0 390
1712241006692 100.0 391
1712241016781 99.0 392
1712241026874 100.0 393
1712241036973 100.0 394
1712241047074 99.0 395
1712241057170 100.0 396
1712241067272 100.0 397
1712241077363 100.0 398
1712241087469 100.0 399
1712241097571 99.0 400
1712241107676 0.0 401
1712241117779 0.0 402
1712241127885 0.0 403
1712241137999 100.0 404
1712241148092 100.0 405
1712241158192 100.0 406
1712241168291 100.0 407
1712241178393 100.0 408
1712241188502 100.0 409
1712241198612 100.0 410
1712241208710 100.0 411
1712241218814 100.0 412
1712241228908 99.0 413
1712241239001 100.0 414
1712241249100 100.0 415
1712241259203 100.0 416
1712241269311 100.0 417
1712241279430 100.0 418
1712241289526 0.0 419
1712241299623 0.0 420
1712241309730 0.0 421
1712241319842 0.0 422
1712241329996 99.0 423
1712241340118 100.0 424
1712241350241 100.0 425
1712241360354 100.0 426
1712241370471 100.0 427
1712241380581 99.0 428
1712241390687 100.0 429
1712241400801 100.0 430
1712241410902 100.0 431
1712241421020 100.0 432
1712241431115 99.0 433
1712241441206 99.0 434
1712241451295 100.0 435
1712241461402 99.0 436
1712241471502 100.0 437
1712241481540 99.0 438
1712241491579 100.0 439
1712241501704 99.0 440
1712241511803 100.0 441
1712241521912 100.0 442
1712241532030 99.0 443
1712241542128 100.0 444
1712241552238 100.0 445
1712241562340 99.0 446
1712241572434 99.0 447
1712241582548 99.0 448
1712241592639 100.0 449
1712241602723 100.0 450
1712241612813 99.0 451
1712241622912 100.0 452
1712241633021 99.0 453
1712241643118 100.0 454
1712241653225 100.0 455
1712241663349 99.0 456
1712241673432 100.0 457
1712241683527 100.0 458
1712241693631 99.0 459
1712241703718 100.0 460
1712241713828 95.0 461
1712241723926 100.0 462
1712241734033 100.0 463
1712241744127 99.0 464
1712241754226 100.0 465
1712241764312 100.0 466
1712241774406 100.0 467
1712241784510 99.0 468
1712241794596 99.0 469
1712241804696 100.0 470
1712241814783 99.0 471
1712241824881 100.0 472
1712241834988 100.0 473
1712241845088 99.0 474
1712241855199 100.0 475
1712241865283 99.0 476
1712241875366 99.0 477
1712241885459 100.0 478
1712241895546 99.0 479
1712241905651 100.0 480
1712241915753 100.0 481
1712241925854 100.0 482
1712241935950 100.0 483
1712241946036 99.0 484
1712241956135 100.0 485
1712241966233 100.0 486
1712241976328 99.0 487
1712241986412 100.0 488
1712241996503 100.0 489
1712242006600 100.0 490
1712242016704 100.0 491
1712242027366 100.0 492
1712242037474 15.0 493
1712242047576 100.0 494
1712242057681 100.0 495
1712242067809 99.0 496
1712242077911 100.0 497
1712242088015 100.0 498
1712242098115 99.0 499
1712242108224 100.0 500
1712242118327 99.0 501
1712242128431 99.0 502
1712242138531 100.0 503
1712242148638 100.0 504
1712242158742 100.0 505
1712242168837 100.0 506
1712242178946 100.0 507
1712242189055 100.0 508
1712242199158 100.0 509
1712242209275 99.0 510
1712242219372 99.0 511
1712242229475 100.0 512
1712242239577 100.0 513
1712242249682 99.0 514
1712242259795 100.0 515
1712242269913 99.0 516
1712242280009 99.0 517
1712242290111 100.0 518
1712242300217 99.0 519
1712242310313 100.0 520
1712242320435 100.0 521
1712242330536 99.0 522
1712242340638 100.0 523
1712242350752 100.0 524
1712242360859 100.0 525
1712242370958 99.0 526
1712242381058 99.0 527
1712242391182 100.0 528
1712242401329 99.0 529
1712242411462 99.0 530
1712242421604 100.0 531
1712242431713 100.0 532
1712242441764 99.0 533
1712242451903 100.0 534
1712242462049 100.0 535
1712242472169 99.0 536
1712242482280 99.0 537
1712242492436 99.0 538
1712242502537 100.0 539
1712242512668 0.0 540
1712242522790 0.0 541
1712242532915 0.0 542
1712242543019 100.0 543
1712242553130 100.0 544
1712242563258 100.0 545
1712242573375 100.0 546
1712242583530 99.0 547
1712242593669 99.0 548
1712242603808 100.0 549
1712242613964 100.0 550
1712242624125 100.0 551
1712242634264 100.0 552
1712242644302 100.0 553
1712242654477 99.0 554
1712242664635 100.0 555
1712242674779 100.0 556
1712242684931 99.0 557
1712242695090 100.0 558
1712242705244 0.0 559
1712242715415 0.0 560
1712242725578 0.0 561
1712242735771 0.0 562
1712242745973 100.0 563
1712242756131 99.0 564
1712242766283 99.0 565
1712242776433 100.0 566
1712242786580 99.0 567
1712242796718 99.0 568
1712242807594 100.0 569
1712242817747 0.0 570
1712242827891 99.0 571
1712242838030 99.0 572
1712242848201 99.0 573
1712242858360 100.0 574
1712242868512 100.0 575
1712242878639 99.0 576
1712242888758 100.0 577
1712242898803 99.0 578
1712242908928 100.0 579
1712242919060 100.0 580
1712242929168 100.0 581
1712242939288 99.0 582
1712242949391 100.0 583
1712242959500 100.0 584
1712242969606 100.0 585
1712242979708 99.0 586
1712242989817 99.0 587
1712242999932 100.0 588
1712243010044 100.0 589
1712243020152 100.0 590
1712243030248 99.0 591
1712243040361 99.0 592
1712243050470 100.0 593
1712243060579 100.0 594
1712243070710 99.0 595
1712243080829 99.0 596
1712243090933 100.0 597
1712243101048 99.0 598
1712243111156 99.0 599
1712243121259 99.0 600
1712243131398 99.0 601
1712243141516 98.0 602
1712243151638 100.0 603
1712243161761 100.0 604
1712243171902 99.0 605
1712243182019 99.0 606
1712243192158 99.0 607
1712243202272 100.0 608
1712243212407 100.0 609
1712243222516 99.0 610
1712243232640 99.0 611
1712243242739 99.0 612
1712243252844 99.0 613
1712243262954 100.0 614
1712243273083 100.0 615
1712243283130 99.0 616
1712243293257 99.0 617
1712243303371 99.0 618
1712243313510 100.0 619
1712243323623 100.0 620
1712243333751 100.0 621
1712243343865 98.0 622
1712243353984 99.0 623
1712243364093 99.0 624
1712243374212 99.0 625
1712243384344 100.0 626
1712243394468 100.0 627
1712243404582 99.0 628
1712243414710 99.0 629
1712243424818 100.0 630
1712243434944 100.0 631
1712243445062 99.0 632
1712243455182 98.0 633
1712243465288 99.0 634
1712243475427 99.0 635
1712243485530 100.0 636
1712243495650 99.0 637
1712243505784 99.0 638
1712243515892 99.0 639
1712243526004 98.0 640
1712243536120 100.0 641
1712243546268 100.0 642
1712243556403 99.0 643
1712243566525 98.0 644
1712243576664 98.0 645
1712243586816 99.0 646
1712243596975 100.0 647
1712243607100 100.0 648
1712243617241 99.0 649
1712243627371 98.0 650
1712243637501 100.0 651
1712243647620 100.0 652
1712243657754 99.0 653
1712243667882 99.0 654
1712243678018 100.0 655
1712243688162 100.0 656
1712243698307 100.0 657
1712243708429 99.0 658
1712243718537 99.0 659
1712243728677 99.0 660
1712243738797 100.0 661
1712243748931 99.0 662
1712243759042 99.0 663
1712243769180 99.0 664
1712243779305 99.0 665
1712243789417 100.0 666
1712243799543 100.0 667
1712243809658 99.0 668
1712243819780 99.0 669
1712243829938 99.0 670
1712243840070 99.0 671
1712243850192 100.0 672
1712243860309 99.0 673
1712243870418 100.0 674
1712243880539 98.0 675
1712243890650 100.0 676
1712243900771 100.0 677
1712243910900 100.0 678
1712243921039 99.0 679
1712243931182 0.0 680
1712243941308 0.0 681
1712243951427 0.0 682
1712243961487 100.0 683
1712243971612 99.0 684
1712243981743 99.0 685
1712243991866 100.0 686
1712244001983 100.0 687
1712244012101 100.0 688
1712244022211 100.0 689
1712244032318 99.0 690
1712244042420 100.0 691
1712244052533 100.0 692
1712244062635 99.0 693
1712244072757 100.0 694
1712244082856 100.0 695
1712244092965 100.0 696
1712244103072 99.0 697
1712244113168 100.0 698
1712244123295 0.0 699
1712244133414 0.0 700
1712244143536 0.0 701
1712244153647 0.0 702
1712244163770 0.0 703
1712244173889 0.0 704
1712244184250 0.0 705
1712244194389 0.0 706
1712244204526 0.0 707
1712244214666 99.0 708
1712244224793 99.0 709
1712244234930 100.0 710
1712244245119 99.0 711
1712244255246 99.0 712
1712244265387 100.0 713
1712244275507 99.0 714
1712244285653 99.0 715
1712244295797 99.0 716
1712244305917 100.0 717
1712244316046 99.0 718
1712244326167 99.0 719
1712244336292 100.0 720
1712244346409 99.0 721
1712244356521 100.0 722
1712244366647 100.0 723
1712244376752 100.0 724
1712244386861 99.0 725
1712244396956 100.0 726
1712244407062 100.0 727
1712244417183 100.0 728
1712244427274 100.0 729
1712244437368 99.0 730
1712244447476 99.0 731
1712244457583 100.0 732
1712244467680 99.0 733
1712244477794 99.0 734
