1712237060592 2.9 0
1712237070632 2.9 1
1712237080662 6.6 2
1712237090987 6.6 3
1712237101018 6.6 4
1712237111097 55.1 5
1712237121164 55.1 6
1712237131240 55.1 7
1712237141274 55.1 8
1712237151353 55.1 9
1712237161430 55.1 10
1712237171463 55.1 11
1712237181560 55.1 12
1712237191601 55.1 13
1712237201647 55.1 14
1712237211757 55.1 15
1712237221798 55.1 16
1712237231825 55.1 17
1712237241904 55.1 18
1712237251943 55.1 19
1712237262011 55.1 20
1712237272082 55.1 21
1712237282157 55.1 22
1712237292258 55.1 23
1712237302340 55.1 24
1712237312384 55.1 25
1712237322410 55.1 26
1712237332498 55.1 27
1712237342531 55.1 28
1712237352557 55.1 29
1712237362629 55.1 30
1712237372721 55.1 31
1712237382809 55.1 32
1712237392876 55.1 33
1712237402906 55.1 34
1712237412985 55.1 35
1712237423063 55.1 36
1712237433131 55.1 37
1712237443195 55.1 38
1712237453272 55.1 39
1712237463350 55.1 40
1712237473439 55.1 41
1712237483518 55.1 42
1712237493598 55.1 43
1712237503680 55.1 44
1712237513764 55.1 45
1712237523833 55.1 46
1712237533915 55.1 47
1712237543991 55.1 48
1712237554068 55.1 49
1712237564148 55.1 50
1712237574222 55.1 51
1712237584313 55.1 52
1712237594395 55.1 53
1712237604444 55.1 54
1712237614566 55.1 55
1712237624659 55.1 56
1712237634745 55.1 57
1712237644822 55.1 58
1712237654892 55.1 59
1712237664976 55.1 60
1712237675077 55.1 61
1712237685168 55.1 62
1712237695255 55.1 63
1712237705352 55.1 64
1712237715432 55.1 65
1712237725527 55.1 66
1712237735633 55.1 67
1712237745714 55.1 68
1712237755804 55.1 69
1712237765886 55.1 70
1712237775969 55.1 71
1712237786050 55.1 72
1712237796141 55.1 73
1712237806241 55.1 74
1712237816345 55.1 75
1712237826425 55.1 76
1712237836505 55.1 77
1712237846580 55.1 78
1712237856665 55.1 79
1712237866705 55.1 80
1712237876794 55.1 81
1712237886873 55.1 82
1712237896958 55.1 83
1712237907046 55.1 84
1712237917168 55.1 85
1712237927246 55.1 86
1712237937344 55.1 87
1712237947427 55.1 88
1712237957525 55.1 89
1712237967601 55.1 90
1712237977715 55.1 91
1712237987824 55.1 92
1712237997922 55.1 93
1712238008001 55.1 94
1712238018077 55.1 95
1712238028183 55.1 96
1712238038287 55.1 97
1712238048384 55.1 98
1712238058480 55.1 99
1712238068575 55.1 100
1712238078667 55.1 101
1712238088746 55.1 102
1712238098842 55.1 103
1712238108924 55.1 104
1712238119010 55.1 105
1712238129105 55.1 106
1712238139189 55.1 107
1712238149296 55.1 108
1712238159383 55.1 109
1712238169476 55.1 110
1712238179567 55.1 111
1712238189665 55.1 112
1712238199756 55.1 113
1712238209851 55.1 114
1712238219940 55.1 115
1712238230032 55.1 116
1712238240114 55.1 117
1712238250213 55.1 118
1712238260295 55.1 119
1712238270394 55.1 120
1712238280501 55.1 121
1712238290624 55.1 122
1712238300818 55.1 123
1712238310928 55.1 124
1712238321015 55.1 125
1712238331113 69.5 126
1712238341222 69.5 127
1712238351307 69.5 128
1712238361395 69.5 129
1712238371508 69.5 130
1712238381597 69.5 131
1712238391683 69.5 132
1712238401781 69.5 133
1712238411878 69.5 134
1712238421976 69.5 135
1712238432056 69.5 136
1712238442154 69.5 137
1712238452249 69.5 138
1712238462351 69.5 139
1712238472380 69.5 140
1712238482493 69.6 141
1712238492623 69.6 142
1712238502717 69.6 143
1712238512830 69.6 144
1712238522949 69.6 145
1712238533042 69.6 146
1712238543185 69.6 147
1712238553429 69.6 148
1712238563538 69.6 149
1712238573637 69.6 150
1712238583773 69.6 151
1712238593876 69.6 152
1712238603979 69.6 153
1712238614091 69.6 154
1712238624196 69.6 155
1712238634298 69.6 156
1712238644397 69.6 157
1712238654507 69.6 158
1712238664616 69.6 159
1712238674735 69.6 160
1712238684781 69.6 161
1712238694830 69.6 162
1712238704935 69.6 163
1712238715027 69.6 164
1712238725064 69.6 165
1712238735176 69.6 166
1712238745296 69.6 167
1712238755402 69.6 168
1712238765519 69.6 169
1712238775624 69.6 170
1712238785728 69.6 171
1712238795842 69.6 172
1712238805955 69.6 173
1712238816065 69.6 174
1712238826166 69.6 175
1712238836276 69.6 176
1712238846387 69.6 177
1712238856496 69.6 178
1712238866546 69.6 179
1712238876659 69.6 180
1712238886751 69.6 181
1712238896850 69.6 182
1712238906942 69.6 183
1712238917039 69.6 184
1712238927141 69.6 185
1712238937253 69.6 186
1712238947377 69.6 187
1712238957460 69.6 188
1712238967550 69.6 189
1712238977644 69.6 190
1712238987734 69.6 191
1712238997832 69.6 192
1712239007938 69.6 193
1712239018026 69.6 194
1712239028138 69.6 195
1712239038232 69.6 196
1712239048328 69.6 197
1712239058426 69.6 198
1712239068528 69.6 199
1712239078640 69.6 200
1712239088744 69.6 201
1712239098864 69.6 202
1712239108972 69.6 203
1712239119098 69.6 204
1712239129222 69.6 205
1712239139340 69.6 206
1712239149425 69.6 207
1712239159513 69.6 208
1712239169605 69.6 209
1712239179705 69.6 210
1712239189795 69.6 211
1712239199899 69.6 212
1712239209988 69.6 213
1712239220080 69.6 214
1712239230155 69.6 215
1712239240255 69.6 216
1712239250340 69.6 217
1712239260434 69.6 218
1712239270526 69.6 219
1712239280627 69.6 220
1712239290716 69.6 221
1712239300800 69.6 222
1712239310890 69.6 223
1712239320980 69.6 224
1712239331082 69.6 225
1712239341175 69.6 226
1712239351262 69.6 227
1712239361342 69.6 228
1712239371425 69.6 229
1712239381522 69.6 230
1712239391610 69.6 231
1712239401688 69.6 232
1712239411776 69.6 233
1712239421870 69.6 234
1712239431978 69.6 235
1712239442067 69.6 236
1712239452161 69.6 237
1712239462257 69.6 238
1712239472359 69.6 239
1712239482448 69.6 240
1712239492531 69.6 241
1712239502628 69.6 242
1712239512716 69.6 243
1712239522811 69.6 244
1712239532893 69.6 245
1712239542975 69.6 246
1712239553067 69.6 247
1712239563159 69.6 248
1712239573241 69.6 249
1712239583330 69.6 250
1712239593421 69.6 251
1712239603504 69.6 252
1712239613598 69.6 253
1712239623693 69.6 254
1712239633799 69.6 255
1712239643888 69.6 256
1712239653987 69.6 257
1712239664091 69.6 258
1712239674181 69.6 259
1712239684266 69.6 260
1712239694320 69.6 261
1712239704423 69.6 262
1712239714523 69.6 263
1712239724606 69.6 264
1712239734698 69.6 265
1712239744787 69.6 266
1712239754894 69.6 267
1712239764988 69.6 268
1712239775085 69.6 269
1712239785171 69.6 270
1712239795255 69.6 271
1712239805339 69.6 272
1712239815456 69.6 273
1712239825556 69.6 274
1712239835651 69.6 275
1712239845738 69.6 276
1712239855836 69.6 277
1712239865919 69.6 278
1712239876036 69.6 279
1712239886125 69.6 280
1712239896233 69.6 281
1712239906345 69.6 282
1712239916436 69.6 283
1712239926531 69.6 284
1712239936615 69.6 285
1712239946699 69.6 286
1712239956808 69.6 287
1712239966900 69.6 288
1712239976984 69.6 289
1712239987072 69.6 290
1712239997166 69.6 291
1712240007266 69.6 292
1712240017357 69.6 293
1712240027460 69.6 294
1712240037559 69.6 295
1712240047659 69.6 296
1712240057754 69.6 297
1712240067839 69.6 298
1712240077920 69.6 299
1712240088027 69.6 300
1712240098127 69.6 301
1712240108221 69.6 302
1712240118324 69.6 303
1712240128416 69.6 304
1712240138521 69.6 305
1712240148620 69.6 306
1712240158702 69.6 307
1712240168789 69.6 308
1712240178879 69.6 309
1712240188964 69.6 310
1712240199064 69.6 311
1712240209174 69.6 312
1712240219262 69.6 313
1712240229353 69.6 314
1712240239441 69.6 315
1712240249551 69.6 316
1712240259611 69.6 317
1712240269690 69.6 318
1712240279723 69.6 319
1712240289766 69.6 320
1712240299884 69.6 321
1712240309988 69.6 322
1712240320084 69.6 323
1712240330170 69.6 324
1712240340266 69.6 325
1712240350351 69.6 326
1712240360452 69.6 327
1712240370539 69.6 328
1712240380641 69.6 329
1712240390735 69.6 330
1712240400822 69.6 331
1712240410928 69.6 332
1712240421035 69.6 333
1712240431120 69.6 334
1712240441213 69.6 335
1712240451301 69.6 336
1712240461396 69.6 337
1712240471509 69.6 338
1712240481602 69.6 339
1712240491695 69.6 340
1712240501789 69.6 341
1712240511899 69.6 342
1712240521983 69.6 343
1712240532076 69.6 344
1712240542173 69.6 345
1712240552269 69.6 346
1712240562360 69.6 347
1712240572471 69.6 348
1712240582571 69.6 349
1712240592685 69.6 350
1712240602780 69.6 351
1712240612867 69.6 352
1712240622977 69.6 353
1712240633078 69.6 354
1712240643177 69.6 355
1712240653275 69.6 356
1712240663369 69.6 357
1712240673466 69.6 358
1712240683551 69.6 359
1712240693650 69.6 360
1712240703753 69.6 361
1712240713866 69.6 362
1712240723976 69.6 363
1712240734066 69.6 364
1712240744161 69.6 365
1712240754251 69.6 366
1712240764367 69.6 367
1712240774451 69.6 368
1712240784560 69.6 369
1712240794658 69.6 370
1712240804754 69.6 371
1712240814842 69.6 372
1712240824937 69.6 373
1712240835030 69.6 374
1712240845130 69.6 375
1712240855212 69.6 376
1712240865322 69.6 377
1712240875412 69.6 378
1712240885511 69.6 379
1712240895610 69.6 380
1712240905719 69.6 381
1712240915816 69.6 382
1712240925916 69.6 383
1712240936005 69.6 384
1712240946096 69.6 385
1712240956189 69.6 386
1712240966280 69.6 387
1712240976377 69.6 388
1712240986469 69.6 389
1712240996587 69.6 390
1712241006692 69.6 391
1712241016781 69.6 392
1712241026874 69.6 393
1712241036973 69.6 394
1712241047074 69.6 395
1712241057170 69.6 396
1712241067272 69.6 397
1712241077363 69.6 398
1712241087469 69.6 399
1712241097571 69.6 400
1712241107676 69.6 401
1712241117779 69.6 402
1712241127885 69.6 403
1712241137999 69.6 404
1712241148092 69.6 405
1712241158192 69.6 406
1712241168291 69.6 407
1712241178393 69.6 408
1712241188502 69.6 409
1712241198612 69.6 410
1712241208710 69.6 411
1712241218814 69.6 412
1712241228908 69.6 413
1712241239001 69.6 414
1712241249100 69.6 415
1712241259203 69.6 416
1712241269311 69.6 417
1712241279430 69.6 418
1712241289526 69.6 419
1712241299623 69.6 420
1712241309730 69.6 421
1712241319842 69.6 422
1712241329996 69.6 423
1712241340118 69.6 424
1712241350241 69.6 425
1712241360354 69.6 426
1712241370471 69.6 427
1712241380581 69.6 428
1712241390687 69.6 429
1712241400801 69.6 430
1712241410902 69.6 431
1712241421020 69.6 432
1712241431115 69.6 433
1712241441206 69.6 434
1712241451295 69.6 435
1712241461402 69.6 436
1712241471502 69.6 437
1712241481540 69.6 438
1712241491579 69.6 439
1712241501704 69.6 440
1712241511803 69.6 441
1712241521912 69.6 442
1712241532030 69.6 443
1712241542128 69.6 444
1712241552238 69.6 445
1712241562340 69.6 446
1712241572434 69.6 447
1712241582548 69.6 448
1712241592639 69.6 449
1712241602723 69.6 450
1712241612813 69.6 451
1712241622912 69.6 452
1712241633021 69.6 453
1712241643118 69.6 454
1712241653225 69.6 455
1712241663349 69.6 456
1712241673432 69.6 457
1712241683527 69.6 458
1712241693631 69.6 459
1712241703718 69.6 460
1712241713828 69.6 461
1712241723926 69.6 462
1712241734033 69.6 463
1712241744127 69.6 464
1712241754226 69.6 465
1712241764312 69.6 466
1712241774406 69.6 467
1712241784510 69.6 468
1712241794596 69.6 469
1712241804696 69.6 470
1712241814783 69.6 471
1712241824881 69.6 472
1712241834988 69.6 473
1712241845088 69.6 474
1712241855199 69.6 475
1712241865283 69.6 476
1712241875366 69.6 477
1712241885459 69.6 478
1712241895546 69.6 479
1712241905651 69.6 480
1712241915753 69.6 481
1712241925854 69.6 482
1712241935950 69.6 483
1712241946036 69.6 484
1712241956135 69.6 485
1712241966233 69.6 486
1712241976328 69.6 487
1712241986412 69.6 488
1712241996503 69.6 489
1712242006600 69.6 490
1712242016704 69.6 491
1712242027366 69.6 492
1712242037474 69.6 493
1712242047576 69.6 494
1712242057681 69.6 495
1712242067809 69.6 496
1712242077911 69.6 497
1712242088015 69.6 498
1712242098115 69.6 499
1712242108224 69.6 500
1712242118327 69.6 501
1712242128431 69.6 502
1712242138531 69.6 503
1712242148638 69.6 504
1712242158742 69.6 505
1712242168837 69.6 506
1712242178946 69.6 507
1712242189055 69.6 508
1712242199158 69.6 509
1712242209275 69.6 510
1712242219372 69.6 511
1712242229475 69.6 512
1712242239577 69.6 513
1712242249682 69.6 514
1712242259795 69.6 515
1712242269913 69.6 516
1712242280009 69.6 517
1712242290111 69.6 518
1712242300217 69.6 519
1712242310313 69.6 520
1712242320435 69.6 521
1712242330536 69.6 522
1712242340638 69.6 523
1712242350752 69.6 524
1712242360859 69.6 525
1712242370958 69.6 526
1712242381058 69.6 527
1712242391182 69.6 528
1712242401329 69.6 529
1712242411462 69.6 530
1712242421604 69.6 531
1712242431713 69.6 532
1712242441764 69.6 533
1712242451903 69.6 534
1712242462049 69.6 535
1712242472169 69.6 536
1712242482280 69.6 537
1712242492436 69.6 538
1712242502537 69.6 539
1712242512668 69.6 540
1712242522790 69.6 541
1712242532915 69.6 542
1712242543019 69.6 543
1712242553130 69.6 544
1712242563258 69.6 545
1712242573375 69.6 546
1712242583530 69.6 547
1712242593669 69.6 548
1712242603808 69.6 549
1712242613964 69.6 550
1712242624125 69.6 551
1712242634264 69.6 552
1712242644302 69.6 553
1712242654477 69.6 554
1712242664635 69.6 555
1712242674779 69.6 556
1712242684931 69.6 557
1712242695090 69.6 558
1712242705244 69.6 559
1712242715415 69.6 560
1712242725578 69.6 561
1712242735771 69.6 562
1712242745973 69.6 563
1712242756131 69.6 564
1712242766283 69.6 565
1712242776433 69.6 566
1712242786580 69.6 567
1712242796718 69.6 568
1712242807594 69.6 569
1712242817747 69.6 570
1712242827891 69.6 571
1712242838030 69.6 572
1712242848201 69.6 573
1712242858360 69.6 574
1712242868512 69.6 575
1712242878639 69.6 576
1712242888758 69.6 577
1712242898803 69.6 578
1712242908928 69.6 579
1712242919060 69.6 580
1712242929168 69.6 581
1712242939288 69.6 582
1712242949391 69.6 583
1712242959500 69.6 584
1712242969606 69.6 585
1712242979708 69.6 586
1712242989817 69.6 587
1712242999932 69.6 588
1712243010044 69.6 589
1712243020152 69.6 590
1712243030248 69.6 591
1712243040361 69.6 592
1712243050470 69.6 593
1712243060579 69.6 594
1712243070710 69.6 595
1712243080829 69.6 596
1712243090933 69.6 597
1712243101048 69.6 598
1712243111156 69.6 599
1712243121259 69.6 600
1712243131398 69.6 601
1712243141516 69.6 602
1712243151638 69.6 603
1712243161761 69.6 604
1712243171902 69.6 605
1712243182019 69.6 606
1712243192158 69.6 607
1712243202272 69.6 608
1712243212407 69.6 609
1712243222516 69.6 610
1712243232640 69.6 611
1712243242739 69.6 612
1712243252844 69.6 613
1712243262954 69.6 614
1712243273083 69.6 615
1712243283130 69.6 616
1712243293257 69.6 617
1712243303371 69.6 618
1712243313510 69.6 619
1712243323623 69.6 620
1712243333751 69.6 621
1712243343865 69.6 622
1712243353984 69.6 623
1712243364093 69.6 624
1712243374212 69.6 625
1712243384344 69.6 626
1712243394468 69.6 627
1712243404582 69.6 628
1712243414710 69.6 629
1712243424818 69.6 630
1712243434944 69.6 631
1712243445062 69.6 632
1712243455182 69.6 633
1712243465288 69.6 634
1712243475427 69.6 635
1712243485530 69.6 636
1712243495650 69.6 637
1712243505784 69.6 638
1712243515892 69.6 639
1712243526004 69.6 640
1712243536120 69.6 641
1712243546268 69.6 642
1712243556403 69.6 643
1712243566525 69.6 644
1712243576664 69.6 645
1712243586816 69.6 646
1712243596975 69.6 647
1712243607100 69.6 648
1712243617241 69.6 649
1712243627371 69.6 650
1712243637501 69.6 651
1712243647620 69.6 652
1712243657754 69.6 653
1712243667882 69.6 654
1712243678018 69.6 655
1712243688162 69.6 656
1712243698307 69.6 657
1712243708429 69.6 658
1712243718537 69.6 659
1712243728677 69.6 660
1712243738797 69.6 661
1712243748931 69.6 662
1712243759042 69.6 663
1712243769180 69.6 664
1712243779305 69.6 665
1712243789417 69.6 666
1712243799543 69.6 667
1712243809658 69.6 668
1712243819780 69.6 669
1712243829938 69.6 670
1712243840070 69.6 671
1712243850192 69.6 672
1712243860309 69.6 673
1712243870418 69.6 674
1712243880539 69.6 675
1712243890650 69.6 676
1712243900771 69.6 677
1712243910900 69.6 678
1712243921039 69.6 679
1712243931182 69.6 680
1712243941308 69.6 681
1712243951427 69.6 682
1712243961487 69.6 683
1712243971612 69.6 684
1712243981743 69.6 685
1712243991866 69.6 686
1712244001983 69.6 687
1712244012101 69.6 688
1712244022211 69.6 689
1712244032318 69.6 690
1712244042420 69.6 691
1712244052533 69.6 692
1712244062635 69.6 693
1712244072757 69.6 694
1712244082856 69.6 695
1712244092965 69.6 696
1712244103072 69.6 697
1712244113168 69.6 698
1712244123295 69.6 699
1712244133414 69.6 700
1712244143536 69.6 701
1712244153647 89.3 702
1712244163770 89.3 703
1712244173889 89.3 704
1712244184250 89.3 705
1712244194389 89.3 706
1712244204526 89.3 707
1712244214666 89.3 708
1712244224793 89.3 709
1712244234930 89.3 710
1712244245119 89.3 711
1712244255246 89.3 712
1712244265387 89.3 713
1712244275507 89.3 714
1712244285653 89.3 715
1712244295797 89.3 716
1712244305917 89.3 717
1712244316046 89.3 718
1712244326167 89.3 719
1712244336292 89.3 720
1712244346409 89.3 721
1712244356521 89.3 722
1712244366647 89.3 723
1712244376752 89.3 724
1712244386861 89.3 725
1712244396956 89.3 726
1712244407062 89.3 727
1712244417183 89.3 728
1712244427274 89.3 729
1712244437368 89.3 730
1712244447476 89.3 731
1712244457583 89.3 732
1712244467680 89.3 733
1712244477794 89.3 734
