1712237060592 0.0018769999987853225 0
1712237070632 0.09165299999949639 1
1712237080662 0.12104099999851314 2
1712237090987 0.1548899999997957 3
1712237101018 0.20710799999869778 4
1712237111097 0.3377039999995759 5
1712237121164 0.38141600000017206 6
1712237131240 6.857829999999012 7
1712237141274 11.662360999998782 8
1712237151353 11.717420999999376 9
1712237161430 11.775458000000071 10
1712237171463 11.81879200000003 11
1712237181560 12.020727999999508 12
1712237191601 12.27429999999913 13
1712237201647 13.3312279999991 14
1712237211757 14.173743999999715 15
1712237221798 14.226885999998558 16
1712237231825 14.251594999999725 17
1712237241904 14.29743899999994 18
1712237251943 14.335383999999976 19
1712237262011 14.394825999999739 20
1712237272082 14.440952999999354 21
1712237282157 14.792386999999508 22
1712237292258 14.934871999999814 23
1712237302340 14.989544000000024 24
1712237312384 15.028000999998767 25
1712237322410 15.067297999999937 26
1712237332498 15.122438999998849 27
1712237342531 15.162800000000061 28
1712237352557 15.197715999998763 29
1712237362629 15.255896999999095 30
1712237372721 15.288180999999895 31
1712237382809 19.497260999998616 32
1712237392876 29.03165099999933 33
1712237402906 35.012103999999454 34
1712237412985 35.053414999998495 35
1712237423063 36.97857499999918 36
1712237433131 37.103501999999935 37
1712237443195 37.225696999999855 38
1712237453272 39.41336799999954 39
1712237463350 41.488626999998814 40
1712237473439 43.939925999999105 41
1712237483518 43.99858299999869 42
1712237493598 44.07239799999843 43
1712237503680 44.077385999999024 44
1712237513764 44.092069999998785 45
1712237523833 44.104661999999735 46
1712237533915 44.11176599999999 47
1712237543991 44.1305339999999 48
1712237554068 44.138709999999264 49
1712237564148 44.15865799999847 50
1712237574222 44.170634000000064 51
1712237584313 44.175600999999006 52
1712237594395 44.18217799999911 53
1712237604444 44.19401899999866 54
1712237614566 44.385064999998576 55
1712237624659 45.26615599999968 56
1712237634745 49.0314870000002 57
1712237644822 56.20575899999858 58
1712237654892 56.23439700000017 59
1712237664976 56.81186399999933 60
1712237675077 61.358562999999776 61
1712237685168 71.06345799999872 62
1712237695255 72.57211599999937 63
1712237705352 72.58294999999998 64
1712237715432 74.89894899999854 65
1712237725527 87.99628699999994 66
1712237735633 92.98466399999961 67
1712237745714 94.26965999999993 68
1712237755804 95.53708499999993 69
1712237765886 96.6067269999985 70
1712237775969 97.70911399999932 71
1712237786050 98.74446499999976 72
1712237796141 99.93084799999997 73
1712237806241 100.25829499999963 74
1712237816345 100.2948379999998 75
1712237826425 100.32021600000007 76
1712237836505 100.41362200000003 77
1712237846580 101.01275199999873 78
1712237856665 101.13794299999972 79
1712237866705 101.22737699999925 80
1712237876794 101.28182299999935 81
1712237886873 103.47819699999854 82
1712237896958 104.7108360000002 83
1712237907046 114.58445099999881 84
1712237917168 122.27005999999892 85
1712237927246 122.2717990000001 86
1712237937344 122.28264499999932 87
1712237947427 122.28770900000018 88
1712237957525 122.2891039999995 89
1712237967601 122.29879699999947 90
1712237977715 122.32501299999967 91
1712237987824 122.32590699999855 92
1712237997922 122.33176399999866 93
1712238008001 122.3330109999988 94
1712238018077 122.33616999999867 95
1712238028183 122.33851399999912 96
1712238038287 122.35551399999895 97
1712238048384 122.35614600000008 98
1712238058480 122.36289199999919 99
1712238068575 122.36393599999974 100
1712238078667 122.37070200000016 101
1712238088746 122.388676999999 102
1712238098842 122.39831999999842 103
1712238108924 122.40042399999948 104
1712238119010 122.40352999999959 105
1712238129105 122.40523500000018 106
1712238139189 122.40753099999893 107
1712238149296 122.42657199999849 108
1712238159383 122.43446599999879 109
1712238169476 122.44045699999879 110
1712238179567 122.44850699999915 111
1712238189665 122.44906599999922 112
1712238199756 122.44967600000018 113
1712238209851 122.45047599999998 114
1712238219940 122.46037699999943 115
1712238230032 122.4618819999996 116
1712238240114 122.46257199999854 117
1712238250213 122.46324300000015 118
1712238260295 122.46648399999867 119
1712238270394 122.4677359999987 120
1712238280501 122.47062799999912 121
1712238290624 122.47299699999894 122
1712238300818 122.47563399999854 123
1712238310928 122.47719099999995 124
1712238321015 122.47763999999916 125
1712238331113 122.47843699999976 126
1712238341222 122.48150799999894 127
1712238351307 122.48576599999978 128
1712238361395 122.4876779999995 129
1712238371508 122.48855099999855 130
1712238381597 122.49148299999979 131
1712238391683 122.49250099999881 132
1712238401781 122.49547499999971 133
1712238411878 122.49706799999876 134
1712238421976 122.49977899999976 135
1712238432056 122.50020799999947 136
1712238442154 122.50070799999958 137
1712238452249 122.51748599999883 138
1712238462351 122.52030199999899 139
1712238472380 122.52675799999997 140
1712238482493 122.59124599999996 141
1712238492623 122.59283199999845 142
1712238502717 122.59514799999852 143
1712238512830 122.59946599999967 144
1712238522949 122.6020669999998 145
1712238533042 122.60285499999918 146
1712238543185 122.62971599999946 147
1712238553429 123.09368600000016 148
1712238563538 123.16880799999853 149
1712238573637 123.17758299999878 150
1712238583773 123.18715599999996 151
1712238593876 123.19636899999932 152
1712238603979 123.21888899999976 153
1712238614091 123.22555499999908 154
1712238624196 123.22870899999907 155
1712238634298 123.23057199999857 156
1712238644397 123.23826599999848 157
1712238654507 123.2451430000001 158
1712238664616 123.25713199999882 159
1712238674735 123.26723799999854 160
1712238684781 123.37915099999918 161
1712238694830 123.4649929999996 162
1712238704935 123.47063499999967 163
1712238715027 123.48760599999878 164
1712238725064 123.48966800000017 165
1712238735176 123.5090599999985 166
1712238745296 123.54324699999961 167
1712238755402 123.59174100000018 168
1712238765519 123.6048899999987 169
1712238775624 123.60824199999843 170
1712238785728 123.62196599999879 171
1712238795842 123.62604399999873 172
1712238805955 123.62751099999878 173
1712238816065 123.64360299999862 174
1712238826166 123.65209299999879 175
1712238836276 123.65457999999853 176
1712238846387 123.66938699999992 177
1712238856496 124.88224599999921 178
1712238866546 124.91403699999864 179
1712238876659 125.11581299999852 180
1712238886751 125.23004099999889 181
1712238896850 125.25396099999853 182
1712238906942 125.27847800000018 183
1712238917039 125.28244399999858 184
1712238927141 125.2935209999996 185
1712238937253 125.32092000000011 186
1712238947377 125.3256339999989 187
1712238957460 125.36339699999917 188
1712238967550 125.3654289999995 189
1712238977644 125.36832499999946 190
1712238987734 125.37353299999995 191
1712238997832 125.37625799999842 192
1712239007938 125.3775859999987 193
1712239018026 125.38929800000005 194
1712239028138 125.39028700000017 195
1712239038232 125.39120699999876 196
1712239048328 125.40848199999891 197
1712239058426 125.41413300000022 198
1712239068528 125.43093599999884 199
1712239078640 125.43383600000016 200
1712239088744 125.43874799999867 201
1712239098864 125.44153499999993 202
1712239108972 125.44525099999919 203
1712239119098 125.44837999999982 204
1712239129222 125.4583449999991 205
1712239139340 125.46117499999855 206
1712239149425 125.4626989999997 207
1712239159513 125.480458 208
1712239169605 125.48163599999862 209
1712239179705 125.49864499999967 210
1712239189795 125.50057000000015 211
1712239199899 125.50322199999937 212
1712239209988 125.50532899999962 213
1712239220080 125.50825599999916 214
1712239230155 125.50920299999962 215
1712239240255 125.5119939999986 216
1712239250340 125.51427999999942 217
1712239260434 125.52063099999941 218
1712239270526 125.52153499999986 219
1712239280627 125.52253999999994 220
1712239290716 125.53279099999963 221
1712239300800 125.53388199999972 222
1712239310890 125.53497900000002 223
1712239320980 125.53774199999862 224
1712239331082 125.53940199999852 225
1712239341175 125.65584499999932 226
1712239351262 127.38500699999895 227
1712239361342 127.72930199999973 228
1712239371425 128.05983500000002 229
1712239381522 128.39651799999956 230
1712239391610 128.80309599999964 231
1712239401688 129.17741899999965 232
1712239411776 129.50763299999926 233
1712239421870 129.87447599999905 234
1712239431978 130.23429699999906 235
1712239442067 130.6720690000002 236
1712239452161 131.0954789999996 237
1712239462257 131.70010399999956 238
1712239472359 132.1369109999996 239
1712239482448 132.44589300000007 240
1712239492531 132.77910599999996 241
1712239502628 133.1752689999994 242
1712239512716 133.60961599999973 243
1712239522811 133.97359499999948 244
1712239532893 134.37508699999853 245
1712239542975 134.7849040000001 246
1712239553067 135.1919289999987 247
1712239563159 135.56931399999849 248
1712239573241 135.94686000000002 249
1712239583330 136.2563739999987 250
1712239593421 136.58920299999954 251
1712239603504 136.9682560000001 252
1712239613598 137.3012579999995 253
1712239623693 137.61962799999856 254
1712239633799 138.10241799999858 255
1712239643888 138.55367299999853 256
1712239653987 138.91802300000018 257
1712239664091 139.3169600000001 258
1712239674181 139.6794719999998 259
1712239684266 139.99950699999863 260
1712239694320 140.39537999999993 261
1712239704423 140.7189529999996 262
1712239714523 141.0656889999991 263
1712239724606 141.37532399999873 264
1712239734698 141.82874399999855 265
1712239744787 142.21988599999895 266
1712239754894 142.63432300000022 267
1712239764988 143.72739999999976 268
1712239775085 145.38600299999962 269
1712239785171 146.49043600000005 270
1712239795255 148.5875930000002 271
1712239805339 149.63971200000015 272
1712239815456 158.4246579999999 273
1712239825556 158.44990999999936 274
1712239835651 164.21822899999825 275
1712239845738 168.38887500000055 276
1712239855836 168.44168799999898 277
1712239865919 168.49024899999858 278
1712239876036 168.51192499999888 279
1712239886125 168.5499920000002 280
1712239896233 169.9466769999999 281
1712239906345 172.25404100000014 282
1712239916436 175.7534889999988 283
1712239926531 184.81473499999993 284
1712239936615 195.26463499999954 285
1712239946699 199.59881699999823 286
1712239956808 202.27153800000087 287
1712239966900 203.91466799999762 288
1712239976984 207.43125599999985 289
1712239987072 209.16837699999815 290
1712239997166 211.86706299999787 291
1712240007266 213.87238699999943 292
1712240017357 214.18176799999856 293
1712240027460 214.47581899999932 294
1712240037559 214.77295199999935 295
1712240047659 215.06826499999806 296
1712240057754 215.38138600000093 297
1712240067839 215.6816489999983 298
1712240077920 215.9739069999996 299
1712240088027 216.26673899999878 300
1712240098127 216.5464609999981 301
1712240108221 216.8294679999999 302
1712240118324 217.11579699999857 303
1712240128416 217.42360800000097 304
1712240138521 217.70930299999964 305
1712240148620 217.9992889999994 306
1712240158702 218.28601899999921 307
1712240168789 218.5709089999982 308
1712240178879 218.8835599999984 309
1712240188964 219.1756979999991 310
1712240199064 219.47099700000035 311
1712240209174 219.77957699999752 312
1712240219262 220.08559199999945 313
1712240229353 221.79767599999832 314
1712240239441 223.09954699999798 315
1712240249551 223.107895000001 316
1712240259611 223.12739800000054 317
1712240269690 223.29143900000054 318
1712240279723 223.32322999999815 319
1712240289766 223.3378219999977 320
1712240299884 223.3630200000007 321
1712240309988 223.3786340000006 322
1712240320084 223.38793199999782 323
1712240330170 225.7181849999979 324
1712240340266 228.18137299999944 325
1712240350351 228.84891799999968 326
1712240360452 229.68427499999962 327
1712240370539 230.15478599999915 328
1712240380641 230.91042899999957 329
1712240390735 231.59286299999803 330
1712240400822 232.1635189999979 331
1712240410928 233.14646300000095 332
1712240421035 239.22523999999976 333
1712240431120 245.7080500000011 334
1712240441213 247.7844729999997 335
1712240451301 250.03094599999895 336
1712240461396 252.4090589999978 337
1712240471509 254.66655399999945 338
1712240481602 256.7220190000007 339
1712240491695 258.5736089999991 340
1712240501789 258.91849100000036 341
1712240511899 258.93657299999904 342
1712240521983 258.9502339999999 343
1712240532076 258.9629989999994 344
1712240542173 258.9892980000004 345
1712240552269 259.0060059999996 346
1712240562360 259.0111959999995 347
1712240572471 259.02230599999893 348
1712240582571 265.4579989999984 349
1712240592685 267.0013030000009 350
1712240602780 269.29826599999797 351
1712240612867 279.0083109999978 352
1712240622977 279.0484350000006 353
1712240633078 283.86199399999896 354
1712240643177 289.8329080000003 355
1712240653275 289.83527999999933 356
1712240663369 289.84443699999974 357
1712240673466 289.8719119999987 358
1712240683551 289.8770519999998 359
1712240693650 289.8980649999976 360
1712240703753 289.89896099999896 361
1712240713866 289.9006899999986 362
1712240723976 290.32938699999795 363
1712240734066 296.3603089999997 364
1712240744161 302.1644059999999 365
1712240754251 303.8592929999977 366
1712240764367 306.1736170000004 367
1712240774451 311.6131810000006 368
1712240784560 324.843918999999 369
1712240794658 331.8453819999995 370
1712240804754 331.8520979999994 371
1712240814842 340.8073069999991 372
1712240824937 346.448511999999 373
1712240835030 347.9834609999998 374
1712240845130 347.9868719999977 375
1712240855212 348.64929199999824 376
1712240865322 348.65184099999897 377
1712240875412 349.25670199999877 378
1712240885511 359.61734499999875 379
1712240895610 364.43696799999816 380
1712240905719 364.44906699999774 381
1712240915816 364.4578099999999 382
1712240925916 364.5177049999984 383
1712240936005 377.1955549999984 384
1712240946096 386.76826399999845 385
1712240956189 390.533618999998 386
1712240966280 392.13092499999766 387
1712240976377 393.2058199999992 388
1712240986469 394.55126799999925 389
1712240996587 395.6491669999996 390
1712241006692 396.6874069999976 391
1712241016781 397.5664429999997 392
1712241026874 398.1295030000001 393
1712241036973 398.15232900000046 394
1712241047074 398.15996000000086 395
1712241057170 398.6445390000008 396
1712241067272 406.3209179999976 397
1712241077363 406.37134499999956 398
1712241087469 406.3789450000004 399
1712241097571 406.38263200000074 400
1712241107676 406.38759500000015 401
1712241117779 406.40132000000085 402
1712241127885 406.41162500000064 403
1712241137999 406.41628299999866 404
1712241148092 406.4187669999992 405
1712241158192 406.42822199999864 406
1712241168291 406.4385079999993 407
1712241178393 406.4419080000007 408
1712241188502 406.4532829999989 409
1712241198612 406.57840999999826 410
1712241208710 407.5616320000008 411
1712241218814 414.6567049999976 412
1712241228908 425.59555199999886 413
1712241239001 426.71613199999774 414
1712241249100 428.38311500000054 415
1712241259203 429.90669799999887 416
1712241269311 430.8427279999996 417
1712241279430 431.877196999998 418
1712241289526 437.48502499999813 419
1712241299623 444.4892949999994 420
1712241309730 446.19585799999913 421
1712241319842 447.1894969999994 422
1712241329996 448.16203400000086 423
1712241340118 449.20328599999993 424
1712241350241 449.7492639999982 425
1712241360354 449.75296199999866 426
1712241370471 449.7609960000009 427
1712241380581 449.7670819999985 428
1712241390687 449.7831899999983 429
1712241400801 449.79692799999975 430
1712241410902 449.8046269999977 431
1712241421020 449.8104349999994 432
1712241431115 449.811862999999 433
1712241441206 453.63956099999996 434
1712241451295 468.5086080000001 435
1712241461402 477.23708500000066 436
1712241471502 479.0225969999992 437
1712241481540 480.161118 438
1712241491579 481.34093799999755 439
1712241501704 482.774308 440
1712241511803 491.2467949999991 441
1712241521912 504.1976570000006 442
1712241532030 507.73685099999784 443
1712241542128 511.8477639999983 444
1712241552238 515.1607279999989 445
1712241562340 522.9904569999999 446
1712241572434 531.6213559999997 447
1712241582548 537.164421999998 448
1712241592639 538.4160379999994 449
1712241602723 539.5340719999986 450
1712241612813 540.5496409999978 451
1712241622912 549.1063839999988 452
1712241633021 556.1459759999998 453
1712241643118 558.1643349999977 454
1712241653225 559.9989429999987 455
1712241663349 562.160315000001 456
1712241673432 564.2916079999995 457
1712241683527 566.0481550000004 458
1712241693631 567.8406969999996 459
1712241703718 568.7030979999981 460
1712241713828 570.0171059999993 461
1712241723926 571.538023000001 462
1712241734033 574.0443830000004 463
1712241744127 579.4634789999982 464
1712241754226 585.2033110000011 465
1712241764312 587.8639739999999 466
1712241774406 588.8110019999986 467
1712241784510 589.7220309999975 468
1712241794596 590.566856999998 469
1712241804696 591.5211309999977 470
1712241814783 592.9386679999989 471
1712241824881 593.8529280000002 472
1712241834988 594.204307 473
1712241845088 595.8312839999999 474
1712241855199 597.4995290000006 475
1712241865283 599.2183020000011 476
1712241875366 601.652825000001 477
1712241885459 602.748947 478
1712241895546 603.6032749999977 479
1712241905651 604.4060690000006 480
1712241915753 605.1169929999996 481
1712241925854 605.9390419999982 482
1712241935950 606.7467059999981 483
1712241946036 607.837947 484
1712241956135 608.854930999998 485
1712241966233 609.5959289999992 486
1712241976328 610.3831800000007 487
1712241986412 611.8567770000009 488
1712241996503 613.1208249999981 489
1712242006600 614.1989319999993 490
1712242016704 615.0576959999999 491
1712242027366 623.1822609999981 492
1712242037474 630.3355019999981 493
1712242047576 636.0796589999991 494
1712242057681 638.371694999998 495
1712242067809 640.3354809999983 496
1712242077911 642.3934899999986 497
1712242088015 644.134654999998 498
1712242098115 646.2324129999979 499
1712242108224 657.0022309999986 500
1712242118327 667.432757999999 501
1712242128431 668.5890450000006 502
1712242138531 670.8563780000004 503
1712242148638 680.074872000001 504
1712242158742 687.0551200000009 505
1712242168837 689.1495299999988 506
1712242178946 690.3879689999994 507
1712242189055 691.3081270000002 508
1712242199158 692.298562 509
1712242209275 694.5797329999987 510
1712242219372 696.3168909999986 511
1712242229475 697.6450399999994 512
1712242239577 698.9155409999985 513
1712242249682 699.8165069999995 514
1712242259795 700.9676780000009 515
1712242269913 702.118316 516
1712242280009 703.2315280000003 517
1712242290111 704.6389649999983 518
1712242300217 706.0469080000003 519
1712242310313 707.2826109999987 520
1712242320435 708.4076129999994 521
1712242330536 710.1159669999979 522
1712242340638 711.3878269999987 523
1712242350752 719.4741209999993 524
1712242360859 723.6466279999986 525
1712242370958 732.5964359999998 526
1712242381058 734.2997389999982 527
1712242391182 734.3109989999975 528
1712242401329 739.1031320000002 529
1712242411462 739.1177050000006 530
1712242421604 739.354800000001 531
1712242431713 741.8799579999977 532
1712242441764 741.8805769999999 533
1712242451903 742.2504929999996 534
1712242462049 742.4943749999984 535
1712242472169 742.683939999999 536
1712242482280 743.276629 537
1712242492436 743.4939620000005 538
1712242502537 743.6952789999996 539
1712242512668 748.9320659999976 540
1712242522790 755.0280480000001 541
1712242532915 755.2549689999978 542
1712242543019 755.6298009999991 543
1712242553130 755.778201000001 544
1712242563258 755.9389159999992 545
1712242573375 756.0204649999978 546
1712242583530 756.1095559999994 547
1712242593669 756.2099589999998 548
1712242603808 756.7786919999999 549
1712242613964 757.5231619999977 550
1712242624125 758.3578639999978 551
1712242634264 758.5321799999983 552
1712242644302 758.709992 553
1712242654477 758.7988519999999 554
1712242664635 758.8643669999983 555
1712242674779 758.9301639999976 556
1712242684931 758.9903789999989 557
1712242695090 759.079991999999 558
1712242705244 759.1738829999995 559
1712242715415 759.3280429999977 560
1712242725578 759.5503790000002 561
1712242735771 759.7402789999978 562
1712242745973 759.8833769999983 563
1712242756131 760.0370619999994 564
1712242766283 760.2154320000009 565
1712242776433 760.383504999998 566
1712242786580 760.5403609999994 567
1712242796718 760.6777189999993 568
1712242807594 760.8179519999976 569
1712242817747 760.9851459999991 570
1712242827891 761.1192249999986 571
1712242838030 761.232129 572
1712242848201 761.370433 573
1712242858360 761.4853599999988 574
1712242868512 761.6024689999977 575
1712242878639 761.7357640000009 576
1712242888758 761.8759480000008 577
1712242898803 761.9543329999979 578
1712242908928 762.0288899999978 579
1712242919060 762.3453079999999 580
1712242929168 762.5571139999993 581
1712242939288 762.7496939999983 582
1712242949391 762.8939309999987 583
1712242959500 763.0389269999978 584
1712242969606 763.2618880000009 585
1712242979708 763.4280319999998 586
1712242989817 763.5765480000009 587
1712242999932 763.7601159999977 588
1712243010044 763.9064049999979 589
1712243020152 764.0447859999986 590
1712243030248 764.1786509999984 591
1712243040361 764.2727269999996 592
1712243050470 764.3976589999984 593
1712243060579 764.5346580000005 594
1712243070710 764.6314480000001 595
1712243080829 764.7277670000003 596
1712243090933 764.8580269999984 597
1712243101048 764.9970939999985 598
1712243111156 765.1066629999987 599
1712243121259 765.2863419999994 600
1712243131398 765.7615609999993 601
1712243141516 765.8414009999979 602
1712243151638 765.9007469999997 603
1712243161761 765.9626879999996 604
1712243171902 766.0258929999982 605
1712243182019 766.0942020000002 606
1712243192158 766.153234999998 607
1712243202272 766.2140650000001 608
1712243212407 767.385295 609
1712243222516 772.5869199999979 610
1712243232640 773.3309509999999 611
1712243242739 773.4155389999978 612
1712243252844 773.5537499999991 613
1712243262954 773.7773429999979 614
1712243273083 773.9040789999999 615
1712243283130 774.0763530000004 616
1712243293257 774.2370940000001 617
1712243303371 774.3061769999986 618
1712243313510 774.4801919999991 619
1712243323623 774.6029769999986 620
1712243333751 774.7559089999995 621
1712243343865 774.9052539999975 622
1712243353984 774.9776290000009 623
1712243364093 775.0526619999982 624
1712243374212 775.1282619999984 625
1712243384344 775.3345359999985 626
1712243394468 775.5597630000011 627
1712243404582 775.7132959999981 628
1712243414710 775.7531539999982 629
1712243424818 775.9642710000007 630
1712243434944 776.1080949999996 631
1712243445062 776.1482619999988 632
1712243455182 776.2668749999975 633
1712243465288 776.3659120000011 634
1712243475427 776.5034850000011 635
1712243485530 776.6422050000001 636
1712243495650 776.7244910000009 637
1712243505784 777.171921000001 638
1712243515892 777.436912000001 639
1712243526004 777.6550509999979 640
1712243536120 777.8832199999997 641
1712243546268 778.0698779999984 642
1712243556403 778.4689479999979 643
1712243566525 778.7558539999991 644
1712243576664 778.9503369999984 645
1712243586816 779.1602299999977 646
1712243596975 779.3025899999993 647
1712243607100 779.4938849999999 648
1712243617241 779.751314000001 649
1712243627371 779.9263959999989 650
1712243637501 780.1358020000007 651
1712243647620 780.3043579999976 652
1712243657754 780.4740649999985 653
1712243667882 780.6467349999984 654
1712243678018 780.850054999999 655
1712243688162 781.0289879999982 656
1712243698307 781.2206210000004 657
1712243708429 781.5145869999978 658
1712243718537 781.6943379999975 659
1712243728677 781.9125710000008 660
1712243738797 782.077029 661
1712243748931 782.2910940000002 662
1712243759042 782.5318819999993 663
1712243769180 782.7146360000006 664
1712243779305 782.8986919999988 665
1712243789417 783.0672349999986 666
1712243799543 783.2423789999993 667
1712243809658 783.3639120000007 668
1712243819780 783.4745419999999 669
1712243829938 783.6449659999998 670
1712243840070 783.8953220000003 671
1712243850192 784.1385459999983 672
1712243860309 784.3030749999998 673
1712243870418 784.5041349999992 674
1712243880539 784.7792509999999 675
1712243890650 784.9646670000002 676
1712243900771 785.1909569999989 677
1712243910900 785.3693949999979 678
1712243921039 785.5501089999998 679
1712243931182 785.7062349999978 680
1712243941308 785.8657070000008 681
1712243951427 785.9627599999985 682
1712243961487 786.0565370000004 683
1712243971612 786.2019039999977 684
1712243981743 786.3739079999978 685
1712243991866 786.5401989999991 686
1712244001983 786.7926259999986 687
1712244012101 786.9994359999982 688
1712244022211 787.1801159999995 689
1712244032318 787.3894479999981 690
1712244042420 787.5693289999981 691
1712244052533 787.7591169999978 692
1712244062635 787.9397519999984 693
1712244072757 788.1350189999976 694
1712244082856 788.2602449999977 695
1712244092965 788.431367000001 696
1712244103072 788.5942460000006 697
1712244113168 788.764475 698
1712244123295 788.9313359999978 699
1712244133414 789.1182509999999 700
1712244143536 789.2912340000003 701
1712244153647 789.5376849999993 702
1712244163770 789.703845 703
1712244173889 789.8653239999985 704
1712244184250 790.0209099999993 705
1712244194389 790.2668009999979 706
1712244204526 790.4333809999989 707
1712244214666 790.6143609999999 708
1712244224793 790.7346969999999 709
1712244234930 790.9266590000007 710
1712244245119 791.0396860000001 711
1712244255246 791.141843999998 712
1712244265387 791.2492639999982 713
1712244275507 791.366575 714
1712244285653 791.477433 715
1712244295797 791.6207499999982 716
1712244305917 791.9242889999987 717
1712244316046 792.1130679999987 718
1712244326167 792.2951360000006 719
1712244336292 792.5031920000001 720
1712244346409 792.6408579999988 721
1712244356521 792.8151929999985 722
1712244366647 793.0045480000008 723
1712244376752 793.1918359999981 724
1712244386861 793.3697719999982 725
1712244396956 793.5489280000002 726
1712244407062 793.6982480000006 727
1712244417183 793.8292049999982 728
1712244427274 793.983232999999 729
1712244437368 794.1794349999982 730
1712244447476 794.3237349999981 731
1712244457583 794.4756269999998 732
1712244467680 794.6486010000008 733
1712244477794 794.7607729999982 734
