1712237060592 0.005645999997796025 0
1712237070632 0.11487599999964004 1
1712237080662 0.1486399999994319 2
1712237090987 0.19035299999814015 3
1712237101018 0.25442499999917345 4
1712237111097 0.40516999999817926 5
1712237121164 0.4659819999978936 6
1712237131240 6.960431999999855 7
1712237141274 11.77956500000073 8
1712237151353 11.848879999997735 9
1712237161430 11.920717999997578 10
1712237171463 11.98960299999817 11
1712237181560 12.562859999998182 12
1712237191601 14.552425999998377 13
1712237201647 17.051477999997587 14
1712237211757 19.258084999997664 15
1712237221798 19.338329999998678 16
1712237231825 19.376890999999887 17
1712237241904 19.469657999998162 18
1712237251943 19.540343000000576 19
1712237262011 19.6164260000005 20
1712237272082 19.694006999998237 21
1712237282157 20.04390499999863 22
1712237292258 20.200480999999854 23
1712237302340 20.278909000000567 24
1712237312384 20.32151800000065 25
1712237322410 20.36041800000021 26
1712237332498 20.443436999998085 27
1712237342531 20.47964199999842 28
1712237352557 20.534757999997964 29
1712237362629 20.62406899999769 30
1712237372721 20.66168099999777 31
1712237382809 24.96398599999884 32
1712237392876 34.435342999997374 33
1712237402906 40.4509020000005 34
1712237412985 40.53141300000061 35
1712237423063 42.48849599999812 36
1712237433131 42.62206999999762 37
1712237443195 42.7543540000006 38
1712237453272 44.96514399999796 39
1712237463350 47.87801799999943 40
1712237473439 50.58496599999853 41
1712237483518 50.6744319999998 42
1712237493598 50.768355000000156 43
1712237503680 50.81240799999796 44
1712237513764 50.84178999999858 45
1712237523833 50.86392999999953 46
1712237533915 50.88756799999828 47
1712237543991 50.92106000000058 48
1712237554068 50.94111399999747 49
1712237564148 50.987842999998975 50
1712237574222 51.04780000000028 51
1712237584313 51.06697300000087 52
1712237594395 51.08679999999731 53
1712237604444 51.11550899999929 54
1712237614566 52.550992000000406 55
1712237624659 53.46135399999912 56
1712237634745 57.25035099999877 57
1712237644822 64.45486600000004 58
1712237654892 64.49559399999998 59
1712237664976 65.09499599999981 60
1712237675077 69.65773799999806 61
1712237685168 79.37989200000084 62
1712237695255 80.90856599999825 63
1712237705352 80.94010499999786 64
1712237715432 83.33051399999749 65
1712237725527 96.4485480000003 66
1712237735633 101.45889800000077 67
1712237745714 102.76142899999832 68
1712237755804 104.06399099999908 69
1712237765886 105.14111100000082 70
1712237775969 106.2585059999983 71
1712237786050 107.31283500000063 72
1712237796141 108.53391700000066 73
1712237806241 108.87543599999844 74
1712237816345 108.93996300000072 75
1712237826425 108.96279900000081 76
1712237836505 109.09042599999884 77
1712237846580 116.34724099999949 78
1712237856665 117.26971499999854 79
1712237866705 117.34252199999901 80
1712237876794 117.45990600000005 81
1712237886873 119.6698350000006 82
1712237896958 120.90219799999977 83
1712237907046 130.90591399999903 84
1712237917168 138.60976300000038 85
1712237927246 138.6213609999977 86
1712237937344 138.63910199999737 87
1712237947427 138.65048000000024 88
1712237957525 138.7027820000003 89
1712237967601 138.73060299999997 90
1712237977715 138.7943099999975 91
1712237987824 138.80534999999873 92
1712237997922 138.82424199999878 93
1712238008001 138.83974899999885 94
1712238018077 138.8663090000009 95
1712238028183 138.89338900000075 96
1712238038287 138.93449599999803 97
1712238048384 138.95150300000023 98
1712238058480 138.9849069999982 99
1712238068575 139.0017889999981 100
1712238078667 139.03123399999822 101
1712238088746 139.10898499999894 102
1712238098842 139.14838400000008 103
1712238108924 139.17236299999786 104
1712238119010 139.19187099999908 105
1712238129105 139.20960099999866 106
1712238139189 139.22418099999777 107
1712238149296 139.26341499999762 108
1712238159383 139.29486199999883 109
1712238169476 139.3323359999995 110
1712238179567 139.35240799999883 111
1712238189665 139.3651639999989 112
1712238199756 139.3798829999978 113
1712238209851 139.39927299999908 114
1712238219940 139.43172499999855 115
1712238230032 139.47188599999936 116
1712238240114 139.4978259999989 117
1712238250213 139.51778999999806 118
1712238260295 139.53281799999968 119
1712238270394 139.5539319999989 120
1712238280501 139.5766760000006 121
1712238290624 139.60679399999935 122
1712238300818 139.62236399999892 123
1712238310928 139.64488399999755 124
1712238321015 139.66328499999872 125
1712238331113 139.68667300000016 126
1712238341222 139.71203500000047 127
1712238351307 139.7506919999978 128
1712238361395 139.7727649999979 129
1712238371508 139.7996149999999 130
1712238381597 139.8201509999999 131
1712238391683 139.83742200000052 132
1712238401781 139.86130599999888 133
1712238411878 139.8945359999998 134
1712238421976 139.9210009999988 135
1712238432056 139.94096799999897 136
1712238442154 139.95806299999822 137
1712238452249 139.98766899999828 138
1712238462351 140.0129390000002 139
1712238472380 140.0448120000001 140
1712238482493 140.1052579999996 141
1712238492623 140.1210949999986 142
1712238502717 140.1373769999991 143
1712238512830 140.15590999999768 144
1712238522949 140.17629099999976 145
1712238533042 140.19749899999806 146
1712238543185 140.26346399999966 147
1712238553429 142.3810420000009 148
1712238563538 143.66019199999937 149
1712238573637 143.7753249999987 150
1712238583773 143.83513599999787 151
1712238593876 143.88514700000087 152
1712238603979 144.48355399999855 153
1712238614091 144.50877000000037 154
1712238624196 144.52645399999892 155
1712238634298 144.54305699999895 156
1712238644397 144.56995800000004 157
1712238654507 144.64587599999868 158
1712238664616 144.67502199999944 159
1712238674735 144.70361599999887 160
1712238684781 145.7836959999986 161
1712238694830 146.02344099999755 162
1712238704935 146.05218400000012 163
1712238715027 146.0901840000006 164
1712238725064 146.11345000000074 165
1712238735176 146.15723799999978 166
1712238745296 146.2347289999998 167
1712238755402 146.3033460000006 168
1712238765519 146.3619469999976 169
1712238775624 146.38954000000012 170
1712238785728 146.4155839999985 171
1712238795842 146.43417299999783 172
1712238805955 146.47523699999874 173
1712238816065 146.5380409999998 174
1712238826166 146.56640300000072 175
1712238836276 146.59217999999964 176
1712238846387 146.6303509999998 177
1712238856496 147.40209999999934 178
1712238866546 147.46565700000065 179
1712238876659 148.4463109999997 180
1712238886751 148.9994599999991 181
1712238896850 149.04714799999783 182
1712238906942 149.09576200000083 183
1712238917039 149.12285200000042 184
1712238927141 149.154853 185
1712238937253 149.19572100000005 186
1712238947377 149.21400699999867 187
1712238957460 149.29205000000002 188
1712238967550 149.30824399999983 189
1712238977644 149.32259599999816 190
1712238987734 149.3424019999984 191
1712238997832 149.35422199999812 192
1712239007938 149.3724399999992 193
1712239018026 149.4006499999996 194
1712239028138 149.41767999999865 195
1712239038232 149.438983 196
1712239048328 149.46975200000088 197
1712239058426 149.49695599999905 198
1712239068528 149.52891299999828 199
1712239078640 149.55037399999856 200
1712239088744 149.57441199999812 201
1712239098864 149.59383999999773 202
1712239108972 149.61153099999865 203
1712239119098 149.62447699999757 204
1712239129222 149.65943799999877 205
1712239139340 149.6819230000001 206
1712239149425 149.69786499999827 207
1712239159513 149.78285099999994 208
1712239169605 149.79767699999866 209
1712239179705 149.85510799999975 210
1712239189795 149.87792799999806 211
1712239199899 149.90068299999984 212
1712239209988 149.91815599999973 213
1712239220080 149.9345460000004 214
1712239230155 149.95400700000027 215
1712239240255 149.96599299999798 216
1712239250340 149.988566 217
1712239260434 150.03362099999867 218
1712239270526 150.0538830000005 219
1712239280627 150.07730000000083 220
1712239290716 150.10746799999833 221
1712239300800 150.12894199999937 222
1712239310890 150.14280099999814 223
1712239320980 150.15927899999951 224
1712239331082 150.17861099999936 225
1712239341175 150.31258199999866 226
1712239351262 152.05176799999754 227
1712239361342 152.40174599999955 228
1712239371425 152.75697199999922 229
1712239381522 153.11300199999823 230
1712239391610 153.53447699999742 231
1712239401688 153.92877600000065 232
1712239411776 154.2731419999982 233
1712239421870 154.65902899999855 234
1712239431978 155.03541699999914 235
1712239442067 155.50929700000052 236
1712239452161 156.0829909999993 237
1712239462257 156.5932619999985 238
1712239472359 157.03737399999955 239
1712239482448 157.3535379999994 240
1712239492531 157.71161799999754 241
1712239502628 158.13121899999896 242
1712239512716 158.5833679999996 243
1712239522811 158.96011100000032 244
1712239532893 159.38991899999746 245
1712239542975 159.81097699999737 246
1712239553067 160.23123699999996 247
1712239563159 160.6227059999983 248
1712239573241 161.008679999999 249
1712239583330 161.33550299999843 250
1712239593421 161.68602800000008 251
1712239603504 162.08921899999768 252
1712239613598 162.4388889999973 253
1712239623693 162.7866240000003 254
1712239633799 163.2545089999985 255
1712239643888 163.7661850000004 256
1712239653987 164.19413599999825 257
1712239664091 164.67681900000025 258
1712239674181 165.20537999999942 259
1712239684266 166.1936339999993 260
1712239694320 166.6943339999998 261
1712239704423 167.0330619999986 262
1712239714523 167.38288099999772 263
1712239724606 167.70322300000043 264
1712239734698 168.17251599999872 265
1712239744787 168.58517799999754 266
1712239754894 169.0196909999977 267
1712239764988 170.13399600000048 268
1712239775085 171.84161999999924 269
1712239785171 172.96239799999967 270
1712239795255 175.08045299999867 271
1712239805339 176.14358899999934 272
1712239815456 184.9555029999974 273
1712239825556 184.99265100000048 274
1712239835651 190.76880600000004 275
1712239845738 194.94519600000058 276
1712239855836 195.02149899999858 277
1712239865919 195.0943559999978 278
1712239876036 195.14438899999732 279
1712239886125 195.2090709999975 280
1712239896233 196.62341699999888 281
1712239906345 198.94891300000018 282
1712239916436 202.4774240000006 283
1712239926531 211.55651500000022 284
1712239936615 222.02520599999843 285
1712239946699 226.38188499999887 286
1712239956808 229.07070000000022 287
1712239966900 230.7732819999983 288
1712239976984 234.32506099999955 289
1712239987072 236.15425999999934 290
1712239997166 238.87638499999957 291
1712240007266 240.90611299999728 292
1712240017357 241.24079999999958 293
1712240027460 241.5527239999974 294
1712240037559 241.86966499999835 295
1712240047659 242.20137299999988 296
1712240057754 242.6183349999992 297
1712240067839 242.95234100000016 298
1712240077920 243.42949600000065 299
1712240088027 243.74080499999764 300
1712240098127 244.04289199999766 301
1712240108221 244.3506959999977 302
1712240118324 244.65496599999824 303
1712240128416 244.99682699999903 304
1712240138521 245.29455699999744 305
1712240148620 245.60423499999888 306
1712240158702 245.91978499999823 307
1712240168789 246.22149399999762 308
1712240178879 246.56688799999756 309
1712240188964 246.8818480000009 310
1712240199064 247.18596400000024 311
1712240209174 247.51554499999838 312
1712240219262 247.85433299999931 313
1712240229353 249.60122399999818 314
1712240239441 250.9266179999977 315
1712240249551 250.9541989999998 316
1712240259611 250.97317900000053 317
1712240269690 251.17113400000017 318
1712240279723 251.19628499999817 319
1712240289766 251.24397899999894 320
1712240299884 251.3144969999994 321
1712240309988 251.34648899999956 322
1712240320084 251.37059600000066 323
1712240330170 253.7925099999993 324
1712240340266 256.1979800000008 325
1712240350351 256.8868199999997 326
1712240360452 257.7417380000006 327
1712240370539 258.22852299999795 328
1712240380641 259.0009539999992 329
1712240390735 259.6992509999982 330
1712240400822 260.28500599999825 331
1712240410928 261.2892900000006 332
1712240421035 267.39790599999833 333
1712240431120 273.90582399999766 334
1712240441213 276.00251500000013 335
1712240451301 278.27022999999826 336
1712240461396 280.6766040000002 337
1712240471509 282.9586519999975 338
1712240481602 285.0315410000003 339
1712240491695 286.90430099999867 340
1712240501789 287.26892299999963 341
1712240511899 287.31424499999775 342
1712240521983 287.3453239999981 343
1712240532076 287.37913800000024 344
1712240542173 287.46272599999793 345
1712240552269 287.51504999999815 346
1712240562360 287.5398099999984 347
1712240572471 287.5883329999997 348
1712240582571 294.0624289999978 349
1712240592685 295.65621499999907 350
1712240602780 297.98288599999796 351
1712240612867 307.72294200000033 352
1712240622977 307.7895759999992 353
1712240633078 312.6278119999988 354
1712240643177 318.6218079999999 355
1712240653275 318.64655499999935 356
1712240663369 318.6798329999983 357
1712240673466 318.72710299999744 358
1712240683551 318.7544089999974 359
1712240693650 318.8103719999999 360
1712240703753 318.83030999999755 361
1712240713866 318.8487189999978 362
1712240723976 319.2995869999977 363
1712240734066 325.3445079999983 364
1712240744161 331.1678690000008 365
1712240754251 332.89257299999736 366
1712240764367 335.2212670000008 367
1712240774451 340.6779690000003 368
1712240784560 353.92309899999964 369
1712240794658 360.93970400000035 370
1712240804754 360.968238999998 371
1712240814842 369.9427509999987 372
1712240824937 375.5990619999975 373
1712240835030 377.1488329999993 374
1712240845130 377.186905999999 375
1712240855212 377.8815020000002 376
1712240865322 377.90018000000055 377
1712240875412 378.53006900000037 378
1712240885511 388.9047439999995 379
1712240895610 393.7407209999983 380
1712240905719 393.7752999999975 381
1712240915816 393.8035940000009 382
1712240925916 393.88140700000076 383
1712240936005 406.5725409999977 384
1712240946096 416.1764289999992 385
1712240956189 419.96489999999903 386
1712240966280 421.57818000000043 387
1712240976377 422.66739400000006 388
1712240986469 424.0451839999987 389
1712240996587 425.1648959999984 390
1712241006692 426.21467199999825 391
1712241016781 427.12032199999885 392
1712241026874 427.71901199999775 393
1712241036973 427.75787499999933 394
1712241047074 427.7825269999994 395
1712241057170 428.3324489999977 396
1712241067272 436.03324299999804 397
1712241077363 436.0967879999989 398
1712241087469 436.1240509999989 399
1712241097571 436.15448099999776 400
1712241107676 436.17832599999747 401
1712241117779 436.2041599999975 402
1712241127885 436.23143300000083 403
1712241137999 436.25208199999906 404
1712241148092 436.27175999999963 405
1712241158192 436.2942019999973 406
1712241168291 436.3327160000008 407
1712241178393 436.3559380000006 408
1712241188502 436.39610999999786 409
1712241198612 436.54234299999735 410
1712241208710 437.53970800000025 411
1712241218814 444.640747999998 412
1712241228908 455.594764999998 413
1712241239001 456.72796299999754 414
1712241249100 458.40520299999844 415
1712241259203 459.96696099999826 416
1712241269311 460.93386699999974 417
1712241279430 461.9921009999998 418
1712241289526 467.6210949999986 419
1712241299623 474.6601389999996 420
1712241309730 476.37916100000075 421
1712241319842 477.39595499999996 422
1712241329996 478.3982479999977 423
1712241340118 479.44952999999805 424
1712241350241 480.01503899999807 425
1712241360354 480.03751199999897 426
1712241370471 480.05416999999943 427
1712241380581 480.089426999999 428
1712241390687 480.1286419999997 429
1712241400801 480.1713380000001 430
1712241410902 480.1985590000004 431
1712241421020 480.2328529999977 432
1712241431115 480.2562419999995 433
1712241441206 484.0966379999991 434
1712241451295 498.9789579999997 435
1712241461402 507.7192309999991 436
1712241471502 509.5435890000008 437
1712241481540 510.6934419999998 438
1712241491579 511.8955769999993 439
1712241501704 513.3523739999982 440
1712241511803 521.8678929999987 441
1712241521912 534.8087589999996 442
1712241532030 538.3596039999975 443
1712241542128 542.4934199999989 444
1712241552238 545.8205009999983 445
1712241562340 553.6647859999975 446
1712241572434 562.4784749999999 447
1712241582548 567.8601949999975 448
1712241592639 569.1243209999993 449
1712241602723 570.2608660000005 450
1712241612813 571.3100459999987 451
1712241622912 579.9611079999995 452
1712241633021 586.9521359999999 453
1712241643118 588.9899469999982 454
1712241653225 590.8543239999999 455
1712241663349 593.0458809999982 456
1712241673432 595.1959519999982 457
1712241683527 596.9787489999981 458
1712241693631 598.7975960000003 459
1712241703718 599.671918 460
1712241713828 601.0027950000003 461
1712241723926 602.539546 462
1712241734033 605.074525 463
1712241744127 610.5347739999997 464
1712241754226 616.3003480000007 465
1712241764312 618.9859639999995 466
1712241774406 619.975602999999 467
1712241784510 620.925765 468
1712241794596 621.7937469999997 469
1712241804696 622.7743689999988 470
1712241814783 624.224503999998 471
1712241824881 625.1518140000007 472
1712241834988 625.519812999999 473
1712241845088 627.1664400000009 474
1712241855199 628.8635819999981 475
1712241865283 630.6391860000003 476
1712241875366 633.0776110000006 477
1712241885459 634.1967870000008 478
1712241895546 635.0810710000005 479
1712241905651 635.9095400000006 480
1712241915753 636.6496149999984 481
1712241925854 637.5012229999993 482
1712241935950 638.3328999999976 483
1712241946036 639.4351719999977 484
1712241956135 640.4827530000002 485
1712241966233 641.2397079999973 486
1712241976328 642.0697959999998 487
1712241986412 643.5685769999982 488
1712241996503 644.8486009999979 489
1712242006600 645.9574169999978 490
1712242016704 646.8401830000003 491
1712242027366 654.9898319999993 492
1712242037474 662.1648150000001 493
1712242047576 667.9324290000004 494
1712242057681 670.2463260000004 495
1712242067809 672.2308869999979 496
1712242077911 674.3139109999975 497
1712242088015 676.0826669999988 498
1712242098115 678.2096519999977 499
1712242108224 688.9929909999992 500
1712242118327 699.438431999999 501
1712242128431 700.6585159999995 502
1712242138531 702.902607 503
1712242148638 712.1711199999991 504
1712242158742 719.143877999999 505
1712242168837 721.2589630000002 506
1712242178946 722.5094150000004 507
1712242189055 723.4467980000009 508
1712242199158 724.4537979999986 509
1712242209275 726.7476370000004 510
1712242219372 728.4981549999975 511
1712242229475 729.8460879999984 512
1712242239577 731.126268 513
1712242249682 732.0374429999974 514
1712242259795 733.2203740000004 515
1712242269913 734.3849709999995 516
1712242280009 735.516083999999 517
1712242290111 736.9427529999994 518
1712242300217 738.3827129999991 519
1712242310313 739.6334519999982 520
1712242320435 740.7833839999985 521
1712242330536 742.5216939999991 522
1712242340638 743.8251949999976 523
1712242350752 751.945155999998 524
1712242360859 756.1306179999992 525
1712242370958 765.102175 526
1712242381058 766.8335039999984 527
1712242391182 766.8618629999983 528
1712242401329 771.6735939999999 529
1712242411462 771.7021609999974 530
1712242421604 771.952018 531
1712242431713 774.4862030000004 532
1712242441764 774.4966690000001 533
1712242451903 776.4223219999985 534
1712242462049 780.5656959999978 535
1712242472169 784.6396319999985 536
1712242482280 788.0739539999995 537
1712242492436 792.0125840000001 538
1712242502537 793.6084950000004 539
1712242512668 802.4585899999984 540
1712242522790 811.4979669999993 541
1712242532915 813.6709129999981 542
1712242543019 819.315885 543
1712242553130 823.5968649999995 544
1712242563258 827.4413009999989 545
1712242573375 830.6667659999985 546
1712242583530 833.3236199999992 547
1712242593669 836.1007329999993 548
1712242603808 837.5642860000007 549
1712242613964 839.0655369999986 550
1712242624125 840.5955809999978 551
1712242634264 841.4464689999986 552
1712242644302 842.3274089999977 553
1712242654477 842.5384489999997 554
1712242664635 842.613229999999 555
1712242674779 842.7035589999978 556
1712242684931 842.7757259999998 557
1712242695090 842.8795539999992 558
1712242705244 842.9954929999985 559
1712242715415 843.1644209999977 560
1712242725578 845.1134409999977 561
1712242735771 846.4583299999977 562
1712242745973 847.6529899999987 563
1712242756131 848.364924999998 564
1712242766283 849.9031799999975 565
1712242776433 851.1154709999973 566
1712242786580 852.2204710000005 567
1712242796718 853.3414459999985 568
1712242807594 854.2767789999998 569
1712242817747 854.6237379999984 570
1712242827891 854.7866269999977 571
1712242838030 854.9355409999989 572
1712242848201 855.1021579999979 573
1712242858360 855.2439059999997 574
1712242868512 855.3757829999995 575
1712242878639 855.5244299999977 576
1712242888758 855.680296999999 577
1712242898803 855.7890589999988 578
1712242908928 855.8720790000007 579
1712242919060 859.8038390000002 580
1712242929168 861.1214419999997 581
1712242939288 863.1952319999982 582
1712242949391 865.1142450000007 583
1712242959500 866.2090759999992 584
1712242969606 868.3808299999982 585
1712242979708 870.1954559999976 586
1712242989817 871.3778820000007 587
1712242999932 873.4517830000004 588
1712243010044 874.7378339999996 589
1712243020152 875.435759 590
1712243030248 875.9915849999998 591
1712243040361 876.1095590000004 592
1712243050470 876.2653519999985 593
1712243060579 876.4412449999982 594
1712243070710 876.5657260000007 595
1712243080829 876.6755300000004 596
1712243090933 876.825589 597
1712243101048 876.9854659999983 598
1712243111156 877.1074809999991 599
1712243121259 877.3263249999982 600
1712243131398 877.819320999999 601
1712243141516 878.5298909999983 602
1712243151638 879.9237299999986 603
1712243161761 881.9911900000006 604
1712243171902 884.5305999999982 605
1712243182019 886.8000729999985 606
1712243192158 889.383805999998 607
1712243202272 890.4718909999974 608
1712243212407 892.8482879999974 609
1712243222516 899.9605269999993 610
1712243232640 902.4564519999985 611
1712243242739 905.3043939999989 612
1712243252844 908.1298690000003 613
1712243262954 909.3439849999995 614
1712243273083 910.6858309999989 615
1712243283130 913.6550040000002 616
1712243293257 915.3521999999975 617
1712243303371 915.8790459999982 618
1712243313510 917.2548749999987 619
1712243323623 917.8755500000007 620
1712243333751 918.8483930000002 621
1712243343865 919.8082670000003 622
1712243353984 920.0371849999974 623
1712243364093 920.1387689999974 624
1712243374212 920.2265069999994 625
1712243384344 920.4408110000004 626
1712243394468 920.6831249999996 627
1712243404582 920.848872999999 628
1712243414710 920.9017319999984 629
1712243424818 924.3977979999981 630
1712243434944 925.5613479999993 631
1712243445062 926.7718270000005 632
1712243455182 928.2172319999991 633
1712243465288 929.490977999998 634
1712243475427 930.9698349999999 635
1712243485530 932.0994549999996 636
1712243495650 932.1948429999975 637
1712243505784 932.6568549999974 638
1712243515892 932.9496859999999 639
1712243526004 933.1895989999975 640
1712243536120 933.4561639999993 641
1712243546268 933.6584799999982 642
1712243556403 936.4264179999991 643
1712243566525 937.8355759999977 644
1712243576664 939.475488 645
1712243586816 941.9393259999997 646
1712243596975 943.1743089999982 647
1712243607100 944.6426219999994 648
1712243617241 946.5026780000007 649
1712243627371 947.8413479999981 650
1712243637501 948.0617329999986 651
1712243647620 948.2452499999999 652
1712243657754 948.4954049999978 653
1712243667882 948.6892420000004 654
1712243678018 948.9056899999996 655
1712243688162 949.1630589999986 656
1712243698307 949.383808999999 657
1712243708429 952.7607480000006 658
1712243718537 954.3842989999976 659
1712243728677 957.3149200000007 660
1712243738797 959.3249259999975 661
1712243748931 962.0392289999982 662
1712243759042 964.4215999999979 663
1712243769180 965.9107039999981 664
1712243779305 966.1231669999979 665
1712243789417 966.3219769999996 666
1712243799543 966.5370819999989 667
1712243809658 966.6808769999989 668
1712243819780 966.815161999999 669
1712243829938 967.0070159999996 670
1712243840070 968.8391090000005 671
1712243850192 969.7151749999975 672
1712243860309 970.525028 673
1712243870418 971.3441019999991 674
1712243880539 972.1613529999995 675
1712243890650 973.0528099999974 676
1712243900771 974.0058800000006 677
1712243910900 974.2953229999985 678
1712243921039 974.4943319999984 679
1712243931182 974.6674759999987 680
1712243941308 974.8455299999987 681
1712243951427 974.9768729999996 682
1712243961487 975.0935089999984 683
1712243971612 975.5654350000004 684
1712243981743 976.4700190000003 685
1712243991866 977.246149999999 686
1712244001983 978.2871669999986 687
1712244012101 979.0915769999992 688
1712244022211 979.6097320000008 689
1712244032318 980.4464789999984 690
1712244042420 981.4372459999977 691
1712244052533 982.1043639999989 692
1712244062635 982.3618709999973 693
1712244072757 982.5746929999987 694
1712244082856 982.7247429999989 695
1712244092965 982.9066419999981 696
1712244103072 983.0856209999984 697
1712244113168 983.2771519999988 698
1712244123295 983.4586029999991 699
1712244133414 983.6716959999976 700
1712244143536 983.8697260000008 701
1712244153647 984.834605 702
1712244163770 985.5140219999994 703
1712244173889 986.469001999998 704
1712244184250 987.1495079999986 705
1712244194389 987.9863120000009 706
1712244204526 988.7127489999984 707
1712244214666 989.1716329999981 708
1712244224793 989.5679359999995 709
1712244234930 989.7760769999986 710
1712244245119 989.8993809999993 711
1712244255246 990.009786999999 712
1712244265387 990.1549029999987 713
1712244275507 990.286745999998 714
1712244285653 990.4149279999983 715
1712244295797 990.5709160000006 716
1712244305917 992.1631129999987 717
1712244316046 992.8754420000005 718
1712244326167 993.5439149999984 719
1712244336292 994.5155610000002 720
1712244346409 994.9540319999978 721
1712244356521 995.9797780000008 722
1712244366647 996.4511349999993 723
1712244376752 997.1274329999978 724
1712244386861 997.327573999999 725
1712244396956 997.5271599999978 726
1712244407062 997.6840109999976 727
1712244417183 997.8323969999983 728
1712244427274 997.9974789999978 729
1712244437368 998.2079459999986 730
1712244447476 998.3710680000004 731
1712244457583 998.534800999998 732
1712244467680 999.363014999999 733
1712244477794 1000.3786770000006 734
