1712237060592 8646.1 0
1712237070632 12632.4 1
1712237080662 16646.5 2
1712237090987 16673.7 3
1712237101018 15907.4 4
1712237111097 15183.3 5
1712237121164 15993.4 6
1712237131240 15309.1 7
1712237141274 14410.4 8
1712237151353 14739.7 9
1712237161430 14896.5 10
1712237171463 14836.5 11
1712237181560 15954.6 12
1712237191601 15845.2 13
1712237201647 16220.1 14
1712237211757 16283.5 15
1712237221798 16194.6 16
1712237231825 16251.3 17
1712237241904 16226.3 18
1712237251943 16234.6 19
1712237262011 16249.7 20
1712237272082 16258.1 21
1712237282157 16275.3 22
1712237292258 16310.0 23
1712237302340 16354.0 24
1712237312384 16356.3 25
1712237322410 16369.5 26
1712237332498 16374.9 27
1712237342531 16121.3 28
1712237352557 16275.0 29
1712237362629 16110.8 30
1712237372721 16170.0 31
1712237382809 16106.3 32
1712237392876 16131.0 33
1712237402906 16212.0 34
1712237412985 16274.6 35
1712237423063 16318.0 36
1712237433131 15478.6 37
1712237443195 14945.9 38
1712237453272 15045.8 39
1712237463350 15291.0 40
1712237473439 15512.8 41
1712237483518 15408.5 42
1712237493598 15400.2 43
1712237503680 15366.1 44
1712237513764 15386.9 45
1712237523833 15397.7 46
1712237533915 15407.9 47
1712237543991 15414.0 48
1712237554068 15412.2 49
1712237564148 15418.2 50
1712237574222 15426.0 51
1712237584313 15634.8 52
1712237594395 15631.7 53
1712237604444 15608.6 54
1712237614566 16039.2 55
1712237624659 15970.9 56
1712237634745 15883.9 57
1712237644822 15653.2 58
1712237654892 15655.4 59
1712237664976 15667.0 60
1712237675077 15716.8 61
1712237685168 15692.5 62
1712237695255 15695.8 63
1712237705352 15810.2 64
1712237715432 15880.2 65
1712237725527 15848.7 66
1712237735633 14945.4 67
1712237745714 14919.6 68
1712237755804 14985.8 69
1712237765886 14963.1 70
1712237775969 14977.5 71
1712237786050 15033.4 72
1712237796141 15025.3 73
1712237806241 15072.1 74
1712237816345 15121.3 75
1712237826425 15128.5 76
1712237836505 15247.1 77
1712237846580 15497.0 78
1712237856665 15457.6 79
1712237866705 15471.8 80
1712237876794 15750.9 81
1712237886873 15626.4 82
1712237896958 15579.6 83
1712237907046 15484.8 84
1712237917168 15417.4 85
1712237927246 15405.6 86
1712237937344 15417.5 87
1712237947427 15321.3 88
1712237957525 15373.6 89
1712237967601 15349.4 90
1712237977715 15348.8 91
1712237987824 15344.5 92
1712237997922 15359.8 93
1712238008001 15371.2 94
1712238018077 15370.4 95
1712238028183 15368.2 96
1712238038287 15214.7 97
1712238048384 15243.0 98
1712238058480 15159.4 99
1712238068575 15169.3 100
1712238078667 15175.1 101
1712238088746 15339.1 102
1712238098842 15341.3 103
1712238108924 15338.6 104
1712238119010 15351.1 105
1712238129105 14757.7 106
1712238139189 14808.4 107
1712238149296 14954.5 108
1712238159383 15032.6 109
1712238169476 15054.0 110
1712238179567 15058.8 111
1712238189665 15081.7 112
1712238199756 15086.4 113
1712238209851 15094.4 114
1712238219940 15088.8 115
1712238230032 15095.5 116
1712238240114 15091.1 117
1712238250213 15125.3 118
1712238260295 15158.8 119
1712238270394 15136.2 120
1712238280501 15126.6 121
1712238290624 15131.5 122
1712238300818 9400.4 123
1712238310928 10769.5 124
1712238321015 11636.2 125
1712238331113 11653.1 126
1712238341222 11047.5 127
1712238351307 11094.1 128
1712238361395 11088.5 129
1712238371508 11103.6 130
1712238381597 11102.0 131
1712238391683 11103.2 132
1712238401781 11098.6 133
1712238411878 11104.7 134
1712238421976 11105.2 135
1712238432056 11131.2 136
1712238442154 11122.3 137
1712238452249 11124.4 138
1712238462351 11132.8 139
1712238472380 11549.4 140
1712238482493 14031.2 141
1712238492623 16278.2 142
1712238502717 15355.5 143
1712238512830 16530.2 144
1712238522949 14406.8 145
1712238533042 15199.5 146
1712238543185 15485.1 147
1712238553429 16180.0 148
1712238563538 16136.9 149
1712238573637 16223.4 150
1712238583773 16070.8 151
1712238593876 16082.7 152
1712238603979 16137.3 153
1712238614091 16131.8 154
1712238624196 16109.2 155
1712238634298 16096.6 156
1712238644397 16130.2 157
1712238654507 16223.9 158
1712238664616 16234.4 159
1712238674735 16217.8 160
1712238684781 16369.7 161
1712238694830 15819.9 162
1712238704935 15797.4 163
1712238715027 15552.8 164
1712238725064 15586.3 165
1712238735176 15819.6 166
1712238745296 15819.1 167
1712238755402 15839.4 168
1712238765519 15824.6 169
1712238775624 15809.1 170
1712238785728 15816.9 171
1712238795842 15847.0 172
1712238805955 15809.1 173
1712238816065 15810.9 174
1712238826166 15813.5 175
1712238836276 15779.3 176
1712238846387 15830.0 177
1712238856496 15890.7 178
1712238866546 16028.8 179
1712238876659 16273.0 180
1712238886751 16195.5 181
1712238896850 16211.3 182
1712238906942 16187.1 183
1712238917039 16266.6 184
1712238927141 16258.3 185
1712238937253 15414.1 186
1712238947377 14696.9 187
1712238957460 14849.7 188
1712238967550 14860.9 189
1712238977644 14860.4 190
1712238987734 14868.0 191
1712238997832 14868.6 192
1712239007938 14896.9 193
1712239018026 14867.8 194
1712239028138 14867.9 195
1712239038232 14871.6 196
1712239048328 14814.3 197
1712239058426 14775.4 198
1712239068528 14803.2 199
1712239078640 14905.9 200
1712239088744 14780.9 201
1712239098864 14902.7 202
1712239108972 14925.8 203
1712239119098 14902.9 204
1712239129222 14908.6 205
1712239139340 14514.8 206
1712239149425 14588.8 207
1712239159513 14686.1 208
1712239169605 14672.5 209
1712239179705 14672.2 210
1712239189795 14687.8 211
1712239199899 14685.7 212
1712239209988 14690.1 213
1712239220080 14687.1 214
1712239230155 14698.5 215
1712239240255 14633.1 216
1712239250340 14643.1 217
1712239260434 14663.5 218
1712239270526 14674.2 219
1712239280627 14681.3 220
1712239290716 14715.7 221
1712239300800 14703.4 222
1712239310890 14699.8 223
1712239320980 14698.7 224
1712239331082 14710.0 225
1712239341175 14755.7 226
1712239351262 14766.2 227
1712239361342 14754.0 228
1712239371425 14758.2 229
1712239381522 14782.7 230
1712239391610 14782.7 231
1712239401688 14792.5 232
1712239411776 14785.7 233
1712239421870 14786.4 234
1712239431978 14792.2 235
1712239442067 14795.5 236
1712239452161 14827.4 237
1712239462257 14836.3 238
1712239472359 14836.1 239
1712239482448 14832.6 240
1712239492531 14844.6 241
1712239502628 14934.6 242
1712239512716 15042.8 243
1712239522811 15094.7 244
1712239532893 15112.2 245
1712239542975 15108.7 246
1712239553067 15148.7 247
1712239563159 15132.8 248
1712239573241 15093.4 249
1712239583330 15103.1 250
1712239593421 15120.8 251
1712239603504 15116.6 252
1712239613598 15126.3 253
1712239623693 15166.8 254
1712239633799 15513.3 255
1712239643888 15384.2 256
1712239653987 15379.6 257
1712239664091 15400.8 258
1712239674181 15409.9 259
1712239684266 15414.3 260
1712239694320 15409.1 261
1712239704423 7954.5 262
1712239714523 10149.3 263
1712239724606 11801.7 264
1712239734698 11751.5 265
1712239744787 12027.9 266
1712239754894 12062.6 267
1712239764988 12046.8 268
1712239775085 12073.1 269
1712239785171 12023.3 270
1712239795255 12020.1 271
1712239805339 12021.4 272
1712239815456 12045.1 273
1712239825556 12043.9 274
1712239835651 12034.5 275
1712239845738 11549.2 276
1712239855836 11614.3 277
1712239865919 11600.2 278
1712239876036 11609.3 279
1712239886125 11659.6 280
1712239896233 15996.2 281
1712239906345 16728.0 282
1712239916436 16106.6 283
1712239926531 14450.6 284
1712239936615 15181.4 285
1712239946699 15582.2 286
1712239956808 15726.2 287
1712239966900 15831.7 288
1712239976984 15858.8 289
1712239987072 16075.9 290
1712239997166 16088.8 291
1712240007266 16055.5 292
1712240017357 16051.7 293
1712240027460 16070.8 294
1712240037559 15816.4 295
1712240047659 15955.7 296
1712240057754 16080.4 297
1712240067839 16051.6 298
1712240077920 16057.6 299
1712240088027 16056.0 300
1712240098127 16085.1 301
1712240108221 16086.1 302
1712240118324 16101.2 303
1712240128416 16061.1 304
1712240138521 15148.1 305
1712240148620 13927.1 306
1712240158702 13953.7 307
1712240168789 13962.2 308
1712240178879 13972.7 309
1712240188964 13977.6 310
1712240199064 14013.1 311
1712240209174 14017.9 312
1712240219262 14032.9 313
1712240229353 14108.0 314
1712240239441 14541.8 315
1712240249551 14867.8 316
1712240259611 15066.9 317
1712240269690 14754.0 318
1712240279723 14745.6 319
1712240289766 14976.6 320
1712240299884 15405.0 321
1712240309988 15351.0 322
1712240320084 15287.1 323
1712240330170 15302.2 324
1712240340266 15305.8 325
1712240350351 15321.5 326
1712240360452 15325.9 327
1712240370539 15333.9 328
1712240380641 15333.9 329
1712240390735 15336.1 330
1712240400822 15353.7 331
1712240410928 15371.5 332
1712240421035 15360.6 333
1712240431120 15363.7 334
1712240441213 15416.2 335
1712240451301 15380.7 336
1712240461396 15392.0 337
1712240471509 15402.6 338
1712240481602 15390.5 339
1712240491695 15137.1 340
1712240501789 15139.3 341
1712240511899 15114.2 342
1712240521983 15105.7 343
1712240532076 15120.3 344
1712240542173 15230.5 345
1712240552269 15185.8 346
1712240562360 15180.4 347
1712240572471 15132.6 348
1712240582571 15136.2 349
1712240592685 15148.8 350
1712240602780 15143.2 351
1712240612867 15158.3 352
1712240622977 15148.4 353
1712240633078 15153.9 354
1712240643177 15154.1 355
1712240653275 15156.1 356
1712240663369 15156.5 357
1712240673466 15147.9 358
1712240683551 15146.0 359
1712240693650 15148.2 360
1712240703753 15161.4 361
1712240713866 15170.7 362
1712240723976 15185.5 363
1712240734066 15179.3 364
1712240744161 15128.4 365
1712240754251 15181.0 366
1712240764367 15052.5 367
1712240774451 15045.2 368
1712240784560 15055.9 369
1712240794658 15051.8 370
1712240804754 15051.0 371
1712240814842 15059.6 372
1712240824937 15084.7 373
1712240835030 15082.8 374
1712240845130 15083.7 375
1712240855212 15077.9 376
1712240865322 15084.0 377
1712240875412 15089.2 378
1712240885511 15102.9 379
1712240895610 15107.9 380
1712240905719 15111.9 381
1712240915816 15109.9 382
1712240925916 15125.5 383
1712240936005 15118.8 384
1712240946096 15136.2 385
1712240956189 15164.7 386
1712240966280 15152.9 387
1712240976377 15142.1 388
1712240986469 15146.5 389
1712240996587 15151.9 390
1712241006692 15157.8 391
1712241016781 15169.3 392
1712241026874 15162.3 393
1712241036973 15167.2 394
1712241047074 15177.9 395
1712241057170 15195.8 396
1712241067272 15215.8 397
1712241077363 15221.0 398
1712241087469 15212.5 399
1712241097571 15234.1 400
1712241107676 7799.0 401
1712241117779 10018.2 402
1712241127885 11737.1 403
1712241137999 11645.8 404
1712241148092 11654.0 405
1712241158192 11653.5 406
1712241168291 11649.9 407
1712241178393 11653.3 408
1712241188502 11764.3 409
1712241198612 11783.2 410
1712241208710 11775.9 411
1712241218814 11771.4 412
1712241228908 11797.8 413
1712241239001 11796.8 414
1712241249100 11803.4 415
1712241259203 11806.7 416
1712241269311 11769.8 417
1712241279430 12085.5 418
1712241289526 12070.7 419
1712241299623 16360.7 420
1712241309730 15736.4 421
1712241319842 15959.4 422
1712241329996 14301.8 423
1712241340118 14983.5 424
1712241350241 15325.1 425
1712241360354 15610.6 426
1712241370471 15712.4 427
1712241380581 15752.4 428
1712241390687 15772.0 429
1712241400801 15793.3 430
1712241410902 15785.8 431
1712241421020 15824.5 432
1712241431115 15830.7 433
1712241441206 15846.1 434
1712241451295 15859.4 435
1712241461402 15880.8 436
1712241471502 15908.8 437
1712241481540 16085.0 438
1712241491579 16190.7 439
1712241501704 16024.4 440
1712241511803 16041.4 441
1712241521912 15989.1 442
1712241532030 15998.5 443
1712241542128 16010.6 444
1712241552238 16019.3 445
1712241562340 16042.0 446
1712241572434 16041.7 447
1712241582548 16037.2 448
1712241592639 16039.4 449
1712241602723 16045.2 450
1712241612813 16085.1 451
1712241622912 16086.4 452
1712241633021 16085.6 453
1712241643118 16085.0 454
1712241653225 16118.0 455
1712241663349 16012.0 456
1712241673432 16069.3 457
1712241683527 16031.9 458
1712241693631 16032.3 459
1712241703718 16038.1 460
1712241713828 16047.7 461
1712241723926 16055.3 462
1712241734033 16099.3 463
1712241744127 16150.0 464
1712241754226 16118.5 465
1712241764312 16105.6 466
1712241774406 16099.3 467
1712241784510 16108.9 468
1712241794596 16119.1 469
1712241804696 16123.5 470
1712241814783 16127.9 471
1712241824881 16175.8 472
1712241834988 16170.6 473
1712241845088 15920.9 474
1712241855199 16018.4 475
1712241865283 16052.9 476
1712241875366 16058.7 477
1712241885459 16072.6 478
1712241895546 16041.0 479
1712241905651 16055.3 480
1712241915753 16063.5 481
1712241925854 16069.5 482
1712241935950 16068.7 483
1712241946036 14096.9 484
1712241956135 14140.8 485
1712241966233 14129.2 486
1712241976328 14134.1 487
1712241986412 14139.0 488
1712241996503 14152.5 489
1712242006600 14157.5 490
1712242016704 14164.5 491
1712242027366 14178.8 492
1712242037474 14428.4 493
1712242047576 14467.5 494
1712242057681 14463.8 495
1712242067809 14478.1 496
1712242077911 14474.3 497
1712242088015 14566.6 498
1712242098115 14571.6 499
1712242108224 14576.9 500
1712242118327 14572.5 501
1712242128431 14570.6 502
1712242138531 14580.7 503
1712242148638 14558.7 504
1712242158742 14593.0 505
1712242168837 14586.2 506
1712242178946 14575.5 507
1712242189055 14571.1 508
1712242199158 14572.2 509
1712242209275 14587.3 510
1712242219372 14608.6 511
1712242229475 14613.6 512
1712242239577 14614.2 513
1712242249682 14643.5 514
1712242259795 14605.4 515
1712242269913 14625.6 516
1712242280009 14610.5 517
1712242290111 14611.0 518
1712242300217 14604.5 519
1712242310313 14604.2 520
1712242320435 14607.8 521
1712242330536 14653.6 522
1712242340638 14628.5 523
1712242350752 14647.5 524
1712242360859 14640.4 525
1712242370958 14612.7 526
1712242381058 14974.3 527
1712242391182 14924.6 528
1712242401329 14888.9 529
1712242411462 14878.7 530
1712242421604 14789.4 531
1712242431713 14789.0 532
1712242441764 14802.8 533
1712242451903 15729.9 534
1712242462049 16161.1 535
1712242472169 16214.9 536
1712242482280 16019.1 537
1712242492436 15948.4 538
1712242502537 15930.5 539
1712242512668 8276.0 540
1712242522790 10929.6 541
1712242532915 12002.4 542
1712242543019 13323.4 543
1712242553130 13281.2 544
1712242563258 13234.9 545
1712242573375 13025.1 546
1712242583530 13032.5 547
1712242593669 13294.1 548
1712242603808 13086.7 549
1712242613964 13131.4 550
1712242624125 12864.4 551
1712242634264 12835.2 552
1712242644302 12799.3 553
1712242654477 12952.2 554
1712242664635 13032.6 555
1712242674779 12975.9 556
1712242684931 12987.6 557
1712242695090 12950.9 558
1712242705244 15019.3 559
1712242715415 16375.5 560
1712242725578 15689.4 561
1712242735771 16541.0 562
1712242745973 14241.4 563
1712242756131 15274.3 564
1712242766283 15405.2 565
1712242776433 15596.4 566
1712242786580 15666.7 567
1712242796718 15705.4 568
1712242807594 15770.7 569
1712242817747 15931.5 570
1712242827891 15911.1 571
1712242838030 16061.9 572
1712242848201 14061.0 573
1712242858360 14109.8 574
1712242868512 14175.6 575
1712242878639 14217.0 576
1712242888758 14214.5 577
1712242898803 14243.4 578
1712242908928 15067.2 579
1712242919060 15412.8 580
1712242929168 15282.6 581
1712242939288 15255.6 582
1712242949391 15215.7 583
1712242959500 15218.9 584
1712242969606 15240.3 585
1712242979708 15264.6 586
1712242989817 15267.3 587
1712242999932 15305.1 588
1712243010044 15306.4 589
1712243020152 15296.3 590
1712243030248 15314.2 591
1712243040361 15131.1 592
1712243050470 15153.0 593
1712243060579 15175.2 594
1712243070710 15173.0 595
1712243080829 15165.4 596
1712243090933 15187.1 597
1712243101048 15141.2 598
1712243111156 15210.8 599
1712243121259 15272.2 600
1712243131398 15272.3 601
1712243141516 15381.0 602
1712243151638 15213.9 603
1712243161761 15180.4 604
1712243171902 15210.4 605
1712243182019 15161.0 606
1712243192158 15157.5 607
1712243202272 15158.6 608
1712243212407 15164.4 609
1712243222516 15176.5 610
1712243232640 15200.7 611
1712243242739 15202.5 612
1712243252844 15214.3 613
1712243262954 15213.1 614
1712243273083 15374.5 615
1712243283130 15978.2 616
1712243293257 15647.8 617
1712243303371 15673.3 618
1712243313510 15588.0 619
1712243323623 15528.3 620
1712243333751 15543.7 621
1712243343865 15558.4 622
1712243353984 15565.7 623
1712243364093 15616.1 624
1712243374212 15611.4 625
1712243384344 15636.6 626
1712243394468 15662.8 627
1712243404582 15660.5 628
1712243414710 15706.7 629
1712243424818 15867.8 630
1712243434944 15768.0 631
1712243445062 15663.8 632
1712243455182 14968.3 633
1712243465288 14847.7 634
1712243475427 14850.1 635
1712243485530 14821.3 636
1712243495650 14877.4 637
1712243505784 14872.3 638
1712243515892 14896.3 639
1712243526004 14900.6 640
1712243536120 14893.2 641
1712243546268 14937.9 642
1712243556403 15161.2 643
1712243566525 15115.4 644
1712243576664 15078.2 645
1712243586816 15100.9 646
1712243596975 15255.9 647
1712243607100 15241.7 648
1712243617241 15393.5 649
1712243627371 15359.9 650
1712243637501 15357.5 651
1712243647620 15374.5 652
1712243657754 15444.1 653
1712243667882 15413.0 654
1712243678018 15423.2 655
1712243688162 15420.5 656
1712243698307 15453.9 657
1712243708429 15609.8 658
1712243718537 15534.0 659
1712243728677 15408.5 660
1712243738797 15377.1 661
1712243748931 15014.0 662
1712243759042 15027.8 663
1712243769180 15064.1 664
1712243779305 15056.7 665
1712243789417 15058.2 666
1712243799543 15065.7 667
1712243809658 15070.4 668
1712243819780 15087.9 669
1712243829938 15104.5 670
1712243840070 15283.1 671
1712243850192 15273.0 672
1712243860309 15218.6 673
1712243870418 15216.5 674
1712243880539 15187.8 675
1712243890650 15193.1 676
1712243900771 15204.0 677
1712243910900 15212.6 678
1712243921039 15213.6 679
1712243931182 7755.6 680
1712243941308 9385.3 681
1712243951427 11021.7 682
1712243961487 11546.9 683
1712243971612 11848.0 684
1712243981743 11933.4 685
1712243991866 11846.3 686
1712244001983 11909.7 687
1712244012101 11868.8 688
1712244022211 11879.2 689
1712244032318 11939.2 690
1712244042420 11903.4 691
1712244052533 11911.8 692
1712244062635 11937.0 693
1712244072757 11968.8 694
1712244082856 11948.5 695
1712244092965 11957.7 696
1712244103072 11943.8 697
1712244113168 11949.0 698
1712244123295 15420.0 699
1712244133414 16480.2 700
1712244143536 16458.0 701
1712244153647 8610.1 702
1712244163770 7241.0 703
1712244173889 9291.1 704
1712244184250 14953.9 705
1712244194389 16257.1 706
1712244204526 16322.7 707
1712244214666 14529.4 708
1712244224793 14995.6 709
1712244234930 15518.0 710
1712244245119 15778.4 711
1712244255246 15921.0 712
1712244265387 15958.2 713
1712244275507 16221.0 714
1712244285653 16302.9 715
1712244295797 16316.4 716
1712244305917 16434.5 717
1712244316046 16445.4 718
1712244326167 16387.4 719
1712244336292 15982.2 720
1712244346409 16130.6 721
1712244356521 14467.0 722
1712244366647 14472.9 723
1712244376752 14487.6 724
1712244386861 14495.1 725
1712244396956 14552.9 726
1712244407062 14543.8 727
1712244417183 14541.5 728
1712244427274 14560.9 729
1712244437368 14556.4 730
1712244447476 14484.7 731
1712244457583 14551.7 732
1712244467680 14807.3 733
1712244477794 14878.2 734
