1712237060592 51.3 0
1712237070632 74.9 1
1712237080662 98.7 2
1712237090987 98.9 3
1712237101018 94.3 4
1712237111097 90.0 5
1712237121164 94.8 6
1712237131240 90.8 7
1712237141274 85.4 8
1712237151353 87.4 9
1712237161430 88.3 10
1712237171463 88.0 11
1712237181560 94.6 12
1712237191601 93.9 13
1712237201647 96.2 14
1712237211757 96.5 15
1712237221798 96.0 16
1712237231825 96.4 17
1712237241904 96.2 18
1712237251943 96.3 19
1712237262011 96.3 20
1712237272082 96.4 21
1712237282157 96.5 22
1712237292258 96.7 23
1712237302340 97.0 24
1712237312384 97.0 25
1712237322410 97.1 26
1712237332498 97.1 27
1712237342531 95.6 28
1712237352557 96.5 29
1712237362629 95.5 30
1712237372721 95.9 31
1712237382809 95.5 32
1712237392876 95.6 33
1712237402906 96.1 34
1712237412985 96.5 35
1712237423063 96.7 36
1712237433131 91.8 37
1712237443195 88.6 38
1712237453272 89.2 39
1712237463350 90.7 40
1712237473439 92.0 41
1712237483518 91.4 42
1712237493598 91.3 43
1712237503680 91.1 44
1712237513764 91.2 45
1712237523833 91.3 46
1712237533915 91.4 47
1712237543991 91.4 48
1712237554068 91.4 49
1712237564148 91.4 50
1712237574222 91.5 51
1712237584313 92.7 52
1712237594395 92.7 53
1712237604444 92.5 54
1712237614566 95.1 55
1712237624659 94.7 56
1712237634745 94.2 57
1712237644822 92.8 58
1712237654892 92.8 59
1712237664976 92.9 60
1712237675077 93.2 61
1712237685168 93.0 62
1712237695255 93.1 63
1712237705352 93.7 64
1712237715432 94.2 65
1712237725527 94.0 66
1712237735633 88.6 67
1712237745714 88.5 68
1712237755804 88.8 69
1712237765886 88.7 70
1712237775969 88.8 71
1712237786050 89.1 72
1712237796141 89.1 73
1712237806241 89.4 74
1712237816345 89.7 75
1712237826425 89.7 76
1712237836505 90.4 77
1712237846580 91.9 78
1712237856665 91.6 79
1712237866705 91.7 80
1712237876794 93.4 81
1712237886873 92.6 82
1712237896958 92.4 83
1712237907046 91.8 84
1712237917168 91.4 85
1712237927246 91.3 86
1712237937344 91.4 87
1712237947427 90.8 88
1712237957525 91.1 89
1712237967601 91.0 90
1712237977715 91.0 91
1712237987824 91.0 92
1712237997922 91.1 93
1712238008001 91.1 94
1712238018077 91.1 95
1712238028183 91.1 96
1712238038287 90.2 97
1712238048384 90.4 98
1712238058480 89.9 99
1712238068575 89.9 100
1712238078667 90.0 101
1712238088746 90.9 102
1712238098842 91.0 103
1712238108924 90.9 104
1712238119010 91.0 105
1712238129105 87.5 106
1712238139189 87.8 107
1712238149296 88.7 108
1712238159383 89.1 109
1712238169476 89.3 110
1712238179567 89.3 111
1712238189665 89.4 112
1712238199756 89.4 113
1712238209851 89.5 114
1712238219940 89.5 115
1712238230032 89.5 116
1712238240114 89.5 117
1712238250213 89.7 118
1712238260295 89.9 119
1712238270394 89.7 120
1712238280501 89.7 121
1712238290624 89.7 122
1712238300818 55.7 123
1712238310928 63.9 124
1712238321015 69.0 125
1712238331113 69.1 126
1712238341222 65.5 127
1712238351307 65.8 128
1712238361395 65.7 129
1712238371508 65.8 130
1712238381597 65.8 131
1712238391683 65.8 132
1712238401781 65.8 133
1712238411878 65.8 134
1712238421976 65.8 135
1712238432056 66.0 136
1712238442154 65.9 137
1712238452249 66.0 138
1712238462351 66.0 139
1712238472380 68.5 140
1712238482493 83.2 141
1712238492623 96.5 142
1712238502717 91.0 143
1712238512830 98.0 144
1712238522949 85.4 145
1712238533042 90.1 146
1712238543185 91.8 147
1712238553429 95.9 148
1712238563538 95.7 149
1712238573637 96.2 150
1712238583773 95.3 151
1712238593876 95.4 152
1712238603979 95.7 153
1712238614091 95.6 154
1712238624196 95.5 155
1712238634298 95.4 156
1712238644397 95.6 157
1712238654507 96.2 158
1712238664616 96.2 159
1712238674735 96.2 160
1712238684781 97.1 161
1712238694830 93.8 162
1712238704935 93.7 163
1712238715027 92.2 164
1712238725064 92.4 165
1712238735176 93.8 166
1712238745296 93.8 167
1712238755402 93.9 168
1712238765519 93.8 169
1712238775624 93.7 170
1712238785728 93.8 171
1712238795842 94.0 172
1712238805955 93.7 173
1712238816065 93.7 174
1712238826166 93.8 175
1712238836276 93.6 176
1712238846387 93.9 177
1712238856496 94.2 178
1712238866546 95.0 179
1712238876659 96.5 180
1712238886751 96.0 181
1712238896850 96.1 182
1712238906942 96.0 183
1712238917039 96.4 184
1712238927141 96.4 185
1712238937253 91.4 186
1712238947377 87.1 187
1712238957460 88.0 188
1712238967550 88.1 189
1712238977644 88.1 190
1712238987734 88.1 191
1712238997832 88.2 192
1712239007938 88.3 193
1712239018026 88.1 194
1712239028138 88.1 195
1712239038232 88.2 196
1712239048328 87.8 197
1712239058426 87.6 198
1712239068528 87.8 199
1712239078640 88.4 200
1712239088744 87.6 201
1712239098864 88.4 202
1712239108972 88.5 203
1712239119098 88.4 204
1712239129222 88.4 205
1712239139340 86.1 206
1712239149425 86.5 207
1712239159513 87.1 208
1712239169605 87.0 209
1712239179705 87.0 210
1712239189795 87.1 211
1712239199899 87.1 212
1712239209988 87.1 213
1712239220080 87.1 214
1712239230155 87.1 215
1712239240255 86.8 216
1712239250340 86.8 217
1712239260434 86.9 218
1712239270526 87.0 219
1712239280627 87.0 220
1712239290716 87.2 221
1712239300800 87.2 222
1712239310890 87.2 223
1712239320980 87.1 224
1712239331082 87.2 225
1712239341175 87.5 226
1712239351262 87.5 227
1712239361342 87.5 228
1712239371425 87.5 229
1712239381522 87.6 230
1712239391610 87.6 231
1712239401688 87.7 232
1712239411776 87.7 233
1712239421870 87.7 234
1712239431978 87.7 235
1712239442067 87.7 236
1712239452161 87.9 237
1712239462257 88.0 238
1712239472359 88.0 239
1712239482448 87.9 240
1712239492531 88.0 241
1712239502628 88.5 242
1712239512716 89.2 243
1712239522811 89.5 244
1712239532893 89.6 245
1712239542975 89.6 246
1712239553067 89.8 247
1712239563159 89.7 248
1712239573241 89.5 249
1712239583330 89.5 250
1712239593421 89.6 251
1712239603504 89.6 252
1712239613598 89.7 253
1712239623693 89.9 254
1712239633799 92.0 255
1712239643888 91.2 256
1712239653987 91.2 257
1712239664091 91.3 258
1712239674181 91.4 259
1712239684266 91.4 260
1712239694320 91.4 261
1712239704423 47.2 262
1712239714523 60.2 263
1712239724606 70.0 264
1712239734698 69.7 265
1712239744787 71.3 266
1712239754894 71.5 267
1712239764988 71.4 268
1712239775085 71.6 269
1712239785171 71.3 270
1712239795255 71.3 271
1712239805339 71.3 272
1712239815456 71.4 273
1712239825556 71.4 274
1712239835651 71.4 275
1712239845738 68.5 276
1712239855836 68.9 277
1712239865919 68.8 278
1712239876036 68.8 279
1712239886125 69.1 280
1712239896233 94.8 281
1712239906345 99.2 282
1712239916436 95.5 283
1712239926531 85.7 284
1712239936615 90.0 285
1712239946699 92.4 286
1712239956808 93.2 287
1712239966900 93.9 288
1712239976984 94.0 289
1712239987072 95.3 290
1712239997166 95.4 291
1712240007266 95.2 292
1712240017357 95.2 293
1712240027460 95.3 294
1712240037559 93.8 295
1712240047659 94.6 296
1712240057754 95.3 297
1712240067839 95.2 298
1712240077920 95.2 299
1712240088027 95.2 300
1712240098127 95.4 301
1712240108221 95.4 302
1712240118324 95.5 303
1712240128416 95.2 304
1712240138521 89.8 305
1712240148620 82.6 306
1712240158702 82.7 307
1712240168789 82.8 308
1712240178879 82.8 309
1712240188964 82.9 310
1712240199064 83.1 311
1712240209174 83.1 312
1712240219262 83.2 313
1712240229353 83.6 314
1712240239441 86.2 315
1712240249551 88.1 316
1712240259611 89.3 317
1712240269690 87.5 318
1712240279723 87.4 319
1712240289766 88.8 320
1712240299884 91.3 321
1712240309988 91.0 322
1712240320084 90.6 323
1712240330170 90.7 324
1712240340266 90.7 325
1712240350351 90.8 326
1712240360452 90.9 327
1712240370539 90.9 328
1712240380641 90.9 329
1712240390735 90.9 330
1712240400822 91.0 331
1712240410928 91.1 332
1712240421035 91.1 333
1712240431120 91.1 334
1712240441213 91.4 335
1712240451301 91.2 336
1712240461396 91.3 337
1712240471509 91.3 338
1712240481602 91.2 339
1712240491695 89.7 340
1712240501789 89.8 341
1712240511899 89.6 342
1712240521983 89.6 343
1712240532076 89.6 344
1712240542173 90.3 345
1712240552269 90.0 346
1712240562360 90.0 347
1712240572471 89.7 348
1712240582571 89.7 349
1712240592685 89.8 350
1712240602780 89.8 351
1712240612867 89.9 352
1712240622977 89.8 353
1712240633078 89.8 354
1712240643177 89.8 355
1712240653275 89.9 356
1712240663369 89.9 357
1712240673466 89.8 358
1712240683551 89.8 359
1712240693650 89.8 360
1712240703753 89.9 361
1712240713866 89.9 362
1712240723976 90.0 363
1712240734066 90.0 364
1712240744161 89.7 365
1712240754251 90.0 366
1712240764367 89.2 367
1712240774451 89.2 368
1712240784560 89.3 369
1712240794658 89.2 370
1712240804754 89.2 371
1712240814842 89.3 372
1712240824937 89.4 373
1712240835030 89.4 374
1712240845130 89.4 375
1712240855212 89.4 376
1712240865322 89.4 377
1712240875412 89.5 378
1712240885511 89.5 379
1712240895610 89.6 380
1712240905719 89.6 381
1712240915816 89.6 382
1712240925916 89.7 383
1712240936005 89.6 384
1712240946096 89.7 385
1712240956189 89.9 386
1712240966280 89.8 387
1712240976377 89.8 388
1712240986469 89.8 389
1712240996587 89.8 390
1712241006692 89.9 391
1712241016781 89.9 392
1712241026874 89.9 393
1712241036973 89.9 394
1712241047074 90.0 395
1712241057170 90.1 396
1712241067272 90.2 397
1712241077363 90.2 398
1712241087469 90.2 399
1712241097571 90.3 400
1712241107676 46.2 401
1712241117779 59.4 402
1712241127885 69.6 403
1712241137999 69.0 404
1712241148092 69.1 405
1712241158192 69.1 406
1712241168291 69.1 407
1712241178393 69.1 408
1712241188502 69.7 409
1712241198612 69.9 410
1712241208710 69.8 411
1712241218814 69.8 412
1712241228908 69.9 413
1712241239001 69.9 414
1712241249100 70.0 415
1712241259203 70.0 416
1712241269311 69.8 417
1712241279430 71.7 418
1712241289526 71.6 419
1712241299623 97.0 420
1712241309730 93.3 421
1712241319842 94.6 422
1712241329996 84.8 423
1712241340118 88.8 424
1712241350241 90.9 425
1712241360354 92.6 426
1712241370471 93.2 427
1712241380581 93.4 428
1712241390687 93.5 429
1712241400801 93.6 430
1712241410902 93.6 431
1712241421020 93.8 432
1712241431115 93.9 433
1712241441206 93.9 434
1712241451295 94.0 435
1712241461402 94.2 436
1712241471502 94.3 437
1712241481540 95.4 438
1712241491579 96.0 439
1712241501704 95.0 440
1712241511803 95.1 441
1712241521912 94.8 442
1712241532030 94.9 443
1712241542128 94.9 444
1712241552238 95.0 445
1712241562340 95.1 446
1712241572434 95.1 447
1712241582548 95.1 448
1712241592639 95.1 449
1712241602723 95.1 450
1712241612813 95.4 451
1712241622912 95.4 452
1712241633021 95.4 453
1712241643118 95.4 454
1712241653225 95.6 455
1712241663349 94.9 456
1712241673432 95.3 457
1712241683527 95.0 458
1712241693631 95.1 459
1712241703718 95.1 460
1712241713828 95.1 461
1712241723926 95.2 462
1712241734033 95.4 463
1712241744127 95.7 464
1712241754226 95.6 465
1712241764312 95.5 466
1712241774406 95.4 467
1712241784510 95.5 468
1712241794596 95.6 469
1712241804696 95.6 470
1712241814783 95.6 471
1712241824881 95.9 472
1712241834988 95.9 473
1712241845088 94.4 474
1712241855199 95.0 475
1712241865283 95.2 476
1712241875366 95.2 477
1712241885459 95.3 478
1712241895546 95.1 479
1712241905651 95.2 480
1712241915753 95.2 481
1712241925854 95.3 482
1712241935950 95.3 483
1712241946036 83.6 484
1712241956135 83.8 485
1712241966233 83.8 486
1712241976328 83.8 487
1712241986412 83.8 488
1712241996503 83.9 489
1712242006600 83.9 490
1712242016704 84.0 491
1712242027366 84.1 492
1712242037474 85.5 493
1712242047576 85.8 494
1712242057681 85.8 495
1712242067809 85.8 496
1712242077911 85.8 497
1712242088015 86.4 498
1712242098115 86.4 499
1712242108224 86.4 500
1712242118327 86.4 501
1712242128431 86.4 502
1712242138531 86.4 503
1712242148638 86.3 504
1712242158742 86.5 505
1712242168837 86.5 506
1712242178946 86.4 507
1712242189055 86.4 508
1712242199158 86.4 509
1712242209275 86.5 510
1712242219372 86.6 511
1712242229475 86.6 512
1712242239577 86.6 513
1712242249682 86.8 514
1712242259795 86.6 515
1712242269913 86.7 516
1712242280009 86.6 517
1712242290111 86.6 518
1712242300217 86.6 519
1712242310313 86.6 520
1712242320435 86.6 521
1712242330536 86.9 522
1712242340638 86.7 523
1712242350752 86.8 524
1712242360859 86.8 525
1712242370958 86.6 526
1712242381058 88.8 527
1712242391182 88.5 528
1712242401329 88.3 529
1712242411462 88.2 530
1712242421604 87.7 531
1712242431713 87.7 532
1712242441764 87.8 533
1712242451903 93.3 534
1712242462049 95.8 535
1712242472169 96.1 536
1712242482280 95.0 537
1712242492436 94.6 538
1712242502537 94.4 539
1712242512668 49.1 540
1712242522790 64.8 541
1712242532915 71.2 542
1712242543019 79.0 543
1712242553130 78.7 544
1712242563258 78.5 545
1712242573375 77.2 546
1712242583530 77.3 547
1712242593669 78.8 548
1712242603808 77.6 549
1712242613964 77.9 550
1712242624125 76.3 551
1712242634264 76.1 552
1712242644302 75.9 553
1712242654477 76.8 554
1712242664635 77.3 555
1712242674779 76.9 556
1712242684931 77.0 557
1712242695090 76.8 558
1712242705244 89.0 559
1712242715415 97.1 560
1712242725578 93.0 561
1712242735771 98.1 562
1712242745973 84.4 563
1712242756131 90.6 564
1712242766283 91.3 565
1712242776433 92.5 566
1712242786580 92.9 567
1712242796718 93.1 568
1712242807594 93.5 569
1712242817747 94.5 570
1712242827891 94.3 571
1712242838030 95.2 572
1712242848201 83.4 573
1712242858360 83.7 574
1712242868512 84.0 575
1712242878639 84.3 576
1712242888758 84.3 577
1712242898803 84.4 578
1712242908928 89.3 579
1712242919060 91.4 580
1712242929168 90.6 581
1712242939288 90.4 582
1712242949391 90.2 583
1712242959500 90.2 584
1712242969606 90.4 585
1712242979708 90.5 586
1712242989817 90.5 587
1712242999932 90.7 588
1712243010044 90.7 589
1712243020152 90.7 590
1712243030248 90.8 591
1712243040361 89.7 592
1712243050470 89.8 593
1712243060579 90.0 594
1712243070710 90.0 595
1712243080829 89.9 596
1712243090933 90.0 597
1712243101048 89.8 598
1712243111156 90.2 599
1712243121259 90.5 600
1712243131398 90.5 601
1712243141516 91.2 602
1712243151638 90.2 603
1712243161761 90.0 604
1712243171902 90.2 605
1712243182019 89.9 606
1712243192158 89.9 607
1712243202272 89.9 608
1712243212407 89.9 609
1712243222516 90.0 610
1712243232640 90.1 611
1712243242739 90.1 612
1712243252844 90.2 613
1712243262954 90.2 614
1712243273083 91.2 615
1712243283130 94.7 616
1712243293257 92.8 617
1712243303371 92.9 618
1712243313510 92.4 619
1712243323623 92.1 620
1712243333751 92.2 621
1712243343865 92.2 622
1712243353984 92.3 623
1712243364093 92.6 624
1712243374212 92.6 625
1712243384344 92.7 626
1712243394468 92.9 627
1712243404582 92.8 628
1712243414710 93.1 629
1712243424818 94.1 630
1712243434944 93.5 631
1712243445062 92.9 632
1712243455182 88.7 633
1712243465288 88.0 634
1712243475427 88.0 635
1712243485530 87.9 636
1712243495650 88.2 637
1712243505784 88.2 638
1712243515892 88.3 639
1712243526004 88.3 640
1712243536120 88.3 641
1712243546268 88.6 642
1712243556403 89.9 643
1712243566525 89.6 644
1712243576664 89.4 645
1712243586816 89.5 646
1712243596975 90.4 647
1712243607100 90.4 648
1712243617241 91.3 649
1712243627371 91.1 650
1712243637501 91.1 651
1712243647620 91.2 652
1712243657754 91.6 653
1712243667882 91.4 654
1712243678018 91.4 655
1712243688162 91.4 656
1712243698307 91.6 657
1712243708429 92.5 658
1712243718537 92.1 659
1712243728677 91.4 660
1712243738797 91.2 661
1712243748931 89.0 662
1712243759042 89.1 663
1712243769180 89.3 664
1712243779305 89.3 665
1712243789417 89.3 666
1712243799543 89.3 667
1712243809658 89.3 668
1712243819780 89.5 669
1712243829938 89.6 670
1712243840070 90.6 671
1712243850192 90.6 672
1712243860309 90.2 673
1712243870418 90.2 674
1712243880539 90.0 675
1712243890650 90.1 676
1712243900771 90.1 677
1712243910900 90.2 678
1712243921039 90.2 679
1712243931182 46.0 680
1712243941308 55.6 681
1712243951427 65.3 682
1712243961487 68.5 683
1712243971612 70.2 684
1712243981743 70.8 685
1712243991866 70.2 686
1712244001983 70.6 687
1712244012101 70.4 688
1712244022211 70.4 689
1712244032318 70.8 690
1712244042420 70.6 691
1712244052533 70.6 692
1712244062635 70.8 693
1712244072757 71.0 694
1712244082856 70.8 695
1712244092965 70.9 696
1712244103072 70.8 697
1712244113168 70.8 698
1712244123295 91.4 699
1712244133414 97.7 700
1712244143536 97.6 701
1712244153647 51.0 702
1712244163770 42.9 703
1712244173889 55.1 704
1712244184250 88.7 705
1712244194389 96.4 706
1712244204526 96.8 707
1712244214666 86.1 708
1712244224793 88.9 709
1712244234930 92.0 710
1712244245119 93.5 711
1712244255246 94.4 712
1712244265387 94.6 713
1712244275507 96.2 714
1712244285653 96.7 715
1712244295797 96.7 716
1712244305917 97.4 717
1712244316046 97.5 718
1712244326167 97.2 719
1712244336292 94.8 720
1712244346409 95.6 721
1712244356521 85.8 722
1712244366647 85.8 723
1712244376752 85.9 724
1712244386861 85.9 725
1712244396956 86.3 726
1712244407062 86.2 727
1712244417183 86.2 728
1712244427274 86.3 729
1712244437368 86.3 730
1712244447476 85.9 731
1712244457583 86.3 732
1712244467680 87.8 733
1712244477794 88.2 734
