1712265697000 0.0 0
1712265707102 6.0 1
1712265717199 7.0 2
1712265727281 4.4 3
1712265737360 6.6 4
1712265747434 6.9 5
1712265757503 6.9 6
1712265767577 6.7 7
1712265777673 6.8 8
1712265787754 6.8 9
1712265797837 7.0 10
1712265807943 6.8 11
1712265818008 7.0 12
1712265828093 7.0 13
1712265838159 7.0 14
1712265848240 7.2 15
1712265858315 7.8 16
1712265868395 7.1 17
1712265878465 7.0 18
1712265888539 6.9 19
1712265898621 7.0 20
1712265908681 7.0 21
1712265918747 7.1 22
1712265928811 7.1 23
1712265938878 7.0 24
1712265948952 6.9 25
1712265959022 7.6 26
1712265969101 6.9 27
1712265979173 7.1 28
1712265989251 7.1 29
1712265999332 7.0 30
1712266009403 7.0 31
1712266019481 7.0 32
1712266029560 6.9 33
1712266039646 7.1 34
1712266049756 8.3 35
1712266059848 8.0 36
1712266069923 7.0 37
1712266079999 7.0 38
1712266090073 7.0 39
1712266100161 7.1 40
1712266110245 7.1 41
1712266120320 7.1 42
1712266130417 7.1 43
1712266140490 6.9 44
1712266150574 7.0 45
1712266160674 7.0 46
1712266170747 7.2 47
1712266180853 7.0 48
1712266190923 6.9 49
1712266200998 7.0 50
1712266211090 7.1 51
1712266221172 6.9 52
1712266231258 7.2 53
1712266241334 6.8 54
1712266251410 7.4 55
1712266261494 7.8 56
1712266271572 7.9 57
1712266281657 7.2 58
1712266291721 7.1 59
1712266301790 6.9 60
1712266311885 7.2 61
1712266321965 6.8 62
1712266332053 7.2 63
1712266342124 7.3 64
1712266352196 7.0 65
1712266362277 7.0 66
1712266372359 6.9 67
1712266382442 6.9 68
1712266392524 7.1 69
1712266402596 6.9 70
1712266412672 7.1 71
1712266422741 7.1 72
1712266432806 6.9 73
1712266442895 7.0 74
1712266452966 7.0 75
1712266463037 7.0 76
1712266473108 7.1 77
1712266483176 7.0 78
1712266493269 7.0 79
1712266503372 7.0 80
1712266513462 7.0 81
1712266523532 7.1 82
1712266533634 7.0 83
1712266543738 7.0 84
1712266553810 7.5 85
1712266563915 7.0 86
1712266573996 6.9 87
1712266584081 7.0 88
1712266594175 7.0 89
1712266604277 7.0 90
1712266614373 7.1 91
1712266624449 7.3 92
1712266634537 7.0 93
1712266644633 7.1 94
1712266654712 7.0 95
1712266664791 7.0 96
1712266674887 7.0 97
1712266684979 7.0 98
1712266695051 7.4 99
1712266705152 6.9 100
1712266715235 7.1 101
1712266725315 7.0 102
1712266735411 6.9 103
1712266745503 6.9 104
1712266755588 6.9 105
1712266765665 6.9 106
1712266775751 7.1 107
1712266785864 6.9 108
1712266795939 7.2 109
1712266806018 7.3 110
1712266816123 7.1 111
1712266826224 7.0 112
1712266836323 7.2 113
1712266846427 7.0 114
1712266856506 8.5 115
1712266866605 7.3 116
1712266876696 7.4 117
1712266886805 7.0 118
1712266896895 7.1 119
1712266906988 7.0 120
1712266917080 7.0 121
1712266927176 7.0 122
1712266937266 8.1 123
1712266947372 4.0 124
1712266957459 5.6 125
1712266967554 6.0 126
1712266977637 6.9 127
1712266987730 7.8 128
1712266997833 7.9 129
1712267007940 7.9 130
1712267018041 7.9 131
1712267028122 8.1 132
1712267038215 7.9 133
1712267048310 8.0 134
1712267058391 8.0 135
1712267068491 8.1 136
1712267078574 7.9 137
1712267088675 7.8 138
1712267098763 7.9 139
1712267108873 7.9 140
1712267119005 8.0 141
1712267129107 6.0 142
1712267139188 7.8 143
1712267149274 6.9 144
1712267159366 7.2 145
1712267169445 6.6 146
1712267179550 6.6 147
1712267189650 6.8 148
1712267199763 6.7 149
1712267209870 6.9 150
1712267219972 6.9 151
1712267230072 7.0 152
1712267240188 6.9 153
1712267250312 6.9 154
1712267260418 6.8 155
1712267270555 6.7 156
1712267280646 6.9 157
1712267290740 6.8 158
1712267300828 6.8 159
1712267310911 7.0 160
1712267321006 6.9 161
1712267331103 7.0 162
1712267341208 7.2 163
1712267351299 7.0 164
1712267361374 6.9 165
1712267371462 6.9 166
1712267381549 7.2 167
1712267391641 7.1 168
1712267401733 6.8 169
1712267411823 6.9 170
1712267421927 6.9 171
1712267432035 6.9 172
1712267442149 6.9 173
1712267452248 7.6 174
1712267462330 7.2 175
1712267472419 7.1 176
1712267482503 6.9 177
1712267492591 7.0 178
1712267502666 6.9 179
1712267512754 7.0 180
1712267522850 6.7 181
1712267532952 7.0 182
1712267543037 7.0 183
1712267553129 7.1 184
1712267563224 6.7 185
1712267573328 6.9 186
1712267583408 6.8 187
1712267593493 6.9 188
1712267603570 6.8 189
1712267613663 6.9 190
1712267623748 6.9 191
1712267633845 6.9 192
1712267643922 6.9 193
1712267654013 6.9 194
1712267664107 6.9 195
1712267674201 6.9 196
1712267684303 6.9 197
1712267694408 11.3 198
1712267704494 6.9 199
1712267714598 6.9 200
1712267724691 6.9 201
1712267734782 6.9 202
1712267744894 6.9 203
1712267754987 7.5 204
1712267765083 6.9 205
1712267775167 6.9 206
1712267785249 6.8 207
1712267795332 7.0 208
1712267805420 6.8 209
1712267815522 7.0 210
1712267825621 7.0 211
1712267835725 7.1 212
1712267845812 6.9 213
1712267855901 8.0 214
1712267865994 8.8 215
1712267876096 7.1 216
1712267886206 6.8 217
1712267896298 6.9 218
1712267906386 7.5 219
1712267916471 7.3 220
1712267926560 6.9 221
1712267936658 7.0 222
1712267946749 8.3 223
1712267956851 7.3 224
1712267966966 7.0 225
1712267977071 7.0 226
1712267987160 7.1 227
1712267997262 7.0 228
1712268007353 7.1 229
1712268017448 7.0 230
1712268027553 7.0 231
1712268037659 7.1 232
1712268047741 6.9 233
1712268057851 8.7 234
1712268067941 7.0 235
1712268078042 6.9 236
1712268088132 6.9 237
1712268098225 6.9 238
1712268108323 6.9 239
1712268118401 6.8 240
1712268128496 7.0 241
1712268138590 7.0 242
1712268148679 7.0 243
1712268158805 7.1 244
1712268168898 7.3 245
1712268178984 7.6 246
1712268189088 7.1 247
1712268199176 7.3 248
1712268209265 6.9 249
1712268219354 7.1 250
1712268229440 6.8 251
1712268239516 7.0 252
1712268249609 7.0 253
1712268259696 7.0 254
1712268269787 7.0 255
1712268279883 7.0 256
1712268289976 6.9 257
1712268300077 6.9 258
1712268310163 6.9 259
1712268320250 6.9 260
1712268330344 7.0 261
1712268340447 7.0 262
1712268350543 7.1 263
1712268360655 10.6 264
1712268370752 1.8 265
1712268380830 4.7 266
1712268390914 5.2 267
1712268401007 7.3 268
1712268411089 7.8 269
1712268421164 8.0 270
1712268431251 8.1 271
1712268441339 8.1 272
1712268451422 8.4 273
1712268461508 8.2 274
1712268471586 8.0 275
1712268481671 8.1 276
1712268491760 8.2 277
1712268501863 7.9 278
1712268511950 8.3 279
1712268522053 8.2 280
1712268532141 8.1 281
1712268542385 8.1 282
1712268552475 7.1 283
1712268562663 6.8 284
1712268572757 4.5 285
1712268582840 5.2 286
1712268592936 7.0 287
1712268603015 6.4 288
1712268613106 6.5 289
1712268623198 6.4 290
1712268633282 6.6 291
1712268643370 6.8 292
1712268653451 7.8 293
1712268663549 6.7 294
1712268673786 6.9 295
1712268683907 6.8 296
1712268694036 7.1 297
1712268704152 6.9 298
1712268714264 6.9 299
1712268724358 6.8 300
1712268734452 6.8 301
1712268744548 6.8 302
1712268754657 6.9 303
1712268764777 9.2 304
1712268774887 11.7 305
1712268784994 11.7 306
1712268795111 11.9 307
1712268805226 11.8 308
1712268815352 11.9 309
1712268825445 11.8 310
1712268835566 9.6 311
1712268845673 6.8 312
1712268855771 6.9 313
1712268865871 6.7 314
1712268875968 6.9 315
1712268886056 6.7 316
1712268896147 6.9 317
1712268906249 6.8 318
1712268916354 6.9 319
1712268926445 6.9 320
1712268936542 6.9 321
1712268946646 6.9 322
1712268956752 7.4 323
1712268966846 6.7 324
1712268976940 6.9 325
1712268987033 6.9 326
1712268997120 7.1 327
1712269007210 6.8 328
1712269017298 7.1 329
1712269027394 6.9 330
1712269037486 6.8 331
1712269047569 6.8 332
1712269057660 7.0 333
1712269067743 6.8 334
1712269077833 6.7 335
1712269087919 6.7 336
1712269098031 6.7 337
1712269108121 6.8 338
1712269118213 6.8 339
1712269128311 6.8 340
1712269138396 6.7 341
1712269148496 7.0 342
1712269158606 7.0 343
1712269168709 6.8 344
1712269178793 7.0 345
1712269188893 6.9 346
1712269198985 7.0 347
1712269209071 6.9 348
1712269219158 6.9 349
1712269229246 6.9 350
1712269239347 7.0 351
1712269249441 6.9 352
1712269259536 7.5 353
1712269269648 7.1 354
1712269279731 6.9 355
1712269289835 6.9 356
1712269299917 7.0 357
1712269310027 7.0 358
1712269320121 6.9 359
1712269330203 7.1 360
1712269340297 7.0 361
1712269350408 7.3 362
1712269360513 7.3 363
1712269370618 7.0 364
1712269380734 7.0 365
1712269390841 7.0 366
1712269400943 7.0 367
1712269411059 6.8 368
1712269421146 6.9 369
1712269431266 7.0 370
1712269441352 7.1 371
1712269451441 7.0 372
1712269461530 7.1 373
1712269471619 6.9 374
1712269481717 7.0 375
1712269491803 7.0 376
1712269501903 6.9 377
1712269511998 7.0 378
1712269522100 7.1 379
1712269532216 6.9 380
1712269542331 7.2 381
1712269552422 7.4 382
1712269562522 7.0 383
1712269572617 7.0 384
1712269582709 7.0 385
1712269592809 6.9 386
1712269602907 7.0 387
1712269613003 6.8 388
1712269623089 6.9 389
1712269633184 7.0 390
1712269643273 6.9 391
1712269653369 7.0 392
1712269663452 7.2 393
1712269673563 7.0 394
1712269683652 7.1 395
1712269693749 7.0 396
1712269703853 6.9 397
1712269713952 6.9 398
1712269724073 7.1 399
1712269734168 8.8 400
1712269744269 12.2 401
1712269754366 7.2 402
1712269764451 7.5 403
1712269774540 7.2 404
1712269784632 7.2 405
1712269794716 7.0 406
1712269804830 3.7 407
1712269814925 3.8 408
1712269825019 6.2 409
1712269835113 7.1 410
1712269845205 8.0 411
1712269855297 8.4 412
1712269865396 7.9 413
1712269875489 8.0 414
1712269885585 7.9 415
1712269895687 7.8 416
1712269905883 7.9 417
1712269915977 7.9 418
1712269926072 7.8 419
1712269936159 7.9 420
1712269946245 7.8 421
1712269956351 7.8 422
1712269966469 7.8 423
1712269976591 8.6 424
1712269986730 4.9 425
1712269996922 6.8 426
1712270007517 4.9 427
1712270017639 6.2 428
1712270027770 6.7 429
1712270037876 6.5 430
1712270047978 6.6 431
1712270058091 6.7 432
1712270068195 7.0 433
1712270078302 7.3 434
1712270088415 7.0 435
1712270098509 7.1 436
1712270108608 6.8 437
1712270118697 6.6 438
1712270128785 6.9 439
1712270138885 6.7 440
1712270148982 6.9 441
1712270159076 7.3 442
1712270169158 6.7 443
1712270179246 6.8 444
1712270189338 6.8 445
1712270199434 7.0 446
1712270209519 6.9 447
1712270219632 6.8 448
1712270229728 6.7 449
1712270239819 6.9 450
1712270249924 6.8 451
1712270260023 6.9 452
1712270270123 7.0 453
1712270280323 6.9 454
1712270290411 6.8 455
1712270300500 8.0 456
1712270310588 6.8 457
1712270320680 6.7 458
1712270330782 6.5 459
1712270340873 6.9 460
1712270350969 6.6 461
1712270361053 6.7 462
1712270371149 6.7 463
1712270381264 6.8 464
1712270391374 7.1 465
1712270401458 6.7 466
1712270411560 6.8 467
1712270421657 6.6 468
1712270431756 6.6 469
1712270441854 6.8 470
1712270451944 7.1 471
1712270462038 6.8 472
1712270472140 6.9 473
1712270482242 6.7 474
1712270492331 6.8 475
1712270502417 6.7 476
1712270512521 6.7 477
1712270522619 6.6 478
1712270532731 6.8 479
1712270542816 6.7 480
1712270552907 6.7 481
1712270563030 6.7 482
1712270573131 6.9 483
1712270583234 6.9 484
1712270593323 7.1 485
1712270603424 6.7 486
1712270613524 6.7 487
1712270623610 6.8 488
1712270633734 6.8 489
1712270643831 6.7 490
1712270653925 10.3 491
1712270664029 7.0 492
1712270674148 6.8 493
1712270684236 6.9 494
1712270694338 6.9 495
1712270704438 6.9 496
1712270714536 6.8 497
1712270724648 7.1 498
1712270734734 6.9 499
1712270744833 7.1 500
1712270754924 7.6 501
1712270765027 7.0 502
1712270775124 7.0 503
1712270785236 7.0 504
1712270795362 6.8 505
1712270805469 7.0 506
1712270815585 7.5 507
1712270825706 7.0 508
1712270835837 7.1 509
1712270845942 7.0 510
1712270856028 6.9 511
1712270866127 7.0 512
1712270876230 7.0 513
1712270886320 7.0 514
1712270896414 6.9 515
1712270906504 6.8 516
1712270916552 6.9 517
1712270926659 10.6 518
1712270936710 7.9 519
1712270946758 7.7 520
1712270956813 7.1 521
1712270966865 7.6 522
1712270976906 9.0 523
1712270986991 8.4 524
1712270997044 7.0 525
1712271007095 12.1 526
1712271017203 11.4 527
1712271027243 6.7 528
1712271037291 9.1 529
1712271047415 7.7 530
1712271057476 7.4 531
1712271067542 7.0 532
1712271077666 7.0 533
1712271087718 6.6 534
1712271097761 7.4 535
1712271107882 7.9 536
1712271117975 6.6 537
1712271128088 6.8 538
1712271138199 6.8 539
1712271148322 6.7 540
1712271158402 6.9 541
1712271168513 7.2 542
1712271178625 7.1 543
1712271188718 6.8 544
1712271198812 6.7 545
1712271208909 6.7 546
1712271219195 7.8 547
1712271229315 5.6 548
1712271239425 3.1 549
1712271249525 3.7 550
1712271259644 6.9 551
1712271269772 7.4 552
1712271279821 8.1 553
1712271289936 9.5 554
1712271300037 8.5 555
1712271310141 7.8 556
1712271320254 8.0 557
1712271330379 7.9 558
1712271340429 7.7 559
1712271350538 8.3 560
1712271360723 8.5 561
1712271370868 7.9 562
1712271381036 7.9 563
1712271391194 9.2 564
1712271401255 7.8 565
1712271411414 8.2 566
1712271421850 6.1 567
1712271432014 6.4 568
1712271442178 4.8 569
1712271452305 7.3 570
1712271462362 6.4 571
1712271472476 6.6 572
1712271482577 6.0 573
1712271492702 6.3 574
1712271502820 6.4 575
1712271512933 6.4 576
1712271522990 6.5 577
1712271533130 6.7 578
1712271543269 6.5 579
1712271553389 7.3 580
1712271563503 7.1 581
1712271573618 6.7 582
1712271583667 6.4 583
1712271593776 6.7 584
1712271603885 6.4 585
1712271613989 6.7 586
1712271624090 6.5 587
1712271634186 6.6 588
1712271644240 6.5 589
1712271654352 7.5 590
1712271664454 6.5 591
1712271674556 6.5 592
1712271684665 6.4 593
1712271694774 6.6 594
1712271704823 6.5 595
1712271714946 6.9 596
1712271725058 6.5 597
1712271735165 6.5 598
1712271745266 6.3 599
1712271755369 6.4 600
1712271765427 6.7 601
1712271775575 6.6 602
1712271785686 7.2 603
1712271795798 7.1 604
1712271805902 6.8 605
1712271816037 6.6 606
1712271826148 6.9 607
1712271836255 7.0 608
1712271846369 6.8 609
1712271856482 6.7 610
1712271866596 6.9 611
1712271876699 7.0 612
1712271886809 6.7 613
1712271896912 6.5 614
1712271907020 6.4 615
1712271917124 6.4 616
1712271927242 6.5 617
1712271937366 6.5 618
1712271947501 6.6 619
1712271957624 7.2 620
1712271967736 6.6 621
1712271977842 6.8 622
1712271987947 6.5 623
1712271998164 6.6 624
1712272008267 6.6 625
1712272018371 6.7 626
1712272028477 6.8 627
1712272038584 6.6 628
1712272048680 6.4 629
1712272058789 6.6 630
1712272068908 6.9 631
1712272079009 6.5 632
1712272089120 6.7 633
1712272099238 6.6 634
1712272109348 7.4 635
1712272119447 6.6 636
1712272129576 6.5 637
1712272139692 6.7 638
1712272149793 6.5 639
1712272159915 6.7 640
1712272170030 6.7 641
1712272180154 6.6 642
1712272190278 6.9 643
1712272200408 6.7 644
1712272210530 6.5 645
1712272220663 6.4 646
1712272230793 6.5 647
1712272240869 7.2 648
1712272250923 9.4 649
1712272261031 9.4 650
1712272271091 7.4 651
1712272281167 7.5 652
1712272291284 6.9 653
1712272301334 6.5 654
1712272311413 7.5 655
1712272321527 7.3 656
1712272331584 6.8 657
1712272341631 6.9 658
1712272351744 7.0 659
1712272361795 6.8 660
1712272371865 7.2 661
1712272381982 7.3 662
1712272392026 7.0 663
1712272402087 6.9 664
1712272412210 7.2 665
1712272422269 6.7 666
1712272432322 7.0 667
1712272442439 7.3 668
1712272452493 6.6 669
1712272462551 7.1 670
1712272472654 7.1 671
1712272482706 7.7 672
1712272492773 7.1 673
1712272502880 6.9 674
1712272512938 6.5 675
1712272522986 8.2 676
1712272533101 7.0 677
1712272543166 6.4 678
1712272553272 7.6 679
1712272563375 10.0 680
1712272573491 6.9 681
1712272583615 6.7 682
1712272593785 7.0 683
1712272603875 6.6 684
1712272614040 7.0 685
1712272624213 6.6 686
1712272634365 6.7 687
1712272644490 6.8 688
1712272654625 6.4 689
1712272664682 7.9 690
1712272674801 2.4 691
1712272684907 4.4 692
1712272695021 4.4 693
1712272705124 7.2 694
1712272715227 7.3 695
1712272725284 8.0 696
1712272735404 8.2 697
1712272745519 7.8 698
1712272755634 7.9 699
1712272765734 8.0 700
1712272775837 7.9 701
1712272785910 7.8 702
1712272796041 8.2 703
1712272806163 7.8 704
1712272816279 8.1 705
1712272826394 7.8 706
1712272836507 8.0 707
1712272846608 7.7 708
1712272856772 7.3 709
1712272866931 4.1 710
1712272877118 7.1 711
