1712265697000 117551.4 0
1712265707102 109931.3 1
1712265717199 105699.4 2
1712265727281 103959.5 3
1712265737360 103959.5 4
1712265747434 103959.5 5
1712265757503 103959.5 6
1712265767577 103959.5 7
1712265777673 103959.5 8
1712265787754 103959.5 9
1712265797837 103959.5 10
1712265807943 103959.5 11
1712265818008 103959.5 12
1712265828093 103959.5 13
1712265838159 103959.5 14
1712265848240 103959.5 15
1712265858315 103959.5 16
1712265868395 103959.5 17
1712265878465 103959.5 18
1712265888539 103959.5 19
1712265898621 103959.5 20
1712265908681 103959.0 21
1712265918747 103959.0 22
1712265928811 103959.0 23
1712265938878 103959.0 24
1712265948952 103959.0 25
1712265959022 103959.0 26
1712265969101 103959.0 27
1712265979173 103959.0 28
1712265989251 103959.0 29
1712265999332 103959.0 30
1712266009403 103959.0 31
1712266019481 103959.0 32
1712266029560 103959.0 33
1712266039646 103959.0 34
1712266049756 103959.0 35
1712266059848 103959.0 36
1712266069923 103959.0 37
1712266079999 103959.0 38
1712266090073 103959.0 39
1712266100161 103959.0 40
1712266110245 103959.0 41
1712266120320 103959.0 42
1712266130417 103959.0 43
1712266140490 103959.0 44
1712266150574 103959.0 45
1712266160674 103959.0 46
1712266170747 103959.0 47
1712266180853 103959.0 48
1712266190923 103959.0 49
1712266200998 103959.0 50
1712266211090 103959.0 51
1712266221172 103959.0 52
1712266231258 103959.0 53
1712266241334 103959.0 54
1712266251410 103959.0 55
1712266261494 103959.0 56
1712266271572 103959.0 57
1712266281657 103959.0 58
1712266291721 103959.0 59
1712266301790 103959.0 60
1712266311885 103959.0 61
1712266321965 103959.0 62
1712266332053 103959.0 63
1712266342124 103959.0 64
1712266352196 103959.0 65
1712266362277 103959.0 66
1712266372359 103959.0 67
1712266382442 103959.0 68
1712266392524 103959.0 69
1712266402596 103959.0 70
1712266412672 103959.0 71
1712266422741 103959.0 72
1712266432806 103959.0 73
1712266442895 103958.9 74
1712266452966 103958.9 75
1712266463037 103958.9 76
1712266473108 103958.9 77
1712266483176 103958.9 78
1712266493269 103958.9 79
1712266503372 103958.9 80
1712266513462 103958.9 81
1712266523532 103958.9 82
1712266533634 103958.9 83
1712266543738 103958.9 84
1712266553810 103958.9 85
1712266563915 103958.9 86
1712266573996 103958.9 87
1712266584081 103958.9 88
1712266594175 103958.9 89
1712266604277 103958.9 90
1712266614373 103958.9 91
1712266624449 103958.9 92
1712266634537 103958.9 93
1712266644633 103958.9 94
1712266654712 103958.9 95
1712266664791 103958.9 96
1712266674887 103958.9 97
1712266684979 103958.9 98
1712266695051 103958.9 99
1712266705152 103958.9 100
1712266715235 103958.9 101
1712266725315 103958.9 102
1712266735411 103958.9 103
1712266745503 103958.9 104
1712266755588 103958.9 105
1712266765665 103958.9 106
1712266775751 103958.9 107
1712266785864 103958.9 108
1712266795939 103958.9 109
1712266806018 103958.9 110
1712266816123 103958.9 111
1712266826224 103958.9 112
1712266836323 103958.9 113
1712266846427 103958.9 114
1712266856506 103958.9 115
1712266866605 103958.9 116
1712266876696 103958.9 117
1712266886805 103958.9 118
1712266896895 103958.9 119
1712266906988 103958.9 120
1712266917080 103958.9 121
1712266927176 103958.9 122
1712266937266 103958.9 123
1712266947372 114368.5 124
1712266957459 110025.2 125
1712266967554 108926.5 126
1712266977637 108926.5 127
1712266987730 108926.5 128
1712266997833 108926.5 129
1712267007940 108926.5 130
1712267018041 108926.5 131
1712267028122 108926.5 132
1712267038215 108926.5 133
1712267048310 108926.5 134
1712267058391 108926.5 135
1712267068491 108926.5 136
1712267078574 108926.5 137
1712267088675 108926.5 138
1712267098763 108926.5 139
1712267108873 108926.5 140
1712267119005 108926.5 141
1712267129107 109787.7 142
1712267139188 106701.0 143
1712267149274 103673.9 144
1712267159366 103673.9 145
1712267169445 103673.9 146
1712267179550 103673.9 147
1712267189650 103673.9 148
1712267199763 103673.9 149
1712267209870 103673.9 150
1712267219972 103673.9 151
1712267230072 103673.9 152
1712267240188 103673.9 153
1712267250312 103673.9 154
1712267260418 103673.9 155
1712267270555 103673.9 156
1712267280646 103673.9 157
1712267290740 103673.9 158
1712267300828 103673.9 159
1712267310911 103673.9 160
1712267321006 103673.9 161
1712267331103 103673.9 162
1712267341208 103673.9 163
1712267351299 103673.9 164
1712267361374 103673.9 165
1712267371462 103673.9 166
1712267381549 103673.9 167
1712267391641 103673.9 168
1712267401733 103673.9 169
1712267411823 103673.9 170
1712267421927 103673.9 171
1712267432035 103673.9 172
1712267442149 103673.9 173
1712267452248 103673.9 174
1712267462330 103673.9 175
1712267472419 103673.8 176
1712267482503 103673.8 177
1712267492591 103673.8 178
1712267502666 103673.8 179
1712267512754 103673.8 180
1712267522850 103673.8 181
1712267532952 103673.8 182
1712267543037 103673.8 183
1712267553129 103673.8 184
1712267563224 103673.8 185
1712267573328 103673.8 186
1712267583408 103673.8 187
1712267593493 103673.8 188
1712267603570 103673.8 189
1712267613663 103673.8 190
1712267623748 103673.8 191
1712267633845 103673.8 192
1712267643922 103673.8 193
1712267654013 103673.8 194
1712267664107 103673.8 195
1712267674201 103673.8 196
1712267684303 103673.8 197
1712267694408 103673.8 198
1712267704494 103673.8 199
1712267714598 103673.8 200
1712267724691 103673.8 201
1712267734782 103673.8 202
1712267744894 103673.8 203
1712267754987 103673.8 204
1712267765083 103673.8 205
1712267775167 103673.8 206
1712267785249 103673.8 207
1712267795332 103673.8 208
1712267805420 103673.8 209
1712267815522 103673.8 210
1712267825621 103673.8 211
1712267835725 103673.8 212
1712267845812 103673.8 213
1712267855901 103673.8 214
1712267865994 103673.8 215
1712267876096 103673.8 216
1712267886206 103673.8 217
1712267896298 103673.8 218
1712267906386 103673.8 219
1712267916471 103673.8 220
1712267926560 103673.8 221
1712267936658 103673.8 222
1712267946749 103673.8 223
1712267956851 103673.8 224
1712267966966 103673.8 225
1712267977071 103673.8 226
1712267987160 103673.3 227
1712267997262 103673.3 228
1712268007353 103673.3 229
1712268017448 103673.3 230
1712268027553 103673.3 231
1712268037659 103673.3 232
1712268047741 103673.3 233
1712268057851 103673.3 234
1712268067941 103673.3 235
1712268078042 103673.3 236
1712268088132 103673.3 237
1712268098225 103673.3 238
1712268108323 103673.3 239
1712268118401 103673.3 240
1712268128496 103673.3 241
1712268138590 103673.3 242
1712268148679 103673.3 243
1712268158805 103673.3 244
1712268168898 103673.3 245
1712268178984 103673.3 246
1712268189088 103673.3 247
1712268199176 103673.3 248
1712268209265 103673.3 249
1712268219354 103673.3 250
1712268229440 103673.3 251
1712268239516 103673.3 252
1712268249609 103673.3 253
1712268259696 103673.3 254
1712268269787 103673.3 255
1712268279883 103673.3 256
1712268289976 103673.3 257
1712268300077 103673.3 258
1712268310163 103673.3 259
1712268320250 103673.3 260
1712268330344 103673.3 261
1712268340447 103673.3 262
1712268350543 103673.3 263
1712268360655 103673.3 264
1712268370752 114697.5 265
1712268380830 111938.9 266
1712268390914 108655.2 267
1712268401007 108655.2 268
1712268411089 108655.2 269
1712268421164 108655.2 270
1712268431251 108655.2 271
1712268441339 108655.2 272
1712268451422 108655.2 273
1712268461508 108655.2 274
1712268471586 108655.2 275
1712268481671 108655.2 276
1712268491760 108655.2 277
1712268501863 108655.2 278
1712268511950 108655.2 279
1712268522053 108655.2 280
1712268532141 108655.2 281
1712268542385 108655.2 282
1712268552475 110573.2 283
1712268562663 107076.2 284
1712268572757 105255.5 285
1712268582840 103493.4 286
1712268592936 103493.4 287
1712268603015 103493.4 288
1712268613106 103493.4 289
1712268623198 103493.4 290
1712268633282 103493.4 291
1712268643370 103493.4 292
1712268653451 103493.4 293
1712268663549 103493.4 294
1712268673786 103493.4 295
1712268683907 103493.4 296
1712268694036 103493.3 297
1712268704152 103493.3 298
1712268714264 103493.3 299
1712268724358 103493.3 300
1712268734452 103493.3 301
1712268744548 103493.3 302
1712268754657 103493.3 303
1712268764777 103493.3 304
1712268774887 103493.3 305
1712268784994 103493.3 306
1712268795111 103493.3 307
1712268805226 103493.3 308
1712268815352 103493.3 309
1712268825445 103493.3 310
1712268835566 103493.3 311
1712268845673 103493.3 312
1712268855771 103493.3 313
1712268865871 103493.3 314
1712268875968 103493.3 315
1712268886056 103493.3 316
1712268896147 103493.3 317
1712268906249 103493.3 318
1712268916354 103493.3 319
1712268926445 103493.3 320
1712268936542 103493.3 321
1712268946646 103493.3 322
1712268956752 103493.3 323
1712268966846 103493.3 324
1712268976940 103493.3 325
1712268987033 103493.3 326
1712268997120 103493.3 327
1712269007210 103493.3 328
1712269017298 103493.3 329
1712269027394 103492.8 330
1712269037486 103492.8 331
1712269047569 103492.8 332
1712269057660 103492.8 333
1712269067743 103492.8 334
1712269077833 103492.8 335
1712269087919 103492.8 336
1712269098031 103492.8 337
1712269108121 103492.8 338
1712269118213 103492.8 339
1712269128311 103492.8 340
1712269138396 103492.8 341
1712269148496 103492.8 342
1712269158606 103492.8 343
1712269168709 103492.8 344
1712269178793 103492.8 345
1712269188893 103492.8 346
1712269198985 103492.8 347
1712269209071 103492.8 348
1712269219158 103492.8 349
1712269229246 103492.8 350
1712269239347 103492.8 351
1712269249441 103492.8 352
1712269259536 103492.8 353
1712269269648 103492.8 354
1712269279731 103492.8 355
1712269289835 103492.8 356
1712269299917 103492.8 357
1712269310027 103492.8 358
1712269320121 103492.8 359
1712269330203 103492.8 360
1712269340297 103492.8 361
1712269350408 103492.8 362
1712269360513 103492.8 363
1712269370618 103492.8 364
1712269380734 103492.8 365
1712269390841 103492.8 366
1712269400943 103492.8 367
1712269411059 103492.8 368
1712269421146 103492.8 369
1712269431266 103492.8 370
1712269441352 103492.8 371
1712269451441 103492.8 372
1712269461530 103492.8 373
1712269471619 103492.8 374
1712269481717 103492.8 375
1712269491803 103492.8 376
1712269501903 103492.8 377
1712269511998 103492.8 378
1712269522100 103492.8 379
1712269532216 103492.8 380
1712269542331 103492.8 381
1712269552422 103492.8 382
1712269562522 103492.8 383
1712269572617 103492.8 384
1712269582709 103492.8 385
1712269592809 103492.8 386
1712269602907 103492.8 387
1712269613003 103492.8 388
1712269623089 103492.8 389
1712269633184 103492.8 390
1712269643273 103492.8 391
1712269653369 103492.8 392
1712269663452 103492.8 393
1712269673563 103492.8 394
1712269683652 103492.8 395
1712269693749 103492.8 396
1712269703853 103492.8 397
1712269713952 103492.8 398
1712269724073 103492.8 399
1712269734168 103492.8 400
1712269744269 103492.8 401
1712269754366 103492.8 402
1712269764451 103492.8 403
1712269774540 103492.8 404
1712269784632 103492.8 405
1712269794716 114720.3 406
1712269804830 114720.3 407
1712269814925 108755.1 408
1712269825019 108755.1 409
1712269835113 108755.1 410
1712269845205 108755.1 411
1712269855297 108755.1 412
1712269865396 108755.1 413
1712269875489 108755.1 414
1712269885585 108755.1 415
1712269895687 108755.1 416
1712269905883 108755.1 417
1712269915977 108755.1 418
1712269926072 108755.1 419
1712269936159 108755.1 420
1712269946245 108755.1 421
1712269956351 108755.1 422
1712269966469 108755.1 423
1712269976591 113800.3 424
1712269986730 109440.1 425
1712269996922 106871.8 426
1712270007517 105067.2 427
1712270017639 103439.0 428
1712270027770 103439.0 429
1712270037876 103439.0 430
1712270047978 103439.0 431
1712270058091 103439.0 432
1712270068195 103439.0 433
1712270078302 103438.4 434
1712270088415 103438.4 435
1712270098509 103438.4 436
1712270108608 103438.4 437
1712270118697 103438.4 438
1712270128785 103438.4 439
1712270138885 103438.4 440
1712270148982 103438.4 441
1712270159076 103438.4 442
1712270169158 103438.4 443
1712270179246 103438.4 444
1712270189338 103438.4 445
1712270199434 103438.4 446
1712270209519 103438.4 447
1712270219632 103438.4 448
1712270229728 103438.4 449
1712270239819 103438.4 450
1712270249924 103438.4 451
1712270260023 103438.4 452
1712270270123 103438.4 453
1712270280323 103438.4 454
1712270290411 103438.4 455
1712270300500 103438.4 456
1712270310588 103438.4 457
1712270320680 103438.4 458
1712270330782 103438.4 459
1712270340873 103438.4 460
1712270350969 103438.4 461
1712270361053 103438.4 462
1712270371149 103438.4 463
1712270381264 103438.4 464
1712270391374 103438.4 465
1712270401458 103438.4 466
1712270411560 103438.4 467
1712270421657 103438.4 468
1712270431756 103438.4 469
1712270441854 103438.4 470
1712270451944 103438.4 471
1712270462038 103438.4 472
1712270472140 103438.4 473
1712270482242 103438.4 474
1712270492331 103438.4 475
1712270502417 103438.4 476
1712270512521 103438.4 477
1712270522619 103438.4 478
1712270532731 103438.4 479
1712270542816 103438.4 480
1712270552907 103438.4 481
1712270563030 103438.4 482
1712270573131 103438.4 483
1712270583234 103438.4 484
1712270593323 103438.4 485
1712270603424 103438.4 486
1712270613524 103438.4 487
1712270623610 103438.4 488
1712270633734 103438.4 489
1712270643831 103438.4 490
1712270653925 103438.4 491
1712270664029 103438.4 492
1712270674148 103438.4 493
1712270684236 103438.4 494
1712270694338 103438.4 495
1712270704438 103438.4 496
1712270714536 103438.4 497
1712270724648 103438.4 498
1712270734734 103438.4 499
1712270744833 103438.4 500
1712270754924 103438.4 501
1712270765027 103438.4 502
1712270775124 103438.4 503
1712270785236 103438.4 504
1712270795362 103438.4 505
1712270805469 103438.4 506
1712270815585 103438.4 507
1712270825706 103438.4 508
1712270835837 103438.4 509
1712270845942 103438.4 510
1712270856028 103438.4 511
1712270866127 103438.4 512
1712270876230 103438.4 513
1712270886320 103438.4 514
1712270896414 103438.4 515
1712270906504 103438.4 516
1712270916552 103438.4 517
1712270926659 103438.4 518
1712270936710 103438.4 519
1712270946758 103438.4 520
1712270956813 103438.4 521
1712270966865 103438.4 522
1712270976906 103438.4 523
1712270986991 103438.4 524
1712270997044 103438.4 525
1712271007095 103438.4 526
1712271017203 103438.4 527
1712271027243 103438.4 528
1712271037291 103438.4 529
1712271047415 103438.4 530
1712271057476 103438.4 531
1712271067542 103438.4 532
1712271077666 103438.4 533
1712271087718 103438.4 534
1712271097761 103438.4 535
1712271107882 103438.4 536
1712271117975 103437.8 537
1712271128088 103437.8 538
1712271138199 103437.8 539
1712271148322 103437.8 540
1712271158402 103437.8 541
1712271168513 103437.8 542
1712271178625 103437.8 543
1712271188718 103437.8 544
1712271198812 103437.8 545
1712271208909 103437.8 546
1712271219195 103437.8 547
1712271229315 114238.8 548
1712271239425 114238.8 549
1712271249525 110420.9 550
1712271259644 108260.3 551
1712271269772 108260.3 552
1712271279821 108260.3 553
1712271289936 108260.3 554
1712271300037 108260.3 555
1712271310141 108260.3 556
1712271320254 108260.3 557
1712271330379 108260.3 558
1712271340429 108260.3 559
1712271350538 108260.3 560
1712271360723 108260.3 561
1712271370868 108260.3 562
1712271381036 108260.3 563
1712271391194 108260.3 564
1712271401255 108260.3 565
1712271411414 108260.3 566
1712271421850 110330.3 567
1712271432014 107030.6 568
1712271442178 104903.9 569
1712271452305 103124.3 570
1712271462362 103124.3 571
1712271472476 103124.3 572
1712271482577 103124.3 573
1712271492702 103124.3 574
1712271502820 103124.3 575
1712271512933 103124.3 576
1712271522990 103124.3 577
1712271533130 103124.3 578
1712271543269 103124.3 579
1712271553389 103124.3 580
1712271563503 103124.3 581
1712271573618 103124.3 582
1712271583667 103124.3 583
1712271593776 103124.3 584
1712271603885 103124.3 585
1712271613989 103124.3 586
1712271624090 103124.3 587
1712271634186 103124.3 588
1712271644240 103124.3 589
1712271654352 103124.3 590
1712271664454 103124.3 591
1712271674556 103124.3 592
1712271684665 103124.3 593
1712271694774 103124.3 594
1712271704823 103124.3 595
1712271714946 103124.3 596
1712271725058 103124.3 597
1712271735165 103124.3 598
1712271745266 103124.3 599
1712271755369 103124.3 600
1712271765427 103124.3 601
1712271775575 103124.3 602
1712271785686 103124.3 603
1712271795798 103124.3 604
1712271805902 103124.3 605
1712271816037 103124.3 606
1712271826148 103124.3 607
1712271836255 103124.3 608
1712271846369 103124.3 609
1712271856482 103124.3 610
1712271866596 103124.3 611
1712271876699 103124.3 612
1712271886809 103124.3 613
1712271896912 103124.3 614
1712271907020 103124.3 615
1712271917124 103124.3 616
1712271927242 103124.3 617
1712271937366 103124.3 618
1712271947501 103124.3 619
1712271957624 103124.3 620
1712271967736 103124.3 621
1712271977842 103124.3 622
1712271987947 103124.3 623
1712271998164 103124.3 624
1712272008267 103124.3 625
1712272018371 103124.3 626
1712272028477 103124.3 627
1712272038584 103124.3 628
1712272048680 103124.3 629
1712272058789 103124.3 630
1712272068908 103124.3 631
1712272079009 103124.3 632
1712272089120 103124.3 633
1712272099238 103124.3 634
1712272109348 103124.3 635
1712272119447 103124.3 636
1712272129576 103124.3 637
1712272139692 103124.3 638
1712272149793 103124.3 639
1712272159915 103123.8 640
1712272170030 103123.8 641
1712272180154 103123.8 642
1712272190278 103123.8 643
1712272200408 103123.8 644
1712272210530 103123.8 645
1712272220663 103123.8 646
1712272230793 103123.8 647
1712272240869 103123.8 648
1712272250923 103123.8 649
1712272261031 103123.8 650
1712272271091 103123.8 651
1712272281167 103123.8 652
1712272291284 103123.8 653
1712272301334 103123.8 654
1712272311413 103123.8 655
1712272321527 103123.8 656
1712272331584 103123.8 657
1712272341631 103123.8 658
1712272351744 103123.8 659
1712272361795 103123.7 660
1712272371865 103123.7 661
1712272381982 103123.7 662
1712272392026 103123.7 663
1712272402087 103123.7 664
1712272412210 103123.7 665
1712272422269 103123.7 666
1712272432322 103123.7 667
1712272442439 103123.7 668
1712272452493 103123.7 669
1712272462551 103123.7 670
1712272472654 103123.7 671
1712272482706 103123.7 672
1712272492773 103123.7 673
1712272502880 103123.7 674
1712272512938 103123.7 675
1712272522986 103123.7 676
1712272533101 103123.7 677
1712272543166 103123.7 678
1712272553272 103123.7 679
1712272563375 103123.7 680
1712272573491 103123.7 681
1712272583615 103123.7 682
1712272593785 103123.7 683
1712272603875 103123.7 684
1712272614040 103123.7 685
1712272624213 103123.7 686
1712272634365 103123.7 687
1712272644490 103123.7 688
1712272654625 103123.7 689
1712272664682 114375.0 690
1712272674801 114375.0 691
1712272684907 111639.2 692
1712272695021 108336.6 693
1712272705124 108336.6 694
1712272715227 108336.6 695
1712272725284 108336.6 696
1712272735404 108336.6 697
1712272745519 108336.5 698
1712272755634 108336.5 699
1712272765734 108336.5 700
1712272775837 108336.5 701
1712272785910 108336.5 702
1712272796041 108336.5 703
1712272806163 108336.5 704
1712272816279 108336.5 705
1712272826394 108336.5 706
1712272836507 108336.5 707
1712272846608 108336.5 708
1712272856772 112353.0 709
1712272866931 109088.6 710
1712272877118 106678.2 711
