1712265697000 158596.3 0
1712265707102 166216.4 1
1712265717199 170448.4 2
1712265727281 172188.2 3
1712265737360 172188.2 4
1712265747434 172188.2 5
1712265757503 172188.2 6
1712265767577 172188.2 7
1712265777673 172188.2 8
1712265787754 172188.2 9
1712265797837 172188.2 10
1712265807943 172188.2 11
1712265818008 172188.2 12
1712265828093 172188.2 13
1712265838159 172188.2 14
1712265848240 172188.2 15
1712265858315 172188.2 16
1712265868395 172188.2 17
1712265878465 172188.2 18
1712265888539 172188.2 19
1712265898621 172188.2 20
1712265908681 172188.7 21
1712265918747 172188.7 22
1712265928811 172188.7 23
1712265938878 172188.7 24
1712265948952 172188.7 25
1712265959022 172188.7 26
1712265969101 172188.7 27
1712265979173 172188.7 28
1712265989251 172188.7 29
1712265999332 172188.7 30
1712266009403 172188.8 31
1712266019481 172188.8 32
1712266029560 172188.8 33
1712266039646 172188.8 34
1712266049756 172188.8 35
1712266059848 172188.8 36
1712266069923 172188.8 37
1712266079999 172188.8 38
1712266090073 172188.8 39
1712266100161 172188.8 40
1712266110245 172188.8 41
1712266120320 172188.8 42
1712266130417 172188.8 43
1712266140490 172188.8 44
1712266150574 172188.8 45
1712266160674 172188.8 46
1712266170747 172188.8 47
1712266180853 172188.8 48
1712266190923 172188.8 49
1712266200998 172188.8 50
1712266211090 172188.8 51
1712266221172 172188.8 52
1712266231258 172188.8 53
1712266241334 172188.8 54
1712266251410 172188.8 55
1712266261494 172188.8 56
1712266271572 172188.8 57
1712266281657 172188.8 58
1712266291721 172188.8 59
1712266301790 172188.8 60
1712266311885 172188.8 61
1712266321965 172188.8 62
1712266332053 172188.8 63
1712266342124 172188.8 64
1712266352196 172188.8 65
1712266362277 172188.8 66
1712266372359 172188.8 67
1712266382442 172188.8 68
1712266392524 172188.8 69
1712266402596 172188.8 70
1712266412672 172188.8 71
1712266422741 172188.8 72
1712266432806 172188.8 73
1712266442895 172188.8 74
1712266452966 172188.8 75
1712266463037 172188.8 76
1712266473108 172188.8 77
1712266483176 172188.8 78
1712266493269 172188.8 79
1712266503372 172188.8 80
1712266513462 172188.8 81
1712266523532 172188.8 82
1712266533634 172188.8 83
1712266543738 172188.8 84
1712266553810 172188.8 85
1712266563915 172188.8 86
1712266573996 172188.8 87
1712266584081 172188.8 88
1712266594175 172188.8 89
1712266604277 172188.8 90
1712266614373 172188.8 91
1712266624449 172188.8 92
1712266634537 172188.8 93
1712266644633 172188.8 94
1712266654712 172188.8 95
1712266664791 172188.8 96
1712266674887 172188.8 97
1712266684979 172188.8 98
1712266695051 172188.8 99
1712266705152 172188.8 100
1712266715235 172188.8 101
1712266725315 172188.8 102
1712266735411 172188.8 103
1712266745503 172188.8 104
1712266755588 172188.8 105
1712266765665 172188.8 106
1712266775751 172188.8 107
1712266785864 172188.8 108
1712266795939 172188.8 109
1712266806018 172188.8 110
1712266816123 172188.8 111
1712266826224 172188.8 112
1712266836323 172188.8 113
1712266846427 172188.8 114
1712266856506 172188.8 115
1712266866605 172188.8 116
1712266876696 172188.8 117
1712266886805 172188.8 118
1712266896895 172188.8 119
1712266906988 172188.8 120
1712266917080 172188.8 121
1712266927176 172188.8 122
1712266937266 172188.8 123
1712266947372 161779.2 124
1712266957459 166122.5 125
1712266967554 167221.3 126
1712266977637 167221.3 127
1712266987730 167221.3 128
1712266997833 167221.3 129
1712267007940 167221.3 130
1712267018041 167221.3 131
1712267028122 167221.3 132
1712267038215 167221.3 133
1712267048310 167221.3 134
1712267058391 167221.3 135
1712267068491 167221.3 136
1712267078574 167221.3 137
1712267088675 167221.3 138
1712267098763 167221.3 139
1712267108873 167221.3 140
1712267119005 167221.3 141
1712267129107 166360.0 142
1712267139188 169446.7 143
1712267149274 172473.8 144
1712267159366 172473.8 145
1712267169445 172473.8 146
1712267179550 172473.8 147
1712267189650 172473.8 148
1712267199763 172473.8 149
1712267209870 172473.8 150
1712267219972 172473.9 151
1712267230072 172473.9 152
1712267240188 172473.9 153
1712267250312 172473.9 154
1712267260418 172473.9 155
1712267270555 172473.9 156
1712267280646 172473.9 157
1712267290740 172473.9 158
1712267300828 172473.9 159
1712267310911 172473.9 160
1712267321006 172473.9 161
1712267331103 172473.9 162
1712267341208 172473.9 163
1712267351299 172473.9 164
1712267361374 172473.9 165
1712267371462 172473.9 166
1712267381549 172473.9 167
1712267391641 172473.9 168
1712267401733 172473.9 169
1712267411823 172473.9 170
1712267421927 172473.9 171
1712267432035 172473.9 172
1712267442149 172473.9 173
1712267452248 172473.9 174
1712267462330 172473.9 175
1712267472419 172473.9 176
1712267482503 172473.9 177
1712267492591 172473.9 178
1712267502666 172473.9 179
1712267512754 172473.9 180
1712267522850 172473.9 181
1712267532952 172473.9 182
1712267543037 172473.9 183
1712267553129 172473.9 184
1712267563224 172473.9 185
1712267573328 172473.9 186
1712267583408 172473.9 187
1712267593493 172473.9 188
1712267603570 172473.9 189
1712267613663 172473.9 190
1712267623748 172473.9 191
1712267633845 172473.9 192
1712267643922 172473.9 193
1712267654013 172473.9 194
1712267664107 172473.9 195
1712267674201 172473.9 196
1712267684303 172473.9 197
1712267694408 172473.9 198
1712267704494 172473.9 199
1712267714598 172473.9 200
1712267724691 172473.9 201
1712267734782 172473.9 202
1712267744894 172473.9 203
1712267754987 172473.9 204
1712267765083 172473.9 205
1712267775167 172473.9 206
1712267785249 172473.9 207
1712267795332 172473.9 208
1712267805420 172473.9 209
1712267815522 172473.9 210
1712267825621 172473.9 211
1712267835725 172473.9 212
1712267845812 172473.9 213
1712267855901 172473.9 214
1712267865994 172473.9 215
1712267876096 172473.9 216
1712267886206 172473.9 217
1712267896298 172473.9 218
1712267906386 172473.9 219
1712267916471 172473.9 220
1712267926560 172473.9 221
1712267936658 172473.9 222
1712267946749 172473.9 223
1712267956851 172473.9 224
1712267966966 172473.9 225
1712267977071 172473.9 226
1712267987160 172474.4 227
1712267997262 172474.4 228
1712268007353 172474.4 229
1712268017448 172474.4 230
1712268027553 172474.4 231
1712268037659 172474.4 232
1712268047741 172474.4 233
1712268057851 172474.4 234
1712268067941 172474.4 235
1712268078042 172474.4 236
1712268088132 172474.4 237
1712268098225 172474.4 238
1712268108323 172474.4 239
1712268118401 172474.4 240
1712268128496 172474.4 241
1712268138590 172474.4 242
1712268148679 172474.4 243
1712268158805 172474.4 244
1712268168898 172474.4 245
1712268178984 172474.4 246
1712268189088 172474.4 247
1712268199176 172474.5 248
1712268209265 172474.5 249
1712268219354 172474.5 250
1712268229440 172474.5 251
1712268239516 172474.5 252
1712268249609 172474.5 253
1712268259696 172474.5 254
1712268269787 172474.5 255
1712268279883 172474.5 256
1712268289976 172474.5 257
1712268300077 172474.5 258
1712268310163 172474.5 259
1712268320250 172474.5 260
1712268330344 172474.5 261
1712268340447 172474.5 262
1712268350543 172474.5 263
1712268360655 172474.5 264
1712268370752 161450.2 265
1712268380830 164208.8 266
1712268390914 167492.6 267
1712268401007 167492.6 268
1712268411089 167492.6 269
1712268421164 167492.6 270
1712268431251 167492.6 271
1712268441339 167492.6 272
1712268451422 167492.6 273
1712268461508 167492.6 274
1712268471586 167492.6 275
1712268481671 167492.6 276
1712268491760 167492.6 277
1712268501863 167492.6 278
1712268511950 167492.6 279
1712268522053 167492.6 280
1712268532141 167492.6 281
1712268542385 167492.6 282
1712268552475 165574.6 283
1712268562663 169071.5 284
1712268572757 170892.2 285
1712268582840 172654.4 286
1712268592936 172654.4 287
1712268603015 172654.4 288
1712268613106 172654.4 289
1712268623198 172654.4 290
1712268633282 172654.4 291
1712268643370 172654.4 292
1712268653451 172654.4 293
1712268663549 172654.4 294
1712268673786 172654.4 295
1712268683907 172654.4 296
1712268694036 172654.4 297
1712268704152 172654.4 298
1712268714264 172654.4 299
1712268724358 172654.4 300
1712268734452 172654.4 301
1712268744548 172654.4 302
1712268754657 172654.4 303
1712268764777 172654.4 304
1712268774887 172654.4 305
1712268784994 172654.4 306
1712268795111 172654.4 307
1712268805226 172654.4 308
1712268815352 172654.4 309
1712268825445 172654.4 310
1712268835566 172654.4 311
1712268845673 172654.4 312
1712268855771 172654.4 313
1712268865871 172654.4 314
1712268875968 172654.4 315
1712268886056 172654.4 316
1712268896147 172654.4 317
1712268906249 172654.4 318
1712268916354 172654.4 319
1712268926445 172654.4 320
1712268936542 172654.4 321
1712268946646 172654.4 322
1712268956752 172654.4 323
1712268966846 172654.4 324
1712268976940 172654.4 325
1712268987033 172654.4 326
1712268997120 172654.4 327
1712269007210 172654.4 328
1712269017298 172654.4 329
1712269027394 172654.9 330
1712269037486 172654.9 331
1712269047569 172654.9 332
1712269057660 172654.9 333
1712269067743 172654.9 334
1712269077833 172654.9 335
1712269087919 172654.9 336
1712269098031 172654.9 337
1712269108121 172654.9 338
1712269118213 172654.9 339
1712269128311 172654.9 340
1712269138396 172654.9 341
1712269148496 172654.9 342
1712269158606 172654.9 343
1712269168709 172654.9 344
1712269178793 172654.9 345
1712269188893 172654.9 346
1712269198985 172654.9 347
1712269209071 172654.9 348
1712269219158 172654.9 349
1712269229246 172655.0 350
1712269239347 172655.0 351
1712269249441 172655.0 352
1712269259536 172655.0 353
1712269269648 172655.0 354
1712269279731 172655.0 355
1712269289835 172655.0 356
1712269299917 172655.0 357
1712269310027 172655.0 358
1712269320121 172655.0 359
1712269330203 172655.0 360
1712269340297 172655.0 361
1712269350408 172655.0 362
1712269360513 172655.0 363
1712269370618 172655.0 364
1712269380734 172655.0 365
1712269390841 172655.0 366
1712269400943 172655.0 367
1712269411059 172655.0 368
1712269421146 172655.0 369
1712269431266 172655.0 370
1712269441352 172655.0 371
1712269451441 172655.0 372
1712269461530 172655.0 373
1712269471619 172655.0 374
1712269481717 172655.0 375
1712269491803 172655.0 376
1712269501903 172655.0 377
1712269511998 172655.0 378
1712269522100 172655.0 379
1712269532216 172655.0 380
1712269542331 172655.0 381
1712269552422 172655.0 382
1712269562522 172655.0 383
1712269572617 172655.0 384
1712269582709 172655.0 385
1712269592809 172655.0 386
1712269602907 172655.0 387
1712269613003 172655.0 388
1712269623089 172655.0 389
1712269633184 172655.0 390
1712269643273 172655.0 391
1712269653369 172655.0 392
1712269663452 172655.0 393
1712269673563 172655.0 394
1712269683652 172655.0 395
1712269693749 172655.0 396
1712269703853 172655.0 397
1712269713952 172655.0 398
1712269724073 172655.0 399
1712269734168 172655.0 400
1712269744269 172655.0 401
1712269754366 172655.0 402
1712269764451 172655.0 403
1712269774540 172655.0 404
1712269784632 172655.0 405
1712269794716 161427.4 406
1712269804830 161427.4 407
1712269814925 167392.6 408
1712269825019 167392.6 409
1712269835113 167392.6 410
1712269845205 167392.6 411
1712269855297 167392.6 412
1712269865396 167392.6 413
1712269875489 167392.6 414
1712269885585 167392.6 415
1712269895687 167392.6 416
1712269905883 167392.6 417
1712269915977 167392.6 418
1712269926072 167392.6 419
1712269936159 167392.6 420
1712269946245 167392.6 421
1712269956351 167392.6 422
1712269966469 167392.6 423
1712269976591 162347.4 424
1712269986730 166707.7 425
1712269996922 169275.9 426
1712270007517 171080.6 427
1712270017639 172708.8 428
1712270027770 172708.8 429
1712270037876 172708.8 430
1712270047978 172708.8 431
1712270058091 172708.8 432
1712270068195 172708.8 433
1712270078302 172709.3 434
1712270088415 172709.3 435
1712270098509 172709.3 436
1712270108608 172709.3 437
1712270118697 172709.3 438
1712270128785 172709.3 439
1712270138885 172709.3 440
1712270148982 172709.3 441
1712270159076 172709.3 442
1712270169158 172709.3 443
1712270179246 172709.3 444
1712270189338 172709.3 445
1712270199434 172709.3 446
1712270209519 172709.3 447
1712270219632 172709.3 448
1712270229728 172709.3 449
1712270239819 172709.3 450
1712270249924 172709.3 451
1712270260023 172709.3 452
1712270270123 172709.3 453
1712270280323 172709.3 454
1712270290411 172709.3 455
1712270300500 172709.3 456
1712270310588 172709.3 457
1712270320680 172709.3 458
1712270330782 172709.3 459
1712270340873 172709.3 460
1712270350969 172709.3 461
1712270361053 172709.3 462
1712270371149 172709.3 463
1712270381264 172709.3 464
1712270391374 172709.3 465
1712270401458 172709.3 466
1712270411560 172709.3 467
1712270421657 172709.3 468
1712270431756 172709.3 469
1712270441854 172709.3 470
1712270451944 172709.3 471
1712270462038 172709.3 472
1712270472140 172709.3 473
1712270482242 172709.3 474
1712270492331 172709.3 475
1712270502417 172709.3 476
1712270512521 172709.3 477
1712270522619 172709.3 478
1712270532731 172709.3 479
1712270542816 172709.3 480
1712270552907 172709.3 481
1712270563030 172709.3 482
1712270573131 172709.3 483
1712270583234 172709.3 484
1712270593323 172709.3 485
1712270603424 172709.3 486
1712270613524 172709.3 487
1712270623610 172709.3 488
1712270633734 172709.3 489
1712270643831 172709.3 490
1712270653925 172709.3 491
1712270664029 172709.3 492
1712270674148 172709.3 493
1712270684236 172709.3 494
1712270694338 172709.3 495
1712270704438 172709.3 496
1712270714536 172709.3 497
1712270724648 172709.3 498
1712270734734 172709.3 499
1712270744833 172709.3 500
1712270754924 172709.3 501
1712270765027 172709.3 502
1712270775124 172709.3 503
1712270785236 172709.3 504
1712270795362 172709.3 505
1712270805469 172709.3 506
1712270815585 172709.3 507
1712270825706 172709.3 508
1712270835837 172709.3 509
1712270845942 172709.3 510
1712270856028 172709.3 511
1712270866127 172709.3 512
1712270876230 172709.3 513
1712270886320 172709.3 514
1712270896414 172709.3 515
1712270906504 172709.3 516
1712270916552 172709.4 517
1712270926659 172709.4 518
1712270936710 172709.4 519
1712270946758 172709.4 520
1712270956813 172709.4 521
1712270966865 172709.4 522
1712270976906 172709.4 523
1712270986991 172709.4 524
1712270997044 172709.4 525
1712271007095 172709.4 526
1712271017203 172709.4 527
1712271027243 172709.4 528
1712271037291 172709.4 529
1712271047415 172709.4 530
1712271057476 172709.4 531
1712271067542 172709.4 532
1712271077666 172709.4 533
1712271087718 172709.4 534
1712271097761 172709.4 535
1712271107882 172709.4 536
1712271117975 172709.9 537
1712271128088 172709.9 538
1712271138199 172709.9 539
1712271148322 172709.9 540
1712271158402 172709.9 541
1712271168513 172709.9 542
1712271178625 172709.9 543
1712271188718 172709.9 544
1712271198812 172709.9 545
1712271208909 172709.9 546
1712271219195 172709.9 547
1712271229315 161909.0 548
1712271239425 161909.0 549
1712271249525 165726.8 550
1712271259644 167887.4 551
1712271269772 167887.4 552
1712271279821 167887.4 553
1712271289936 167887.4 554
1712271300037 167887.4 555
1712271310141 167887.4 556
1712271320254 167887.4 557
1712271330379 167887.4 558
1712271340429 167887.4 559
1712271350538 167887.4 560
1712271360723 167887.4 561
1712271370868 167887.4 562
1712271381036 167887.4 563
1712271391194 167887.4 564
1712271401255 167887.4 565
1712271411414 167887.4 566
1712271421850 165817.4 567
1712271432014 169117.1 568
1712271442178 171243.8 569
1712271452305 173023.4 570
1712271462362 173023.4 571
1712271472476 173023.4 572
1712271482577 173023.4 573
1712271492702 173023.4 574
1712271502820 173023.4 575
1712271512933 173023.4 576
1712271522990 173023.4 577
1712271533130 173023.4 578
1712271543269 173023.4 579
1712271553389 173023.4 580
1712271563503 173023.4 581
1712271573618 173023.4 582
1712271583667 173023.4 583
1712271593776 173023.4 584
1712271603885 173023.4 585
1712271613989 173023.4 586
1712271624090 173023.4 587
1712271634186 173023.4 588
1712271644240 173023.4 589
1712271654352 173023.4 590
1712271664454 173023.4 591
1712271674556 173023.4 592
1712271684665 173023.4 593
1712271694774 173023.4 594
1712271704823 173023.4 595
1712271714946 173023.4 596
1712271725058 173023.4 597
1712271735165 173023.4 598
1712271745266 173023.4 599
1712271755369 173023.4 600
1712271765427 173023.4 601
1712271775575 173023.4 602
1712271785686 173023.4 603
1712271795798 173023.4 604
1712271805902 173023.4 605
1712271816037 173023.4 606
1712271826148 173023.4 607
1712271836255 173023.4 608
1712271846369 173023.4 609
1712271856482 173023.4 610
1712271866596 173023.4 611
1712271876699 173023.4 612
1712271886809 173023.4 613
1712271896912 173023.4 614
1712271907020 173023.4 615
1712271917124 173023.4 616
1712271927242 173023.4 617
1712271937366 173023.4 618
1712271947501 173023.4 619
1712271957624 173023.4 620
1712271967736 173023.4 621
1712271977842 173023.4 622
1712271987947 173023.4 623
1712271998164 173023.4 624
1712272008267 173023.4 625
1712272018371 173023.4 626
1712272028477 173023.4 627
1712272038584 173023.4 628
1712272048680 173023.4 629
1712272058789 173023.4 630
1712272068908 173023.4 631
1712272079009 173023.4 632
1712272089120 173023.4 633
1712272099238 173023.4 634
1712272109348 173023.4 635
1712272119447 173023.4 636
1712272129576 173023.4 637
1712272139692 173023.4 638
1712272149793 173023.4 639
1712272159915 173024.0 640
1712272170030 173024.0 641
1712272180154 173024.0 642
1712272190278 173024.0 643
1712272200408 173024.0 644
1712272210530 173024.0 645
1712272220663 173024.0 646
1712272230793 173024.0 647
1712272240869 173024.0 648
1712272250923 173024.0 649
1712272261031 173024.0 650
1712272271091 173024.0 651
1712272281167 173024.0 652
1712272291284 173024.0 653
1712272301334 173024.0 654
1712272311413 173024.0 655
1712272321527 173024.0 656
1712272331584 173024.0 657
1712272341631 173024.0 658
1712272351744 173024.0 659
1712272361795 173024.0 660
1712272371865 173024.0 661
1712272381982 173024.0 662
1712272392026 173024.0 663
1712272402087 173024.0 664
1712272412210 173024.0 665
1712272422269 173024.0 666
1712272432322 173024.0 667
1712272442439 173024.0 668
1712272452493 173024.0 669
1712272462551 173024.0 670
1712272472654 173024.0 671
1712272482706 173024.0 672
1712272492773 173024.0 673
1712272502880 173024.0 674
1712272512938 173024.0 675
1712272522986 173024.0 676
1712272533101 173024.0 677
1712272543166 173024.0 678
1712272553272 173024.0 679
1712272563375 173024.0 680
1712272573491 173024.0 681
1712272583615 173024.0 682
1712272593785 173024.0 683
1712272603875 173024.0 684
1712272614040 173024.0 685
1712272624213 173024.0 686
1712272634365 173024.0 687
1712272644490 173024.0 688
1712272654625 173024.0 689
1712272664682 161772.7 690
1712272674801 161772.7 691
1712272684907 164508.5 692
1712272695021 167811.2 693
1712272705124 167811.2 694
1712272715227 167811.2 695
1712272725284 167811.2 696
1712272735404 167811.2 697
1712272745519 167811.2 698
1712272755634 167811.2 699
1712272765734 167811.2 700
1712272775837 167811.2 701
1712272785910 167811.2 702
1712272796041 167811.2 703
1712272806163 167811.2 704
1712272816279 167811.2 705
1712272826394 167811.2 706
1712272836507 167811.2 707
1712272846608 167811.2 708
1712272856772 163794.7 709
1712272866931 167059.2 710
1712272877118 169469.6 711
