1712265697000 57.4 0
1712265707102 60.2 1
1712265717199 61.7 2
1712265727281 62.4 3
1712265737360 62.4 4
1712265747434 62.4 5
1712265757503 62.4 6
1712265767577 62.4 7
1712265777673 62.4 8
1712265787754 62.4 9
1712265797837 62.4 10
1712265807943 62.4 11
1712265818008 62.4 12
1712265828093 62.4 13
1712265838159 62.4 14
1712265848240 62.4 15
1712265858315 62.4 16
1712265868395 62.4 17
1712265878465 62.4 18
1712265888539 62.4 19
1712265898621 62.4 20
1712265908681 62.4 21
1712265918747 62.4 22
1712265928811 62.4 23
1712265938878 62.4 24
1712265948952 62.4 25
1712265959022 62.4 26
1712265969101 62.4 27
1712265979173 62.4 28
1712265989251 62.4 29
1712265999332 62.4 30
1712266009403 62.4 31
1712266019481 62.4 32
1712266029560 62.4 33
1712266039646 62.4 34
1712266049756 62.4 35
1712266059848 62.4 36
1712266069923 62.4 37
1712266079999 62.4 38
1712266090073 62.4 39
1712266100161 62.4 40
1712266110245 62.4 41
1712266120320 62.4 42
1712266130417 62.4 43
1712266140490 62.4 44
1712266150574 62.4 45
1712266160674 62.4 46
1712266170747 62.4 47
1712266180853 62.4 48
1712266190923 62.4 49
1712266200998 62.4 50
1712266211090 62.4 51
1712266221172 62.4 52
1712266231258 62.4 53
1712266241334 62.4 54
1712266251410 62.4 55
1712266261494 62.4 56
1712266271572 62.4 57
1712266281657 62.4 58
1712266291721 62.4 59
1712266301790 62.4 60
1712266311885 62.4 61
1712266321965 62.4 62
1712266332053 62.4 63
1712266342124 62.4 64
1712266352196 62.4 65
1712266362277 62.4 66
1712266372359 62.4 67
1712266382442 62.4 68
1712266392524 62.4 69
1712266402596 62.4 70
1712266412672 62.4 71
1712266422741 62.4 72
1712266432806 62.4 73
1712266442895 62.4 74
1712266452966 62.4 75
1712266463037 62.4 76
1712266473108 62.4 77
1712266483176 62.4 78
1712266493269 62.4 79
1712266503372 62.4 80
1712266513462 62.4 81
1712266523532 62.4 82
1712266533634 62.4 83
1712266543738 62.4 84
1712266553810 62.4 85
1712266563915 62.4 86
1712266573996 62.4 87
1712266584081 62.4 88
1712266594175 62.4 89
1712266604277 62.4 90
1712266614373 62.4 91
1712266624449 62.4 92
1712266634537 62.4 93
1712266644633 62.4 94
1712266654712 62.4 95
1712266664791 62.4 96
1712266674887 62.4 97
1712266684979 62.4 98
1712266695051 62.4 99
1712266705152 62.4 100
1712266715235 62.4 101
1712266725315 62.4 102
1712266735411 62.4 103
1712266745503 62.4 104
1712266755588 62.4 105
1712266765665 62.4 106
1712266775751 62.4 107
1712266785864 62.4 108
1712266795939 62.4 109
1712266806018 62.4 110
1712266816123 62.4 111
1712266826224 62.4 112
1712266836323 62.4 113
1712266846427 62.4 114
1712266856506 62.4 115
1712266866605 62.4 116
1712266876696 62.4 117
1712266886805 62.4 118
1712266896895 62.4 119
1712266906988 62.4 120
1712266917080 62.4 121
1712266927176 62.4 122
1712266937266 62.4 123
1712266947372 58.6 124
1712266957459 60.2 125
1712266967554 60.6 126
1712266977637 60.6 127
1712266987730 60.6 128
1712266997833 60.6 129
1712267007940 60.6 130
1712267018041 60.6 131
1712267028122 60.6 132
1712267038215 60.6 133
1712267048310 60.6 134
1712267058391 60.6 135
1712267068491 60.6 136
1712267078574 60.6 137
1712267088675 60.6 138
1712267098763 60.6 139
1712267108873 60.6 140
1712267119005 60.6 141
1712267129107 60.2 142
1712267139188 61.4 143
1712267149274 62.5 144
1712267159366 62.5 145
1712267169445 62.5 146
1712267179550 62.5 147
1712267189650 62.5 148
1712267199763 62.5 149
1712267209870 62.5 150
1712267219972 62.5 151
1712267230072 62.5 152
1712267240188 62.5 153
1712267250312 62.5 154
1712267260418 62.5 155
1712267270555 62.5 156
1712267280646 62.5 157
1712267290740 62.5 158
1712267300828 62.5 159
1712267310911 62.5 160
1712267321006 62.5 161
1712267331103 62.5 162
1712267341208 62.5 163
1712267351299 62.5 164
1712267361374 62.5 165
1712267371462 62.5 166
1712267381549 62.5 167
1712267391641 62.5 168
1712267401733 62.5 169
1712267411823 62.5 170
1712267421927 62.5 171
1712267432035 62.5 172
1712267442149 62.5 173
1712267452248 62.5 174
1712267462330 62.5 175
1712267472419 62.5 176
1712267482503 62.5 177
1712267492591 62.5 178
1712267502666 62.5 179
1712267512754 62.5 180
1712267522850 62.5 181
1712267532952 62.5 182
1712267543037 62.5 183
1712267553129 62.5 184
1712267563224 62.5 185
1712267573328 62.5 186
1712267583408 62.5 187
1712267593493 62.5 188
1712267603570 62.5 189
1712267613663 62.5 190
1712267623748 62.5 191
1712267633845 62.5 192
1712267643922 62.5 193
1712267654013 62.5 194
1712267664107 62.5 195
1712267674201 62.5 196
1712267684303 62.5 197
1712267694408 62.5 198
1712267704494 62.5 199
1712267714598 62.5 200
1712267724691 62.5 201
1712267734782 62.5 202
1712267744894 62.5 203
1712267754987 62.5 204
1712267765083 62.5 205
1712267775167 62.5 206
1712267785249 62.5 207
1712267795332 62.5 208
1712267805420 62.5 209
1712267815522 62.5 210
1712267825621 62.5 211
1712267835725 62.5 212
1712267845812 62.5 213
1712267855901 62.5 214
1712267865994 62.5 215
1712267876096 62.5 216
1712267886206 62.5 217
1712267896298 62.5 218
1712267906386 62.5 219
1712267916471 62.5 220
1712267926560 62.5 221
1712267936658 62.5 222
1712267946749 62.5 223
1712267956851 62.5 224
1712267966966 62.5 225
1712267977071 62.5 226
1712267987160 62.5 227
1712267997262 62.5 228
1712268007353 62.5 229
1712268017448 62.5 230
1712268027553 62.5 231
1712268037659 62.5 232
1712268047741 62.5 233
1712268057851 62.5 234
1712268067941 62.5 235
1712268078042 62.5 236
1712268088132 62.5 237
1712268098225 62.5 238
1712268108323 62.5 239
1712268118401 62.5 240
1712268128496 62.5 241
1712268138590 62.5 242
1712268148679 62.5 243
1712268158805 62.5 244
1712268168898 62.5 245
1712268178984 62.5 246
1712268189088 62.5 247
1712268199176 62.5 248
1712268209265 62.5 249
1712268219354 62.5 250
1712268229440 62.5 251
1712268239516 62.5 252
1712268249609 62.5 253
1712268259696 62.5 254
1712268269787 62.5 255
1712268279883 62.5 256
1712268289976 62.5 257
1712268300077 62.5 258
1712268310163 62.5 259
1712268320250 62.5 260
1712268330344 62.5 261
1712268340447 62.5 262
1712268350543 62.5 263
1712268360655 62.5 264
1712268370752 58.5 265
1712268380830 59.5 266
1712268390914 60.7 267
1712268401007 60.7 268
1712268411089 60.7 269
1712268421164 60.7 270
1712268431251 60.7 271
1712268441339 60.7 272
1712268451422 60.7 273
1712268461508 60.7 274
1712268471586 60.7 275
1712268481671 60.7 276
1712268491760 60.7 277
1712268501863 60.7 278
1712268511950 60.7 279
1712268522053 60.7 280
1712268532141 60.7 281
1712268542385 60.7 282
1712268552475 60.0 283
1712268562663 61.2 284
1712268572757 61.9 285
1712268582840 62.5 286
1712268592936 62.5 287
1712268603015 62.5 288
1712268613106 62.5 289
1712268623198 62.5 290
1712268633282 62.5 291
1712268643370 62.5 292
1712268653451 62.5 293
1712268663549 62.5 294
1712268673786 62.5 295
1712268683907 62.5 296
1712268694036 62.5 297
1712268704152 62.5 298
1712268714264 62.5 299
1712268724358 62.5 300
1712268734452 62.5 301
1712268744548 62.5 302
1712268754657 62.5 303
1712268764777 62.5 304
1712268774887 62.5 305
1712268784994 62.5 306
1712268795111 62.5 307
1712268805226 62.5 308
1712268815352 62.5 309
1712268825445 62.5 310
1712268835566 62.5 311
1712268845673 62.5 312
1712268855771 62.5 313
1712268865871 62.5 314
1712268875968 62.5 315
1712268886056 62.5 316
1712268896147 62.5 317
1712268906249 62.5 318
1712268916354 62.5 319
1712268926445 62.5 320
1712268936542 62.5 321
1712268946646 62.5 322
1712268956752 62.5 323
1712268966846 62.5 324
1712268976940 62.5 325
1712268987033 62.5 326
1712268997120 62.5 327
1712269007210 62.5 328
1712269017298 62.5 329
1712269027394 62.5 330
1712269037486 62.5 331
1712269047569 62.5 332
1712269057660 62.5 333
1712269067743 62.5 334
1712269077833 62.5 335
1712269087919 62.5 336
1712269098031 62.5 337
1712269108121 62.5 338
1712269118213 62.5 339
1712269128311 62.5 340
1712269138396 62.5 341
1712269148496 62.5 342
1712269158606 62.5 343
1712269168709 62.5 344
1712269178793 62.5 345
1712269188893 62.5 346
1712269198985 62.5 347
1712269209071 62.5 348
1712269219158 62.5 349
1712269229246 62.5 350
1712269239347 62.5 351
1712269249441 62.5 352
1712269259536 62.5 353
1712269269648 62.5 354
1712269279731 62.5 355
1712269289835 62.5 356
1712269299917 62.5 357
1712269310027 62.5 358
1712269320121 62.5 359
1712269330203 62.5 360
1712269340297 62.5 361
1712269350408 62.5 362
1712269360513 62.5 363
1712269370618 62.5 364
1712269380734 62.5 365
1712269390841 62.5 366
1712269400943 62.5 367
1712269411059 62.5 368
1712269421146 62.5 369
1712269431266 62.5 370
1712269441352 62.5 371
1712269451441 62.5 372
1712269461530 62.5 373
1712269471619 62.5 374
1712269481717 62.5 375
1712269491803 62.5 376
1712269501903 62.5 377
1712269511998 62.5 378
1712269522100 62.5 379
1712269532216 62.5 380
1712269542331 62.5 381
1712269552422 62.5 382
1712269562522 62.5 383
1712269572617 62.5 384
1712269582709 62.5 385
1712269592809 62.5 386
1712269602907 62.5 387
1712269613003 62.5 388
1712269623089 62.5 389
1712269633184 62.5 390
1712269643273 62.5 391
1712269653369 62.5 392
1712269663452 62.5 393
1712269673563 62.5 394
1712269683652 62.5 395
1712269693749 62.5 396
1712269703853 62.5 397
1712269713952 62.5 398
1712269724073 62.5 399
1712269734168 62.5 400
1712269744269 62.5 401
1712269754366 62.5 402
1712269764451 62.5 403
1712269774540 62.5 404
1712269784632 62.5 405
1712269794716 58.5 406
1712269804830 58.5 407
1712269814925 60.6 408
1712269825019 60.6 409
1712269835113 60.6 410
1712269845205 60.6 411
1712269855297 60.6 412
1712269865396 60.6 413
1712269875489 60.6 414
1712269885585 60.6 415
1712269895687 60.6 416
1712269905883 60.6 417
1712269915977 60.6 418
1712269926072 60.6 419
1712269936159 60.6 420
1712269946245 60.6 421
1712269956351 60.6 422
1712269966469 60.6 423
1712269976591 58.8 424
1712269986730 60.4 425
1712269996922 61.3 426
1712270007517 62.0 427
1712270017639 62.5 428
1712270027770 62.5 429
1712270037876 62.5 430
1712270047978 62.5 431
1712270058091 62.5 432
1712270068195 62.5 433
1712270078302 62.5 434
1712270088415 62.5 435
1712270098509 62.5 436
1712270108608 62.5 437
1712270118697 62.5 438
1712270128785 62.5 439
1712270138885 62.5 440
1712270148982 62.5 441
1712270159076 62.5 442
1712270169158 62.5 443
1712270179246 62.5 444
1712270189338 62.5 445
1712270199434 62.5 446
1712270209519 62.5 447
1712270219632 62.5 448
1712270229728 62.5 449
1712270239819 62.5 450
1712270249924 62.5 451
1712270260023 62.5 452
1712270270123 62.5 453
1712270280323 62.5 454
1712270290411 62.5 455
1712270300500 62.5 456
1712270310588 62.5 457
1712270320680 62.5 458
1712270330782 62.5 459
1712270340873 62.5 460
1712270350969 62.5 461
1712270361053 62.5 462
1712270371149 62.5 463
1712270381264 62.5 464
1712270391374 62.5 465
1712270401458 62.5 466
1712270411560 62.5 467
1712270421657 62.5 468
1712270431756 62.5 469
1712270441854 62.5 470
1712270451944 62.5 471
1712270462038 62.5 472
1712270472140 62.5 473
1712270482242 62.5 474
1712270492331 62.5 475
1712270502417 62.5 476
1712270512521 62.5 477
1712270522619 62.5 478
1712270532731 62.5 479
1712270542816 62.5 480
1712270552907 62.5 481
1712270563030 62.5 482
1712270573131 62.5 483
1712270583234 62.5 484
1712270593323 62.5 485
1712270603424 62.5 486
1712270613524 62.5 487
1712270623610 62.5 488
1712270633734 62.5 489
1712270643831 62.5 490
1712270653925 62.5 491
1712270664029 62.5 492
1712270674148 62.5 493
1712270684236 62.5 494
1712270694338 62.5 495
1712270704438 62.5 496
1712270714536 62.5 497
1712270724648 62.5 498
1712270734734 62.5 499
1712270744833 62.5 500
1712270754924 62.5 501
1712270765027 62.5 502
1712270775124 62.5 503
1712270785236 62.5 504
1712270795362 62.5 505
1712270805469 62.5 506
1712270815585 62.5 507
1712270825706 62.5 508
1712270835837 62.5 509
1712270845942 62.5 510
1712270856028 62.5 511
1712270866127 62.5 512
1712270876230 62.5 513
1712270886320 62.5 514
1712270896414 62.5 515
1712270906504 62.5 516
1712270916552 62.5 517
1712270926659 62.5 518
1712270936710 62.5 519
1712270946758 62.5 520
1712270956813 62.5 521
1712270966865 62.5 522
1712270976906 62.5 523
1712270986991 62.5 524
1712270997044 62.5 525
1712271007095 62.5 526
1712271017203 62.5 527
1712271027243 62.5 528
1712271037291 62.5 529
1712271047415 62.5 530
1712271057476 62.5 531
1712271067542 62.5 532
1712271077666 62.5 533
1712271087718 62.5 534
1712271097761 62.5 535
1712271107882 62.5 536
1712271117975 62.5 537
1712271128088 62.5 538
1712271138199 62.5 539
1712271148322 62.5 540
1712271158402 62.5 541
1712271168513 62.5 542
1712271178625 62.5 543
1712271188718 62.5 544
1712271198812 62.5 545
1712271208909 62.5 546
1712271219195 62.5 547
1712271229315 58.6 548
1712271239425 58.6 549
1712271249525 60.0 550
1712271259644 60.8 551
1712271269772 60.8 552
1712271279821 60.8 553
1712271289936 60.8 554
1712271300037 60.8 555
1712271310141 60.8 556
1712271320254 60.8 557
1712271330379 60.8 558
1712271340429 60.8 559
1712271350538 60.8 560
1712271360723 60.8 561
1712271370868 60.8 562
1712271381036 60.8 563
1712271391194 60.8 564
1712271401255 60.8 565
1712271411414 60.8 566
1712271421850 60.0 567
1712271432014 61.2 568
1712271442178 62.0 569
1712271452305 62.7 570
1712271462362 62.7 571
1712271472476 62.7 572
1712271482577 62.7 573
1712271492702 62.7 574
1712271502820 62.7 575
1712271512933 62.7 576
1712271522990 62.7 577
1712271533130 62.7 578
1712271543269 62.7 579
1712271553389 62.7 580
1712271563503 62.7 581
1712271573618 62.7 582
1712271583667 62.7 583
1712271593776 62.7 584
1712271603885 62.7 585
1712271613989 62.7 586
1712271624090 62.7 587
1712271634186 62.7 588
1712271644240 62.7 589
1712271654352 62.7 590
1712271664454 62.7 591
1712271674556 62.7 592
1712271684665 62.7 593
1712271694774 62.7 594
1712271704823 62.7 595
1712271714946 62.7 596
1712271725058 62.7 597
1712271735165 62.7 598
1712271745266 62.7 599
1712271755369 62.7 600
1712271765427 62.7 601
1712271775575 62.7 602
1712271785686 62.7 603
1712271795798 62.7 604
1712271805902 62.7 605
1712271816037 62.7 606
1712271826148 62.7 607
1712271836255 62.7 608
1712271846369 62.7 609
1712271856482 62.7 610
1712271866596 62.7 611
1712271876699 62.7 612
1712271886809 62.7 613
1712271896912 62.7 614
1712271907020 62.7 615
1712271917124 62.7 616
1712271927242 62.7 617
1712271937366 62.7 618
1712271947501 62.7 619
1712271957624 62.7 620
1712271967736 62.7 621
1712271977842 62.7 622
1712271987947 62.7 623
1712271998164 62.7 624
1712272008267 62.7 625
1712272018371 62.7 626
1712272028477 62.7 627
1712272038584 62.7 628
1712272048680 62.7 629
1712272058789 62.7 630
1712272068908 62.7 631
1712272079009 62.7 632
1712272089120 62.7 633
1712272099238 62.7 634
1712272109348 62.7 635
1712272119447 62.7 636
1712272129576 62.7 637
1712272139692 62.7 638
1712272149793 62.7 639
1712272159915 62.7 640
1712272170030 62.7 641
1712272180154 62.7 642
1712272190278 62.7 643
1712272200408 62.7 644
1712272210530 62.7 645
1712272220663 62.7 646
1712272230793 62.7 647
1712272240869 62.7 648
1712272250923 62.7 649
1712272261031 62.7 650
1712272271091 62.7 651
1712272281167 62.7 652
1712272291284 62.7 653
1712272301334 62.7 654
1712272311413 62.7 655
1712272321527 62.7 656
1712272331584 62.7 657
1712272341631 62.7 658
1712272351744 62.7 659
1712272361795 62.7 660
1712272371865 62.7 661
1712272381982 62.7 662
1712272392026 62.7 663
1712272402087 62.7 664
1712272412210 62.7 665
1712272422269 62.7 666
1712272432322 62.7 667
1712272442439 62.7 668
1712272452493 62.7 669
1712272462551 62.7 670
1712272472654 62.7 671
1712272482706 62.7 672
1712272492773 62.7 673
1712272502880 62.7 674
1712272512938 62.7 675
1712272522986 62.7 676
1712272533101 62.7 677
1712272543166 62.7 678
1712272553272 62.7 679
1712272563375 62.7 680
1712272573491 62.7 681
1712272583615 62.7 682
1712272593785 62.7 683
1712272603875 62.7 684
1712272614040 62.7 685
1712272624213 62.7 686
1712272634365 62.7 687
1712272644490 62.7 688
1712272654625 62.7 689
1712272664682 58.6 690
1712272674801 58.6 691
1712272684907 59.6 692
1712272695021 60.8 693
1712272705124 60.8 694
1712272715227 60.8 695
1712272725284 60.8 696
1712272735404 60.8 697
1712272745519 60.8 698
1712272755634 60.8 699
1712272765734 60.8 700
1712272775837 60.8 701
1712272785910 60.8 702
1712272796041 60.8 703
1712272806163 60.8 704
1712272816279 60.8 705
1712272826394 60.8 706
1712272836507 60.8 707
1712272846608 60.8 708
1712272856772 59.3 709
1712272866931 60.5 710
1712272877118 61.4 711
