1712265697000 90.9 0
1712265707102 90.9 1
1712265717199 90.9 2
1712265727281 90.9 3
1712265737360 91.0 4
1712265747434 91.0 5
1712265757503 91.0 6
1712265767577 91.0 7
1712265777673 91.0 8
1712265787754 91.0 9
1712265797837 91.0 10
1712265807943 91.0 11
1712265818008 91.0 12
1712265828093 91.0 13
1712265838159 91.0 14
1712265848240 91.0 15
1712265858315 91.0 16
1712265868395 91.0 17
1712265878465 91.0 18
1712265888539 91.0 19
1712265898621 91.0 20
1712265908681 91.0 21
1712265918747 91.0 22
1712265928811 91.0 23
1712265938878 91.0 24
1712265948952 91.0 25
1712265959022 91.0 26
1712265969101 91.0 27
1712265979173 91.0 28
1712265989251 91.0 29
1712265999332 91.0 30
1712266009403 91.0 31
1712266019481 91.0 32
1712266029560 91.0 33
1712266039646 91.0 34
1712266049756 91.0 35
1712266059848 91.0 36
1712266069923 91.0 37
1712266079999 91.0 38
1712266090073 91.0 39
1712266100161 91.0 40
1712266110245 91.0 41
1712266120320 91.0 42
1712266130417 91.0 43
1712266140490 91.0 44
1712266150574 91.0 45
1712266160674 91.0 46
1712266170747 91.0 47
1712266180853 91.0 48
1712266190923 91.0 49
1712266200998 91.0 50
1712266211090 91.0 51
1712266221172 91.0 52
1712266231258 91.0 53
1712266241334 91.0 54
1712266251410 91.0 55
1712266261494 91.0 56
1712266271572 91.0 57
1712266281657 91.0 58
1712266291721 91.0 59
1712266301790 91.0 60
1712266311885 91.0 61
1712266321965 91.0 62
1712266332053 91.0 63
1712266342124 91.0 64
1712266352196 91.0 65
1712266362277 91.0 66
1712266372359 91.0 67
1712266382442 91.0 68
1712266392524 91.0 69
1712266402596 91.0 70
1712266412672 91.0 71
1712266422741 91.0 72
1712266432806 91.0 73
1712266442895 91.0 74
1712266452966 91.0 75
1712266463037 91.0 76
1712266473108 91.0 77
1712266483176 91.0 78
1712266493269 91.0 79
1712266503372 91.0 80
1712266513462 91.0 81
1712266523532 91.0 82
1712266533634 91.0 83
1712266543738 91.0 84
1712266553810 91.0 85
1712266563915 91.0 86
1712266573996 91.0 87
1712266584081 91.0 88
1712266594175 91.0 89
1712266604277 91.0 90
1712266614373 91.0 91
1712266624449 91.0 92
1712266634537 91.0 93
1712266644633 91.0 94
1712266654712 91.0 95
1712266664791 91.0 96
1712266674887 91.0 97
1712266684979 91.0 98
1712266695051 91.0 99
1712266705152 91.0 100
1712266715235 91.0 101
1712266725315 91.0 102
1712266735411 91.0 103
1712266745503 91.0 104
1712266755588 91.0 105
1712266765665 91.0 106
1712266775751 91.0 107
1712266785864 91.0 108
1712266795939 91.0 109
1712266806018 91.0 110
1712266816123 91.0 111
1712266826224 91.0 112
1712266836323 91.0 113
1712266846427 91.0 114
1712266856506 91.0 115
1712266866605 91.0 116
1712266876696 91.0 117
1712266886805 91.0 118
1712266896895 91.0 119
1712266906988 91.0 120
1712266917080 91.0 121
1712266927176 91.0 122
1712266937266 91.0 123
1712266947372 91.0 124
1712266957459 91.0 125
1712266967554 91.0 126
1712266977637 91.0 127
1712266987730 91.0 128
1712266997833 91.0 129
1712267007940 91.0 130
1712267018041 91.0 131
1712267028122 91.0 132
1712267038215 91.0 133
1712267048310 91.0 134
1712267058391 91.0 135
1712267068491 91.0 136
1712267078574 91.0 137
1712267088675 91.0 138
1712267098763 91.0 139
1712267108873 91.0 140
1712267119005 91.0 141
1712267129107 91.0 142
1712267139188 91.0 143
1712267149274 91.0 144
1712267159366 91.0 145
1712267169445 91.0 146
1712267179550 91.0 147
1712267189650 91.0 148
1712267199763 91.0 149
1712267209870 91.0 150
1712267219972 91.0 151
1712267230072 91.0 152
1712267240188 91.0 153
1712267250312 91.0 154
1712267260418 91.0 155
1712267270555 91.0 156
1712267280646 91.0 157
1712267290740 91.0 158
1712267300828 91.0 159
1712267310911 91.0 160
1712267321006 91.0 161
1712267331103 91.0 162
1712267341208 91.0 163
1712267351299 91.0 164
1712267361374 91.0 165
1712267371462 91.0 166
1712267381549 91.0 167
1712267391641 91.0 168
1712267401733 91.0 169
1712267411823 91.0 170
1712267421927 91.0 171
1712267432035 91.0 172
1712267442149 91.0 173
1712267452248 91.0 174
1712267462330 91.0 175
1712267472419 91.0 176
1712267482503 91.0 177
1712267492591 91.0 178
1712267502666 91.0 179
1712267512754 91.0 180
1712267522850 91.0 181
1712267532952 91.0 182
1712267543037 91.0 183
1712267553129 91.0 184
1712267563224 91.0 185
1712267573328 91.0 186
1712267583408 91.0 187
1712267593493 91.0 188
1712267603570 91.0 189
1712267613663 91.0 190
1712267623748 91.0 191
1712267633845 91.0 192
1712267643922 91.0 193
1712267654013 91.0 194
1712267664107 91.0 195
1712267674201 91.0 196
1712267684303 91.0 197
1712267694408 91.0 198
1712267704494 91.0 199
1712267714598 91.0 200
1712267724691 91.0 201
1712267734782 91.0 202
1712267744894 91.0 203
1712267754987 91.0 204
1712267765083 91.0 205
1712267775167 91.0 206
1712267785249 91.0 207
1712267795332 91.0 208
1712267805420 91.0 209
1712267815522 91.0 210
1712267825621 91.0 211
1712267835725 91.0 212
1712267845812 91.0 213
1712267855901 91.0 214
1712267865994 91.0 215
1712267876096 91.0 216
1712267886206 91.0 217
1712267896298 91.0 218
1712267906386 91.0 219
1712267916471 91.0 220
1712267926560 91.0 221
1712267936658 91.0 222
1712267946749 91.0 223
1712267956851 91.0 224
1712267966966 91.0 225
1712267977071 91.0 226
1712267987160 91.0 227
1712267997262 91.0 228
1712268007353 91.0 229
1712268017448 91.0 230
1712268027553 91.0 231
1712268037659 91.0 232
1712268047741 91.0 233
1712268057851 91.0 234
1712268067941 91.0 235
1712268078042 91.0 236
1712268088132 91.0 237
1712268098225 91.0 238
1712268108323 91.0 239
1712268118401 91.0 240
1712268128496 91.0 241
1712268138590 91.0 242
1712268148679 91.0 243
1712268158805 91.0 244
1712268168898 91.0 245
1712268178984 91.0 246
1712268189088 91.0 247
1712268199176 91.0 248
1712268209265 91.0 249
1712268219354 91.0 250
1712268229440 91.0 251
1712268239516 91.0 252
1712268249609 91.0 253
1712268259696 91.0 254
1712268269787 91.0 255
1712268279883 91.0 256
1712268289976 91.0 257
1712268300077 91.0 258
1712268310163 91.0 259
1712268320250 91.0 260
1712268330344 91.0 261
1712268340447 91.0 262
1712268350543 91.0 263
1712268360655 91.0 264
1712268370752 91.0 265
1712268380830 91.0 266
1712268390914 91.0 267
1712268401007 91.0 268
1712268411089 91.0 269
1712268421164 91.0 270
1712268431251 91.0 271
1712268441339 91.0 272
1712268451422 91.0 273
1712268461508 91.0 274
1712268471586 91.0 275
1712268481671 91.0 276
1712268491760 91.0 277
1712268501863 91.0 278
1712268511950 91.0 279
1712268522053 91.0 280
1712268532141 91.0 281
1712268542385 91.0 282
1712268552475 91.0 283
1712268562663 91.0 284
1712268572757 91.0 285
1712268582840 91.0 286
1712268592936 91.0 287
1712268603015 91.0 288
1712268613106 91.0 289
1712268623198 91.0 290
1712268633282 91.0 291
1712268643370 91.0 292
1712268653451 91.0 293
1712268663549 91.0 294
1712268673786 91.0 295
1712268683907 91.0 296
1712268694036 91.0 297
1712268704152 91.0 298
1712268714264 91.0 299
1712268724358 91.0 300
1712268734452 91.0 301
1712268744548 91.0 302
1712268754657 91.0 303
1712268764777 91.0 304
1712268774887 91.0 305
1712268784994 91.0 306
1712268795111 91.0 307
1712268805226 91.0 308
1712268815352 91.0 309
1712268825445 91.0 310
1712268835566 91.0 311
1712268845673 91.0 312
1712268855771 91.0 313
1712268865871 91.0 314
1712268875968 91.0 315
1712268886056 91.0 316
1712268896147 91.0 317
1712268906249 91.0 318
1712268916354 91.0 319
1712268926445 91.0 320
1712268936542 91.0 321
1712268946646 91.0 322
1712268956752 91.0 323
1712268966846 91.0 324
1712268976940 91.0 325
1712268987033 91.0 326
1712268997120 91.0 327
1712269007210 91.0 328
1712269017298 91.0 329
1712269027394 91.0 330
1712269037486 91.0 331
1712269047569 91.0 332
1712269057660 91.0 333
1712269067743 91.0 334
1712269077833 91.0 335
1712269087919 91.0 336
1712269098031 91.0 337
1712269108121 91.0 338
1712269118213 91.0 339
1712269128311 91.0 340
1712269138396 91.0 341
1712269148496 91.0 342
1712269158606 91.0 343
1712269168709 91.0 344
1712269178793 91.0 345
1712269188893 91.0 346
1712269198985 91.0 347
1712269209071 91.0 348
1712269219158 91.0 349
1712269229246 91.0 350
1712269239347 91.0 351
1712269249441 91.0 352
1712269259536 91.0 353
1712269269648 91.0 354
1712269279731 91.0 355
1712269289835 91.0 356
1712269299917 91.0 357
1712269310027 91.0 358
1712269320121 91.0 359
1712269330203 91.0 360
1712269340297 91.0 361
1712269350408 91.0 362
1712269360513 91.0 363
1712269370618 91.0 364
1712269380734 91.0 365
1712269390841 91.0 366
1712269400943 91.0 367
1712269411059 91.0 368
1712269421146 91.0 369
1712269431266 91.0 370
1712269441352 91.0 371
1712269451441 91.0 372
1712269461530 91.0 373
1712269471619 91.0 374
1712269481717 91.0 375
1712269491803 91.0 376
1712269501903 91.0 377
1712269511998 91.0 378
1712269522100 91.0 379
1712269532216 91.0 380
1712269542331 91.0 381
1712269552422 91.0 382
1712269562522 91.0 383
1712269572617 91.0 384
1712269582709 91.0 385
1712269592809 91.0 386
1712269602907 91.0 387
1712269613003 91.0 388
1712269623089 91.0 389
1712269633184 91.0 390
1712269643273 91.0 391
1712269653369 91.0 392
1712269663452 91.0 393
1712269673563 91.0 394
1712269683652 91.0 395
1712269693749 91.0 396
1712269703853 91.0 397
1712269713952 91.0 398
1712269724073 91.0 399
1712269734168 91.0 400
1712269744269 91.0 401
1712269754366 91.0 402
1712269764451 91.0 403
1712269774540 91.0 404
1712269784632 91.0 405
1712269794716 91.0 406
1712269804830 91.0 407
1712269814925 91.0 408
1712269825019 91.0 409
1712269835113 91.0 410
1712269845205 91.0 411
1712269855297 91.0 412
1712269865396 91.0 413
1712269875489 91.0 414
1712269885585 91.0 415
1712269895687 91.0 416
1712269905883 91.0 417
1712269915977 91.0 418
1712269926072 91.0 419
1712269936159 91.0 420
1712269946245 91.0 421
1712269956351 91.0 422
1712269966469 91.0 423
1712269976591 91.0 424
1712269986730 91.0 425
1712269996922 91.0 426
1712270007517 91.0 427
1712270017639 91.0 428
1712270027770 91.0 429
1712270037876 91.0 430
1712270047978 91.0 431
1712270058091 91.0 432
1712270068195 91.0 433
1712270078302 91.0 434
1712270088415 91.0 435
1712270098509 91.0 436
1712270108608 91.0 437
1712270118697 91.0 438
1712270128785 91.0 439
1712270138885 91.0 440
1712270148982 91.0 441
1712270159076 91.0 442
1712270169158 91.0 443
1712270179246 91.0 444
1712270189338 91.0 445
1712270199434 91.0 446
1712270209519 91.0 447
1712270219632 91.0 448
1712270229728 91.0 449
1712270239819 91.0 450
1712270249924 91.0 451
1712270260023 91.0 452
1712270270123 91.0 453
1712270280323 91.0 454
1712270290411 91.0 455
1712270300500 91.0 456
1712270310588 91.0 457
1712270320680 91.0 458
1712270330782 91.0 459
1712270340873 91.0 460
1712270350969 91.0 461
1712270361053 91.0 462
1712270371149 91.0 463
1712270381264 91.0 464
1712270391374 91.0 465
1712270401458 91.0 466
1712270411560 91.0 467
1712270421657 91.0 468
1712270431756 91.0 469
1712270441854 91.0 470
1712270451944 91.0 471
1712270462038 91.0 472
1712270472140 91.0 473
1712270482242 91.0 474
1712270492331 91.0 475
1712270502417 91.0 476
1712270512521 91.0 477
1712270522619 91.0 478
1712270532731 91.0 479
1712270542816 91.0 480
1712270552907 91.0 481
1712270563030 91.0 482
1712270573131 91.0 483
1712270583234 91.0 484
1712270593323 91.0 485
1712270603424 91.0 486
1712270613524 91.0 487
1712270623610 91.0 488
1712270633734 91.0 489
1712270643831 91.0 490
1712270653925 91.0 491
1712270664029 91.0 492
1712270674148 91.0 493
1712270684236 91.0 494
1712270694338 91.0 495
1712270704438 91.0 496
1712270714536 91.0 497
1712270724648 91.0 498
1712270734734 91.0 499
1712270744833 91.0 500
1712270754924 91.0 501
1712270765027 91.0 502
1712270775124 91.0 503
1712270785236 91.0 504
1712270795362 91.0 505
1712270805469 91.0 506
1712270815585 91.0 507
1712270825706 91.0 508
1712270835837 91.0 509
1712270845942 91.0 510
1712270856028 91.0 511
1712270866127 91.0 512
1712270876230 91.0 513
1712270886320 91.0 514
1712270896414 91.0 515
1712270906504 91.0 516
1712270916552 91.0 517
1712270926659 91.0 518
1712270936710 91.0 519
1712270946758 91.0 520
1712270956813 91.0 521
1712270966865 91.0 522
1712270976906 91.0 523
1712270986991 91.0 524
1712270997044 91.0 525
1712271007095 91.0 526
1712271017203 91.0 527
1712271027243 91.0 528
1712271037291 91.0 529
1712271047415 91.0 530
1712271057476 91.0 531
1712271067542 91.0 532
1712271077666 91.0 533
1712271087718 91.0 534
1712271097761 91.0 535
1712271107882 91.0 536
1712271117975 91.0 537
1712271128088 91.0 538
1712271138199 91.0 539
1712271148322 91.0 540
1712271158402 91.0 541
1712271168513 91.0 542
1712271178625 91.0 543
1712271188718 91.0 544
1712271198812 91.0 545
1712271208909 91.0 546
1712271219195 91.0 547
1712271229315 91.0 548
1712271239425 91.0 549
1712271249525 91.0 550
1712271259644 91.0 551
1712271269772 91.0 552
1712271279821 91.0 553
1712271289936 91.0 554
1712271300037 91.0 555
1712271310141 91.0 556
1712271320254 91.0 557
1712271330379 91.0 558
1712271340429 91.0 559
1712271350538 91.0 560
1712271360723 91.0 561
1712271370868 91.0 562
1712271381036 91.0 563
1712271391194 91.0 564
1712271401255 91.0 565
1712271411414 91.0 566
1712271421850 91.0 567
1712271432014 91.0 568
1712271442178 91.0 569
1712271452305 91.0 570
1712271462362 91.0 571
1712271472476 91.0 572
1712271482577 91.0 573
1712271492702 91.0 574
1712271502820 91.0 575
1712271512933 91.0 576
1712271522990 91.0 577
1712271533130 91.0 578
1712271543269 91.0 579
1712271553389 91.0 580
1712271563503 91.0 581
1712271573618 91.0 582
1712271583667 91.0 583
1712271593776 91.0 584
1712271603885 91.0 585
1712271613989 91.0 586
1712271624090 91.0 587
1712271634186 91.0 588
1712271644240 91.0 589
1712271654352 91.0 590
1712271664454 91.0 591
1712271674556 91.0 592
1712271684665 91.0 593
1712271694774 91.0 594
1712271704823 91.0 595
1712271714946 91.0 596
1712271725058 91.0 597
1712271735165 91.0 598
1712271745266 91.0 599
1712271755369 91.0 600
1712271765427 91.0 601
1712271775575 91.0 602
1712271785686 91.0 603
1712271795798 91.0 604
1712271805902 91.0 605
1712271816037 91.0 606
1712271826148 91.0 607
1712271836255 91.0 608
1712271846369 91.0 609
1712271856482 91.0 610
1712271866596 91.0 611
1712271876699 91.0 612
1712271886809 91.0 613
1712271896912 91.0 614
1712271907020 91.0 615
1712271917124 91.0 616
1712271927242 91.0 617
1712271937366 91.0 618
1712271947501 91.0 619
1712271957624 91.0 620
1712271967736 91.0 621
1712271977842 91.0 622
1712271987947 91.0 623
1712271998164 91.0 624
1712272008267 91.0 625
1712272018371 91.0 626
1712272028477 91.0 627
1712272038584 91.0 628
1712272048680 91.0 629
1712272058789 91.0 630
1712272068908 91.0 631
1712272079009 91.0 632
1712272089120 91.0 633
1712272099238 91.0 634
1712272109348 91.0 635
1712272119447 91.0 636
1712272129576 91.0 637
1712272139692 91.0 638
1712272149793 91.0 639
1712272159915 91.0 640
1712272170030 91.0 641
1712272180154 91.0 642
1712272190278 91.0 643
1712272200408 91.0 644
1712272210530 91.0 645
1712272220663 91.0 646
1712272230793 91.0 647
1712272240869 91.0 648
1712272250923 91.0 649
1712272261031 91.0 650
1712272271091 91.0 651
1712272281167 91.0 652
1712272291284 91.0 653
1712272301334 91.0 654
1712272311413 91.0 655
1712272321527 91.0 656
1712272331584 91.0 657
1712272341631 91.0 658
1712272351744 91.0 659
1712272361795 91.0 660
1712272371865 91.0 661
1712272381982 91.0 662
1712272392026 91.0 663
1712272402087 91.0 664
1712272412210 91.0 665
1712272422269 91.0 666
1712272432322 91.0 667
1712272442439 91.0 668
1712272452493 91.0 669
1712272462551 91.0 670
1712272472654 91.0 671
1712272482706 91.0 672
1712272492773 91.0 673
1712272502880 91.0 674
1712272512938 91.0 675
1712272522986 91.0 676
1712272533101 91.0 677
1712272543166 91.0 678
1712272553272 91.0 679
1712272563375 91.0 680
1712272573491 91.0 681
1712272583615 91.0 682
1712272593785 91.0 683
1712272603875 91.0 684
1712272614040 91.0 685
1712272624213 91.0 686
1712272634365 91.0 687
1712272644490 91.0 688
1712272654625 91.0 689
1712272664682 91.0 690
1712272674801 91.0 691
1712272684907 91.0 692
1712272695021 91.0 693
1712272705124 91.0 694
1712272715227 91.0 695
1712272725284 91.0 696
1712272735404 91.0 697
1712272745519 91.0 698
1712272755634 91.0 699
1712272765734 91.0 700
1712272775837 91.0 701
1712272785910 91.0 702
1712272796041 91.0 703
1712272806163 91.0 704
1712272816279 91.0 705
1712272826394 91.0 706
1712272836507 91.0 707
1712272846608 91.0 708
1712272856772 91.0 709
1712272866931 91.0 710
1712272877118 91.0 711
