1712265697000 3904.4 0
1712265707102 3904.4 1
1712265717199 3904.4 2
1712265727281 3904.4 3
1712265737360 3906.5 4
1712265747434 3906.5 5
1712265757503 3906.5 6
1712265767577 3906.5 7
1712265777673 3906.5 8
1712265787754 3906.5 9
1712265797837 3906.5 10
1712265807943 3906.5 11
1712265818008 3906.5 12
1712265828093 3906.5 13
1712265838159 3906.5 14
1712265848240 3906.5 15
1712265858315 3906.5 16
1712265868395 3906.5 17
1712265878465 3906.5 18
1712265888539 3906.5 19
1712265898621 3906.5 20
1712265908681 3906.5 21
1712265918747 3906.5 22
1712265928811 3906.5 23
1712265938878 3906.5 24
1712265948952 3906.5 25
1712265959022 3906.5 26
1712265969101 3906.5 27
1712265979173 3906.5 28
1712265989251 3906.5 29
1712265999332 3906.5 30
1712266009403 3906.5 31
1712266019481 3906.5 32
1712266029560 3906.5 33
1712266039646 3906.5 34
1712266049756 3906.5 35
1712266059848 3906.5 36
1712266069923 3906.5 37
1712266079999 3906.5 38
1712266090073 3906.5 39
1712266100161 3906.5 40
1712266110245 3906.5 41
1712266120320 3906.5 42
1712266130417 3906.5 43
1712266140490 3906.5 44
1712266150574 3906.5 45
1712266160674 3906.5 46
1712266170747 3906.5 47
1712266180853 3906.5 48
1712266190923 3906.5 49
1712266200998 3906.5 50
1712266211090 3906.5 51
1712266221172 3906.5 52
1712266231258 3906.5 53
1712266241334 3906.5 54
1712266251410 3906.5 55
1712266261494 3906.5 56
1712266271572 3906.5 57
1712266281657 3906.5 58
1712266291721 3906.5 59
1712266301790 3906.5 60
1712266311885 3906.5 61
1712266321965 3906.5 62
1712266332053 3906.5 63
1712266342124 3906.5 64
1712266352196 3906.5 65
1712266362277 3906.5 66
1712266372359 3906.5 67
1712266382442 3906.5 68
1712266392524 3906.5 69
1712266402596 3906.5 70
1712266412672 3906.5 71
1712266422741 3906.5 72
1712266432806 3906.5 73
1712266442895 3906.5 74
1712266452966 3906.5 75
1712266463037 3906.5 76
1712266473108 3906.5 77
1712266483176 3906.5 78
1712266493269 3906.5 79
1712266503372 3906.5 80
1712266513462 3906.5 81
1712266523532 3906.5 82
1712266533634 3906.5 83
1712266543738 3906.5 84
1712266553810 3906.5 85
1712266563915 3906.5 86
1712266573996 3906.5 87
1712266584081 3906.5 88
1712266594175 3906.5 89
1712266604277 3906.5 90
1712266614373 3906.5 91
1712266624449 3906.5 92
1712266634537 3906.5 93
1712266644633 3906.5 94
1712266654712 3906.5 95
1712266664791 3906.5 96
1712266674887 3906.5 97
1712266684979 3906.5 98
1712266695051 3906.5 99
1712266705152 3906.5 100
1712266715235 3906.5 101
1712266725315 3906.5 102
1712266735411 3906.5 103
1712266745503 3906.5 104
1712266755588 3906.5 105
1712266765665 3906.5 106
1712266775751 3906.5 107
1712266785864 3906.5 108
1712266795939 3906.5 109
1712266806018 3906.5 110
1712266816123 3906.5 111
1712266826224 3906.5 112
1712266836323 3906.5 113
1712266846427 3906.5 114
1712266856506 3906.5 115
1712266866605 3906.5 116
1712266876696 3906.5 117
1712266886805 3906.5 118
1712266896895 3906.5 119
1712266906988 3906.5 120
1712266917080 3906.5 121
1712266927176 3906.5 122
1712266937266 3906.5 123
1712266947372 3906.5 124
1712266957459 3906.5 125
1712266967554 3906.5 126
1712266977637 3906.5 127
1712266987730 3906.5 128
1712266997833 3906.5 129
1712267007940 3906.5 130
1712267018041 3906.5 131
1712267028122 3906.5 132
1712267038215 3906.5 133
1712267048310 3906.5 134
1712267058391 3906.5 135
1712267068491 3906.5 136
1712267078574 3906.5 137
1712267088675 3906.5 138
1712267098763 3906.5 139
1712267108873 3906.5 140
1712267119005 3906.5 141
1712267129107 3906.5 142
1712267139188 3906.5 143
1712267149274 3906.5 144
1712267159366 3906.5 145
1712267169445 3906.5 146
1712267179550 3906.5 147
1712267189650 3906.5 148
1712267199763 3906.5 149
1712267209870 3906.5 150
1712267219972 3906.5 151
1712267230072 3906.5 152
1712267240188 3906.5 153
1712267250312 3906.5 154
1712267260418 3906.5 155
1712267270555 3906.5 156
1712267280646 3906.5 157
1712267290740 3906.5 158
1712267300828 3906.5 159
1712267310911 3906.5 160
1712267321006 3906.5 161
1712267331103 3906.5 162
1712267341208 3906.5 163
1712267351299 3906.5 164
1712267361374 3906.5 165
1712267371462 3906.5 166
1712267381549 3906.5 167
1712267391641 3906.5 168
1712267401733 3906.5 169
1712267411823 3906.5 170
1712267421927 3906.5 171
1712267432035 3906.5 172
1712267442149 3906.5 173
1712267452248 3906.5 174
1712267462330 3906.5 175
1712267472419 3906.5 176
1712267482503 3906.5 177
1712267492591 3906.5 178
1712267502666 3906.5 179
1712267512754 3906.5 180
1712267522850 3906.5 181
1712267532952 3906.5 182
1712267543037 3906.5 183
1712267553129 3906.5 184
1712267563224 3906.5 185
1712267573328 3906.5 186
1712267583408 3906.5 187
1712267593493 3906.5 188
1712267603570 3906.5 189
1712267613663 3906.5 190
1712267623748 3906.5 191
1712267633845 3906.5 192
1712267643922 3906.5 193
1712267654013 3906.5 194
1712267664107 3906.5 195
1712267674201 3906.5 196
1712267684303 3906.5 197
1712267694408 3906.5 198
1712267704494 3906.5 199
1712267714598 3906.5 200
1712267724691 3906.5 201
1712267734782 3906.5 202
1712267744894 3906.5 203
1712267754987 3906.5 204
1712267765083 3906.5 205
1712267775167 3906.5 206
1712267785249 3906.5 207
1712267795332 3906.5 208
1712267805420 3906.5 209
1712267815522 3906.5 210
1712267825621 3906.5 211
1712267835725 3906.5 212
1712267845812 3906.5 213
1712267855901 3906.5 214
1712267865994 3906.5 215
1712267876096 3906.5 216
1712267886206 3906.5 217
1712267896298 3906.5 218
1712267906386 3906.5 219
1712267916471 3906.5 220
1712267926560 3906.5 221
1712267936658 3906.5 222
1712267946749 3906.5 223
1712267956851 3906.5 224
1712267966966 3906.5 225
1712267977071 3906.5 226
1712267987160 3906.5 227
1712267997262 3906.5 228
1712268007353 3906.5 229
1712268017448 3906.5 230
1712268027553 3906.5 231
1712268037659 3906.5 232
1712268047741 3906.5 233
1712268057851 3906.5 234
1712268067941 3906.5 235
1712268078042 3906.5 236
1712268088132 3906.5 237
1712268098225 3906.5 238
1712268108323 3906.5 239
1712268118401 3906.5 240
1712268128496 3906.5 241
1712268138590 3906.5 242
1712268148679 3906.5 243
1712268158805 3906.5 244
1712268168898 3906.5 245
1712268178984 3906.5 246
1712268189088 3906.5 247
1712268199176 3906.5 248
1712268209265 3906.5 249
1712268219354 3906.5 250
1712268229440 3906.5 251
1712268239516 3906.5 252
1712268249609 3906.5 253
1712268259696 3906.5 254
1712268269787 3906.5 255
1712268279883 3906.5 256
1712268289976 3906.5 257
1712268300077 3906.5 258
1712268310163 3906.5 259
1712268320250 3906.5 260
1712268330344 3906.5 261
1712268340447 3906.5 262
1712268350543 3906.5 263
1712268360655 3906.5 264
1712268370752 3906.5 265
1712268380830 3906.5 266
1712268390914 3906.5 267
1712268401007 3906.5 268
1712268411089 3906.5 269
1712268421164 3906.5 270
1712268431251 3906.5 271
1712268441339 3906.5 272
1712268451422 3906.5 273
1712268461508 3906.5 274
1712268471586 3906.5 275
1712268481671 3906.5 276
1712268491760 3906.5 277
1712268501863 3906.5 278
1712268511950 3906.5 279
1712268522053 3906.5 280
1712268532141 3906.5 281
1712268542385 3906.5 282
1712268552475 3906.5 283
1712268562663 3906.5 284
1712268572757 3906.5 285
1712268582840 3906.5 286
1712268592936 3906.5 287
1712268603015 3906.5 288
1712268613106 3906.5 289
1712268623198 3906.5 290
1712268633282 3906.5 291
1712268643370 3906.5 292
1712268653451 3906.5 293
1712268663549 3906.5 294
1712268673786 3906.5 295
1712268683907 3906.5 296
1712268694036 3906.5 297
1712268704152 3906.5 298
1712268714264 3906.5 299
1712268724358 3906.5 300
1712268734452 3906.5 301
1712268744548 3906.5 302
1712268754657 3906.5 303
1712268764777 3906.5 304
1712268774887 3906.5 305
1712268784994 3906.5 306
1712268795111 3906.5 307
1712268805226 3906.5 308
1712268815352 3906.5 309
1712268825445 3906.5 310
1712268835566 3906.5 311
1712268845673 3906.5 312
1712268855771 3906.5 313
1712268865871 3906.5 314
1712268875968 3906.5 315
1712268886056 3906.5 316
1712268896147 3906.5 317
1712268906249 3906.5 318
1712268916354 3906.5 319
1712268926445 3906.5 320
1712268936542 3906.5 321
1712268946646 3906.5 322
1712268956752 3906.5 323
1712268966846 3906.5 324
1712268976940 3906.5 325
1712268987033 3906.5 326
1712268997120 3906.5 327
1712269007210 3906.5 328
1712269017298 3906.5 329
1712269027394 3906.5 330
1712269037486 3906.5 331
1712269047569 3906.5 332
1712269057660 3906.5 333
1712269067743 3906.5 334
1712269077833 3906.5 335
1712269087919 3906.5 336
1712269098031 3906.5 337
1712269108121 3906.5 338
1712269118213 3906.5 339
1712269128311 3906.5 340
1712269138396 3906.5 341
1712269148496 3906.5 342
1712269158606 3906.5 343
1712269168709 3906.5 344
1712269178793 3906.5 345
1712269188893 3906.5 346
1712269198985 3906.5 347
1712269209071 3906.5 348
1712269219158 3906.5 349
1712269229246 3906.5 350
1712269239347 3906.5 351
1712269249441 3906.5 352
1712269259536 3906.5 353
1712269269648 3906.5 354
1712269279731 3906.5 355
1712269289835 3906.5 356
1712269299917 3906.5 357
1712269310027 3906.5 358
1712269320121 3906.5 359
1712269330203 3906.5 360
1712269340297 3906.5 361
1712269350408 3906.5 362
1712269360513 3906.5 363
1712269370618 3906.5 364
1712269380734 3906.5 365
1712269390841 3906.5 366
1712269400943 3906.5 367
1712269411059 3906.5 368
1712269421146 3906.5 369
1712269431266 3906.5 370
1712269441352 3906.5 371
1712269451441 3906.5 372
1712269461530 3906.5 373
1712269471619 3906.5 374
1712269481717 3906.5 375
1712269491803 3906.5 376
1712269501903 3906.5 377
1712269511998 3906.5 378
1712269522100 3906.5 379
1712269532216 3906.5 380
1712269542331 3906.5 381
1712269552422 3906.5 382
1712269562522 3906.5 383
1712269572617 3906.5 384
1712269582709 3906.5 385
1712269592809 3906.5 386
1712269602907 3906.5 387
1712269613003 3906.5 388
1712269623089 3906.5 389
1712269633184 3906.5 390
1712269643273 3906.5 391
1712269653369 3906.5 392
1712269663452 3906.5 393
1712269673563 3906.5 394
1712269683652 3906.5 395
1712269693749 3906.5 396
1712269703853 3906.5 397
1712269713952 3906.5 398
1712269724073 3906.5 399
1712269734168 3906.5 400
1712269744269 3906.5 401
1712269754366 3906.5 402
1712269764451 3906.5 403
1712269774540 3906.5 404
1712269784632 3906.5 405
1712269794716 3906.5 406
1712269804830 3906.5 407
1712269814925 3906.5 408
1712269825019 3906.5 409
1712269835113 3906.5 410
1712269845205 3906.5 411
1712269855297 3906.5 412
1712269865396 3906.5 413
1712269875489 3906.5 414
1712269885585 3906.5 415
1712269895687 3906.5 416
1712269905883 3906.5 417
1712269915977 3906.5 418
1712269926072 3906.5 419
1712269936159 3906.5 420
1712269946245 3906.5 421
1712269956351 3906.5 422
1712269966469 3906.5 423
1712269976591 3906.5 424
1712269986730 3906.5 425
1712269996922 3906.5 426
1712270007517 3906.5 427
1712270017639 3906.5 428
1712270027770 3906.5 429
1712270037876 3906.5 430
1712270047978 3906.5 431
1712270058091 3906.5 432
1712270068195 3906.5 433
1712270078302 3906.5 434
1712270088415 3906.5 435
1712270098509 3906.5 436
1712270108608 3906.5 437
1712270118697 3906.5 438
1712270128785 3906.5 439
1712270138885 3906.5 440
1712270148982 3906.5 441
1712270159076 3906.5 442
1712270169158 3906.5 443
1712270179246 3906.5 444
1712270189338 3906.5 445
1712270199434 3906.5 446
1712270209519 3906.5 447
1712270219632 3906.5 448
1712270229728 3906.5 449
1712270239819 3906.5 450
1712270249924 3906.5 451
1712270260023 3906.5 452
1712270270123 3906.5 453
1712270280323 3906.5 454
1712270290411 3906.5 455
1712270300500 3906.5 456
1712270310588 3906.5 457
1712270320680 3906.5 458
1712270330782 3906.5 459
1712270340873 3906.5 460
1712270350969 3906.5 461
1712270361053 3906.5 462
1712270371149 3906.5 463
1712270381264 3906.5 464
1712270391374 3906.5 465
1712270401458 3906.5 466
1712270411560 3906.5 467
1712270421657 3906.5 468
1712270431756 3906.5 469
1712270441854 3906.5 470
1712270451944 3906.5 471
1712270462038 3906.5 472
1712270472140 3906.5 473
1712270482242 3906.5 474
1712270492331 3906.5 475
1712270502417 3906.5 476
1712270512521 3906.5 477
1712270522619 3906.5 478
1712270532731 3906.5 479
1712270542816 3906.5 480
1712270552907 3906.5 481
1712270563030 3906.5 482
1712270573131 3906.5 483
1712270583234 3906.5 484
1712270593323 3906.5 485
1712270603424 3906.5 486
1712270613524 3906.5 487
1712270623610 3906.5 488
1712270633734 3906.5 489
1712270643831 3906.5 490
1712270653925 3906.5 491
1712270664029 3906.5 492
1712270674148 3906.5 493
1712270684236 3906.5 494
1712270694338 3906.5 495
1712270704438 3906.5 496
1712270714536 3906.5 497
1712270724648 3906.5 498
1712270734734 3906.5 499
1712270744833 3906.5 500
1712270754924 3906.5 501
1712270765027 3906.5 502
1712270775124 3906.5 503
1712270785236 3906.5 504
1712270795362 3906.5 505
1712270805469 3906.5 506
1712270815585 3906.5 507
1712270825706 3906.5 508
1712270835837 3906.5 509
1712270845942 3906.5 510
1712270856028 3906.5 511
1712270866127 3906.5 512
1712270876230 3906.5 513
1712270886320 3906.5 514
1712270896414 3906.5 515
1712270906504 3906.5 516
1712270916552 3906.5 517
1712270926659 3906.5 518
1712270936710 3906.5 519
1712270946758 3906.5 520
1712270956813 3906.5 521
1712270966865 3906.5 522
1712270976906 3906.5 523
1712270986991 3906.5 524
1712270997044 3906.5 525
1712271007095 3906.5 526
1712271017203 3906.5 527
1712271027243 3906.5 528
1712271037291 3906.5 529
1712271047415 3906.5 530
1712271057476 3906.5 531
1712271067542 3906.5 532
1712271077666 3906.5 533
1712271087718 3906.5 534
1712271097761 3906.5 535
1712271107882 3906.5 536
1712271117975 3906.5 537
1712271128088 3906.5 538
1712271138199 3906.5 539
1712271148322 3906.5 540
1712271158402 3906.5 541
1712271168513 3906.5 542
1712271178625 3906.5 543
1712271188718 3906.5 544
1712271198812 3906.5 545
1712271208909 3906.5 546
1712271219195 3906.5 547
1712271229315 3906.5 548
1712271239425 3906.5 549
1712271249525 3906.5 550
1712271259644 3906.5 551
1712271269772 3906.5 552
1712271279821 3906.5 553
1712271289936 3906.5 554
1712271300037 3906.5 555
1712271310141 3906.5 556
1712271320254 3906.5 557
1712271330379 3906.5 558
1712271340429 3906.5 559
1712271350538 3906.5 560
1712271360723 3906.5 561
1712271370868 3906.5 562
1712271381036 3906.5 563
1712271391194 3906.5 564
1712271401255 3906.5 565
1712271411414 3906.5 566
1712271421850 3906.5 567
1712271432014 3906.5 568
1712271442178 3906.5 569
1712271452305 3906.5 570
1712271462362 3906.5 571
1712271472476 3906.5 572
1712271482577 3906.5 573
1712271492702 3906.5 574
1712271502820 3906.5 575
1712271512933 3906.5 576
1712271522990 3906.5 577
1712271533130 3906.5 578
1712271543269 3906.5 579
1712271553389 3906.5 580
1712271563503 3906.5 581
1712271573618 3906.5 582
1712271583667 3906.5 583
1712271593776 3906.5 584
1712271603885 3906.5 585
1712271613989 3906.5 586
1712271624090 3906.5 587
1712271634186 3906.5 588
1712271644240 3906.5 589
1712271654352 3906.5 590
1712271664454 3906.5 591
1712271674556 3906.5 592
1712271684665 3906.5 593
1712271694774 3906.5 594
1712271704823 3906.5 595
1712271714946 3906.5 596
1712271725058 3906.5 597
1712271735165 3906.5 598
1712271745266 3906.5 599
1712271755369 3906.5 600
1712271765427 3906.5 601
1712271775575 3906.5 602
1712271785686 3906.5 603
1712271795798 3906.5 604
1712271805902 3906.5 605
1712271816037 3906.5 606
1712271826148 3906.5 607
1712271836255 3906.5 608
1712271846369 3906.5 609
1712271856482 3906.5 610
1712271866596 3906.5 611
1712271876699 3906.5 612
1712271886809 3906.5 613
1712271896912 3906.5 614
1712271907020 3906.5 615
1712271917124 3906.5 616
1712271927242 3906.5 617
1712271937366 3906.5 618
1712271947501 3906.5 619
1712271957624 3906.5 620
1712271967736 3906.5 621
1712271977842 3906.5 622
1712271987947 3906.5 623
1712271998164 3906.5 624
1712272008267 3906.5 625
1712272018371 3906.5 626
1712272028477 3906.5 627
1712272038584 3906.5 628
1712272048680 3906.5 629
1712272058789 3906.5 630
1712272068908 3906.5 631
1712272079009 3906.5 632
1712272089120 3906.5 633
1712272099238 3906.5 634
1712272109348 3906.5 635
1712272119447 3906.5 636
1712272129576 3906.5 637
1712272139692 3906.5 638
1712272149793 3906.5 639
1712272159915 3906.5 640
1712272170030 3906.5 641
1712272180154 3906.5 642
1712272190278 3906.5 643
1712272200408 3906.5 644
1712272210530 3906.5 645
1712272220663 3906.5 646
1712272230793 3906.5 647
1712272240869 3906.5 648
1712272250923 3906.5 649
1712272261031 3906.5 650
1712272271091 3906.5 651
1712272281167 3906.5 652
1712272291284 3906.5 653
1712272301334 3906.5 654
1712272311413 3906.5 655
1712272321527 3906.5 656
1712272331584 3906.5 657
1712272341631 3906.5 658
1712272351744 3906.5 659
1712272361795 3906.5 660
1712272371865 3906.5 661
1712272381982 3906.5 662
1712272392026 3906.5 663
1712272402087 3906.5 664
1712272412210 3906.5 665
1712272422269 3906.5 666
1712272432322 3906.5 667
1712272442439 3906.5 668
1712272452493 3906.5 669
1712272462551 3906.5 670
1712272472654 3906.5 671
1712272482706 3906.5 672
1712272492773 3906.5 673
1712272502880 3906.5 674
1712272512938 3906.5 675
1712272522986 3906.5 676
1712272533101 3906.5 677
1712272543166 3906.5 678
1712272553272 3906.5 679
1712272563375 3906.5 680
1712272573491 3906.5 681
1712272583615 3906.5 682
1712272593785 3906.5 683
1712272603875 3906.5 684
1712272614040 3906.5 685
1712272624213 3906.5 686
1712272634365 3906.5 687
1712272644490 3906.5 688
1712272654625 3906.5 689
1712272664682 3906.5 690
1712272674801 3906.5 691
1712272684907 3906.5 692
1712272695021 3906.5 693
1712272705124 3906.5 694
1712272715227 3906.5 695
1712272725284 3906.5 696
1712272735404 3906.5 697
1712272745519 3906.5 698
1712272755634 3906.5 699
1712272765734 3906.5 700
1712272775837 3906.5 701
1712272785910 3906.5 702
1712272796041 3906.5 703
1712272806163 3906.5 704
1712272816279 3906.5 705
1712272826394 3906.5 706
1712272836507 3906.5 707
1712272846608 3906.5 708
1712272856772 3906.5 709
1712272866931 3906.5 710
1712272877118 3906.5 711
