1712265697000 0.0 0
1712265707102 0.0 1
1712265717199 0.0 2
1712265727281 100.0 3
1712265737360 99.0 4
1712265747434 100.0 5
1712265757503 99.0 6
1712265767577 99.0 7
1712265777673 99.0 8
1712265787754 99.0 9
1712265797837 99.0 10
1712265807943 99.0 11
1712265818008 100.0 12
1712265828093 99.0 13
1712265838159 99.0 14
1712265848240 99.0 15
1712265858315 99.0 16
1712265868395 99.0 17
1712265878465 99.0 18
1712265888539 99.0 19
1712265898621 99.0 20
1712265908681 99.0 21
1712265918747 99.0 22
1712265928811 100.0 23
1712265938878 99.0 24
1712265948952 99.0 25
1712265959022 100.0 26
1712265969101 99.0 27
1712265979173 99.0 28
1712265989251 99.0 29
1712265999332 99.0 30
1712266009403 99.0 31
1712266019481 99.0 32
1712266029560 99.0 33
1712266039646 99.0 34
1712266049756 99.0 35
1712266059848 99.0 36
1712266069923 99.0 37
1712266079999 99.0 38
1712266090073 99.0 39
1712266100161 100.0 40
1712266110245 99.0 41
1712266120320 100.0 42
1712266130417 100.0 43
1712266140490 99.0 44
1712266150574 99.0 45
1712266160674 99.0 46
1712266170747 99.0 47
1712266180853 99.0 48
1712266190923 99.0 49
1712266200998 99.0 50
1712266211090 99.0 51
1712266221172 99.0 52
1712266231258 99.0 53
1712266241334 99.0 54
1712266251410 100.0 55
1712266261494 99.0 56
1712266271572 100.0 57
1712266281657 100.0 58
1712266291721 99.0 59
1712266301790 100.0 60
1712266311885 99.0 61
1712266321965 99.0 62
1712266332053 99.0 63
1712266342124 100.0 64
1712266352196 99.0 65
1712266362277 99.0 66
1712266372359 100.0 67
1712266382442 99.0 68
1712266392524 100.0 69
1712266402596 99.0 70
1712266412672 99.0 71
1712266422741 99.0 72
1712266432806 99.0 73
1712266442895 99.0 74
1712266452966 99.0 75
1712266463037 99.0 76
1712266473108 99.0 77
1712266483176 99.0 78
1712266493269 100.0 79
1712266503372 99.0 80
1712266513462 99.0 81
1712266523532 99.0 82
1712266533634 99.0 83
1712266543738 100.0 84
1712266553810 99.0 85
1712266563915 99.0 86
1712266573996 99.0 87
1712266584081 100.0 88
1712266594175 99.0 89
1712266604277 100.0 90
1712266614373 99.0 91
1712266624449 99.0 92
1712266634537 99.0 93
1712266644633 99.0 94
1712266654712 99.0 95
1712266664791 99.0 96
1712266674887 100.0 97
1712266684979 99.0 98
1712266695051 100.0 99
1712266705152 100.0 100
1712266715235 99.0 101
1712266725315 100.0 102
1712266735411 99.0 103
1712266745503 99.0 104
1712266755588 99.0 105
1712266765665 99.0 106
1712266775751 99.0 107
1712266785864 99.0 108
1712266795939 99.0 109
1712266806018 99.0 110
1712266816123 99.0 111
1712266826224 99.0 112
1712266836323 99.0 113
1712266846427 99.0 114
1712266856506 99.0 115
1712266866605 99.0 116
1712266876696 99.0 117
1712266886805 99.0 118
1712266896895 99.0 119
1712266906988 99.0 120
1712266917080 99.0 121
1712266927176 99.0 122
1712266937266 0.0 123
1712266947372 0.0 124
1712266957459 0.0 125
1712266967554 99.0 126
1712266977637 99.0 127
1712266987730 99.0 128
1712266997833 100.0 129
1712267007940 99.0 130
1712267018041 99.0 131
1712267028122 99.0 132
1712267038215 100.0 133
1712267048310 100.0 134
1712267058391 99.0 135
1712267068491 100.0 136
1712267078574 100.0 137
1712267088675 100.0 138
1712267098763 100.0 139
1712267108873 100.0 140
1712267119005 100.0 141
1712267129107 0.0 142
1712267139188 0.0 143
1712267149274 0.0 144
1712267159366 99.0 145
1712267169445 99.0 146
1712267179550 98.0 147
1712267189650 99.0 148
1712267199763 99.0 149
1712267209870 95.0 150
1712267219972 99.0 151
1712267230072 99.0 152
1712267240188 99.0 153
1712267250312 99.0 154
1712267260418 99.0 155
1712267270555 99.0 156
1712267280646 99.0 157
1712267290740 99.0 158
1712267300828 99.0 159
1712267310911 99.0 160
1712267321006 100.0 161
1712267331103 99.0 162
1712267341208 99.0 163
1712267351299 99.0 164
1712267361374 99.0 165
1712267371462 99.0 166
1712267381549 99.0 167
1712267391641 99.0 168
1712267401733 99.0 169
1712267411823 99.0 170
1712267421927 99.0 171
1712267432035 99.0 172
1712267442149 99.0 173
1712267452248 99.0 174
1712267462330 99.0 175
1712267472419 99.0 176
1712267482503 95.0 177
1712267492591 99.0 178
1712267502666 99.0 179
1712267512754 95.0 180
1712267522850 99.0 181
1712267532952 100.0 182
1712267543037 99.0 183
1712267553129 99.0 184
1712267563224 99.0 185
1712267573328 99.0 186
1712267583408 99.0 187
1712267593493 100.0 188
1712267603570 99.0 189
1712267613663 99.0 190
1712267623748 99.0 191
1712267633845 99.0 192
1712267643922 100.0 193
1712267654013 100.0 194
1712267664107 99.0 195
1712267674201 99.0 196
1712267684303 99.0 197
1712267694408 99.0 198
1712267704494 99.0 199
1712267714598 99.0 200
1712267724691 99.0 201
1712267734782 99.0 202
1712267744894 99.0 203
1712267754987 99.0 204
1712267765083 99.0 205
1712267775167 99.0 206
1712267785249 100.0 207
1712267795332 99.0 208
1712267805420 100.0 209
1712267815522 99.0 210
1712267825621 99.0 211
1712267835725 99.0 212
1712267845812 99.0 213
1712267855901 99.0 214
1712267865994 100.0 215
1712267876096 99.0 216
1712267886206 99.0 217
1712267896298 99.0 218
1712267906386 99.0 219
1712267916471 99.0 220
1712267926560 99.0 221
1712267936658 99.0 222
1712267946749 99.0 223
1712267956851 99.0 224
1712267966966 100.0 225
1712267977071 99.0 226
1712267987160 99.0 227
1712267997262 99.0 228
1712268007353 99.0 229
1712268017448 99.0 230
1712268027553 99.0 231
1712268037659 99.0 232
1712268047741 99.0 233
1712268057851 100.0 234
1712268067941 99.0 235
1712268078042 100.0 236
1712268088132 99.0 237
1712268098225 99.0 238
1712268108323 99.0 239
1712268118401 99.0 240
1712268128496 100.0 241
1712268138590 99.0 242
1712268148679 99.0 243
1712268158805 99.0 244
1712268168898 100.0 245
1712268178984 99.0 246
1712268189088 99.0 247
1712268199176 99.0 248
1712268209265 99.0 249
1712268219354 99.0 250
1712268229440 99.0 251
1712268239516 99.0 252
1712268249609 99.0 253
1712268259696 99.0 254
1712268269787 99.0 255
1712268279883 99.0 256
1712268289976 99.0 257
1712268300077 99.0 258
1712268310163 99.0 259
1712268320250 99.0 260
1712268330344 99.0 261
1712268340447 99.0 262
1712268350543 99.0 263
1712268360655 0.0 264
1712268370752 0.0 265
1712268380830 0.0 266
1712268390914 100.0 267
1712268401007 100.0 268
1712268411089 100.0 269
1712268421164 99.0 270
1712268431251 100.0 271
1712268441339 99.0 272
1712268451422 100.0 273
1712268461508 100.0 274
1712268471586 100.0 275
1712268481671 100.0 276
1712268491760 100.0 277
1712268501863 100.0 278
1712268511950 100.0 279
1712268522053 100.0 280
1712268532141 99.0 281
1712268542385 100.0 282
1712268552475 0.0 283
1712268562663 0.0 284
1712268572757 0.0 285
1712268582840 100.0 286
1712268592936 99.0 287
1712268603015 99.0 288
1712268613106 99.0 289
1712268623198 99.0 290
1712268633282 99.0 291
1712268643370 99.0 292
1712268653451 99.0 293
1712268663549 100.0 294
1712268673786 100.0 295
1712268683907 86.0 296
1712268694036 99.0 297
1712268704152 99.0 298
1712268714264 99.0 299
1712268724358 99.0 300
1712268734452 99.0 301
1712268744548 99.0 302
1712268754657 99.0 303
1712268764777 99.0 304
1712268774887 99.0 305
1712268784994 100.0 306
1712268795111 99.0 307
1712268805226 99.0 308
1712268815352 99.0 309
1712268825445 99.0 310
1712268835566 99.0 311
1712268845673 99.0 312
1712268855771 99.0 313
1712268865871 99.0 314
1712268875968 99.0 315
1712268886056 99.0 316
1712268896147 99.0 317
1712268906249 99.0 318
1712268916354 99.0 319
1712268926445 99.0 320
1712268936542 99.0 321
1712268946646 99.0 322
1712268956752 99.0 323
1712268966846 99.0 324
1712268976940 99.0 325
1712268987033 99.0 326
1712268997120 99.0 327
1712269007210 99.0 328
1712269017298 99.0 329
1712269027394 99.0 330
1712269037486 100.0 331
1712269047569 99.0 332
1712269057660 99.0 333
1712269067743 99.0 334
1712269077833 99.0 335
1712269087919 99.0 336
1712269098031 99.0 337
1712269108121 99.0 338
1712269118213 100.0 339
1712269128311 99.0 340
1712269138396 98.0 341
1712269148496 99.0 342
1712269158606 99.0 343
1712269168709 99.0 344
1712269178793 99.0 345
1712269188893 99.0 346
1712269198985 99.0 347
1712269209071 99.0 348
1712269219158 99.0 349
1712269229246 99.0 350
1712269239347 99.0 351
1712269249441 99.0 352
1712269259536 99.0 353
1712269269648 99.0 354
1712269279731 99.0 355
1712269289835 99.0 356
1712269299917 99.0 357
1712269310027 99.0 358
1712269320121 100.0 359
1712269330203 99.0 360
1712269340297 99.0 361
1712269350408 99.0 362
1712269360513 99.0 363
1712269370618 99.0 364
1712269380734 99.0 365
1712269390841 99.0 366
1712269400943 100.0 367
1712269411059 100.0 368
1712269421146 99.0 369
1712269431266 99.0 370
1712269441352 99.0 371
1712269451441 99.0 372
1712269461530 99.0 373
1712269471619 99.0 374
1712269481717 99.0 375
1712269491803 99.0 376
1712269501903 100.0 377
1712269511998 99.0 378
1712269522100 99.0 379
1712269532216 99.0 380
1712269542331 99.0 381
1712269552422 99.0 382
1712269562522 99.0 383
1712269572617 99.0 384
1712269582709 99.0 385
1712269592809 99.0 386
1712269602907 99.0 387
1712269613003 99.0 388
1712269623089 100.0 389
1712269633184 99.0 390
1712269643273 99.0 391
1712269653369 100.0 392
1712269663452 99.0 393
1712269673563 99.0 394
1712269683652 99.0 395
1712269693749 99.0 396
1712269703853 99.0 397
1712269713952 100.0 398
1712269724073 99.0 399
1712269734168 99.0 400
1712269744269 100.0 401
1712269754366 100.0 402
1712269764451 99.0 403
1712269774540 100.0 404
1712269784632 100.0 405
1712269794716 0.0 406
1712269804830 0.0 407
1712269814925 0.0 408
1712269825019 99.0 409
1712269835113 99.0 410
1712269845205 99.0 411
1712269855297 100.0 412
1712269865396 99.0 413
1712269875489 100.0 414
1712269885585 99.0 415
1712269895687 100.0 416
1712269905883 99.0 417
1712269915977 99.0 418
1712269926072 99.0 419
1712269936159 99.0 420
1712269946245 99.0 421
1712269956351 99.0 422
1712269966469 99.0 423
1712269976591 0.0 424
1712269986730 0.0 425
1712269996922 0.0 426
1712270007517 0.0 427
1712270017639 0.0 428
1712270027770 99.0 429
1712270037876 99.0 430
1712270047978 99.0 431
1712270058091 99.0 432
1712270068195 100.0 433
1712270078302 100.0 434
1712270088415 99.0 435
1712270098509 99.0 436
1712270108608 99.0 437
1712270118697 99.0 438
1712270128785 99.0 439
1712270138885 99.0 440
1712270148982 99.0 441
1712270159076 99.0 442
1712270169158 99.0 443
1712270179246 99.0 444
1712270189338 99.0 445
1712270199434 99.0 446
1712270209519 99.0 447
1712270219632 100.0 448
1712270229728 99.0 449
1712270239819 99.0 450
1712270249924 99.0 451
1712270260023 99.0 452
1712270270123 100.0 453
1712270280323 99.0 454
1712270290411 51.0 455
1712270300500 99.0 456
1712270310588 99.0 457
1712270320680 99.0 458
1712270330782 99.0 459
1712270340873 99.0 460
1712270350969 99.0 461
1712270361053 99.0 462
1712270371149 99.0 463
1712270381264 99.0 464
1712270391374 99.0 465
1712270401458 99.0 466
1712270411560 99.0 467
1712270421657 99.0 468
1712270431756 99.0 469
1712270441854 95.0 470
1712270451944 99.0 471
1712270462038 100.0 472
1712270472140 99.0 473
1712270482242 99.0 474
1712270492331 99.0 475
1712270502417 99.0 476
1712270512521 99.0 477
1712270522619 100.0 478
1712270532731 100.0 479
1712270542816 99.0 480
1712270552907 99.0 481
1712270563030 99.0 482
1712270573131 99.0 483
1712270583234 99.0 484
1712270593323 99.0 485
1712270603424 99.0 486
1712270613524 100.0 487
1712270623610 99.0 488
1712270633734 99.0 489
1712270643831 99.0 490
1712270653925 99.0 491
1712270664029 99.0 492
1712270674148 99.0 493
1712270684236 99.0 494
1712270694338 99.0 495
1712270704438 99.0 496
1712270714536 99.0 497
1712270724648 99.0 498
1712270734734 99.0 499
1712270744833 100.0 500
1712270754924 99.0 501
1712270765027 99.0 502
1712270775124 99.0 503
1712270785236 99.0 504
1712270795362 99.0 505
1712270805469 99.0 506
1712270815585 100.0 507
1712270825706 99.0 508
1712270835837 99.0 509
1712270845942 99.0 510
1712270856028 99.0 511
1712270866127 95.0 512
1712270876230 99.0 513
1712270886320 99.0 514
1712270896414 99.0 515
1712270906504 99.0 516
1712270916552 99.0 517
1712270926659 99.0 518
1712270936710 99.0 519
1712270946758 99.0 520
1712270956813 100.0 521
1712270966865 99.0 522
1712270976906 99.0 523
1712270986991 100.0 524
1712270997044 99.0 525
1712271007095 99.0 526
1712271017203 99.0 527
1712271027243 99.0 528
1712271037291 99.0 529
1712271047415 99.0 530
1712271057476 99.0 531
1712271067542 99.0 532
1712271077666 99.0 533
1712271087718 99.0 534
1712271097761 99.0 535
1712271107882 99.0 536
1712271117975 98.0 537
1712271128088 100.0 538
1712271138199 99.0 539
1712271148322 99.0 540
1712271158402 98.0 541
1712271168513 99.0 542
1712271178625 99.0 543
1712271188718 98.0 544
1712271198812 99.0 545
1712271208909 99.0 546
1712271219195 99.0 547
1712271229315 0.0 548
1712271239425 0.0 549
1712271249525 0.0 550
1712271259644 100.0 551
1712271269772 99.0 552
1712271279821 99.0 553
1712271289936 99.0 554
1712271300037 99.0 555
1712271310141 99.0 556
1712271320254 99.0 557
1712271330379 99.0 558
1712271340429 99.0 559
1712271350538 99.0 560
1712271360723 99.0 561
1712271370868 99.0 562
1712271381036 100.0 563
1712271391194 99.0 564
1712271401255 97.0 565
1712271411414 100.0 566
1712271421850 0.0 567
1712271432014 0.0 568
1712271442178 0.0 569
1712271452305 92.0 570
1712271462362 99.0 571
1712271472476 99.0 572
1712271482577 99.0 573
1712271492702 99.0 574
1712271502820 99.0 575
1712271512933 99.0 576
1712271522990 99.0 577
1712271533130 99.0 578
1712271543269 99.0 579
1712271553389 99.0 580
1712271563503 99.0 581
1712271573618 99.0 582
1712271583667 98.0 583
1712271593776 99.0 584
1712271603885 100.0 585
1712271613989 98.0 586
1712271624090 98.0 587
1712271634186 99.0 588
1712271644240 99.0 589
1712271654352 99.0 590
1712271664454 99.0 591
1712271674556 99.0 592
1712271684665 99.0 593
1712271694774 100.0 594
1712271704823 99.0 595
1712271714946 99.0 596
1712271725058 98.0 597
1712271735165 99.0 598
1712271745266 98.0 599
1712271755369 99.0 600
1712271765427 99.0 601
1712271775575 99.0 602
1712271785686 98.0 603
1712271795798 99.0 604
1712271805902 99.0 605
1712271816037 99.0 606
1712271826148 99.0 607
1712271836255 93.0 608
1712271846369 100.0 609
1712271856482 97.0 610
1712271866596 98.0 611
1712271876699 98.0 612
1712271886809 98.0 613
1712271896912 99.0 614
1712271907020 99.0 615
1712271917124 98.0 616
1712271927242 99.0 617
1712271937366 99.0 618
1712271947501 98.0 619
1712271957624 99.0 620
1712271967736 99.0 621
1712271977842 99.0 622
1712271987947 97.0 623
1712271998164 98.0 624
1712272008267 61.0 625
1712272018371 100.0 626
1712272028477 97.0 627
1712272038584 99.0 628
1712272048680 98.0 629
1712272058789 93.0 630
1712272068908 95.0 631
1712272079009 99.0 632
1712272089120 97.0 633
1712272099238 99.0 634
1712272109348 99.0 635
1712272119447 98.0 636
1712272129576 99.0 637
1712272139692 98.0 638
1712272149793 99.0 639
1712272159915 99.0 640
1712272170030 99.0 641
1712272180154 99.0 642
1712272190278 99.0 643
1712272200408 99.0 644
1712272210530 99.0 645
1712272220663 98.0 646
1712272230793 99.0 647
1712272240869 99.0 648
1712272250923 99.0 649
1712272261031 99.0 650
1712272271091 98.0 651
1712272281167 99.0 652
1712272291284 99.0 653
1712272301334 99.0 654
1712272311413 100.0 655
1712272321527 99.0 656
1712272331584 99.0 657
1712272341631 99.0 658
1712272351744 99.0 659
1712272361795 99.0 660
1712272371865 99.0 661
1712272381982 98.0 662
1712272392026 99.0 663
1712272402087 100.0 664
1712272412210 99.0 665
1712272422269 98.0 666
1712272432322 100.0 667
1712272442439 97.0 668
1712272452493 98.0 669
1712272462551 97.0 670
1712272472654 99.0 671
1712272482706 98.0 672
1712272492773 100.0 673
1712272502880 99.0 674
1712272512938 99.0 675
1712272522986 100.0 676
1712272533101 100.0 677
1712272543166 97.0 678
1712272553272 98.0 679
1712272563375 99.0 680
1712272573491 99.0 681
1712272583615 99.0 682
1712272593785 98.0 683
1712272603875 99.0 684
1712272614040 99.0 685
1712272624213 100.0 686
1712272634365 97.0 687
1712272644490 99.0 688
1712272654625 99.0 689
1712272664682 0.0 690
1712272674801 0.0 691
1712272684907 0.0 692
1712272695021 100.0 693
1712272705124 100.0 694
1712272715227 100.0 695
1712272725284 99.0 696
1712272735404 100.0 697
1712272745519 99.0 698
1712272755634 99.0 699
1712272765734 99.0 700
1712272775837 99.0 701
1712272785910 99.0 702
1712272796041 99.0 703
1712272806163 99.0 704
1712272816279 100.0 705
1712272826394 100.0 706
1712272836507 99.0 707
1712272846608 99.0 708
1712272856772 0.0 709
1712272866931 0.0 710
1712272877118 0.0 711
