1712265697000 0.0 0
1712265707102 0.00719799999933457 1
1712265717199 0.07529299999805517 2
1712265727281 0.08009799999854295 3
1712265737360 0.10661500000060187 4
1712265747434 0.1339220000008936 5
1712265757503 0.14226000000053318 6
1712265767577 0.16482999999789172 7
1712265777673 0.1771389999994426 8
1712265787754 0.18001299999741605 9
1712265797837 0.22371600000042235 10
1712265807943 0.22806599999967148 11
1712265818008 0.23300899999958347 12
1712265828093 0.2918050000007497 13
1712265838159 0.3030189999990398 14
1712265848240 0.3095309999989695 15
1712265858315 0.3236789999973553 16
1712265868395 0.3262609999983397 17
1712265878465 0.33217099999819766 18
1712265888539 0.35750800000096206 19
1712265898621 0.37127699999837205 20
1712265908681 0.40145699999993667 21
1712265918747 0.40641499999765074 22
1712265928811 0.42828000000008615 23
1712265938878 0.4426239999993413 24
1712265948952 0.477219000000332 25
1712265959022 0.5060730000004696 26
1712265969101 0.5273159999997006 27
1712265979173 0.555196999997861 28
1712265989251 0.5575299999982235 29
1712265999332 0.5636630000008154 30
1712266009403 0.57285100000081 31
1712266019481 0.5814409999984491 32
1712266029560 0.5873929999979737 33
1712266039646 0.5910010000006878 34
1712266049756 0.6283739999998943 35
1712266059848 0.6429969999990135 36
1712266069923 0.6590969999997469 37
1712266079999 0.6660469999987981 38
1712266090073 0.6729129999985162 39
1712266100161 0.6960980000003474 40
1712266110245 0.6979299999984505 41
1712266120320 0.7111999999979162 42
1712266130417 0.7197109999979148 43
1712266140490 0.7291879999975208 44
1712266150574 0.736494999997376 45
1712266160674 0.7395130000004428 46
1712266170747 0.7424350000001141 47
1712266180853 0.7507540000005974 48
1712266190923 0.7697119999975257 49
1712266200998 0.7792129999979807 50
1712266211090 0.8083870000009483 51
1712266221172 0.812459000000672 52
1712266231258 0.8176119999989169 53
1712266241334 0.8214430000007269 54
1712266251410 0.8556140000000596 55
1712266261494 0.9341490000006161 56
1712266271572 1.0162060000002384 57
1712266281657 1.0211409999974421 58
1712266291721 1.0260579999994661 59
1712266301790 1.044554000000062 60
1712266311885 1.058524000000034 61
1712266321965 1.0625970000000962 62
1712266332053 1.0713169999980892 63
1712266342124 1.0911859999978333 64
1712266352196 1.0927989999981946 65
1712266362277 1.0958140000002459 66
1712266372359 1.101117999998678 67
1712266382442 1.1044029999975464 68
1712266392524 1.1236419999986538 69
1712266402596 1.1639699999977893 70
1712266412672 1.1665350000002945 71
1712266422741 1.171528999999282 72
1712266432806 1.2079740000008314 73
1712266442895 1.2094319999996515 74
1712266452966 1.2186169999986305 75
1712266463037 1.229327999997622 76
1712266473108 1.2363939999995637 77
1712266483176 1.2419379999992088 78
1712266493269 1.2840849999993225 79
1712266503372 1.287927999997919 80
1712266513462 1.2989610000004177 81
1712266523532 1.3289019999974698 82
1712266533634 1.3675309999998717 83
1712266543738 1.3738069999999425 84
1712266553810 1.7097309999990102 85
1712266563915 1.7186239999973623 86
1712266573996 1.7289619999974093 87
1712266584081 1.7314799999985553 88
1712266594175 1.73508899999797 89
1712266604277 1.7565240000003541 90
1712266614373 3.6517930000009073 91
1712266624449 3.689892999998847 92
1712266634537 3.7060729999975592 93
1712266644633 3.7324249999983294 94
1712266654712 3.7372119999999995 95
1712266664791 3.7608929999987595 96
1712266674887 3.8376810000008845 97
1712266684979 3.839961999998195 98
1712266695051 3.8862889999982144 99
1712266705152 3.8908840000003693 100
1712266715235 3.895078999998077 101
1712266725315 3.923231000000669 102
1712266735411 3.9423959999985527 103
1712266745503 3.946611999999732 104
1712266755588 3.988521999999648 105
1712266765665 4.004805000000488 106
1712266775751 4.253519999998389 107
1712266785864 4.2600189999975555 108
1712266795939 4.283519000000524 109
1712266806018 4.286013999997522 110
1712266816123 4.300654999999097 111
1712266826224 4.315410999999585 112
1712266836323 4.325590000000375 113
1712266846427 4.336518000000069 114
1712266856506 4.402137000000948 115
1712266866605 4.41863899999953 116
1712266876696 4.433589000000211 117
1712266886805 4.4366399999998976 118
1712266896895 4.440181999998458 119
1712266906988 4.445115999998961 120
1712266917080 4.467622000000119 121
1712266927176 4.480513999998948 122
1712266937266 4.498176000000967 123
1712266947372 4.52567099999942 124
1712266957459 4.560732999998436 125
1712266967554 4.581390999999712 126
1712266977637 4.586874000000535 127
1712266987730 4.643231999998534 128
1712266997833 4.685568999997486 129
1712267007940 4.690894999999728 130
1712267018041 4.697015999998257 131
1712267028122 4.722986000000674 132
1712267038215 4.72661700000026 133
1712267048310 4.730446999998094 134
1712267058391 4.742707999997947 135
1712267068491 4.7446839999975055 136
1712267078574 4.746282000000065 137
1712267088675 4.752565999999206 138
1712267098763 4.754242999999406 139
1712267108873 4.758092000000033 140
1712267119005 4.802938000000722 141
1712267129107 4.825551999998424 142
1712267139188 4.865492999997514 143
1712267149274 4.873906000000716 144
1712267159366 4.890383999998448 145
1712267169445 4.893278999999893 146
1712267179550 4.896156999999221 147
1712267189650 4.904093999997713 148
1712267199763 4.926436999998259 149
1712267209870 4.997094999998808 150
1712267219972 5.0019890000003215 151
1712267230072 5.030463999999483 152
1712267240188 5.033825999998953 153
1712267250312 5.042506999998295 154
1712267260418 5.049476000000141 155
1712267270555 5.081374999997934 156
1712267280646 5.085569999999279 157
1712267290740 5.086927000000287 158
1712267300828 5.135954999997921 159
1712267310911 5.1429060000009486 160
1712267321006 5.145343000000139 161
1712267331103 5.1534130000000005 162
1712267341208 5.155437999997957 163
1712267351299 5.1594980000008945 164
1712267361374 5.1624510000001465 165
1712267371462 5.171725000000151 166
1712267381549 5.178619999998773 167
1712267391641 5.267003000000841 168
1712267401733 5.277416999997513 169
1712267411823 5.28036499999871 170
1712267421927 5.281643999998778 171
1712267432035 5.288481999999931 172
1712267442149 5.2909770000005665 173
1712267452248 5.309230999999272 174
1712267462330 5.328809999999066 175
1712267472419 5.332255999997869 176
1712267482503 5.34390699999858 177
1712267492591 5.3516359999994165 178
1712267502666 5.359377999997378 179
1712267512754 5.403281999999308 180
1712267522850 5.407236999999441 181
1712267532952 5.418198999999731 182
1712267543037 5.429443999997602 183
1712267553129 5.4478909999997995 184
1712267563224 5.450863999998546 185
1712267573328 5.461230000000796 186
1712267583408 5.477936999999656 187
1712267593493 5.481821999997919 188
1712267603570 5.502576999999292 189
1712267613663 5.509588999997504 190
1712267623748 5.545669999999518 191
1712267633845 5.55523600000015 192
1712267643922 5.570425999998406 193
1712267654013 5.594031000000541 194
1712267664107 5.596153999998933 195
1712267674201 5.598355999998603 196
1712267684303 5.605337999997573 197
1712267694408 6.879874999998719 198
1712267704494 6.916955000000598 199
1712267714598 6.9437010000001465 200
1712267724691 6.988341000000219 201
1712267734782 7.047685999998066 202
1712267744894 7.071862000000692 203
1712267754987 7.292844999999943 204
1712267765083 7.295865000000049 205
1712267775167 7.2995109999974375 206
1712267785249 7.301941999998235 207
1712267795332 7.313117999998212 208
1712267805420 7.321078999997553 209
1712267815522 7.354013000000123 210
1712267825621 7.356426999998803 211
1712267835725 7.35923399999956 212
1712267845812 7.362229999998817 213
1712267855901 7.392558999999892 214
1712267865994 7.4076549999990675 215
1712267876096 7.449945000000298 216
1712267886206 7.451415999999881 217
1712267896298 7.484447999999247 218
1712267906386 7.48671099999774 219
1712267916471 7.488604999998643 220
1712267926560 7.512285000000702 221
1712267936658 7.540030000000115 222
1712267946749 7.546136000000843 223
1712267956851 7.603976999998849 224
1712267966966 7.609346999997797 225
1712267977071 7.617041999998037 226
1712267987160 7.656629999997676 227
1712267997262 7.6790839999994205 228
1712268007353 7.681810999998561 229
1712268017448 7.716022000000521 230
1712268027553 7.718241999999009 231
1712268037659 7.720171999997547 232
1712268047741 7.736447999999655 233
1712268057851 7.754084000000148 234
1712268067941 7.768522999998822 235
1712268078042 7.789733999998134 236
1712268088132 7.792359999999462 237
1712268098225 7.811114000000089 238
1712268108323 7.8308020000004035 239
1712268118401 7.862747999999556 240
1712268128496 7.868344999998953 241
1712268138590 7.875970000000962 242
1712268148679 7.890576999998302 243
1712268158805 7.897084000000177 244
1712268168898 7.954544000000169 245
1712268178984 7.964432999997371 246
1712268189088 7.9684219999981 247
1712268199176 8.011327000000165 248
1712268209265 8.020314999997936 249
1712268219354 8.026942000000417 250
1712268229440 8.053636000000552 251
1712268239516 8.057789999998931 252
1712268249609 8.060495999998238 253
1712268259696 8.072027999998681 254
1712268269787 8.089916999997513 255
1712268279883 8.093310000000201 256
1712268289976 8.163217999997869 257
1712268300077 8.166278000000602 258
1712268310163 8.169561999999132 259
1712268320250 8.180546999999933 260
1712268330344 8.183622000000469 261
1712268340447 8.23381999999765 262
1712268350543 8.26665199999843 263
1712268360655 8.284702999997535 264
1712268370752 8.30698399999892 265
1712268380830 8.310620000000199 266
1712268390914 8.33685499999774 267
1712268401007 8.404987999998411 268
1712268411089 8.506311999997706 269
1712268421164 8.517749999999069 270
1712268431251 8.521727999999712 271
1712268441339 8.526915999998891 272
1712268451422 8.54226799999742 273
1712268461508 8.549299999998766 274
1712268471586 8.570470999999088 275
1712268481671 8.576151999997819 276
1712268491760 8.580173999998806 277
1712268501863 8.62436499999967 278
1712268511950 8.626464000000851 279
1712268522053 8.629838000000746 280
1712268532141 8.643180999999458 281
1712268542385 8.65694699999949 282
1712268552475 8.661458999999013 283
1712268562663 8.701500999999553 284
1712268572757 8.794288000000961 285
1712268582840 8.799289999999019 286
1712268592936 8.812517999998818 287
1712268603015 8.822678000000451 288
1712268613106 8.826979999998002 289
1712268623198 8.831405000000814 290
1712268633282 8.833800000000338 291
1712268643370 8.836262000000715 292
1712268653451 8.856966999999713 293
1712268663549 8.900604999998905 294
1712268673786 8.918160999997781 295
1712268683907 8.924694999997882 296
1712268694036 8.931777999998303 297
1712268704152 8.937717000000703 298
1712268714264 8.949861999997665 299
1712268724358 8.958893999999418 300
1712268734452 8.964155999998184 301
1712268744548 8.971270999998524 302
1712268754657 9.00069099999746 303
1712268764777 9.040699999997742 304
1712268774887 9.04901400000017 305
1712268784994 9.059066999998322 306
1712268795111 9.06462399999873 307
1712268805226 9.0963989999982 308
1712268815352 9.09955699999773 309
1712268825445 9.10280799999964 310
1712268835566 9.143229999997857 311
1712268845673 9.152760999997554 312
1712268855771 9.253419000000576 313
1712268865871 9.257676999997784 314
1712268875968 9.263252000000648 315
1712268886056 9.435819999998785 316
1712268896147 9.448624000000564 317
1712268906249 9.462836999999126 318
1712268916354 9.469544999999925 319
1712268926445 9.473943000000872 320
1712268936542 9.479535999998916 321
1712268946646 9.521012999997765 322
1712268956752 9.54023099999904 323
1712268966846 9.550301999999647 324
1712268976940 9.570721000000049 325
1712268987033 9.575561999998172 326
1712268997120 9.579782000000705 327
1712269007210 9.583780000000843 328
1712269017298 9.613027999999758 329
1712269027394 9.622088000000076 330
1712269037486 9.627255999999761 331
1712269047569 9.629962999999407 332
1712269057660 9.639302999999927 333
1712269067743 9.65456500000073 334
1712269077833 9.66787199999817 335
1712269087919 9.675176000000647 336
1712269098031 9.717420000000857 337
1712269108121 9.721873999998934 338
1712269118213 9.724680999999691 339
1712269128311 9.775825000000623 340
1712269138396 9.778426000000763 341
1712269148496 10.05279900000096 342
1712269158606 10.056674999999814 343
1712269168709 10.067177999997512 344
1712269178793 10.071314000000712 345
1712269188893 10.091381999998703 346
1712269198985 10.096566000000166 347
1712269209071 10.106702999997651 348
1712269219158 10.110012999997707 349
1712269229246 10.114581999998336 350
1712269239347 10.12361299999975 351
1712269249441 10.140219999997498 352
1712269259536 10.154371000000538 353
1712269269648 10.173494999999093 354
1712269279731 10.245015000000421 355
1712269289835 10.247741999999562 356
1712269299917 10.25450500000079 357
1712269310027 10.30787699999928 358
1712269320121 10.316398999999365 359
1712269330203 10.326436999999714 360
1712269340297 10.371821000000637 361
1712269350408 10.385491999997612 362
1712269360513 10.415612000000692 363
1712269370618 10.458210999997391 364
1712269380734 10.466337999998359 365
1712269390841 10.480716999998549 366
1712269400943 10.522514000000228 367
1712269411059 10.52654899999834 368
1712269421146 10.532251000000542 369
1712269431266 10.559097999997903 370
1712269441352 10.564469000000827 371
1712269451441 10.574321000000054 372
1712269461530 10.58165899999949 373
1712269471619 10.58747299999959 374
1712269481717 10.592177999998967 375
1712269491803 10.607364999999845 376
1712269501903 10.61113099999784 377
1712269511998 10.619017999997595 378
1712269522100 10.633346999999048 379
1712269532216 10.6383679999999 380
1712269542331 10.686460000000807 381
1712269552422 10.716358999998192 382
1712269562522 10.72467499999766 383
1712269572617 10.7292669999988 384
1712269582709 10.745597999997699 385
1712269592809 10.75066599999991 386
1712269602907 10.75344799999948 387
1712269613003 10.77748900000006 388
1712269623089 10.780603999999585 389
1712269633184 10.800931999998284 390
1712269643273 10.830666999998357 391
1712269653369 10.870124999997643 392
1712269663452 10.894142999997712 393
1712269673563 10.913038999999117 394
1712269683652 10.917672999999922 395
1712269693749 10.923070000000735 396
1712269703853 10.973967999998422 397
1712269713952 10.979228000000148 398
1712269724073 10.984166999998706 399
1712269734168 11.051486000000295 400
1712269744269 11.0543030000008 401
1712269754366 11.06032100000084 402
1712269764451 11.070113999998284 403
1712269774540 11.07401899999968 404
1712269784632 11.080565000000206 405
1712269794716 11.155600999998569 406
1712269804830 11.159521999998105 407
1712269814925 11.164606999998796 408
1712269825019 11.173579999998765 409
1712269835113 11.177691999997478 410
1712269845205 11.222619000000122 411
1712269855297 11.239203999997699 412
1712269865396 11.327997000000323 413
1712269875489 11.332931999997527 414
1712269885585 11.343292999998084 415
1712269895687 11.363564999999653 416
1712269905883 11.368501999997534 417
1712269915977 11.398977000000741 418
1712269926072 11.403533000000607 419
1712269936159 11.407047000000603 420
1712269946245 11.437927999999374 421
1712269956351 11.442330999998376 422
1712269966469 11.470470000000205 423
1712269976591 11.481471999999485 424
1712269986730 11.490968999998586 425
1712269996922 11.520152999997663 426
1712270007517 11.576854999999341 427
1712270017639 11.58203499999945 428
1712270027770 11.618776999999682 429
1712270037876 11.622952999998233 430
1712270047978 11.628426999999647 431
1712270058091 11.6371450000006 432
1712270068195 11.666897999999492 433
1712270078302 11.67162499999904 434
1712270088415 11.684531999999308 435
1712270098509 11.688924999998562 436
1712270108608 11.692441999999573 437
1712270118697 11.699882000000798 438
1712270128785 11.709828999999445 439
1712270138885 11.719051000000036 440
1712270148982 11.752442999997584 441
1712270159076 11.770148999999947 442
1712270169158 11.79332599999907 443
1712270179246 11.799330999998347 444
1712270189338 11.821134999998321 445
1712270199434 11.826795000000857 446
1712270209519 11.863728000000265 447
1712270219632 11.868340000000899 448
1712270229728 11.872136999998474 449
1712270239819 11.986415999999736 450
1712270249924 11.995822000000771 451
1712270260023 12.006745999999112 452
1712270270123 12.022216999997909 453
1712270280323 12.048321999998734 454
1712270290411 12.057441000000836 455
1712270300500 12.107566999999108 456
1712270310588 12.111591000000772 457
1712270320680 12.121203999999125 458
1712270330782 12.129826000000321 459
1712270340873 12.133484999998473 460
1712270350969 12.136439999998402 461
1712270361053 12.170772999998007 462
1712270371149 12.174324999999953 463
1712270381264 12.184909999999945 464
1712270391374 12.208632999998372 465
1712270401458 12.423835999998118 466
1712270411560 12.428128999999899 467
1712270421657 12.443954999998823 468
1712270431756 12.462531999997736 469
1712270441854 12.476599999998143 470
1712270451944 12.537607999998727 471
1712270462038 12.559355999997933 472
1712270472140 12.562728000000789 473
1712270482242 12.571144999998069 474
1712270492331 14.027647999999317 475
1712270502417 14.404797999999573 476
1712270512521 14.462913999999728 477
1712270522619 14.470742999998038 478
1712270532731 14.48189099999945 479
1712270542816 14.53700899999967 480
1712270552907 14.596348999999464 481
1712270563030 14.618309999998019 482
1712270573131 14.659397999999783 483
1712270583234 14.674638000000414 484
1712270593323 14.72930599999745 485
1712270603424 14.774849999997969 486
1712270613524 14.795654999998078 487
1712270623610 14.809221999999863 488
1712270633734 14.846032999997988 489
1712270643831 14.855037999997876 490
1712270653925 14.873917999997502 491
1712270664029 14.87637999999788 492
1712270674148 14.892644999999902 493
1712270684236 14.90641400000095 494
1712270694338 14.958238999999594 495
1712270704438 14.97879599999942 496
1712270714536 14.993410999999469 497
1712270724648 15.022045999998227 498
1712270734734 15.03650099999868 499
1712270744833 15.09582799999771 500
1712270754924 15.119614999999612 501
1712270765027 15.136408999998821 502
1712270775124 17.23138299999846 503
1712270785236 27.750174000000698 504
1712270795362 27.782533999998122 505
1712270805469 31.150841999999102 506
1712270815585 34.49068199999965 507
1712270825706 35.147226999997656 508
1712270835837 46.801134999997885 509
1712270845942 59.04227399999945 510
1712270856028 59.04780799999935 511
1712270866127 59.067322999999305 512
1712270876230 59.084968999999546 513
1712270886320 59.30768299999909 514
1712270896414 60.396898999999394 515
1712270906504 60.444971000000805 516
1712270916552 69.49755000000005 517
1712270926659 69.59983699999793 518
1712270936710 69.73352499999964 519
1712270946758 69.75866699999824 520
1712270956813 69.76761299999998 521
1712270966865 69.78860300000088 522
1712270976906 70.73783899999762 523
1712270986991 70.75393299999996 524
1712270997044 70.78741799999989 525
1712271007095 70.82318999999916 526
1712271017203 70.8308560000005 527
1712271027243 70.89348600000085 528
1712271037291 70.93447000000015 529
1712271047415 70.95997799999896 530
1712271057476 70.995891999999 531
1712271067542 71.02803199999835 532
1712271077666 71.04207799999858 533
1712271087718 71.25473799999963 534
1712271097761 71.29849699999977 535
1712271107882 71.31079699999827 536
1712271117975 71.44369899999947 537
1712271128088 72.35925900000075 538
1712271138199 72.47646800000075 539
1712271148322 72.77571899999748 540
1712271158402 72.84181600000011 541
1712271168513 74.49726399999781 542
1712271178625 76.06199999999808 543
1712271188718 76.7802640000009 544
1712271198812 77.64728900000046 545
1712271208909 77.95567400000073 546
1712271219195 78.06040700000085 547
1712271229315 78.33643099999972 548
1712271239425 78.34813600000052 549
1712271249525 78.36109299999953 550
1712271259644 78.49262299999828 551
1712271269772 98.48483299999862 552
1712271279821 112.365343999998 553
1712271289936 113.70305899999948 554
1712271300037 115.62301099999968 555
1712271310141 116.5253109999976 556
1712271320254 116.66994300000079 557
1712271330379 119.05708500000037 558
1712271340429 119.68315599999914 559
1712271350538 120.51931999999942 560
1712271360723 120.54865499999869 561
1712271370868 120.55896899999789 562
1712271381036 121.08768100000088 563
1712271391194 123.43817399999898 564
1712271401255 124.16357699999935 565
1712271411414 125.25118300000031 566
1712271421850 126.18114299999797 567
1712271432014 126.86762499999895 568
1712271442178 127.84055399999852 569
1712271452305 127.87566999999763 570
1712271462362 130.2126129999997 571
1712271472476 132.34777699999904 572
1712271482577 135.16701900000044 573
1712271492702 135.44477899999765 574
1712271502820 136.7361839999976 575
1712271512933 137.2110479999974 576
1712271522990 137.66545699999915 577
1712271533130 138.58146900000065 578
1712271543269 139.75535599999785 579
1712271553389 140.41358499999842 580
1712271563503 143.65098899999794 581
1712271573618 146.45221499999752 582
1712271583667 148.2417119999991 583
1712271593776 150.98238800000036 584
1712271603885 153.0500949999987 585
1712271613989 154.38663199999792 586
1712271624090 155.4351229999993 587
1712271634186 157.50909499999761 588
1712271644240 158.31462199999805 589
1712271654352 158.89972699999998 590
1712271664454 159.45912599999792 591
1712271674556 163.05183599999873 592
1712271684665 165.97280899999896 593
1712271694774 167.97805399999925 594
1712271704823 171.04133699999875 595
1712271714946 174.16353399999934 596
1712271725058 175.80656299999828 597
1712271735165 177.76714100000027 598
1712271745266 178.54470799999763 599
1712271755369 180.2512949999982 600
1712271765427 181.24403299999904 601
1712271775575 181.25938099999985 602
1712271785686 181.27724200000011 603
1712271795798 182.97863399999915 604
1712271805902 183.54972999999882 605
1712271816037 183.88959500000055 606
1712271826148 184.23039100000096 607
1712271836255 184.81081199999971 608
1712271846369 185.28515799999877 609
1712271856482 185.72501999999804 610
1712271866596 186.38601799999742 611
1712271876699 186.88551000000007 612
1712271886809 187.60052799999903 613
1712271896912 188.23427199999787 614
1712271907020 188.78022399999827 615
1712271917124 189.52428800000052 616
1712271927242 189.55204500000036 617
1712271937366 189.61376699999892 618
1712271947501 189.64697499999966 619
1712271957624 190.33530899999823 620
1712271967736 192.4322519999987 621
1712271977842 195.82881899999848 622
1712271987947 199.13673799999742 623
1712271998164 200.67068199999994 624
1712272008267 207.76903599999787 625
1712272018371 221.68135999999868 626
1712272028477 229.0931899999996 627
1712272038584 233.4169120000006 628
1712272048680 243.30387300000075 629
1712272058789 250.8752459999996 630
1712272068908 257.45388599999933 631
1712272079009 269.02403799999956 632
1712272089120 270.14851400000043 633
1712272099238 274.04732800000056 634
1712272109348 276.37089299999934 635
1712272119447 276.75385599999936 636
1712272129576 277.35903699999835 637
1712272139692 277.8216370000009 638
1712272149793 278.5945619999984 639
1712272159915 279.76262700000007 640
1712272170030 280.62453099999766 641
1712272180154 281.4663049999981 642
1712272190278 281.6634759999979 643
1712272200408 281.68315900000016 644
1712272210530 281.6966859999993 645
1712272220663 281.7101440000006 646
1712272230793 281.7221669999999 647
1712272240869 281.7290049999974 648
1712272250923 281.7781729999988 649
1712272261031 281.8027499999989 650
1712272271091 281.8604559999985 651
1712272281167 281.8800080000001 652
1712272291284 281.8933369999977 653
1712272301334 281.91348199999993 654
1712272311413 282.07987499999945 655
1712272321527 282.1027049999975 656
1712272331584 282.3220079999992 657
1712272341631 282.89760399999795 658
1712272351744 282.90479199999754 659
1712272361795 283.00723199999993 660
1712272371865 286.4436029999997 661
1712272381982 298.5962189999991 662
1712272392026 310.0680509999984 663
1712272402087 314.6533959999979 664
1712272412210 321.3585129999992 665
1712272422269 325.3572810000005 666
1712272432322 338.62037599999894 667
1712272442439 340.30020199999854 668
1712272452493 341.85795999999755 669
1712272462551 356.7142270000004 670
1712272472654 357.06469300000026 671
1712272482706 357.7667970000002 672
1712272492773 357.8042370000003 673
1712272502880 361.87621600000057 674
1712272512938 361.8882889999986 675
1712272522986 361.92730599999777 676
1712272533101 363.26545500000066 677
1712272543166 363.2739709999987 678
1712272553272 363.3330819999974 679
1712272563375 369.0527289999991 680
1712272573491 385.23286599999847 681
1712272583615 388.38623000000007 682
1712272593785 390.5051370000001 683
1712272603875 390.51284099999975 684
1712272614040 390.55264199999874 685
1712272624213 401.045693 686
1712272634365 403.8467869999986 687
1712272644490 408.3498319999999 688
1712272654625 408.4012330000005 689
1712272664682 416.5157020000006 690
1712272674801 423.6943119999996 691
1712272684907 435.62841800000024 692
1712272695021 441.6011389999985 693
1712272705124 448.9805269999997 694
1712272715227 449.6663750000007 695
1712272725284 465.17188299999907 696
1712272735404 467.5905219999986 697
1712272745519 470.233691999998 698
1712272755634 477.11810200000036 699
1712272765734 477.14333500000066 700
1712272775837 478.94113899999866 701
1712272785910 481.2100079999982 702
1712272796041 483.8190990000003 703
1712272806163 487.71163700000034 704
1712272816279 498.486614999998 705
1712272826394 502.6927790000009 706
1712272836507 504.6717959999987 707
1712272846608 516.273796999998 708
1712272856772 520.0140809999975 709
1712272866931 536.7389829999993 710
1712272877118 547.0919439999998 711
