1712265697000 46.7 0
1712265707102 84.2 1
1712265717199 96.5 2
1712265727281 80.4 3
1712265737360 86.3 4
1712265747434 88.5 5
1712265757503 88.0 6
1712265767577 88.6 7
1712265777673 89.1 8
1712265787754 89.4 9
1712265797837 89.8 10
1712265807943 92.9 11
1712265818008 93.1 12
1712265828093 93.2 13
1712265838159 93.2 14
1712265848240 93.4 15
1712265858315 93.8 16
1712265868395 93.7 17
1712265878465 93.8 18
1712265888539 93.9 19
1712265898621 94.0 20
1712265908681 94.3 21
1712265918747 94.5 22
1712265928811 94.6 23
1712265938878 94.7 24
1712265948952 94.9 25
1712265959022 94.9 26
1712265969101 95.0 27
1712265979173 95.0 28
1712265989251 95.1 29
1712265999332 95.1 30
1712266009403 95.2 31
1712266019481 95.3 32
1712266029560 95.4 33
1712266039646 95.5 34
1712266049756 93.6 35
1712266059848 94.1 36
1712266069923 94.6 37
1712266079999 94.9 38
1712266090073 95.0 39
1712266100161 95.1 40
1712266110245 95.4 41
1712266120320 95.5 42
1712266130417 95.6 43
1712266140490 95.7 44
1712266150574 95.8 45
1712266160674 95.9 46
1712266170747 95.9 47
1712266180853 96.0 48
1712266190923 96.1 49
1712266200998 96.4 50
1712266211090 96.7 51
1712266221172 96.5 52
1712266231258 96.6 53
1712266241334 96.8 54
1712266251410 97.3 55
1712266261494 97.1 56
1712266271572 97.1 57
1712266281657 97.3 58
1712266291721 97.1 59
1712266301790 97.2 60
1712266311885 97.1 61
1712266321965 97.1 62
1712266332053 97.4 63
1712266342124 97.4 64
1712266352196 97.4 65
1712266362277 97.5 66
1712266372359 97.6 67
1712266382442 97.7 68
1712266392524 97.8 69
1712266402596 97.8 70
1712266412672 97.8 71
1712266422741 97.8 72
1712266432806 97.9 73
1712266442895 97.9 74
1712266452966 98.0 75
1712266463037 97.9 76
1712266473108 97.9 77
1712266483176 97.9 78
1712266493269 98.0 79
1712266503372 98.0 80
1712266513462 98.1 81
1712266523532 98.1 82
1712266533634 98.1 83
1712266543738 98.1 84
1712266553810 98.2 85
1712266563915 98.0 86
1712266573996 98.0 87
1712266584081 98.0 88
1712266594175 98.0 89
1712266604277 98.0 90
1712266614373 98.2 91
1712266624449 98.2 92
1712266634537 98.3 93
1712266644633 97.9 94
1712266654712 97.9 95
1712266664791 98.0 96
1712266674887 98.1 97
1712266684979 98.2 98
1712266695051 98.1 99
1712266705152 98.1 100
1712266715235 98.1 101
1712266725315 98.1 102
1712266735411 98.1 103
1712266745503 98.2 104
1712266755588 98.2 105
1712266765665 97.9 106
1712266775751 97.9 107
1712266785864 97.9 108
1712266795939 97.9 109
1712266806018 98.0 110
1712266816123 98.0 111
1712266826224 97.9 112
1712266836323 97.9 113
1712266846427 98.0 114
1712266856506 97.8 115
1712266866605 97.8 116
1712266876696 97.7 117
1712266886805 97.7 118
1712266896895 97.7 119
1712266906988 97.8 120
1712266917080 97.9 121
1712266927176 97.9 122
1712266937266 95.6 123
1712266947372 65.1 124
1712266957459 73.1 125
1712266967554 72.7 126
1712266977637 72.6 127
1712266987730 72.9 128
1712266997833 73.0 129
1712267007940 73.1 130
1712267018041 73.1 131
1712267028122 73.2 132
1712267038215 73.3 133
1712267048310 73.4 134
1712267058391 73.7 135
1712267068491 73.5 136
1712267078574 73.5 137
1712267088675 73.6 138
1712267098763 73.7 139
1712267108873 73.8 140
1712267119005 73.9 141
1712267129107 96.6 142
1712267139188 90.0 143
1712267149274 79.8 144
1712267159366 86.1 145
1712267169445 89.1 146
1712267179550 89.9 147
1712267189650 88.6 148
1712267199763 88.9 149
1712267209870 89.4 150
1712267219972 89.6 151
1712267230072 90.6 152
1712267240188 90.7 153
1712267250312 91.0 154
1712267260418 90.9 155
1712267270555 91.4 156
1712267280646 91.7 157
1712267290740 91.9 158
1712267300828 92.2 159
1712267310911 92.2 160
1712267321006 92.4 161
1712267331103 92.5 162
1712267341208 92.6 163
1712267351299 92.8 164
1712267361374 92.9 165
1712267371462 93.0 166
1712267381549 94.5 167
1712267391641 94.5 168
1712267401733 95.0 169
1712267411823 95.1 170
1712267421927 95.1 171
1712267432035 95.2 172
1712267442149 95.2 173
1712267452248 95.3 174
1712267462330 95.3 175
1712267472419 95.6 176
1712267482503 95.5 177
1712267492591 95.6 178
1712267502666 95.6 179
1712267512754 95.6 180
1712267522850 95.7 181
1712267532952 95.8 182
1712267543037 95.8 183
1712267553129 95.9 184
1712267563224 95.9 185
1712267573328 96.1 186
1712267583408 96.3 187
1712267593493 96.4 188
1712267603570 96.4 189
1712267613663 96.4 190
1712267623748 96.5 191
1712267633845 96.6 192
1712267643922 96.8 193
1712267654013 96.8 194
1712267664107 97.1 195
1712267674201 97.2 196
1712267684303 97.3 197
1712267694408 97.8 198
1712267704494 98.2 199
1712267714598 98.2 200
1712267724691 98.0 201
1712267734782 98.0 202
1712267744894 98.1 203
1712267754987 98.1 204
1712267765083 97.9 205
1712267775167 98.0 206
1712267785249 97.9 207
1712267795332 98.0 208
1712267805420 98.0 209
1712267815522 97.9 210
1712267825621 97.8 211
1712267835725 97.8 212
1712267845812 97.8 213
1712267855901 92.8 214
1712267865994 95.2 215
1712267876096 96.2 216
1712267886206 96.7 217
1712267896298 96.7 218
1712267906386 96.7 219
1712267916471 96.7 220
1712267926560 96.7 221
1712267936658 96.8 222
1712267946749 96.9 223
1712267956851 97.2 224
1712267966966 97.0 225
1712267977071 96.9 226
1712267987160 97.0 227
1712267997262 97.2 228
1712268007353 97.2 229
1712268017448 97.2 230
1712268027553 97.2 231
1712268037659 97.2 232
1712268047741 97.3 233
1712268057851 97.2 234
1712268067941 97.3 235
1712268078042 97.3 236
1712268088132 97.3 237
1712268098225 97.3 238
1712268108323 97.4 239
1712268118401 97.4 240
1712268128496 97.5 241
1712268138590 97.5 242
1712268148679 97.5 243
1712268158805 97.5 244
1712268168898 97.8 245
1712268178984 97.6 246
1712268189088 97.7 247
1712268199176 97.8 248
1712268209265 97.8 249
1712268219354 97.8 250
1712268229440 98.0 251
1712268239516 97.9 252
1712268249609 97.9 253
1712268259696 98.0 254
1712268269787 97.8 255
1712268279883 97.8 256
1712268289976 97.9 257
1712268300077 98.0 258
1712268310163 98.0 259
1712268320250 98.0 260
1712268330344 98.0 261
1712268340447 98.1 262
1712268350543 98.0 263
1712268360655 57.3 264
1712268370752 67.8 265
1712268380830 75.3 266
1712268390914 77.8 267
1712268401007 77.9 268
1712268411089 78.1 269
1712268421164 77.9 270
1712268431251 78.0 271
1712268441339 77.9 272
1712268451422 77.9 273
1712268461508 77.8 274
1712268471586 77.9 275
1712268481671 77.8 276
1712268491760 77.9 277
1712268501863 77.9 278
1712268511950 77.9 279
1712268522053 77.8 280
1712268532141 77.9 281
1712268542385 77.9 282
1712268552475 98.7 283
1712268562663 92.4 284
1712268572757 96.2 285
1712268582840 80.5 286
1712268592936 88.9 287
1712268603015 90.2 288
1712268613106 91.9 289
1712268623198 92.2 290
1712268633282 92.5 291
1712268643370 92.5 292
1712268653451 93.1 293
1712268663549 93.2 294
1712268673786 93.3 295
1712268683907 93.3 296
1712268694036 93.4 297
1712268704152 94.9 298
1712268714264 95.2 299
1712268724358 95.4 300
1712268734452 95.5 301
1712268744548 95.4 302
1712268754657 95.5 303
1712268764777 96.2 304
1712268774887 96.6 305
1712268784994 96.7 306
1712268795111 96.8 307
1712268805226 96.8 308
1712268815352 96.8 309
1712268825445 96.8 310
1712268835566 95.3 311
1712268845673 95.4 312
1712268855771 95.9 313
1712268865871 95.9 314
1712268875968 95.9 315
1712268886056 96.0 316
1712268896147 96.1 317
1712268906249 96.3 318
1712268916354 96.5 319
1712268926445 96.5 320
1712268936542 96.6 321
1712268946646 96.7 322
1712268956752 97.2 323
1712268966846 97.1 324
1712268976940 97.0 325
1712268987033 97.0 326
1712268997120 97.0 327
1712269007210 96.9 328
1712269017298 96.9 329
1712269027394 97.1 330
1712269037486 97.3 331
1712269047569 97.2 332
1712269057660 97.2 333
1712269067743 97.3 334
1712269077833 97.4 335
1712269087919 97.5 336
1712269098031 97.6 337
1712269108121 97.6 338
1712269118213 97.6 339
1712269128311 97.7 340
1712269138396 97.7 341
1712269148496 97.8 342
1712269158606 97.9 343
1712269168709 97.7 344
1712269178793 97.7 345
1712269188893 97.7 346
1712269198985 97.6 347
1712269209071 97.7 348
1712269219158 97.7 349
1712269229246 97.8 350
1712269239347 97.8 351
1712269249441 97.9 352
1712269259536 97.6 353
1712269269648 97.6 354
1712269279731 97.6 355
1712269289835 97.6 356
1712269299917 97.6 357
1712269310027 97.7 358
1712269320121 97.7 359
1712269330203 97.8 360
1712269340297 97.8 361
1712269350408 98.1 362
1712269360513 97.3 363
1712269370618 97.3 364
1712269380734 97.3 365
1712269390841 97.4 366
1712269400943 97.4 367
1712269411059 97.4 368
1712269421146 97.3 369
1712269431266 97.4 370
1712269441352 97.5 371
1712269451441 97.6 372
1712269461530 97.5 373
1712269471619 97.4 374
1712269481717 97.4 375
1712269491803 97.5 376
1712269501903 97.6 377
1712269511998 97.8 378
1712269522100 97.7 379
1712269532216 97.6 380
1712269542331 97.6 381
1712269552422 97.8 382
1712269562522 97.6 383
1712269572617 97.7 384
1712269582709 97.7 385
1712269592809 97.7 386
1712269602907 97.6 387
1712269613003 97.8 388
1712269623089 97.8 389
1712269633184 97.9 390
1712269643273 97.9 391
1712269653369 97.9 392
1712269663452 98.0 393
1712269673563 98.1 394
1712269683652 98.2 395
1712269693749 98.2 396
1712269703853 98.2 397
1712269713952 98.2 398
1712269724073 98.2 399
1712269734168 98.0 400
1712269744269 97.7 401
1712269754366 97.7 402
1712269764451 97.6 403
1712269774540 97.5 404
1712269784632 97.5 405
1712269794716 64.4 406
1712269804830 70.1 407
1712269814925 80.0 408
1712269825019 78.2 409
1712269835113 78.2 410
1712269845205 78.2 411
1712269855297 78.5 412
1712269865396 78.7 413
1712269875489 78.5 414
1712269885585 78.5 415
1712269895687 78.4 416
1712269905883 78.5 417
1712269915977 78.5 418
1712269926072 78.6 419
1712269936159 78.9 420
1712269946245 78.8 421
1712269956351 78.8 422
1712269966469 78.8 423
1712269976591 85.0 424
1712269986730 93.8 425
1712269996922 95.3 426
1712270007517 91.8 427
1712270017639 87.3 428
1712270027770 90.9 429
1712270037876 92.6 430
1712270047978 93.2 431
1712270058091 93.8 432
1712270068195 93.7 433
1712270078302 93.8 434
1712270088415 94.2 435
1712270098509 94.2 436
1712270108608 94.4 437
1712270118697 94.5 438
1712270128785 94.6 439
1712270138885 94.6 440
1712270148982 94.9 441
1712270159076 95.4 442
1712270169158 95.6 443
1712270179246 95.5 444
1712270189338 95.6 445
1712270199434 95.7 446
1712270209519 95.8 447
1712270219632 95.7 448
1712270229728 95.9 449
1712270239819 95.9 450
1712270249924 96.0 451
1712270260023 96.0 452
1712270270123 96.1 453
1712270280323 96.2 454
1712270290411 96.4 455
1712270300500 96.4 456
1712270310588 96.4 457
1712270320680 96.4 458
1712270330782 96.5 459
1712270340873 96.5 460
1712270350969 96.6 461
1712270361053 96.7 462
1712270371149 96.7 463
1712270381264 96.7 464
1712270391374 96.9 465
1712270401458 97.1 466
1712270411560 97.3 467
1712270421657 97.2 468
1712270431756 97.3 469
1712270441854 97.3 470
1712270451944 97.4 471
1712270462038 97.5 472
1712270472140 97.6 473
1712270482242 97.6 474
1712270492331 97.6 475
1712270502417 97.6 476
1712270512521 97.7 477
1712270522619 97.8 478
1712270532731 97.8 479
1712270542816 97.6 480
1712270552907 97.6 481
1712270563030 97.6 482
1712270573131 97.7 483
1712270583234 97.9 484
1712270593323 97.7 485
1712270603424 97.7 486
1712270613524 97.8 487
1712270623610 97.8 488
1712270633734 97.9 489
1712270643831 98.0 490
1712270653925 92.9 491
1712270664029 94.5 492
1712270674148 95.0 493
1712270684236 95.2 494
1712270694338 95.4 495
1712270704438 95.5 496
1712270714536 95.5 497
1712270724648 95.6 498
1712270734734 95.6 499
1712270744833 95.6 500
1712270754924 95.9 501
1712270765027 95.9 502
1712270775124 96.0 503
1712270785236 96.0 504
1712270795362 96.0 505
1712270805469 96.0 506
1712270815585 96.1 507
1712270825706 96.1 508
1712270835837 96.2 509
1712270845942 96.1 510
1712270856028 96.1 511
1712270866127 96.1 512
1712270876230 96.2 513
1712270886320 96.3 514
1712270896414 96.4 515
1712270906504 96.4 516
1712270916552 96.4 517
1712270926659 96.5 518
1712270936710 97.2 519
1712270946758 97.4 520
1712270956813 97.4 521
1712270966865 97.7 522
1712270976906 97.3 523
1712270986991 95.3 524
1712270997044 96.0 525
1712271007095 96.6 526
1712271017203 93.7 527
1712271027243 94.4 528
1712271037291 96.2 529
1712271047415 94.9 530
1712271057476 94.8 531
1712271067542 94.8 532
1712271077666 95.0 533
1712271087718 94.5 534
1712271097761 96.1 535
1712271107882 95.5 536
1712271117975 95.4 537
1712271128088 95.8 538
1712271138199 95.7 539
1712271148322 95.7 540
1712271158402 95.9 541
1712271168513 96.0 542
1712271178625 96.1 543
1712271188718 96.2 544
1712271198812 96.3 545
1712271208909 96.3 546
1712271219195 95.8 547
1712271229315 66.4 548
1712271239425 69.2 549
1712271249525 79.3 550
1712271259644 80.6 551
1712271269772 80.3 552
1712271279821 80.9 553
1712271289936 82.4 554
1712271300037 82.7 555
1712271310141 82.6 556
1712271320254 82.7 557
1712271330379 82.6 558
1712271340429 82.5 559
1712271350538 83.2 560
1712271360723 82.9 561
1712271370868 83.0 562
1712271381036 83.0 563
1712271391194 78.1 564
1712271401255 78.0 565
1712271411414 78.2 566
1712271421850 98.3 567
1712271432014 97.5 568
1712271442178 98.0 569
1712271452305 81.4 570
1712271462362 87.1 571
1712271472476 88.4 572
1712271482577 90.1 573
1712271492702 90.6 574
1712271502820 91.1 575
1712271512933 91.2 576
1712271522990 91.4 577
1712271533130 92.4 578
1712271543269 92.6 579
1712271553389 92.6 580
1712271563503 92.5 581
1712271573618 94.5 582
1712271583667 94.5 583
1712271593776 95.3 584
1712271603885 95.5 585
1712271613989 95.9 586
1712271624090 95.7 587
1712271634186 95.7 588
1712271644240 95.9 589
1712271654352 96.3 590
1712271664454 96.5 591
1712271674556 96.6 592
1712271684665 96.7 593
1712271694774 96.7 594
1712271704823 96.8 595
1712271714946 97.0 596
1712271725058 97.0 597
1712271735165 97.1 598
1712271745266 97.1 599
1712271755369 97.1 600
1712271765427 97.3 601
1712271775575 97.5 602
1712271785686 97.0 603
1712271795798 97.1 604
1712271805902 97.0 605
1712271816037 96.8 606
1712271826148 96.7 607
1712271836255 96.8 608
1712271846369 97.0 609
1712271856482 97.2 610
1712271866596 97.3 611
1712271876699 97.3 612
1712271886809 97.2 613
1712271896912 97.6 614
1712271907020 97.8 615
1712271917124 98.0 616
1712271927242 98.0 617
1712271937366 98.1 618
1712271947501 98.3 619
1712271957624 97.7 620
1712271967736 97.8 621
1712271977842 97.8 622
1712271987947 97.8 623
1712271998164 98.0 624
1712272008267 98.1 625
1712272018371 98.1 626
1712272028477 98.1 627
1712272038584 98.2 628
1712272048680 98.2 629
1712272058789 98.1 630
1712272068908 97.9 631
1712272079009 98.0 632
1712272089120 98.1 633
1712272099238 98.2 634
1712272109348 97.5 635
1712272119447 97.5 636
1712272129576 97.7 637
1712272139692 97.6 638
1712272149793 97.8 639
1712272159915 97.7 640
1712272170030 97.6 641
1712272180154 97.6 642
1712272190278 97.8 643
1712272200408 97.9 644
1712272210530 97.9 645
1712272220663 98.0 646
1712272230793 98.1 647
1712272240869 99.1 648
1712272250923 97.6 649
1712272261031 97.6 650
1712272271091 97.7 651
1712272281167 97.5 652
1712272291284 97.4 653
1712272301334 97.4 654
1712272311413 97.6 655
1712272321527 97.6 656
1712272331584 97.7 657
1712272341631 97.8 658
1712272351744 97.8 659
1712272361795 97.5 660
1712272371865 97.6 661
1712272381982 97.7 662
1712272392026 97.7 663
1712272402087 97.8 664
1712272412210 97.9 665
1712272422269 97.9 666
1712272432322 98.0 667
1712272442439 97.7 668
1712272452493 97.8 669
1712272462551 97.8 670
1712272472654 97.9 671
1712272482706 94.6 672
1712272492773 94.6 673
1712272502880 94.8 674
1712272512938 95.1 675
1712272522986 95.1 676
1712272533101 95.2 677
1712272543166 95.2 678
1712272553272 95.4 679
1712272563375 92.6 680
1712272573491 93.8 681
1712272583615 94.0 682
1712272593785 89.4 683
1712272603875 89.5 684
1712272614040 89.7 685
1712272624213 89.9 686
1712272634365 89.9 687
1712272644490 89.9 688
1712272654625 90.0 689
1712272664682 46.8 690
1712272674801 59.7 691
1712272684907 70.4 692
1712272695021 73.4 693
1712272705124 73.6 694
1712272715227 73.6 695
1712272725284 74.4 696
1712272735404 74.4 697
1712272745519 74.4 698
1712272755634 74.5 699
1712272765734 74.5 700
1712272775837 74.5 701
1712272785910 74.5 702
1712272796041 74.6 703
1712272806163 74.8 704
1712272816279 74.8 705
1712272826394 74.8 706
1712272836507 74.7 707
1712272846608 74.9 708
1712272856772 89.2 709
1712272866931 96.7 710
1712272877118 91.5 711
