1712265697000 7883.4 0
1712265707102 14196.3 1
1712265717199 16282.3 2
1712265727281 13560.4 3
1712265737360 14560.7 4
1712265747434 14935.2 5
1712265757503 14842.2 6
1712265767577 14949.4 7
1712265777673 15029.8 8
1712265787754 15079.7 9
1712265797837 15141.4 10
1712265807943 15672.0 11
1712265818008 15695.9 12
1712265828093 15715.0 13
1712265838159 15721.5 14
1712265848240 15751.2 15
1712265858315 15819.7 16
1712265868395 15802.2 17
1712265878465 15814.8 18
1712265888539 15839.9 19
1712265898621 15863.2 20
1712265908681 15910.5 21
1712265918747 15934.2 22
1712265928811 15962.6 23
1712265938878 15979.3 24
1712265948952 16014.7 25
1712265959022 16004.6 26
1712265969101 16025.2 27
1712265979173 16026.9 28
1712265989251 16038.7 29
1712265999332 16039.2 30
1712266009403 16065.3 31
1712266019481 16080.7 32
1712266029560 16099.3 33
1712266039646 16103.4 34
1712266049756 15788.0 35
1712266059848 15873.3 36
1712266069923 15961.2 37
1712266079999 15998.8 38
1712266090073 16025.9 39
1712266100161 16034.0 40
1712266110245 16091.2 41
1712266120320 16110.5 42
1712266130417 16120.4 43
1712266140490 16138.3 44
1712266150574 16160.6 45
1712266160674 16180.7 46
1712266170747 16173.9 47
1712266180853 16191.5 48
1712266190923 16215.6 49
1712266200998 16256.0 50
1712266211090 16305.5 51
1712266221172 16283.6 52
1712266231258 16290.1 53
1712266241334 16326.5 54
1712266251410 16406.7 55
1712266261494 16371.7 56
1712266271572 16381.6 57
1712266281657 16403.3 58
1712266291721 16380.0 59
1712266301790 16390.1 60
1712266311885 16384.7 61
1712266321965 16381.5 62
1712266332053 16432.2 63
1712266342124 16436.1 64
1712266352196 16433.6 65
1712266362277 16439.9 66
1712266372359 16461.0 67
1712266382442 16471.7 68
1712266392524 16491.2 69
1712266402596 16491.2 70
1712266412672 16495.5 71
1712266422741 16501.5 72
1712266432806 16513.6 73
1712266442895 16510.9 74
1712266452966 16521.3 75
1712266463037 16516.7 76
1712266473108 16508.9 77
1712266483176 16510.2 78
1712266493269 16523.1 79
1712266503372 16535.0 80
1712266513462 16540.0 81
1712266523532 16541.9 82
1712266533634 16552.7 83
1712266543738 16550.4 84
1712266553810 16558.1 85
1712266563915 16534.4 86
1712266573996 16534.2 87
1712266584081 16526.7 88
1712266594175 16525.0 89
1712266604277 16532.5 90
1712266614373 16558.1 91
1712266624449 16564.9 92
1712266634537 16573.9 93
1712266644633 16517.1 94
1712266654712 16515.8 95
1712266664791 16523.7 96
1712266674887 16550.4 97
1712266684979 16555.3 98
1712266695051 16545.9 99
1712266705152 16542.4 100
1712266715235 16543.9 101
1712266725315 16543.5 102
1712266735411 16552.0 103
1712266745503 16555.5 104
1712266755588 16565.3 105
1712266765665 16520.2 106
1712266775751 16515.2 107
1712266785864 16520.7 108
1712266795939 16520.7 109
1712266806018 16532.7 110
1712266816123 16533.7 111
1712266826224 16515.1 112
1712266836323 16513.6 113
1712266846427 16521.7 114
1712266856506 16487.8 115
1712266866605 16489.7 116
1712266876696 16484.5 117
1712266886805 16483.8 118
1712266896895 16486.3 119
1712266906988 16488.4 120
1712266917080 16509.6 121
1712266927176 16515.5 122
1712266937266 16118.9 123
1712266947372 10972.9 124
1712266957459 12337.2 125
1712266967554 12256.3 126
1712266977637 12246.0 127
1712266987730 12304.0 128
1712266997833 12311.3 129
1712267007940 12329.8 130
1712267018041 12332.3 131
1712267028122 12354.2 132
1712267038215 12361.0 133
1712267048310 12380.2 134
1712267058391 12423.1 135
1712267068491 12398.4 136
1712267078574 12389.7 137
1712267088675 12412.0 138
1712267098763 12426.2 139
1712267108873 12445.5 140
1712267119005 12464.7 141
1712267129107 16295.9 142
1712267139188 15184.1 143
1712267149274 13455.5 144
1712267159366 14519.0 145
1712267169445 15032.3 146
1712267179550 15171.4 147
1712267189650 14949.4 148
1712267199763 15000.0 149
1712267209870 15070.8 150
1712267219972 15111.8 151
1712267230072 15288.2 152
1712267240188 15305.8 153
1712267250312 15344.0 154
1712267260418 15339.6 155
1712267270555 15409.6 156
1712267280646 15464.3 157
1712267290740 15508.2 158
1712267300828 15558.1 159
1712267310911 15552.0 160
1712267321006 15588.0 161
1712267331103 15609.1 162
1712267341208 15625.2 163
1712267351299 15648.0 164
1712267361374 15663.1 165
1712267371462 15685.4 166
1712267381549 15937.2 167
1712267391641 15933.7 168
1712267401733 16027.2 169
1712267411823 16047.4 170
1712267421927 16042.1 171
1712267432035 16056.3 172
1712267442149 16052.3 173
1712267452248 16073.4 174
1712267462330 16080.5 175
1712267472419 16121.6 176
1712267482503 16114.0 177
1712267492591 16125.0 178
1712267502666 16132.7 179
1712267512754 16119.8 180
1712267522850 16135.5 181
1712267532952 16158.7 182
1712267543037 16153.3 183
1712267553129 16173.7 184
1712267563224 16177.2 185
1712267573328 16204.5 186
1712267583408 16237.7 187
1712267593493 16251.3 188
1712267603570 16252.2 189
1712267613663 16261.8 190
1712267623748 16276.0 191
1712267633845 16287.7 192
1712267643922 16319.8 193
1712267654013 16326.7 194
1712267664107 16378.9 195
1712267674201 16396.4 196
1712267684303 16406.5 197
1712267694408 16489.8 198
1712267704494 16566.3 199
1712267714598 16570.6 200
1712267724691 16528.7 201
1712267734782 16531.4 202
1712267744894 16541.0 203
1712267754987 16543.2 204
1712267765083 16520.2 205
1712267775167 16525.4 206
1712267785249 16513.6 207
1712267795332 16525.5 208
1712267805420 16534.4 209
1712267815522 16506.3 210
1712267825621 16502.4 211
1712267835725 16499.1 212
1712267845812 16490.2 213
1712267855901 15655.4 214
1712267865994 16055.5 215
1712267876096 16224.4 216
1712267886206 16304.7 217
1712267896298 16316.5 218
1712267906386 16316.1 219
1712267916471 16318.5 220
1712267926560 16311.2 221
1712267936658 16328.2 222
1712267946749 16338.0 223
1712267956851 16395.4 224
1712267966966 16353.9 225
1712267977071 16348.3 226
1712267987160 16369.1 227
1712267997262 16388.8 228
1712268007353 16389.2 229
1712268017448 16400.4 230
1712268027553 16401.3 231
1712268037659 16397.0 232
1712268047741 16413.1 233
1712268057851 16396.3 234
1712268067941 16413.1 235
1712268078042 16409.2 236
1712268088132 16408.7 237
1712268098225 16408.9 238
1712268108323 16426.3 239
1712268118401 16429.8 240
1712268128496 16449.2 241
1712268138590 16447.0 242
1712268148679 16451.3 243
1712268158805 16451.8 244
1712268168898 16494.4 245
1712268178984 16467.7 246
1712268189088 16480.2 247
1712268199176 16492.9 248
1712268209265 16500.3 249
1712268219354 16502.1 250
1712268229440 16531.5 251
1712268239516 16511.4 252
1712268249609 16514.4 253
1712268259696 16524.2 254
1712268269787 16499.6 255
1712268279883 16495.8 256
1712268289976 16506.8 257
1712268300077 16521.1 258
1712268310163 16532.5 259
1712268320250 16532.1 260
1712268330344 16535.7 261
1712268340447 16554.2 262
1712268350543 16537.9 263
1712268360655 9657.4 264
1712268370752 11436.5 265
1712268380830 12699.9 266
1712268390914 13120.2 267
1712268401007 13143.9 268
1712268411089 13165.5 269
1712268421164 13146.9 270
1712268431251 13158.5 271
1712268441339 13144.2 272
1712268451422 13135.0 273
1712268461508 13115.5 274
1712268471586 13137.6 275
1712268481671 13129.6 276
1712268491760 13141.0 277
1712268501863 13138.8 278
1712268511950 13134.2 279
1712268522053 13127.9 280
1712268532141 13137.9 281
1712268542385 13144.2 282
1712268552475 16642.0 283
1712268562663 15588.7 284
1712268572757 16221.9 285
1712268582840 13583.4 286
1712268592936 14994.3 287
1712268603015 15205.6 288
1712268613106 15497.9 289
1712268623198 15558.4 290
1712268633282 15597.2 291
1712268643370 15609.5 292
1712268653451 15702.9 293
1712268663549 15726.2 294
1712268673786 15737.3 295
1712268683907 15745.1 296
1712268694036 15749.9 297
1712268704152 16014.3 298
1712268714264 16062.6 299
1712268724358 16092.8 300
1712268734452 16107.3 301
1712268744548 16094.4 302
1712268754657 16105.1 303
1712268764777 16227.5 304
1712268774887 16290.2 305
1712268784994 16308.0 306
1712268795111 16320.0 307
1712268805226 16326.0 308
1712268815352 16332.2 309
1712268825445 16322.4 310
1712268835566 16070.0 311
1712268845673 16098.7 312
1712268855771 16182.3 313
1712268865871 16171.9 314
1712268875968 16178.7 315
1712268886056 16192.2 316
1712268896147 16217.5 317
1712268906249 16243.6 318
1712268916354 16271.8 319
1712268926445 16284.2 320
1712268936542 16285.3 321
1712268946646 16304.0 322
1712268956752 16388.2 323
1712268966846 16370.3 324
1712268976940 16365.5 325
1712268987033 16360.2 326
1712268997120 16361.1 327
1712269007210 16346.8 328
1712269017298 16345.1 329
1712269027394 16371.5 330
1712269037486 16403.3 331
1712269047569 16392.6 332
1712269057660 16401.6 333
1712269067743 16419.2 334
1712269077833 16427.8 335
1712269087919 16452.5 336
1712269098031 16457.6 337
1712269108121 16466.2 338
1712269118213 16467.4 339
1712269128311 16471.6 340
1712269138396 16477.0 341
1712269148496 16502.0 342
1712269158606 16509.3 343
1712269168709 16478.5 344
1712269178793 16472.1 345
1712269188893 16478.3 346
1712269198985 16466.4 347
1712269209071 16481.4 348
1712269219158 16483.2 349
1712269229246 16492.8 350
1712269239347 16488.8 351
1712269249441 16518.0 352
1712269259536 16462.4 353
1712269269648 16464.0 354
1712269279731 16454.5 355
1712269289835 16459.7 356
1712269299917 16462.0 357
1712269310027 16477.5 358
1712269320121 16481.5 359
1712269330203 16497.5 360
1712269340297 16494.8 361
1712269350408 16547.4 362
1712269360513 16409.9 363
1712269370618 16413.1 364
1712269380734 16415.3 365
1712269390841 16423.5 366
1712269400943 16429.7 367
1712269411059 16421.9 368
1712269421146 16413.9 369
1712269431266 16436.6 370
1712269441352 16442.3 371
1712269451441 16466.1 372
1712269461530 16440.8 373
1712269471619 16436.2 374
1712269481717 16424.5 375
1712269491803 16447.9 376
1712269501903 16455.0 377
1712269511998 16487.9 378
1712269522100 16471.0 379
1712269532216 16468.2 380
1712269542331 16470.1 381
1712269552422 16495.2 382
1712269562522 16467.6 383
1712269572617 16471.2 384
1712269582709 16473.3 385
1712269592809 16476.2 386
1712269602907 16469.2 387
1712269613003 16494.5 388
1712269623089 16494.0 389
1712269633184 16512.0 390
1712269643273 16511.7 391
1712269653369 16519.7 392
1712269663452 16528.9 393
1712269673563 16543.7 394
1712269683652 16555.3 395
1712269693749 16560.2 396
1712269703853 16559.8 397
1712269713952 16559.1 398
1712269724073 16565.2 399
1712269734168 16522.2 400
1712269744269 16481.4 401
1712269754366 16480.6 402
1712269764451 16460.4 403
1712269774540 16448.0 404
1712269784632 16442.0 405
1712269794716 10860.0 406
1712269804830 11822.1 407
1712269814925 13491.1 408
1712269825019 13191.0 409
1712269835113 13185.5 410
1712269845205 13195.7 411
1712269855297 13248.3 412
1712269865396 13272.1 413
1712269875489 13246.4 414
1712269885585 13238.9 415
1712269895687 13231.8 416
1712269905883 13237.1 417
1712269915977 13242.7 418
1712269926072 13259.2 419
1712269936159 13303.2 420
1712269946245 13297.4 421
1712269956351 13294.9 422
1712269966469 13299.5 423
1712269976591 14329.3 424
1712269986730 15829.1 425
1712269996922 16080.8 426
1712270007517 15476.7 427
1712270017639 14731.9 428
1712270027770 15325.5 429
1712270037876 15619.1 430
1712270047978 15726.4 431
1712270058091 15821.1 432
1712270068195 15808.7 433
1712270078302 15814.0 434
1712270088415 15885.3 435
1712270098509 15896.0 436
1712270108608 15925.3 437
1712270118697 15942.5 438
1712270128785 15957.0 439
1712270138885 15962.6 440
1712270148982 15998.9 441
1712270159076 16092.6 442
1712270169158 16118.5 443
1712270179246 16111.7 444
1712270189338 16131.8 445
1712270199434 16138.0 446
1712270209519 16164.9 447
1712270219632 16145.2 448
1712270229728 16177.8 449
1712270239819 16177.1 450
1712270249924 16187.7 451
1712270260023 16187.5 452
1712270270123 16215.9 453
1712270280323 16230.6 454
1712270290411 16252.5 455
1712270300500 16254.1 456
1712270310588 16260.5 457
1712270320680 16258.2 458
1712270330782 16272.5 459
1712270340873 16278.0 460
1712270350969 16301.8 461
1712270361053 16307.2 462
1712270371149 16302.8 463
1712270381264 16305.1 464
1712270391374 16346.5 465
1712270401458 16384.9 466
1712270411560 16407.2 467
1712270421657 16397.4 468
1712270431756 16403.8 469
1712270441854 16406.1 470
1712270451944 16428.9 471
1712270462038 16439.7 472
1712270472140 16456.1 473
1712270482242 16454.2 474
1712270492331 16464.2 475
1712270502417 16466.8 476
1712270512521 16485.9 477
1712270522619 16491.9 478
1712270532731 16496.1 479
1712270542816 16463.7 480
1712270552907 16463.0 481
1712270563030 16461.2 482
1712270573131 16476.2 483
1712270583234 16505.6 484
1712270593323 16484.9 485
1712270603424 16486.6 486
1712270613524 16500.8 487
1712270623610 16498.1 488
1712270633734 16508.7 489
1712270643831 16533.4 490
1712270653925 15670.0 491
1712270664029 15943.9 492
1712270674148 16016.4 493
1712270684236 16051.4 494
1712270694338 16089.4 495
1712270704438 16105.0 496
1712270714536 16103.9 497
1712270724648 16127.7 498
1712270734734 16116.9 499
1712270744833 16129.1 500
1712270754924 16178.7 501
1712270765027 16178.4 502
1712270775124 16198.2 503
1712270785236 16189.9 504
1712270795362 16189.6 505
1712270805469 16199.0 506
1712270815585 16213.6 507
1712270825706 16215.5 508
1712270835837 16224.2 509
1712270845942 16205.9 510
1712270856028 16207.9 511
1712270866127 16213.1 512
1712270876230 16229.6 513
1712270886320 16246.4 514
1712270896414 16253.3 515
1712270906504 16264.3 516
1712270916552 16262.7 517
1712270926659 16278.3 518
1712270936710 16391.2 519
1712270946758 16428.1 520
1712270956813 16426.3 521
1712270966865 16480.1 522
1712270976906 16414.3 523
1712270986991 16072.3 524
1712270997044 16186.8 525
1712271007095 16285.9 526
1712271017203 15812.2 527
1712271027243 15922.3 528
1712271037291 16222.3 529
1712271047415 16006.6 530
1712271057476 15987.0 531
1712271067542 15989.2 532
1712271077666 16029.1 533
1712271087718 15931.9 534
1712271097761 16213.1 535
1712271107882 16103.0 536
1712271117975 16098.5 537
1712271128088 16158.5 538
1712271138199 16133.5 539
1712271148322 16145.8 540
1712271158402 16171.9 541
1712271168513 16193.5 542
1712271178625 16209.3 543
1712271188718 16225.3 544
1712271198812 16235.1 545
1712271208909 16234.6 546
1712271219195 16164.4 547
1712271229315 11191.5 548
1712271239425 11678.8 549
1712271249525 13373.2 550
1712271259644 13596.3 551
1712271269772 13537.0 552
1712271279821 13647.2 553
1712271289936 13901.2 554
1712271300037 13948.3 555
1712271310141 13935.6 556
1712271320254 13941.3 557
1712271330379 13930.4 558
1712271340429 13919.1 559
1712271350538 14033.7 560
1712271360723 13978.5 561
1712271370868 13999.8 562
1712271381036 13994.9 563
1712271391194 13166.9 564
1712271401255 13158.3 565
1712271411414 13191.2 566
1712271421850 16575.9 567
1712271432014 16445.5 568
1712271442178 16527.8 569
1712271452305 13727.5 570
1712271462362 14685.7 571
1712271472476 14916.1 572
1712271482577 15189.3 573
1712271492702 15274.6 574
1712271502820 15357.8 575
1712271512933 15389.5 576
1712271522990 15420.8 577
1712271533130 15587.8 578
1712271543269 15625.1 579
1712271553389 15611.3 580
1712271563503 15603.6 581
1712271573618 15931.3 582
1712271583667 15933.4 583
1712271593776 16071.6 584
1712271603885 16109.8 585
1712271613989 16180.1 586
1712271624090 16143.7 587
1712271634186 16149.3 588
1712271644240 16171.9 589
1712271654352 16245.4 590
1712271664454 16279.5 591
1712271674556 16297.3 592
1712271684665 16303.1 593
1712271694774 16315.0 594
1712271704823 16332.2 595
1712271714946 16360.4 596
1712271725058 16357.6 597
1712271735165 16378.3 598
1712271745266 16374.2 599
1712271755369 16385.5 600
1712271765427 16413.9 601
1712271775575 16449.9 602
1712271785686 16359.0 603
1712271795798 16383.6 604
1712271805902 16355.1 605
1712271816037 16318.8 606
1712271826148 16310.3 607
1712271836255 16330.4 608
1712271846369 16352.9 609
1712271856482 16396.2 610
1712271866596 16412.5 611
1712271876699 16403.6 612
1712271886809 16402.4 613
1712271896912 16462.1 614
1712271907020 16496.0 615
1712271917124 16524.8 616
1712271927242 16535.3 617
1712271937366 16539.1 618
1712271947501 16582.5 619
1712271957624 16484.8 620
1712271967736 16490.6 621
1712271977842 16501.5 622
1712271987947 16503.9 623
1712271998164 16532.4 624
1712272008267 16546.5 625
1712272018371 16546.0 626
1712272028477 16554.4 627
1712272038584 16567.7 628
1712272048680 16569.9 629
1712272058789 16548.1 630
1712272068908 16517.5 631
1712272079009 16522.8 632
1712272089120 16550.3 633
1712272099238 16564.0 634
1712272109348 16448.1 635
1712272119447 16450.3 636
1712272129576 16481.2 637
1712272139692 16466.7 638
1712272149793 16487.7 639
1712272159915 16475.2 640
1712272170030 16458.7 641
1712272180154 16466.0 642
1712272190278 16496.4 643
1712272200408 16504.7 644
1712272210530 16509.3 645
1712272220663 16521.5 646
1712272230793 16542.4 647
1712272240869 16719.7 648
1712272250923 16462.5 649
1712272261031 16462.0 650
1712272271091 16478.6 651
1712272281167 16452.6 652
1712272291284 16426.1 653
1712272301334 16432.0 654
1712272311413 16458.2 655
1712272321527 16469.6 656
1712272331584 16485.9 657
1712272341631 16493.3 658
1712272351744 16501.5 659
1712272361795 16442.9 660
1712272371865 16463.5 661
1712272381982 16485.8 662
1712272392026 16484.3 663
1712272402087 16493.1 664
1712272412210 16508.7 665
1712272422269 16519.5 666
1712272432322 16534.8 667
1712272442439 16486.4 668
1712272452493 16498.0 669
1712272462551 16504.0 670
1712272472654 16511.0 671
1712272482706 15954.9 672
1712272492773 15964.4 673
1712272502880 15986.8 674
1712272512938 16035.2 675
1712272522986 16046.5 676
1712272533101 16063.9 677
1712272543166 16056.0 678
1712272553272 16098.5 679
1712272563375 15627.0 680
1712272573491 15828.5 681
1712272583615 15850.4 682
1712272593785 15075.7 683
1712272603875 15100.1 684
1712272614040 15131.2 685
1712272624213 15160.5 686
1712272634365 15171.6 687
1712272644490 15170.6 688
1712272654625 15180.4 689
1712272664682 7889.6 690
1712272674801 10076.5 691
1712272684907 11867.3 692
1712272695021 12386.9 693
1712272705124 12409.1 694
1712272715227 12414.1 695
1712272725284 12542.0 696
1712272735404 12543.5 697
1712272745519 12553.9 698
1712272755634 12569.1 699
1712272765734 12560.2 700
1712272775837 12568.9 701
1712272785910 12568.2 702
1712272796041 12587.0 703
1712272806163 12617.6 704
1712272816279 12620.6 705
1712272826394 12620.3 706
1712272836507 12607.1 707
1712272846608 12628.0 708
1712272856772 15045.5 709
1712272866931 16314.7 710
1712272877118 15432.1 711
