1712182080175 0.0 0
1712182090258 8.1 1
1712182100326 18.9 2
1712182110394 23.4 3
1712182120455 23.2 4
1712182130516 22.5 5
1712182140576 22.4 6
1712182150639 22.8 7
1712182160736 22.2 8
1712182170810 22.4 9
1712182180880 22.5 10
1712182190956 22.6 11
1712182201028 21.3 12
1712182211100 22.4 13
1712182221174 23.2 14
1712182231247 21.8 15
1712182241338 22.7 16
1712182251408 22.0 17
1712182261485 23.1 18
1712182271546 21.7 19
1712182281629 21.8 20
1712182291711 22.0 21
1712182301791 21.7 22
1712182311868 21.7 23
1712182321944 23.1 24
1712182332014 22.2 25
1712182342095 21.8 26
1712182352164 21.8 27
1712182362245 22.3 28
1712182372316 21.7 29
1712182382380 22.4 30
1712182392456 21.7 31
1712182402535 21.8 32
1712182412597 21.5 33
1712182422681 21.8 34
1712182432751 21.8 35
1712182442816 21.9 36
1712182452892 22.1 37
1712182462972 21.0 38
1712182473045 22.6 39
1712182483124 21.3 40
1712182493191 22.7 41
1712182503271 21.2 42
1712182513339 22.2 43
1712182523425 22.3 44
1712182533500 22.1 45
1712182543574 22.2 46
1712182553670 22.2 47
1712182563764 22.2 48
1712182573837 21.4 49
1712182583915 21.9 50
1712182594000 22.0 51
1712182604084 21.6 52
1712182614155 22.1 53
1712182624238 22.1 54
1712182634334 22.2 55
1712182644420 21.6 56
1712182654495 21.9 57
1712182664604 21.9 58
1712182674690 21.4 59
1712182684776 21.8 60
1712182694860 21.7 61
1712182704931 21.6 62
1712182715035 21.9 63
1712182725121 21.4 64
1712182735214 22.1 65
1712182745298 21.8 66
1712182755379 21.7 67
1712182765479 21.6 68
1712182775568 21.7 69
1712182785662 22.2 70
1712182795747 22.2 71
1712182805814 22.0 72
1712182815911 21.9 73
1712182826006 21.5 74
1712182836081 21.8 75
1712182846161 21.4 76
1712182856230 22.1 77
1712182866302 22.1 78
1712182876376 21.3 79
1712182886463 22.0 80
1712182896546 21.4 81
1712182906638 21.2 82
1712182916712 22.5 83
1712182926799 21.2 84
1712182936882 21.3 85
1712182946961 22.2 86
1712182957046 21.0 87
1712182967124 21.3 88
1712182977190 22.1 89
1712182987278 21.0 90
1712182997347 21.9 91
1712183007418 21.6 92
1712183017495 21.1 93
1712183027570 21.7 94
1712183037641 21.4 95
1712183047727 21.2 96
1712183057801 22.1 97
1712183067888 21.7 98
1712183077975 21.0 99
1712183088020 22.1 100
1712183098055 21.4 101
1712183108099 20.3 102
1712183118191 21.5 103
1712183128235 21.9 104
1712183138275 21.3 105
1712183148377 22.5 106
1712183158416 21.9 107
1712183168447 22.3 108
1712183178549 21.8 109
1712183188592 21.6 110
1712183198628 22.6 111
1712183208710 21.5 112
1712183218746 21.3 113
1712183228784 22.4 114
1712183238872 21.9 115
1712183248913 21.4 116
1712183258955 22.1 117
1712183269051 22.4 118
1712183279083 21.6 119
1712183289116 21.9 120
1712183299204 22.7 121
1712183309239 21.8 122
1712183319267 21.9 123
1712183329350 21.2 124
1712183339395 21.9 125
1712183349484 23.8 126
1712183359580 21.9 127
1712183369680 21.8 128
1712183379711 21.8 129
1712183389789 21.1 130
1712183399880 22.3 131
1712183409964 22.1 132
1712183420053 21.4 133
1712183430130 22.3 134
1712183440170 21.7 135
1712183450257 22.1 136
1712183460334 23.6 137
1712183470431 21.0 138
1712183480514 21.8 139
1712183490604 22.5 140
1712183500644 21.7 141
1712183510725 21.5 142
1712183520809 21.8 143
1712183530899 21.0 144
1712183540987 21.5 145
1712183551093 22.1 146
1712183561137 21.8 147
1712183571220 21.9 148
1712183581311 22.0 149
1712183591409 21.2 150
1712183601502 21.2 151
1712183611608 22.1 152
1712183621645 20.7 153
1712183631732 21.9 154
1712183641841 22.2 155
1712183651950 21.9 156
1712183662041 21.6 157
1712183672135 22.4 158
1712183682175 22.0 159
1712183692269 21.8 160
1712183702351 22.2 161
1712183712463 21.2 162
1712183722559 21.6 163
1712183732641 22.2 164
1712183742690 21.1 165
1712183752783 21.8 166
1712183762884 22.0 167
1712183772975 21.2 168
1712183783062 21.4 169
1712183793137 22.5 170
1712183803171 21.5 171
1712183813255 21.5 172
1712183823340 22.0 173
1712183833423 21.5 174
1712183843524 21.6 175
1712183853619 22.1 176
1712183863656 21.1 177
1712183873738 21.8 178
1712183883820 22.5 179
1712183893920 21.6 180
1712183904013 21.4 181
1712183914099 22.1 182
1712183924142 21.5 183
1712183934237 21.3 184
1712183944335 21.9 185
1712183954429 20.3 186
1712183964525 21.7 187
1712183974618 22.4 188
1712183984663 21.6 189
1712183994750 21.8 190
1712184004842 22.2 191
1712184014926 20.7 192
1712184025013 22.2 193
1712184035095 22.1 194
1712184045136 21.4 195
1712184055221 22.1 196
1712184065300 22.2 197
1712184075387 21.5 198
1712184085477 21.6 199
1712184095573 22.4 200
1712184105612 20.8 201
1712184115705 22.1 202
1712184125803 22.5 203
1712184135899 21.6 204
1712184145985 21.5 205
1712184156069 22.2 206
1712184166103 21.0 207
1712184176201 22.0 208
1712184186300 22.1 209
1712184196385 22.0 210
1712184206486 21.9 211
1712184216574 22.0 212
1712184226622 21.6 213
1712184236714 22.1 214
1712184246803 22.3 215
1712184256913 29.2 216
1712184267014 44.0 217
1712184277113 44.1 218
1712184287162 44.1 219
1712184297275 43.7 220
1712184307388 44.5 221
1712184317503 43.6 222
1712184327641 43.9 223
1712184337691 44.5 224
1712184347826 44.5 225
1712184357939 44.0 226
1712184368031 44.6 227
1712184378150 44.0 228
1712184388248 43.8 229
1712184398289 44.2 230
1712184408412 44.1 231
1712184418522 44.1 232
1712184428621 44.3 233
1712184438740 44.7 234
1712184448849 44.2 235
1712184458896 44.1 236
1712184468983 44.9 237
1712184479071 29.7 238
1712184489170 21.0 239
1712184499265 21.4 240
1712184509349 21.8 241
1712184519398 21.0 242
1712184529498 21.3 243
1712184539603 22.1 244
1712184549709 21.3 245
1712184559796 21.5 246
1712184569900 21.9 247
1712184579939 21.7 248
1712184590039 22.0 249
1712184600137 21.9 250
1712184610235 22.0 251
1712184620323 21.7 252
1712184630417 21.4 253
1712184640453 21.6 254
1712184650546 22.3 255
1712184660627 22.2 256
1712184670721 22.1 257
1712184680815 21.7 258
1712184690901 22.3 259
1712184700948 21.9 260
1712184711042 21.6 261
1712184721134 22.1 262
1712184731219 21.1 263
1712184741310 21.7 264
1712184751392 21.8 265
1712184761438 21.7 266
1712184771520 22.4 267
1712184781633 21.9 268
1712184791731 21.5 269
1712184801826 22.2 270
1712184811908 21.9 271
1712184821945 21.6 272
1712184832041 21.8 273
1712184842132 22.4 274
1712184852213 21.4 275
1712184862310 22.5 276
1712184872404 21.3 277
1712184882448 21.3 278
1712184892546 21.9 279
1712184902651 21.3 280
1712184912743 21.8 281
1712184922834 22.3 282
1712184932931 21.5 283
1712184942968 21.8 284
1712184953071 23.0 285
1712184963166 20.6 286
1712184973254 22.2 287
1712184983341 22.2 288
1712184993435 21.6 289
1712185003479 21.9 290
1712185013588 22.7 291
1712185023687 21.4 292
1712185033782 22.2 293
1712185043892 21.6 294
1712185053989 21.2 295
1712185064031 22.2 296
1712185074119 21.9 297
1712185084206 21.4 298
1712185094299 22.1 299
1712185104389 21.2 300
1712185114490 21.4 301
1712185124544 22.1 302
1712185134648 21.7 303
1712185144739 21.5 304
1712185154845 23.5 305
1712185164946 21.4 306
1712185175050 21.7 307
1712185185088 22.8 308
1712185195171 21.8 309
1712185205265 21.4 310
1712185215365 22.1 311
1712185225462 21.2 312
1712185235506 21.8 313
1712185245554 21.8 314
1712185255584 22.1 315
1712185265676 21.7 316
1712185275726 21.5 317
1712185285775 23.9 318
1712185295870 21.6 319
1712185305974 21.1 320
1712185316099 22.4 321
1712185326142 21.6 322
1712185336236 23.0 323
1712185346318 22.5 324
1712185356420 21.6 325
1712185366511 22.2 326
1712185376610 21.8 327
1712185386686 22.1 328
1712185396777 21.5 329
1712185406878 22.6 330
1712185416966 21.7 331
1712185427069 22.2 332
1712185437162 21.9 333
1712185447265 21.6 334
1712185457352 22.6 335
1712185467440 21.4 336
1712185477542 22.4 337
1712185487639 21.6 338
1712185497749 22.4 339
1712185507839 23.1 340
1712185517931 22.0 341
1712185528028 22.6 342
1712185538126 21.6 343
1712185548227 23.0 344
1712185558313 21.7 345
1712185568400 22.1 346
1712185578491 22.5 347
1712185588586 21.3 348
1712185598674 22.5 349
1712185608766 21.8 350
1712185618849 21.7 351
1712185628940 22.2 352
1712185639026 21.5 353
1712185649125 22.9 354
1712185659207 21.9 355
1712185669302 21.8 356
1712185679409 22.5 357
1712185689496 21.4 358
1712185699597 22.0 359
1712185709686 22.4 360
1712185719779 21.6 361
1712185729886 22.6 362
1712185739973 22.3 363
1712185750089 22.0 364
1712185760194 22.7 365
1712185770300 22.1 366
1712185780417 22.3 367
1712185790514 22.1 368
1712185800611 21.4 369
1712185810707 22.1 370
1712185820791 21.8 371
1712185830875 21.9 372
1712185840969 22.2 373
1712185851055 22.1 374
1712185861148 22.3 375
1712185871240 21.5 376
1712185881333 21.3 377
1712185891428 21.9 378
1712185901517 21.8 379
1712185911617 22.2 380
1712185921658 22.3 381
1712185931753 21.4 382
1712185941864 21.8 383
1712185951965 21.6 384
1712185962068 22.4 385
1712185972116 22.0 386
1712185982213 22.6 387
1712185992309 22.4 388
1712186002408 21.5 389
1712186012509 22.6 390
1712186022597 22.3 391
1712186032689 21.7 392
1712186042785 22.7 393
1712186052984 20.6 394
1712186063074 22.5 395
1712186073170 22.3 396
1712186083258 21.7 397
1712186093364 22.6 398
1712186103454 21.5 399
1712186113557 22.1 400
1712186123658 22.2 401
1712186133753 21.7 402
1712186143859 21.9 403
1712186153970 23.1 404
1712186164073 22.0 405
1712186174177 23.3 406
1712186184267 22.9 407
1712186194366 22.8 408
1712186204487 21.7 409
1712186214596 21.6 410
1712186224694 22.4 411
1712186234785 22.2 412
1712186244888 21.8 413
1712186254992 22.1 414
1712186265100 21.5 415
1712186275194 22.2 416
1712186285292 21.8 417
1712186295398 21.8 418
1712186305491 21.9 419
1712186315614 21.6 420
1712186325706 22.0 421
1712186335802 21.9 422
1712186345947 22.0 423
1712186356044 22.1 424
1712186366143 22.5 425
1712186376247 21.6 426
1712186386385 22.2 427
1712186396500 22.1 428
1712186406692 21.8 429
1712186416784 22.1 430
1712186426889 22.6 431
1712186437001 21.7 432
1712186447090 23.0 433
1712186457198 22.3 434
1712186467298 21.1 435
1712186477393 22.5 436
1712186487484 21.7 437
1712186497583 21.3 438
1712186507688 22.8 439
1712186517776 21.4 440
1712186527823 21.9 441
1712186537872 21.9 442
1712186547922 20.5 443
1712186557968 23.1 444
1712186568008 21.9 445
1712186578120 22.9 446
1712186588160 21.7 447
1712186598211 23.0 448
1712186608332 22.6 449
1712186618382 22.7 450
1712186628492 34.9 451
1712186638598 45.4 452
1712186648704 44.8 453
1712186658805 45.3 454
1712186668914 45.2 455
1712186678968 44.6 456
1712186689072 45.5 457
1712186699164 45.1 458
1712186709276 44.5 459
1712186719392 45.5 460
1712186729651 44.7 461
1712186739725 45.6 462
1712186749816 45.4 463
1712186759928 45.1 464
1712186770030 45.0 465
1712186780130 44.6 466
1712186790225 44.8 467
1712186800271 45.0 468
1712186810370 44.8 469
1712186820468 44.9 470
1712186830564 44.7 471
1712186840653 31.7 472
1712186850739 21.9 473
1712186860778 22.7 474
1712186870866 22.0 475
1712186880967 22.3 476
1712186891056 22.8 477
1712186901140 21.9 478
1712186911235 22.1 479
1712186921267 22.0 480
1712186931358 21.9 481
1712186941467 22.8 482
1712186951551 21.7 483
1712186961635 22.4 484
1712186971742 22.1 485
1712186981787 22.3 486
1712186991877 23.1 487
1712187001980 22.1 488
1712187012074 22.8 489
1712187022179 23.0 490
1712187032264 21.8 491
1712187042315 22.3 492
1712187052437 24.6 493
1712187062532 22.8 494
1712187072634 22.7 495
1712187082729 23.7 496
1712187092790 22.9 497
1712187102861 22.0 498
1712187112913 22.7 499
1712187123025 21.9 500
1712187133078 21.7 501
1712187143123 22.3 502
1712187153226 22.1 503
1712187163279 22.6 504
1712187173335 21.7 505
1712187183450 22.6 506
1712187193565 21.8 507
1712187203619 22.3 508
1712187213679 21.8 509
1712187223781 22.5 510
1712187233844 22.3 511
1712187243881 21.5 512
1712187253971 22.0 513
1712187264031 21.8 514
1712187274075 22.6 515
1712187284180 21.6 516
1712187294230 22.6 517
1712187304349 21.9 518
1712187314402 21.6 519
1712187324459 22.6 520
1712187334502 21.4 521
1712187344607 22.7 522
1712187354718 21.9 523
1712187364817 22.4 524
1712187374917 22.1 525
1712187385026 21.3 526
1712187395130 22.0 527
1712187405191 22.4 528
1712187415288 21.4 529
1712187425404 22.9 530
1712187435530 21.1 531
1712187445632 21.9 532
1712187455749 22.4 533
1712187465814 21.9 534
1712187475920 22.7 535
1712187486021 21.8 536
1712187496128 21.9 537
1712187506236 22.2 538
1712187516336 21.3 539
1712187526397 22.4 540
1712187536491 22.4 541
1712187546595 22.3 542
1712187556697 22.5 543
1712187566800 21.5 544
1712187576898 21.8 545
1712187586956 22.7 546
1712187597051 21.1 547
1712187607153 22.0 548
1712187617252 22.0 549
1712187627356 21.5 550
1712187637450 21.8 551
1712187647570 22.0 552
1712187657676 21.8 553
1712187667783 21.9 554
1712187677887 21.5 555
1712187687984 22.4 556
1712187698036 22.5 557
1712187708130 21.6 558
1712187718230 22.0 559
1712187728354 21.7 560
1712187738459 21.9 561
1712187748572 22.2 562
1712187758623 21.7 563
1712187768730 22.3 564
1712187778832 21.8 565
1712187788926 21.6 566
1712187799038 22.4 567
1712187809151 21.5 568
1712187819198 22.0 569
1712187829311 22.4 570
1712187839433 20.5 571
1712187849542 22.4 572
1712187859647 21.9 573
1712187869757 21.5 574
1712187879808 21.6 575
1712187889922 22.3 576
1712187900026 21.9 577
1712187910134 21.9 578
1712187920253 21.0 579
1712187930357 22.2 580
1712187940406 22.4 581
1712187950504 22.1 582
1712187960613 22.7 583
1712187970720 21.5 584
1712187980825 23.7 585
1712187990929 23.3 586
1712188000995 21.1 587
1712188011098 22.1 588
1712188021198 21.5 589
1712188031301 22.0 590
1712188041413 22.8 591
1712188051508 21.8 592
1712188061551 21.9 593
1712188071602 22.6 594
1712188081652 22.5 595
1712188091691 22.0 596
1712188101743 21.5 597
1712188111779 24.2 598
1712188121880 21.8 599
1712188131923 23.0 600
1712188142036 22.0 601
1712188152083 22.5 602
1712188162199 22.7 603
1712188172304 22.1 604
1712188182356 22.4 605
1712188192406 22.3 606
1712188202453 22.4 607
1712188212496 20.7 608
1712188222663 22.3 609
1712188232802 22.1 610
1712188242843 22.5 611
1712188253003 22.9 612
1712188263150 22.2 613
1712188273199 22.0 614
1712188283241 23.5 615
1712188293282 22.1 616
1712188303472 22.7 617
1712188313513 23.0 618
1712188323559 21.9 619
1712188333716 22.8 620
1712188343861 22.1 621
1712188354007 22.6 622
1712188364060 22.6 623
1712188374221 22.4 624
1712188384271 23.1 625
1712188394322 22.4 626
1712188404467 21.8 627
1712188414519 22.4 628
1712188424571 22.3 629
1712188434717 22.8 630
1712188444849 23.2 631
1712188454891 22.2 632
1712188465022 23.1 633
1712188475207 21.9 634
1712188485245 22.5 635
1712188495350 22.5 636
1712188505448 21.6 637
1712188515551 22.7 638
1712188525657 22.1 639
1712188535755 21.9 640
1712188545805 23.3 641
1712188555891 23.7 642
1712188565997 22.1 643
1712188576095 21.9 644
1712188586195 21.7 645
1712188596280 22.8 646
1712188606339 21.3 647
1712188616433 22.2 648
1712188626546 21.9 649
1712188636647 22.3 650
1712188646748 23.0 651
1712188656846 21.3 652
1712188666892 22.0 653
1712188677006 21.9 654
1712188687105 22.0 655
1712188697206 22.1 656
1712188707312 21.7 657
1712188717421 22.1 658
1712188727510 22.3 659
1712188737604 21.4 660
1712188747700 22.7 661
1712188757803 22.2 662
1712188767906 22.2 663
1712188777946 22.5 664
1712188788045 21.5 665
1712188798139 22.1 666
1712188808236 22.5 667
1712188818336 21.8 668
1712188828454 22.2 669
1712188838493 21.9 670
1712188848603 23.3 671
1712188858697 22.4 672
1712188868794 21.8 673
1712188878896 22.7 674
1712188888994 24.1 675
1712188899042 22.3 676
1712188909145 22.4 677
1712188919243 21.6 678
1712188929354 22.5 679
1712188939462 22.0 680
1712188949560 21.8 681
1712188959596 22.6 682
1712188969696 21.5 683
1712188979811 40.0 684
1712188989913 45.2 685
1712189000024 43.9 686
1712189010125 44.4 687
1712189020171 44.7 688
1712189030281 44.7 689
1712189040390 45.1 690
1712189050506 44.6 691
1712189060625 45.1 692
1712189070744 44.4 693
1712189080797 44.0 694
1712189090904 45.4 695
1712189101010 44.8 696
1712189111130 44.5 697
1712189121256 44.6 698
1712189131369 44.7 699
1712189141426 44.8 700
1712189151544 45.0 701
1712189161653 44.8 702
1712189171838 44.2 703
1712189181935 44.4 704
1712189192031 26.3 705
1712189202079 23.0 706
1712189212167 22.0 707
1712189222274 22.7 708
1712189232372 22.2 709
1712189242473 22.0 710
1712189252589 22.3 711
1712189262637 21.6 712
1712189272743 22.5 713
1712189282831 22.5 714
1712189292924 21.4 715
1712189303028 22.2 716
1712189313131 21.8 717
1712189323189 22.0 718
1712189333294 22.7 719
1712189343413 21.6 720
1712189353522 22.9 721
1712189363628 22.1 722
1712189373732 21.7 723
1712189383787 22.3 724
1712189393892 21.7 725
1712189403996 22.3 726
1712189414087 22.0 727
1712189424186 21.5 728
1712189434291 22.7 729
1712189444341 22.3 730
1712189454436 22.9 731
1712189464531 22.9 732
1712189474622 22.0 733
1712189484733 22.4 734
1712189494846 21.8 735
1712189504893 21.7 736
1712189514993 22.8 737
1712189525100 21.8 738
1712189535209 22.6 739
1712189545309 23.0 740
1712189555403 21.5 741
1712189565458 22.8 742
1712189575557 22.1 743
1712189585657 22.1 744
1712189595764 22.2 745
1712189605878 21.2 746
1712189615981 22.5 747
1712189626035 22.0 748
1712189636137 22.1 749
1712189646252 21.9 750
1712189656345 21.4 751
1712189666453 22.0 752
1712189676555 22.1 753
1712189686606 21.4 754
1712189696719 22.5 755
1712189706811 21.2 756
1712189716916 22.0 757
1712189727021 22.0 758
1712189737123 21.4 759
1712189747167 22.8 760
1712189757289 21.9 761
1712189767403 22.4 762
1712189777512 22.2 763
1712189787611 22.7 764
1712189797671 23.0 765
1712189807772 21.9 766
1712189817877 22.3 767
1712189827978 22.5 768
1712189838083 21.4 769
1712189848191 22.6 770
1712189858236 22.1 771
1712189868339 22.0 772
1712189878445 22.2 773
1712189888547 21.2 774
1712189898652 22.5 775
1712189908755 21.8 776
1712189918798 21.3 777
1712189928909 22.3 778
1712189939015 21.5 779
1712189949114 22.1 780
1712189959214 22.6 781
1712189969315 21.3 782
1712189979356 22.2 783
1712189989459 21.6 784
1712189999555 22.3 785
1712190009652 22.4 786
1712190019740 21.3 787
1712190029855 21.9 788
1712190039898 21.4 789
1712190050006 22.8 790
1712190060101 21.9 791
1712190070188 21.7 792
1712190080289 22.5 793
1712190090384 21.9 794
1712190100438 21.8 795
1712190110530 22.6 796
1712190120630 21.9 797
1712190130728 22.4 798
1712190140827 21.5 799
1712190150931 21.6 800
1712190160991 21.9 801
1712190171098 21.4 802
1712190181212 22.2 803
1712190191396 21.7 804
1712190201504 21.9 805
1712190211614 22.7 806
1712190221657 22.4 807
1712190231752 21.3 808
1712190241859 22.6 809
1712190251950 21.6 810
1712190262046 22.2 811
1712190272140 22.3 812
1712190282181 21.7 813
1712190292281 22.7 814
1712190302387 21.6 815
1712190312492 23.0 816
1712190322595 21.9 817
1712190332686 21.8 818
1712190342738 22.0 819
1712190352837 22.2 820
1712190362939 22.0 821
1712190373035 22.0 822
1712190383127 22.0 823
1712190393229 22.2 824
1712190403290 21.7 825
1712190413486 22.2 826
1712190423601 22.1 827
1712190433707 22.0 828
1712190443820 22.2 829
1712190453940 21.9 830
1712190463993 21.5 831
1712190474114 22.4 832
1712190484234 21.6 833
1712190494339 22.0 834
1712190504471 22.4 835
1712190514594 21.8 836
1712190524646 22.3 837
1712190534761 22.1 838
1712190544865 21.7 839
1712190554972 21.7 840
1712190565089 21.8 841
1712190575189 22.1 842
1712190585235 22.2 843
1712190595346 21.8 844
1712190605457 22.2 845
1712190615559 22.4 846
1712190625660 21.8 847
1712190635858 22.8 848
1712190645913 22.3 849
1712190656025 23.3 850
1712190666127 21.8 851
1712190676182 20.9 852
1712190686294 22.0 853
1712190696348 22.4 854
1712190706404 22.3 855
1712190716522 25.3 856
1712190726577 22.2 857
1712190736630 22.8 858
1712190746748 21.7 859
1712190756805 22.5 860
1712190766853 22.5 861
1712190776950 22.7 862
1712190786996 22.0 863
1712190797064 22.3 864
1712190807179 22.5 865
1712190817224 22.5 866
1712190827278 22.8 867
1712190837375 21.9 868
1712190847419 23.3 869
1712190857480 23.0 870
1712190867578 22.5 871
1712190877638 23.7 872
1712190887698 22.8 873
1712190897794 21.9 874
1712190907845 24.8 875
1712190917940 22.2 876
1712190928035 21.8 877
1712190938087 22.7 878
1712190948184 22.0 879
1712190958291 22.4 880
1712190968401 21.6 881
1712190978514 22.4 882
1712190988626 22.3 883
1712190998673 21.5 884
1712191008774 23.1 885
1712191018872 22.0 886
1712191028970 22.5 887
1712191039070 22.2 888
1712191049172 22.0 889
1712191059230 22.6 890
1712191069329 22.2 891
1712191079428 22.7 892
1712191089527 22.5 893
1712191099617 19.9 894
1712191109728 22.5 895
1712191119773 21.9 896
1712191129884 22.3 897
1712191139978 22.2 898
1712191150080 21.8 899
1712191160190 21.9 900
1712191170298 21.5 901
1712191180350 22.3 902
1712191190445 22.5 903
1712191200545 21.9 904
1712191210660 22.8 905
1712191220759 21.4 906
1712191230869 22.5 907
1712191240925 22.6 908
1712191251020 22.9 909
1712191261130 21.9 910
1712191271221 21.5 911
1712191281325 21.5 912
1712191291456 22.6 913
1712191301514 21.2 914
1712191311703 22.3 915
1712191321823 21.8 916
1712191331939 43.8 917
1712191342060 43.6 918
1712191352177 44.0 919
1712191362232 43.6 920
1712191372360 44.4 921
1712191382488 43.9 922
1712191392618 43.6 923
1712191402743 44.2 924
1712191412867 44.4 925
1712191422926 43.7 926
1712191433035 44.6 927
1712191443163 44.4 928
1712191453283 44.5 929
1712191463415 43.8 930
1712191473538 44.2 931
1712191483606 43.2 932
1712191493744 43.8 933
1712191503861 43.5 934
1712191514075 43.4 935
1712191524198 43.7 936
1712191534304 44.6 937
1712191544355 25.2 938
1712191554474 23.2 939
1712191564573 21.5 940
1712191574680 22.3 941
1712191584779 22.0 942
1712191594880 21.1 943
1712191604937 22.7 944
1712191615047 21.6 945
1712191625166 22.1 946
1712191635285 22.3 947
1712191645389 21.3 948
1712191655500 22.5 949
1712191665546 21.8 950
1712191675665 21.9 951
1712191685782 22.2 952
1712191695888 21.0 953
1712191706012 22.0 954
1712191716116 21.8 955
1712191726170 21.2 956
1712191736294 22.6 957
1712191746398 21.0 958
1712191756604 22.3 959
1712191766728 22.0 960
1712191776848 23.5 961
1712191786898 22.1 962
1712191797048 22.3 963
1712191807177 21.7 964
1712191817289 21.8 965
1712191827419 21.8 966
1712191837477 21.4 967
1712191847586 23.1 968
1712191857705 22.4 969
1712191867807 21.6 970
1712191877933 22.3 971
1712191888046 21.9 972
1712191898102 22.0 973
1712191908219 22.8 974
1712191918318 21.6 975
1712191928424 22.8 976
1712191938539 21.7 977
1712191948644 22.0 978
1712191958694 22.5 979
1712191968811 21.5 980
1712191978919 22.3 981
1712191989122 22.5 982
1712191999231 21.1 983
1712192009340 22.4 984
1712192019392 22.2 985
1712192029497 21.5 986
1712192039613 23.0 987
1712192049717 21.5 988
1712192059823 21.8 989
1712192069942 22.1 990
1712192080000 21.0 991
1712192090106 22.7 992
1712192100203 22.2 993
1712192110307 21.9 994
1712192120425 22.2 995
1712192130530 21.7 996
1712192140595 21.9 997
1712192150695 23.6 998
1712192160799 21.6 999
1712192170916 22.6 1000
1712192181020 22.0 1001
1712192191117 21.9 1002
1712192201182 22.3 1003
1712192211288 21.6 1004
1712192221387 22.6 1005
1712192231494 22.5 1006
1712192241589 21.7 1007
1712192251706 22.1 1008
1712192261764 21.6 1009
1712192271885 21.9 1010
1712192281993 22.6 1011
1712192292091 21.5 1012
1712192302207 22.3 1013
1712192312318 21.8 1014
1712192322375 21.7 1015
1712192332490 22.2 1016
1712192342594 22.1 1017
1712192352703 22.1 1018
1712192362800 22.3 1019
1712192372907 21.6 1020
1712192382966 22.2 1021
1712192393070 22.2 1022
1712192403138 22.5 1023
1712192413189 21.7 1024
1712192423249 21.7 1025
1712192433378 22.9 1026
1712192443633 20.6 1027
1712192453760 22.2 1028
1712192463884 22.3 1029
1712192474026 21.5 1030
1712192484156 22.3 1031
1712192494298 22.2 1032
1712192504438 21.6 1033
1712192514562 22.6 1034
1712192524697 22.7 1035
1712192534837 21.7 1036
1712192544960 22.6 1037
1712192555087 22.6 1038
1712192565210 22.5 1039
1712192575332 22.2 1040
1712192585460 22.2 1041
1712192595587 22.4 1042
1712192605718 22.7 1043
1712192615845 21.9 1044
1712192625959 22.1 1045
1712192636083 22.5 1046
1712192646209 22.4 1047
1712192656322 22.7 1048
1712192666461 22.3 1049
1712192676576 22.2 1050
1712192686703 22.9 1051
1712192696815 22.6 1052
1712192706937 21.8 1053
1712192717060 23.3 1054
1712192727194 22.1 1055
1712192737330 23.5 1056
1712192747445 23.1 1057
1712192757576 22.2 1058
1712192767698 22.6 1059
1712192777838 22.0 1060
1712192787972 21.7 1061
1712192798087 22.4 1062
1712192808220 22.0 1063
1712192818338 21.8 1064
1712192828450 22.5 1065
1712192838576 22.6 1066
1712192848712 21.8 1067
1712192858838 22.4 1068
1712192868966 22.7 1069
1712192879077 21.9 1070
1712192889189 22.4 1071
1712192899302 23.1 1072
1712192909422 21.9 1073
1712192919546 22.6 1074
1712192929661 21.7 1075
1712192939776 22.2 1076
1712192949904 22.8 1077
1712192960053 21.4 1078
1712192970177 22.1 1079
1712192980298 22.1 1080
1712192990421 21.9 1081
1712193000544 22.0 1082
1712193010666 21.9 1083
1712193020797 21.3 1084
1712193030914 22.4 1085
1712193041071 23.1 1086
1712193051216 22.1 1087
1712193061332 22.0 1088
1712193071448 22.8 1089
1712193081573 21.9 1090
1712193091692 22.2 1091
1712193101833 22.4 1092
1712193111945 21.3 1093
1712193122061 22.8 1094
1712193132171 22.2 1095
1712193142288 21.9 1096
1712193152416 22.9 1097
1712193162548 22.0 1098
1712193172664 22.4 1099
1712193182794 22.6 1100
1712193192941 22.0 1101
1712193203063 22.3 1102
1712193213175 22.5 1103
1712193223309 21.7 1104
1712193233431 22.6 1105
1712193243554 22.3 1106
1712193253691 21.5 1107
1712193263801 23.0 1108
1712193273948 22.8 1109
1712193284081 22.0 1110
1712193294204 22.6 1111
1712193304323 22.5 1112
1712193314441 21.5 1113
1712193324557 22.5 1114
1712193334729 22.4 1115
1712193344864 22.2 1116
1712193354981 23.1 1117
1712193365112 22.5 1118
1712193375235 22.1 1119
1712193385352 22.2 1120
1712193395465 22.4 1121
1712193405577 21.4 1122
1712193415705 22.2 1123
1712193425838 21.6 1124
1712193435955 22.2 1125
1712193446081 22.7 1126
1712193456218 21.6 1127
1712193466342 22.5 1128
1712193476482 22.7 1129
1712193486637 21.6 1130
1712193496784 22.1 1131
1712193506915 22.9 1132
1712193517065 21.8 1133
1712193527199 22.3 1134
1712193537343 22.4 1135
1712193547449 22.3 1136
1712193557572 22.2 1137
1712193567696 22.3 1138
1712193577816 21.7 1139
1712193587927 22.6 1140
1712193598048 22.7 1141
1712193608180 21.7 1142
1712193618299 22.2 1143
1712193628429 22.7 1144
1712193638561 22.8 1145
1712193648684 24.1 1146
1712193658811 22.8 1147
1712193668928 21.3 1148
1712193679053 32.9 1149
1712193689178 44.4 1150
1712193699412 43.7 1151
1712193709534 43.9 1152
1712193719679 44.1 1153
1712193729808 45.0 1154
1712193739950 44.9 1155
1712193750077 43.5 1156
1712193760214 44.6 1157
1712193770333 44.2 1158
1712193780474 44.2 1159
1712193790626 44.3 1160
1712193800756 43.9 1161
1712193810904 44.2 1162
1712193821042 44.6 1163
1712193831176 44.5 1164
1712193841318 44.1 1165
1712193851453 44.1 1166
1712193861593 43.9 1167
1712193871720 43.7 1168
1712193881860 43.9 1169
1712193891986 43.8 1170
1712193902104 24.3 1171
1712193912175 22.5 1172
1712193922281 21.0 1173
1712193932350 21.5 1174
1712193942462 21.5 1175
1712193952586 23.4 1176
1712193962700 22.5 1177
1712193972925 22.0 1178
1712193983057 22.3 1179
1712193993178 22.3 1180
1712194003302 21.8 1181
1712194013429 21.4 1182
1712194023541 21.2 1183
1712194033660 22.1 1184
1712194043778 22.0 1185
1712194053895 21.6 1186
1712194064045 22.0 1187
1712194074147 21.7 1188
1712194084264 22.1 1189
1712194094374 22.5 1190
1712194104475 21.5 1191
1712194114591 23.0 1192
1712194124695 22.1 1193
1712194134812 22.4 1194
1712194144925 22.5 1195
1712194155036 21.3 1196
1712194165163 22.5 1197
1712194175269 21.9 1198
1712194185343 22.4 1199
1712194195486 23.1 1200
1712194205550 21.4 1201
1712194215685 21.6 1202
1712194225805 20.2 1203
1712194235886 22.0 1204
1712194246000 22.3 1205
1712194256067 24.6 1206
1712194266198 21.5 1207
1712194276438 20.4 1208
1712194286505 23.0 1209
1712194296610 22.6 1210
1712194306731 23.0 1211
1712194316844 25.1 1212
1712194326964 22.9 1213
1712194337090 22.8 1214
1712194347211 22.3 1215
1712194357345 22.2 1216
1712194367461 22.4 1217
1712194377577 22.4 1218
1712194387708 23.0 1219
1712194397837 22.3 1220
1712194407961 22.3 1221
1712194418080 23.0 1222
1712194428201 21.8 1223
1712194438319 23.2 1224
1712194448422 23.3 1225
1712194458534 22.5 1226
1712194468589 23.0 1227
1712194478662 21.8 1228
1712194488720 22.3 1229
1712194498798 20.2 1230
1712194508919 22.2 1231
1712194519042 22.9 1232
1712194529176 22.8 1233
1712194539289 22.3 1234
1712194549423 22.6 1235
1712194559531 22.7 1236
1712194569642 22.1 1237
1712194579859 23.0 1238
1712194589989 22.1 1239
1712194600098 21.4 1240
1712194610229 22.6 1241
1712194620357 22.3 1242
1712194630487 22.3 1243
1712194640637 22.6 1244
1712194650750 22.4 1245
1712194660874 22.7 1246
1712194670944 21.9 1247
1712194681077 21.1 1248
1712194691207 22.7 1249
1712194701333 21.1 1250
1712194711464 22.7 1251
1712194721660 22.2 1252
1712194731792 21.7 1253
1712194741932 22.7 1254
1712194752052 20.9 1255
1712194762185 22.2 1256
1712194772306 22.2 1257
1712194782437 22.0 1258
1712194792561 22.6 1259
1712194802678 22.4 1260
1712194812796 22.3 1261
1712194822921 22.0 1262
1712194833043 21.9 1263
1712194843174 22.4 1264
1712194853298 23.9 1265
1712194863418 21.4 1266
1712194873668 22.7 1267
1712194883783 22.5 1268
1712194893904 22.2 1269
1712194904033 23.5 1270
1712194914154 22.3 1271
1712194924281 22.4 1272
1712194934386 22.2 1273
1712194944526 21.8 1274
1712194954653 21.9 1275
1712194964788 21.9 1276
1712194974905 21.9 1277
1712194985022 22.7 1278
1712194995125 21.5 1279
1712195005251 21.8 1280
1712195015473 22.1 1281
1712195025586 21.4 1282
1712195035711 22.6 1283
1712195045826 22.0 1284
1712195055940 22.2 1285
1712195066064 22.6 1286
1712195076176 21.5 1287
1712195086296 22.2 1288
1712195096413 22.1 1289
1712195106538 21.7 1290
1712195116664 22.6 1291
1712195126805 21.9 1292
1712195136929 21.8 1293
1712195147057 22.9 1294
1712195157173 21.8 1295
1712195167298 22.3 1296
1712195177419 22.5 1297
1712195187540 21.5 1298
1712195197651 22.3 1299
1712195207753 22.3 1300
1712195217868 21.4 1301
1712195227986 23.2 1302
1712195238091 21.6 1303
1712195248201 22.9 1304
1712195258309 22.1 1305
1712195268421 21.4 1306
1712195278533 22.4 1307
1712195288644 21.4 1308
1712195298770 22.2 1309
1712195308978 22.1 1310
1712195319130 22.0 1311
1712195329259 22.3 1312
1712195339403 22.3 1313
1712195349522 21.9 1314
1712195359632 21.9 1315
1712195369734 22.2 1316
1712195379856 22.0 1317
1712195389978 22.2 1318
1712195400094 21.9 1319
1712195410227 22.0 1320
1712195420343 22.3 1321
1712195430459 21.4 1322
1712195440578 22.1 1323
1712195450689 22.6 1324
1712195460890 21.6 1325
1712195471009 22.7 1326
1712195481109 21.7 1327
1712195491224 21.7 1328
1712195501348 22.1 1329
1712195511477 21.7 1330
1712195521599 22.1 1331
1712195531733 22.3 1332
1712195541869 21.1 1333
1712195551984 22.5 1334
1712195562103 22.1 1335
1712195572213 21.8 1336
1712195582325 22.5 1337
1712195592434 21.4 1338
1712195602547 22.3 1339
1712195612676 22.5 1340
1712195622782 21.3 1341
1712195632909 22.7 1342
1712195643015 22.4 1343
1712195653136 21.9 1344
1712195663247 22.1 1345
1712195673365 21.6 1346
1712195683475 22.6 1347
1712195693588 22.1 1348
1712195703701 21.7 1349
1712195713827 22.4 1350
1712195723940 21.0 1351
1712195734057 22.0 1352
1712195744175 22.2 1353
1712195754286 22.2 1354
1712195764404 22.4 1355
1712195774512 21.8 1356
1712195784634 22.6 1357
1712195794746 22.2 1358
1712195804855 22.4 1359
1712195814982 23.5 1360
1712195825111 21.6 1361
1712195835232 22.4 1362
1712195845335 22.3 1363
1712195855449 21.4 1364
1712195865567 22.5 1365
1712195875677 21.9 1366
1712195885793 21.7 1367
1712195895928 22.3 1368
1712195906040 21.0 1369
1712195916162 22.7 1370
1712195926278 21.9 1371
1712195936398 21.6 1372
1712195946523 22.5 1373
1712195956642 21.3 1374
1712195966756 22.5 1375
1712195976886 22.1 1376
1712195986990 21.5 1377
1712195997104 22.8 1378
1712196007237 22.1 1379
1712196017332 21.8 1380
1712196027500 21.5 1381
1712196037588 23.9 1382
1712196047755 40.9 1383
1712196057894 43.2 1384
1712196068033 42.7 1385
1712196078182 43.1 1386
1712196088288 42.9 1387
1712196098435 43.4 1388
1712196108589 44.8 1389
1712196118727 44.0 1390
1712196128871 44.6 1391
1712196139033 44.9 1392
1712196149177 44.6 1393
1712196159333 44.6 1394
1712196169492 44.2 1395
1712196179645 44.7 1396
1712196189777 43.9 1397
1712196199921 44.8 1398
1712196210064 44.4 1399
1712196220203 44.7 1400
1712196230363 44.4 1401
1712196240500 44.6 1402
1712196250627 44.5 1403
1712196260769 31.4 1404
1712196270891 23.3 1405
1712196281007 24.1 1406
1712196291140 22.0 1407
1712196301265 22.4 1408
1712196311377 21.5 1409
1712196321512 22.2 1410
1712196331636 22.0 1411
1712196341771 22.6 1412
1712196351890 24.0 1413
1712196362018 21.6 1414
1712196372145 22.5 1415
1712196382259 22.3 1416
1712196392378 21.9 1417
1712196402509 22.9 1418
1712196412624 21.8 1419
1712196422749 22.4 1420
1712196432862 22.4 1421
1712196442998 22.1 1422
1712196453118 23.1 1423
1712196463234 21.9 1424
1712196473349 22.1 1425
1712196483480 22.8 1426
1712196493616 22.2 1427
1712196503740 22.5 1428
1712196513885 22.1 1429
1712196524002 22.0 1430
1712196534122 22.2 1431
1712196544256 22.2 1432
1712196554369 22.4 1433
1712196564495 22.2 1434
1712196574615 22.2 1435
1712196584731 22.1 1436
1712196594866 23.1 1437
1712196604983 21.9 1438
1712196615132 22.3 1439
1712196625282 27.5 1440
1712196635442 27.7 1441
1712196645589 28.5 1442
1712196655717 28.7 1443
1712196665856 27.2 1444
1712196675970 28.1 1445
1712196686108 24.8 1446
1712196696243 27.8 1447
1712196706393 26.5 1448
1712196716572 26.3 1449
1712196726712 24.9 1450
1712196736841 21.7 1451
1712196747051 23.6 1452
1712196757189 24.2 1453
1712196767342 22.9 1454
1712196777502 22.0 1455
1712196787633 22.9 1456
1712196797770 22.8 1457
1712196807909 21.9 1458
1712196818059 22.6 1459
1712196828199 22.9 1460
1712196838339 21.9 1461
1712196848568 23.1 1462
1712196858718 23.1 1463
1712196868857 22.4 1464
1712196878975 22.3 1465
1712196889107 22.7 1466
1712196899246 22.3 1467
1712196909377 22.4 1468
1712196919521 22.9 1469
1712196929657 22.7 1470
1712196939869 22.1 1471
1712196950003 23.4 1472
1712196960144 22.2 1473
1712196970272 22.0 1474
1712196980404 23.1 1475
1712196990547 22.6 1476
1712197000724 22.3 1477
1712197010909 21.6 1478
1712197021046 21.3 1479
1712197031182 20.9 1480
1712197041325 22.6 1481
1712197051450 23.0 1482
1712197061620 22.1 1483
1712197071777 23.0 1484
1712197081946 22.3 1485
1712197092068 22.6 1486
1712197102221 23.5 1487
1712197112380 22.8 1488
1712197122516 22.8 1489
1712197132656 23.2 1490
1712197142804 23.0 1491
1712197152948 22.8 1492
1712197163091 22.9 1493
1712197173229 22.7 1494
1712197183485 22.5 1495
1712197193665 22.6 1496
1712197203809 22.6 1497
1712197213939 23.2 1498
1712197224093 22.6 1499
1712197234267 22.3 1500
1712197244435 21.8 1501
1712197254591 22.9 1502
1712197264771 23.3 1503
1712197274969 22.6 1504
1712197285146 22.3 1505
1712197295326 22.5 1506
1712197305517 23.0 1507
1712197315649 22.6 1508
1712197325782 22.4 1509
1712197335935 23.3 1510
1712197346080 22.6 1511
1712197356242 22.7 1512
1712197366388 22.8 1513
1712197376527 22.7 1514
1712197386656 22.8 1515
1712197396787 23.3 1516
1712197406919 23.7 1517
1712197417065 22.4 1518
1712197427206 22.7 1519
1712197437350 24.0 1520
1712197447507 22.6 1521
1712197457663 23.3 1522
1712197467794 23.0 1523
1712197477937 22.2 1524
1712197488087 22.7 1525
1712197498241 22.5 1526
1712197508394 22.8 1527
1712197518529 22.7 1528
1712197528673 23.1 1529
1712197538816 21.6 1530
1712197548953 22.7 1531
1712197559121 22.6 1532
1712197569257 22.1 1533
1712197579531 23.0 1534
1712197589689 22.7 1535
1712197599853 22.4 1536
1712197609989 22.6 1537
1712197620147 22.4 1538
1712197630294 22.9 1539
1712197640426 22.8 1540
1712197650596 22.1 1541
1712197660746 23.1 1542
1712197670902 22.8 1543
1712197681070 22.4 1544
1712197691318 22.5 1545
1712197701483 22.4 1546
1712197711638 23.5 1547
1712197721797 22.2 1548
1712197731958 23.2 1549
1712197742116 23.5 1550
1712197752264 22.6 1551
1712197762412 23.0 1552
1712197772569 22.9 1553
1712197782730 22.9 1554
1712197792887 22.0 1555
1712197803114 23.3 1556
1712197813260 22.8 1557
1712197823419 22.5 1558
1712197833563 22.1 1559
1712197843744 22.8 1560
1712197853884 24.0 1561
1712197864064 22.3 1562
1712197874218 22.6 1563
1712197884377 23.0 1564
1712197894522 22.8 1565
1712197904784 22.5 1566
1712197914970 23.2 1567
1712197925126 23.0 1568
1712197935281 22.8 1569
1712197945461 22.5 1570
1712197955628 23.0 1571
1712197965764 23.0 1572
1712197975914 23.0 1573
1712197986065 22.4 1574
1712197996214 22.9 1575
1712198006367 22.6 1576
1712198016529 22.6 1577
1712198026713 22.4 1578
1712198036851 23.1 1579
1712198047000 23.0 1580
1712198057135 22.9 1581
1712198067274 22.8 1582
1712198077449 22.6 1583
1712198087607 23.0 1584
1712198097777 22.1 1585
1712198107919 23.3 1586
1712198118164 23.3 1587
1712198128314 22.9 1588
1712198138497 22.2 1589
1712198148636 23.5 1590
1712198158794 22.5 1591
1712198168957 23.0 1592
1712198179142 22.3 1593
1712198189308 23.3 1594
1712198199448 23.1 1595
1712198209534 22.2 1596
1712198219869 20.9 1597
1712198230047 22.5 1598
1712198240175 23.3 1599
1712198250285 21.8 1600
1712198260429 22.9 1601
1712198270544 23.7 1602
1712198280661 22.1 1603
1712198290832 20.6 1604
1712198300945 19.6 1605
1712198311062 19.4 1606
1712198321237 19.6 1607
1712198331384 20.1 1608
1712198341545 20.2 1609
1712198351792 18.9 1610
1712198361946 19.6 1611
1712198372115 19.8 1612
1712198382193 19.8 1613
1712198392391 19.0 1614
1712198402580 29.9 1615
1712198412696 36.9 1616
1712198422890 39.6 1617
1712198433072 40.4 1618
1712198443168 43.7 1619
1712198453451 46.2 1620
1712198463630 44.2 1621
1712198473799 45.1 1622
1712198483955 44.5 1623
1712198494126 44.7 1624
1712198504215 44.7 1625
1712198514409 45.3 1626
1712198524571 44.4 1627
1712198534747 44.7 1628
1712198544904 44.3 1629
1712198555170 44.8 1630
1712198565290 44.0 1631
1712198575464 44.7 1632
1712198585647 44.3 1633
1712198595828 44.6 1634
1712198605974 42.6 1635
1712198616129 42.4 1636
1712198626209 22.2 1637
1712198636392 22.7 1638
1712198646538 23.7 1639
1712198656755 22.2 1640
1712198666884 22.0 1641
1712198677039 22.3 1642
1712198687129 22.0 1643
1712198697301 21.8 1644
1712198707451 22.9 1645
1712198717578 21.5 1646
1712198727708 22.0 1647
1712198737825 22.7 1648
1712198747966 22.5 1649
1712198758102 22.5 1650
1712198768328 22.2 1651
1712198778463 22.1 1652
1712198788599 21.4 1653
1712198798673 22.1 1654
1712198808853 21.9 1655
1712198818980 21.7 1656
1712198829122 22.4 1657
1712198839248 21.3 1658
1712198849401 21.8 1659
1712198859491 22.4 1660
1712198869780 22.0 1661
1712198879935 22.2 1662
1712198890088 22.3 1663
1712198900238 21.7 1664
1712198910379 21.5 1665
1712198920501 21.8 1666
1712198930647 22.6 1667
1712198940782 21.2 1668
1712198950920 22.1 1669
1712198961055 22.8 1670
1712198971205 21.1 1671
1712198981298 22.4 1672
1712198991471 23.1 1673
1712199001646 21.8 1674
1712199011793 23.1 1675
1712199021955 22.2 1676
1712199032116 21.9 1677
1712199042219 21.9 1678
1712199052369 23.0 1679
1712199062510 21.4 1680
1712199072658 22.3 1681
1712199082891 22.2 1682
1712199093024 21.1 1683
1712199103107 22.3 1684
1712199113261 21.8 1685
1712199123407 21.5 1686
1712199133557 22.6 1687
1712199143721 22.2 1688
1712199153868 22.0 1689
1712199163973 22.0 1690
1712199174138 22.6 1691
1712199184280 21.4 1692
1712199194426 22.4 1693
1712199204587 22.4 1694
1712199214727 21.4 1695
1712199224801 21.6 1696
1712199234952 22.2 1697
1712199245088 22.0 1698
1712199255217 22.2 1699
1712199265360 22.3 1700
1712199275507 22.1 1701
1712199285578 21.9 1702
1712199295844 22.0 1703
1712199305977 21.8 1704
1712199316109 21.5 1705
1712199326261 22.2 1706
1712199336391 21.7 1707
1712199346474 21.8 1708
1712199356605 22.7 1709
1712199366753 22.1 1710
1712199376917 22.0 1711
1712199387085 22.1 1712
1712199397315 22.1 1713
1712199407423 21.1 1714
1712199417572 22.6 1715
1712199427708 22.7 1716
1712199437853 21.5 1717
1712199447992 23.2 1718
1712199458066 22.4 1719
1712199468199 22.1 1720
1712199478345 23.0 1721
1712199488488 22.5 1722
1712199498622 22.2 1723
1712199508766 22.5 1724
1712199518841 22.4 1725
1712199528960 22.3 1726
1712199539089 22.6 1727
1712199549222 22.0 1728
1712199559339 22.6 1729
1712199569464 22.6 1730
1712199579539 22.2 1731
1712199589660 22.5 1732
1712199599788 21.8 1733
1712199609908 23.6 1734
1712199620030 21.9 1735
1712199630152 21.9 1736
1712199640236 22.4 1737
1712199650354 21.4 1738
1712199660488 22.3 1739
1712199670620 22.1 1740
1712199680747 21.5 1741
1712199690874 22.2 1742
1712199700936 21.8 1743
1712199711066 22.1 1744
1712199721195 22.4 1745
1712199731315 22.0 1746
1712199741454 22.2 1747
1712199751591 22.4 1748
1712199761657 22.1 1749
1712199771790 22.2 1750
1712199781916 22.2 1751
1712199792036 22.3 1752
1712199802168 21.7 1753
1712199812285 22.1 1754
1712199822365 21.4 1755
1712199832600 22.3 1756
1712199842730 22.0 1757
1712199852849 21.6 1758
1712199862992 23.1 1759
1712199873174 22.7 1760
1712199883245 21.3 1761
1712199893376 22.6 1762
1712199903503 21.9 1763
1712199913622 21.8 1764
1712199923755 22.1 1765
1712199933977 22.1 1766
1712199944048 21.6 1767
1712199954173 22.8 1768
1712199964293 22.3 1769
1712199974412 21.3 1770
1712199984544 22.8 1771
1712199994657 21.8 1772
1712200004726 22.0 1773
1712200014851 22.0 1774
1712200024968 21.3 1775
1712200035090 22.4 1776
1712200045208 21.9 1777
1712200055326 21.5 1778
1712200065411 22.3 1779
1712200075533 21.4 1780
1712200085666 22.0 1781
1712200095801 22.5 1782
1712200105933 21.9 1783
1712200116084 22.3 1784
1712200126151 22.1 1785
1712200136297 21.7 1786
1712200146446 22.0 1787
1712200156595 23.1 1788
1712200166732 21.9 1789
1712200176862 22.5 1790
1712200186925 22.1 1791
1712200197041 21.4 1792
1712200207191 22.6 1793
1712200217318 22.1 1794
1712200227463 22.5 1795
1712200237576 21.7 1796
1712200247733 22.5 1797
1712200257869 23.3 1798
1712200268049 22.8 1799
1712200278216 22.6 1800
1712200288359 23.4 1801
1712200298511 22.9 1802
1712200308783 22.0 1803
1712200318937 22.5 1804
1712200329078 22.9 1805
1712200339219 22.4 1806
1712200349367 23.2 1807
1712200359510 22.4 1808
1712200369645 22.1 1809
1712200379788 22.8 1810
1712200389935 22.9 1811
1712200400075 22.6 1812
1712200410222 22.4 1813
1712200420383 23.0 1814
1712200430552 22.8 1815
1712200440689 23.0 1816
1712200450832 22.7 1817
1712200460978 22.2 1818
1712200471118 23.2 1819
1712200481274 22.7 1820
1712200491429 22.7 1821
1712200501581 22.6 1822
1712200511728 24.7 1823
1712200521861 22.7 1824
1712200532112 22.1 1825
1712200542237 23.1 1826
1712200552373 23.5 1827
1712200562573 22.1 1828
1712200572715 23.0 1829
1712200582871 23.2 1830
1712200593051 22.6 1831
1712200603190 22.8 1832
1712200613330 23.5 1833
1712200623473 22.6 1834
1712200633609 22.8 1835
1712200643755 23.1 1836
1712200653916 22.8 1837
1712200664075 22.8 1838
1712200674225 22.9 1839
1712200684477 22.7 1840
1712200694614 22.4 1841
1712200704744 23.1 1842
1712200714900 23.4 1843
1712200725043 22.8 1844
1712200735189 23.1 1845
1712200745347 22.9 1846
1712200755505 22.1 1847
1712200765652 44.1 1848
1712200775830 45.5 1849
1712200785990 44.6 1850
1712200796151 44.1 1851
1712200806312 44.8 1852
1712200816478 45.0 1853
1712200826634 44.6 1854
1712200836884 45.3 1855
1712200847050 43.9 1856
1712200857198 45.0 1857
1712200867363 44.4 1858
1712200877526 44.4 1859
1712200887687 45.3 1860
1712200897844 44.6 1861
1712200908098 44.1 1862
1712200918260 44.3 1863
1712200928427 42.6 1864
1712200938592 43.3 1865
1712200948753 43.3 1866
1712200958905 43.0 1867
1712200969058 43.2 1868
1712200979302 37.4 1869
1712200989458 22.9 1870
1712200999598 22.6 1871
1712201009751 22.8 1872
1712201019931 22.1 1873
1712201030063 22.8 1874
1712201040215 22.3 1875
1712201050352 22.1 1876
1712201060488 22.9 1877
1712201070627 23.0 1878
1712201080790 21.9 1879
1712201090933 22.7 1880
1712201101098 22.9 1881
1712201111251 22.1 1882
1712201121395 23.0 1883
1712201131553 22.5 1884
1712201141709 21.8 1885
1712201151851 23.8 1886
1712201162001 22.6 1887
1712201172148 22.5 1888
1712201182300 22.6 1889
1712201192459 22.8 1890
1712201202702 21.8 1891
1712201212859 22.4 1892
1712201223006 23.2 1893
1712201233157 23.1 1894
1712201243302 22.2 1895
1712201253437 23.2 1896
1712201263574 23.1 1897
1712201273807 22.3 1898
1712201283954 22.0 1899
1712201294099 22.4 1900
1712201304247 22.5 1901
1712201314389 22.2 1902
1712201324541 23.0 1903
1712201334744 22.6 1904
1712201344899 22.3 1905
1712201355063 22.9 1906
1712201365227 23.1 1907
1712201375374 22.5 1908
1712201385532 22.6 1909
1712201395689 22.8 1910
1712201405829 23.6 1911
1712201415960 23.6 1912
1712201426189 23.1 1913
1712201436350 22.8 1914
1712201446538 22.4 1915
1712201456676 22.8 1916
1712201466829 21.8 1917
1712201476986 22.5 1918
1712201487120 22.4 1919
1712201497358 22.7 1920
1712201507525 22.8 1921
1712201517683 24.0 1922
1712201527826 22.6 1923
1712201537977 22.9 1924
1712201548144 22.0 1925
1712201558284 22.8 1926
1712201568430 22.5 1927
1712201578574 22.8 1928
1712201588713 22.0 1929
1712201598874 22.8 1930
1712201609034 22.1 1931
1712201619172 22.8 1932
1712201629313 22.7 1933
1712201639447 22.3 1934
1712201649679 22.6 1935
1712201659830 22.7 1936
1712201669997 22.8 1937
1712201680145 22.4 1938
1712201690278 22.7 1939
1712201700427 23.2 1940
1712201710613 22.0 1941
1712201720773 22.5 1942
1712201730920 23.1 1943
1712201741083 22.9 1944
1712201751238 22.7 1945
1712201761403 22.6 1946
1712201771560 22.3 1947
1712201781743 21.9 1948
1712201791897 23.0 1949
1712201802136 22.7 1950
1712201812308 22.4 1951
1712201822482 22.6 1952
1712201832655 23.0 1953
1712201842816 22.6 1954
1712201852990 22.3 1955
1712201863137 22.7 1956
1712201873285 23.2 1957
1712201883431 22.3 1958
1712201893578 22.5 1959
1712201903738 23.0 1960
1712201913912 22.2 1961
1712201924085 22.4 1962
1712201934230 22.5 1963
1712201944302 20.1 1964
1712201954511 21.6 1965
1712201964679 22.2 1966
1712201974828 22.4 1967
1712201984961 24.5 1968
1712201995102 22.6 1969
1712202005240 22.4 1970
1712202015369 21.8 1971
1712202025512 22.7 1972
1712202035646 22.3 1973
1712202045796 22.1 1974
1712202055937 23.1 1975
1712202066070 22.2 1976
1712202076198 21.2 1977
1712202086350 22.4 1978
1712202096490 23.2 1979
1712202106696 21.9 1980
1712202116835 22.5 1981
1712202126954 22.0 1982
1712202137082 23.0 1983
1712202147217 22.2 1984
1712202157365 21.9 1985
1712202167497 22.0 1986
1712202177645 22.0 1987
1712202187796 21.1 1988
1712202197928 22.1 1989
1712202208080 22.8 1990
1712202218202 21.5 1991
1712202228335 21.5 1992
1712202238459 22.7 1993
1712202248593 21.2 1994
1712202258839 22.4 1995
1712202268983 22.5 1996
1712202279140 22.0 1997
1712202289261 21.9 1998
1712202299400 22.1 1999
1712202309526 21.3 2000
1712202319667 22.3 2001
1712202329817 22.8 2002
1712202339947 21.4 2003
1712202350089 23.3 2004
1712202360226 23.1 2005
1712202370353 21.8 2006
1712202380480 22.6 2007
1712202390613 22.4 2008
1712202400742 22.4 2009
1712202410914 23.0 2010
1712202421056 22.6 2011
1712202431186 21.6 2012
1712202441263 22.3 2013
1712202451425 22.8 2014
1712202461586 22.8 2015
1712202471734 22.5 2016
1712202482017 21.7 2017
1712202492173 22.3 2018
1712202502332 22.5 2019
1712202512494 21.8 2020
1712202522581 22.4 2021
1712202532724 21.7 2022
1712202542880 21.8 2023
1712202553019 21.4 2024
1712202563199 21.4 2025
1712202573360 22.7 2026
1712202583508 20.4 2027
1712202593655 21.7 2028
1712202603805 21.3 2029
1712202613944 21.3 2030
1712202624094 21.8 2031
1712202634295 22.1 2032
1712202644438 19.6 2033
1712202654571 23.2 2034
1712202664699 22.2 2035
1712202674844 22.2 2036
1712202684968 22.5 2037
1712202695097 22.0 2038
1712202705179 23.0 2039
1712202715316 22.6 2040
1712202725457 21.7 2041
1712202735579 21.8 2042
1712202745743 22.3 2043
1712202755889 21.4 2044
1712202766031 18.3 2045
1712202776181 18.5 2046
1712202786411 19.0 2047
1712202796553 18.0 2048
1712202806690 18.6 2049
1712202816830 18.8 2050
1712202826979 19.2 2051
1712202837117 18.5 2052
1712202847244 19.8 2053
1712202857472 20.0 2054
1712202867634 20.8 2055
1712202877766 20.8 2056
1712202887913 21.5 2057
1712202898042 21.7 2058
1712202908194 20.8 2059
1712202918342 22.0 2060
1712202928514 20.4 2061
1712202938779 20.0 2062
1712202948907 20.7 2063
1712202959067 18.7 2064
1712202969205 20.5 2065
1712202979355 21.1 2066
1712202989497 22.0 2067
1712202999576 22.2 2068
1712203009734 20.8 2069
1712203019907 19.1 2070
1712203030045 20.5 2071
1712203040183 21.2 2072
1712203050316 22.0 2073
1712203060460 21.8 2074
1712203070609 21.4 2075
1712203080769 21.4 2076
1712203091012 21.5 2077
1712203101192 22.3 2078
1712203111365 20.5 2079
1712203121541 23.6 2080
1712203131706 40.0 2081
1712203141876 42.3 2082
1712203152055 41.2 2083
1712203162257 39.7 2084
1712203172533 41.2 2085
1712203182739 41.9 2086
1712203192960 42.2 2087
1712203203156 41.7 2088
1712203213340 42.4 2089
1712203223529 43.3 2090
1712203233782 42.9 2091
1712203244092 40.3 2092
1712203254298 39.8 2093
1712203264490 40.0 2094
1712203274693 41.3 2095
1712203284908 42.8 2096
1712203295173 42.2 2097
1712203305387 41.4 2098
1712203315676 40.8 2099
1712203325861 42.3 2100
1712203336037 42.9 2101
1712203346197 37.7 2102
1712203356336 22.3 2103
1712203366495 21.6 2104
1712203376663 21.9 2105
1712203386745 20.7 2106
1712203396991 21.1 2107
1712203407229 21.7 2108
1712203417373 22.0 2109
1712203427533 22.1 2110
1712203437703 22.4 2111
1712203447863 21.9 2112
1712203458030 22.3 2113
1712203468288 22.8 2114
1712203478455 22.4 2115
1712203488626 23.2 2116
1712203498799 22.8 2117
1712203508931 22.1 2118
1712203519065 21.6 2119
1712203529247 22.7 2120
1712203539401 22.1 2121
1712203549559 23.6 2122
1712203559710 22.3 2123
1712203569869 22.0 2124
1712203580029 22.8 2125
1712203590185 22.9 2126
1712203600328 22.2 2127
1712203610490 23.0 2128
1712203620713 22.8 2129
1712203630873 21.1 2130
1712203641036 23.0 2131
1712203651196 22.1 2132
1712203661361 22.1 2133
1712203671524 22.5 2134
1712203681670 22.3 2135
1712203691893 21.4 2136
1712203702050 22.6 2137
1712203712203 22.8 2138
1712203722339 22.6 2139
1712203732494 22.3 2140
1712203742649 21.6 2141
1712203752900 22.1 2142
1712203763066 24.1 2143
1712203773208 23.3 2144
1712203783356 21.1 2145
1712203793514 22.3 2146
1712203803762 22.4 2147
1712203813930 22.1 2148
1712203824100 22.4 2149
1712203834258 22.6 2150
1712203844416 21.7 2151
1712203854593 22.3 2152
1712203864821 21.8 2153
1712203875059 20.7 2154
1712203885230 21.8 2155
1712203895430 22.9 2156
1712203905584 22.5 2157
1712203915881 21.4 2158
1712203926056 22.3 2159
1712203936238 22.5 2160
1712203946421 21.9 2161
1712203956529 22.7 2162
1712203966665 22.8 2163
1712203977037 21.5 2164
1712203987221 21.9 2165
1712203997409 22.6 2166
1712204007556 21.5 2167
1712204017844 22.6 2168
1712204028039 22.7 2169
1712204038145 23.3 2170
1712204048380 21.9 2171
1712204058512 23.2 2172
1712204068643 22.8 2173
1712204078852 23.0 2174
1712204089086 22.0 2175
1712204099221 22.4 2176
1712204109411 21.1 2177
1712204119553 22.2 2178
1712204129850 22.3 2179
1712204139947 22.7 2180
1712204150103 23.4 2181
1712204160269 22.1 2182
1712204170512 22.7 2183
1712204180665 21.7 2184
1712204190836 22.3 2185
1712204200966 22.1 2186
1712204211103 21.8 2187
1712204221273 22.5 2188
1712204231417 22.1 2189
1712204241566 22.1 2190
1712204251753 22.9 2191
1712204261995 23.1 2192
1712204272141 21.1 2193
1712204282305 22.1 2194
1712204292456 21.6 2195
1712204302714 22.1 2196
1712204312857 21.6 2197
1712204322986 22.5 2198
1712204333161 21.7 2199
1712204343307 21.7 2200
1712204353475 22.5 2201
1712204363634 21.7 2202
1712204373769 22.3 2203
1712204383883 22.5 2204
1712204394163 22.2 2205
1712204404318 21.7 2206
1712204414485 22.1 2207
1712204424640 21.7 2208
1712204434785 21.3 2209
1712204444882 22.9 2210
1712204455077 22.1 2211
1712204465241 21.5 2212
1712204475478 22.0 2213
1712204485649 22.3 2214
1712204495804 21.3 2215
1712204505901 21.9 2216
1712204516226 22.4 2217
1712204526397 21.5 2218
1712204536564 22.6 2219
1712204546718 21.9 2220
1712204556960 22.2 2221
1712204567051 21.2 2222
1712204577257 22.5 2223
1712204587435 22.1 2224
1712204597594 21.4 2225
1712204607822 22.0 2226
1712204617970 21.8 2227
1712204628153 22.5 2228
1712204638300 21.3 2229
1712204648479 22.1 2230
1712204658702 22.3 2231
1712204668852 23.0 2232
1712204679010 23.1 2233
1712204689199 22.2 2234
1712204699441 22.2 2235
1712204709592 22.2 2236
1712204719752 22.3 2237
1712204729903 22.3 2238
1712204740006 21.2 2239
1712204750220 23.1 2240
1712204760382 21.1 2241
1712204770614 21.7 2242
1712204780787 21.8 2243
1712204790952 22.0 2244
1712204801047 21.2 2245
1712204811273 22.6 2246
1712204821441 22.1 2247
1712204831683 21.9 2248
1712204841842 21.6 2249
1712204852013 21.9 2250
1712204862098 21.8 2251
1712204872260 21.2 2252
1712204882587 21.7 2253
1712204892799 20.5 2254
1712204902987 21.4 2255
1712204913159 21.7 2256
1712204923368 22.7 2257
1712204933632 21.8 2258
1712204943904 22.2 2259
1712204954081 22.1 2260
1712204964289 22.8 2261
1712204974438 22.1 2262
1712204984693 21.9 2263
1712204994877 22.7 2264
1712205005098 21.9 2265
1712205015284 22.2 2266
1712205025465 22.6 2267
1712205035634 23.1 2268
1712205045925 22.9 2269
1712205056115 24.8 2270
1712205066298 21.7 2271
1712205076490 22.4 2272
1712205086684 22.0 2273
1712205096958 21.4 2274
1712205107119 22.8 2275
1712205117323 22.6 2276
1712205127514 26.4 2277
1712205137747 27.4 2278
1712205148035 27.3 2279
1712205158211 25.3 2280
1712205168388 22.7 2281
1712205178564 22.4 2282
1712205188744 22.6 2283
1712205198905 22.6 2284
1712205209053 22.2 2285
1712205219222 22.9 2286
1712205229386 22.5 2287
1712205239532 22.4 2288
1712205249707 22.7 2289
1712205259904 22.0 2290
1712205270056 22.6 2291
1712205280214 23.5 2292
1712205290346 22.6 2293
1712205300495 22.7 2294
1712205310649 22.6 2295
1712205320794 21.9 2296
1712205330971 22.5 2297
1712205341117 22.8 2298
1712205351279 23.9 2299
1712205361440 23.1 2300
1712205371599 23.5 2301
1712205381732 22.3 2302
1712205391867 22.8 2303
1712205402028 22.5 2304
1712205412181 22.5 2305
1712205422322 22.8 2306
1712205432475 22.8 2307
1712205442622 22.4 2308
1712205452778 23.3 2309
1712205462942 22.9 2310
1712205473108 22.4 2311
1712205483262 22.9 2312
1712205493438 30.1 2313
1712205503697 45.7 2314
1712205513884 44.8 2315
1712205524061 43.7 2316
1712205534222 43.4 2317
1712205544399 42.6 2318
1712205554594 43.6 2319
1712205564873 44.1 2320
1712205575073 43.9 2321
1712205585255 42.9 2322
1712205595439 43.6 2323
1712205605620 43.5 2324
1712205615891 43.4 2325
1712205626102 43.5 2326
1712205636287 43.6 2327
1712205646471 43.2 2328
1712205656655 43.7 2329
1712205666855 42.9 2330
1712205677038 41.0 2331
1712205687318 43.0 2332
1712205697489 43.3 2333
1712205707674 43.6 2334
1712205717855 42.3 2335
1712205728039 42.5 2336
1712205738224 41.9 2337
1712205748403 42.3 2338
1712205758662 42.2 2339
1712205768855 42.4 2340
1712205779035 41.6 2341
1712205789205 42.4 2342
1712205799486 42.4 2343
1712205809679 42.6 2344
1712205819859 41.8 2345
1712205830032 42.1 2346
1712205840208 43.0 2347
1712205850400 42.3 2348
1712205860678 42.4 2349
1712205870857 42.6 2350
1712205881024 43.2 2351
1712205891198 42.5 2352
1712205901365 42.7 2353
1712205911552 43.5 2354
1712205921761 43.2 2355
1712205931945 43.2 2356
1712205942152 44.7 2357
1712205952342 45.7 2358
1712205962605 45.2 2359
1712205972792 45.0 2360
