1712182080175 54.7 0
1712182090258 54.7 1
1712182100326 55.7 2
1712182110394 55.7 3
1712182120455 55.7 4
1712182130516 55.7 5
1712182140576 55.7 6
1712182150639 55.7 7
1712182160736 55.7 8
1712182170810 55.7 9
1712182180880 55.7 10
1712182190956 55.7 11
1712182201028 55.7 12
1712182211100 55.7 13
1712182221174 55.7 14
1712182231247 55.7 15
1712182241338 55.7 16
1712182251408 55.7 17
1712182261485 55.7 18
1712182271546 55.7 19
1712182281629 55.7 20
1712182291711 55.7 21
1712182301791 55.7 22
1712182311868 55.7 23
1712182321944 55.7 24
1712182332014 55.7 25
1712182342095 55.7 26
1712182352164 55.7 27
1712182362245 55.7 28
1712182372316 55.7 29
1712182382380 55.7 30
1712182392456 55.7 31
1712182402535 55.7 32
1712182412597 55.7 33
1712182422681 55.7 34
1712182432751 55.7 35
1712182442816 55.7 36
1712182452892 55.7 37
1712182462972 55.7 38
1712182473045 55.7 39
1712182483124 55.7 40
1712182493191 55.7 41
1712182503271 55.7 42
1712182513339 55.7 43
1712182523425 55.7 44
1712182533500 55.7 45
1712182543574 55.7 46
1712182553670 55.7 47
1712182563764 55.7 48
1712182573837 55.7 49
1712182583915 55.7 50
1712182594000 55.7 51
1712182604084 55.7 52
1712182614155 55.7 53
1712182624238 55.7 54
1712182634334 55.7 55
1712182644420 55.7 56
1712182654495 55.7 57
1712182664604 55.7 58
1712182674690 55.7 59
1712182684776 55.7 60
1712182694860 55.7 61
1712182704931 55.7 62
1712182715035 55.7 63
1712182725121 55.7 64
1712182735214 55.7 65
1712182745298 55.7 66
1712182755379 55.7 67
1712182765479 55.7 68
1712182775568 55.7 69
1712182785662 55.7 70
1712182795747 55.7 71
1712182805814 55.7 72
1712182815911 55.7 73
1712182826006 55.7 74
1712182836081 55.7 75
1712182846161 55.7 76
1712182856230 55.7 77
1712182866302 55.7 78
1712182876376 55.7 79
1712182886463 55.7 80
1712182896546 55.7 81
1712182906638 55.7 82
1712182916712 55.7 83
1712182926799 55.7 84
1712182936882 55.7 85
1712182946961 55.7 86
1712182957046 55.7 87
1712182967124 55.7 88
1712182977190 55.7 89
1712182987278 55.7 90
1712182997347 55.7 91
1712183007418 55.7 92
1712183017495 55.7 93
1712183027570 55.7 94
1712183037641 55.7 95
1712183047727 55.7 96
1712183057801 55.7 97
1712183067888 55.7 98
1712183077975 55.7 99
1712183088020 55.7 100
1712183098055 55.7 101
1712183108099 55.7 102
1712183118191 55.7 103
1712183128235 55.7 104
1712183138275 55.7 105
1712183148377 55.7 106
1712183158416 55.7 107
1712183168447 55.7 108
1712183178549 55.7 109
1712183188592 55.7 110
1712183198628 55.7 111
1712183208710 55.7 112
1712183218746 55.7 113
1712183228784 55.7 114
1712183238872 55.7 115
1712183248913 55.7 116
1712183258955 55.7 117
1712183269051 55.7 118
1712183279083 55.7 119
1712183289116 55.7 120
1712183299204 55.7 121
1712183309239 55.7 122
1712183319267 55.7 123
1712183329350 55.7 124
1712183339395 55.7 125
1712183349484 55.7 126
1712183359580 55.7 127
1712183369680 55.7 128
1712183379711 55.7 129
1712183389789 55.7 130
1712183399880 55.7 131
1712183409964 55.7 132
1712183420053 55.7 133
1712183430130 55.7 134
1712183440170 55.7 135
1712183450257 55.7 136
1712183460334 55.7 137
1712183470431 55.7 138
1712183480514 55.7 139
1712183490604 55.7 140
1712183500644 55.7 141
1712183510725 55.7 142
1712183520809 55.7 143
1712183530899 55.7 144
1712183540987 55.7 145
1712183551093 55.7 146
1712183561137 55.7 147
1712183571220 55.7 148
1712183581311 55.7 149
1712183591409 55.7 150
1712183601502 55.7 151
1712183611608 55.7 152
1712183621645 55.7 153
1712183631732 55.7 154
1712183641841 55.7 155
1712183651950 55.7 156
1712183662041 55.7 157
1712183672135 55.7 158
1712183682175 55.7 159
1712183692269 55.7 160
1712183702351 55.7 161
1712183712463 55.7 162
1712183722559 55.7 163
1712183732641 55.7 164
1712183742690 55.7 165
1712183752783 55.7 166
1712183762884 55.7 167
1712183772975 55.7 168
1712183783062 55.7 169
1712183793137 55.7 170
1712183803171 55.7 171
1712183813255 55.7 172
1712183823340 55.7 173
1712183833423 55.7 174
1712183843524 55.7 175
1712183853619 55.7 176
1712183863656 55.7 177
1712183873738 55.7 178
1712183883820 55.7 179
1712183893920 55.7 180
1712183904013 55.7 181
1712183914099 55.7 182
1712183924142 55.7 183
1712183934237 55.7 184
1712183944335 56.1 185
1712183954429 56.1 186
1712183964525 56.1 187
1712183974618 56.1 188
1712183984663 56.1 189
1712183994750 56.1 190
1712184004842 56.1 191
1712184014926 56.1 192
1712184025013 56.1 193
1712184035095 56.1 194
1712184045136 56.1 195
1712184055221 56.1 196
1712184065300 56.1 197
1712184075387 56.1 198
1712184085477 56.1 199
1712184095573 56.1 200
1712184105612 56.1 201
1712184115705 56.1 202
1712184125803 56.1 203
1712184135899 56.1 204
1712184145985 56.1 205
1712184156069 56.1 206
1712184166103 56.1 207
1712184176201 56.1 208
1712184186300 56.1 209
1712184196385 56.1 210
1712184206486 56.1 211
1712184216574 56.1 212
1712184226622 56.1 213
1712184236714 56.1 214
1712184246803 56.1 215
1712184256913 56.1 216
1712184267014 56.1 217
1712184277113 56.1 218
1712184287162 56.1 219
1712184297275 56.1 220
1712184307388 56.1 221
1712184317503 56.1 222
1712184327641 56.1 223
1712184337691 56.1 224
1712184347826 56.1 225
1712184357939 56.1 226
1712184368031 56.1 227
1712184378150 56.1 228
1712184388248 56.1 229
1712184398289 56.1 230
1712184408412 56.1 231
1712184418522 56.1 232
1712184428621 56.1 233
1712184438740 56.1 234
1712184448849 56.1 235
1712184458896 56.1 236
1712184468983 56.1 237
1712184479071 56.1 238
1712184489170 56.1 239
1712184499265 56.1 240
1712184509349 56.1 241
1712184519398 56.1 242
1712184529498 56.1 243
1712184539603 56.1 244
1712184549709 56.1 245
1712184559796 56.1 246
1712184569900 56.1 247
1712184579939 56.1 248
1712184590039 56.1 249
1712184600137 56.1 250
1712184610235 56.1 251
1712184620323 56.1 252
1712184630417 56.1 253
1712184640453 56.1 254
1712184650546 56.1 255
1712184660627 56.1 256
1712184670721 56.1 257
1712184680815 56.1 258
1712184690901 56.1 259
1712184700948 56.1 260
1712184711042 56.1 261
1712184721134 56.1 262
1712184731219 56.1 263
1712184741310 56.1 264
1712184751392 56.1 265
1712184761438 56.1 266
1712184771520 56.1 267
1712184781633 56.1 268
1712184791731 56.1 269
1712184801826 56.1 270
1712184811908 56.1 271
1712184821945 56.1 272
1712184832041 56.1 273
1712184842132 56.1 274
1712184852213 56.1 275
1712184862310 56.1 276
1712184872404 56.1 277
1712184882448 56.1 278
1712184892546 56.1 279
1712184902651 56.1 280
1712184912743 56.1 281
1712184922834 56.1 282
1712184932931 56.1 283
1712184942968 56.1 284
1712184953071 56.1 285
1712184963166 56.1 286
1712184973254 56.1 287
1712184983341 56.1 288
1712184993435 56.1 289
1712185003479 56.1 290
1712185013588 56.1 291
1712185023687 56.1 292
1712185033782 56.1 293
1712185043892 56.1 294
1712185053989 56.1 295
1712185064031 56.1 296
1712185074119 56.1 297
1712185084206 56.1 298
1712185094299 56.1 299
1712185104389 56.1 300
1712185114490 56.1 301
1712185124544 56.1 302
1712185134648 56.1 303
1712185144739 56.1 304
1712185154845 56.1 305
1712185164946 56.1 306
1712185175050 56.1 307
1712185185088 56.1 308
1712185195171 56.1 309
1712185205265 56.1 310
1712185215365 56.1 311
1712185225462 56.1 312
1712185235506 56.1 313
1712185245554 56.1 314
1712185255584 56.1 315
1712185265676 56.1 316
1712185275726 56.1 317
1712185285775 56.1 318
1712185295870 56.1 319
1712185305974 56.1 320
1712185316099 56.1 321
1712185326142 56.1 322
1712185336236 56.1 323
1712185346318 56.1 324
1712185356420 56.1 325
1712185366511 56.1 326
1712185376610 56.1 327
1712185386686 56.1 328
1712185396777 56.1 329
1712185406878 56.1 330
1712185416966 56.1 331
1712185427069 56.1 332
1712185437162 56.1 333
1712185447265 56.1 334
1712185457352 56.1 335
1712185467440 56.1 336
1712185477542 56.1 337
1712185487639 56.1 338
1712185497749 56.1 339
1712185507839 56.1 340
1712185517931 56.1 341
1712185528028 56.1 342
1712185538126 56.1 343
1712185548227 56.1 344
1712185558313 56.1 345
1712185568400 56.1 346
1712185578491 56.1 347
1712185588586 56.1 348
1712185598674 56.1 349
1712185608766 56.1 350
1712185618849 56.1 351
1712185628940 56.1 352
1712185639026 56.1 353
1712185649125 56.1 354
1712185659207 56.1 355
1712185669302 56.1 356
1712185679409 56.1 357
1712185689496 56.1 358
1712185699597 56.1 359
1712185709686 56.1 360
1712185719779 56.1 361
1712185729886 56.1 362
1712185739973 56.1 363
1712185750089 56.1 364
1712185760194 56.1 365
1712185770300 56.1 366
1712185780417 56.1 367
1712185790514 56.1 368
1712185800611 56.1 369
1712185810707 56.1 370
1712185820791 56.1 371
1712185830875 56.1 372
1712185840969 56.1 373
1712185851055 56.1 374
1712185861148 56.1 375
1712185871240 56.1 376
1712185881333 56.1 377
1712185891428 56.1 378
1712185901517 56.1 379
1712185911617 56.1 380
1712185921658 56.1 381
1712185931753 56.1 382
1712185941864 56.1 383
1712185951965 56.1 384
1712185962068 56.1 385
1712185972116 56.1 386
1712185982213 56.1 387
1712185992309 56.1 388
1712186002408 56.1 389
1712186012509 56.1 390
1712186022597 56.1 391
1712186032689 56.1 392
1712186042785 56.1 393
1712186052984 56.1 394
1712186063074 56.1 395
1712186073170 56.1 396
1712186083258 56.1 397
1712186093364 56.1 398
1712186103454 56.1 399
1712186113557 56.1 400
1712186123658 56.1 401
1712186133753 56.1 402
1712186143859 56.1 403
1712186153970 56.1 404
1712186164073 56.1 405
1712186174177 56.1 406
1712186184267 56.1 407
1712186194366 56.1 408
1712186204487 56.1 409
1712186214596 56.1 410
1712186224694 56.1 411
1712186234785 56.1 412
1712186244888 56.1 413
1712186254992 56.1 414
1712186265100 56.1 415
1712186275194 56.1 416
1712186285292 56.1 417
1712186295398 56.1 418
1712186305491 56.1 419
1712186315614 56.1 420
1712186325706 56.1 421
1712186335802 56.1 422
1712186345947 56.1 423
1712186356044 56.1 424
1712186366143 56.1 425
1712186376247 56.1 426
1712186386385 56.1 427
1712186396500 56.1 428
1712186406692 56.1 429
1712186416784 56.1 430
1712186426889 56.1 431
1712186437001 56.1 432
1712186447090 56.1 433
1712186457198 56.1 434
1712186467298 56.1 435
1712186477393 56.1 436
1712186487484 56.1 437
1712186497583 56.1 438
1712186507688 56.1 439
1712186517776 56.1 440
1712186527823 56.1 441
1712186537872 56.5 442
1712186547922 56.5 443
1712186557968 56.5 444
1712186568008 56.5 445
1712186578120 56.5 446
1712186588160 56.5 447
1712186598211 56.5 448
1712186608332 56.5 449
1712186618382 56.5 450
1712186628492 56.5 451
1712186638598 56.5 452
1712186648704 56.5 453
1712186658805 56.5 454
1712186668914 56.5 455
1712186678968 56.5 456
1712186689072 56.5 457
1712186699164 56.5 458
1712186709276 56.5 459
1712186719392 56.5 460
1712186729651 56.5 461
1712186739725 56.5 462
1712186749816 56.5 463
1712186759928 56.5 464
1712186770030 56.5 465
1712186780130 56.5 466
1712186790225 56.5 467
1712186800271 56.5 468
1712186810370 56.5 469
1712186820468 56.5 470
1712186830564 56.5 471
1712186840653 56.5 472
1712186850739 56.5 473
1712186860778 56.5 474
1712186870866 56.5 475
1712186880967 56.5 476
1712186891056 56.5 477
1712186901140 56.5 478
1712186911235 56.5 479
1712186921267 56.5 480
1712186931358 56.5 481
1712186941467 56.5 482
1712186951551 56.5 483
1712186961635 56.5 484
1712186971742 56.5 485
1712186981787 56.5 486
1712186991877 56.5 487
1712187001980 56.5 488
1712187012074 56.5 489
1712187022179 56.5 490
1712187032264 56.5 491
1712187042315 56.5 492
1712187052437 56.5 493
1712187062532 56.5 494
1712187072634 56.5 495
1712187082729 56.5 496
1712187092790 56.5 497
1712187102861 56.5 498
1712187112913 56.5 499
1712187123025 56.5 500
1712187133078 56.5 501
1712187143123 56.5 502
1712187153226 56.5 503
1712187163279 56.5 504
1712187173335 56.5 505
1712187183450 56.5 506
1712187193565 56.5 507
1712187203619 56.5 508
1712187213679 56.5 509
1712187223781 56.5 510
1712187233844 56.5 511
1712187243881 56.5 512
1712187253971 56.5 513
1712187264031 56.5 514
1712187274075 56.5 515
1712187284180 56.5 516
1712187294230 56.5 517
1712187304349 56.5 518
1712187314402 56.5 519
1712187324459 56.5 520
1712187334502 56.5 521
1712187344607 56.5 522
1712187354718 56.5 523
1712187364817 56.5 524
1712187374917 56.5 525
1712187385026 56.5 526
1712187395130 56.5 527
1712187405191 56.5 528
1712187415288 56.5 529
1712187425404 56.5 530
1712187435530 56.5 531
1712187445632 56.5 532
1712187455749 56.5 533
1712187465814 56.5 534
1712187475920 56.5 535
1712187486021 56.5 536
1712187496128 56.5 537
1712187506236 56.5 538
1712187516336 56.5 539
1712187526397 56.5 540
1712187536491 56.5 541
1712187546595 56.5 542
1712187556697 56.5 543
1712187566800 56.5 544
1712187576898 56.5 545
1712187586956 56.5 546
1712187597051 56.5 547
1712187607153 56.5 548
1712187617252 56.5 549
1712187627356 56.5 550
1712187637450 56.5 551
1712187647570 56.5 552
1712187657676 56.5 553
1712187667783 56.5 554
1712187677887 56.5 555
1712187687984 56.5 556
1712187698036 56.5 557
1712187708130 56.5 558
1712187718230 56.5 559
1712187728354 56.5 560
1712187738459 56.5 561
1712187748572 56.5 562
1712187758623 56.5 563
1712187768730 56.5 564
1712187778832 56.5 565
1712187788926 56.5 566
1712187799038 56.5 567
1712187809151 56.5 568
1712187819198 56.5 569
1712187829311 56.5 570
1712187839433 56.5 571
1712187849542 56.5 572
1712187859647 56.5 573
1712187869757 56.5 574
1712187879808 56.5 575
1712187889922 56.5 576
1712187900026 56.5 577
1712187910134 56.5 578
1712187920253 56.5 579
1712187930357 56.5 580
1712187940406 56.5 581
1712187950504 56.5 582
1712187960613 56.5 583
1712187970720 56.5 584
1712187980825 56.5 585
1712187990929 56.5 586
1712188000995 56.5 587
1712188011098 56.5 588
1712188021198 56.5 589
1712188031301 56.5 590
1712188041413 56.5 591
1712188051508 56.5 592
1712188061551 56.5 593
1712188071602 56.5 594
1712188081652 56.5 595
1712188091691 56.5 596
1712188101743 56.5 597
1712188111779 56.5 598
1712188121880 56.5 599
1712188131923 56.5 600
1712188142036 56.5 601
1712188152083 56.5 602
1712188162199 56.5 603
1712188172304 56.5 604
1712188182356 56.5 605
1712188192406 56.5 606
1712188202453 56.5 607
1712188212496 56.5 608
1712188222663 56.5 609
1712188232802 56.5 610
1712188242843 56.5 611
1712188253003 56.5 612
1712188263150 56.5 613
1712188273199 56.5 614
1712188283241 56.5 615
1712188293282 56.5 616
1712188303472 56.5 617
1712188313513 56.5 618
1712188323559 56.5 619
1712188333716 56.5 620
1712188343861 56.5 621
1712188354007 56.5 622
1712188364060 56.5 623
1712188374221 56.5 624
1712188384271 56.5 625
1712188394322 56.5 626
1712188404467 56.5 627
1712188414519 56.5 628
1712188424571 56.5 629
1712188434717 56.5 630
1712188444849 56.5 631
1712188454891 56.5 632
1712188465022 56.5 633
1712188475207 56.5 634
1712188485245 56.5 635
1712188495350 56.5 636
1712188505448 56.5 637
1712188515551 56.5 638
1712188525657 56.5 639
1712188535755 56.5 640
1712188545805 56.5 641
1712188555891 56.5 642
1712188565997 56.5 643
1712188576095 56.5 644
1712188586195 56.5 645
1712188596280 56.5 646
1712188606339 56.5 647
1712188616433 56.5 648
1712188626546 56.5 649
1712188636647 56.5 650
1712188646748 56.5 651
1712188656846 56.5 652
1712188666892 56.5 653
1712188677006 56.5 654
1712188687105 56.5 655
1712188697206 56.5 656
1712188707312 56.5 657
1712188717421 56.5 658
1712188727510 56.5 659
1712188737604 56.5 660
1712188747700 56.5 661
1712188757803 56.5 662
1712188767906 56.5 663
1712188777946 56.5 664
1712188788045 56.5 665
1712188798139 56.5 666
1712188808236 56.5 667
1712188818336 56.5 668
1712188828454 56.5 669
1712188838493 56.5 670
1712188848603 56.5 671
1712188858697 56.5 672
1712188868794 56.5 673
1712188878896 56.5 674
1712188888994 56.5 675
1712188899042 56.5 676
1712188909145 56.5 677
1712188919243 56.5 678
1712188929354 56.5 679
1712188939462 56.5 680
1712188949560 56.5 681
1712188959596 56.5 682
1712188969696 56.5 683
1712188979811 56.5 684
1712188989913 56.5 685
1712189000024 56.5 686
1712189010125 56.5 687
1712189020171 56.5 688
1712189030281 56.5 689
1712189040390 56.5 690
1712189050506 56.5 691
1712189060625 56.5 692
1712189070744 56.5 693
1712189080797 56.5 694
1712189090904 56.5 695
1712189101010 56.5 696
1712189111130 56.5 697
1712189121256 56.5 698
1712189131369 56.5 699
1712189141426 56.5 700
1712189151544 56.5 701
1712189161653 56.5 702
1712189171838 56.5 703
1712189181935 56.5 704
1712189192031 56.5 705
1712189202079 56.5 706
1712189212167 56.5 707
1712189222274 56.5 708
1712189232372 56.5 709
1712189242473 56.5 710
1712189252589 56.5 711
1712189262637 56.5 712
1712189272743 56.5 713
1712189282831 56.5 714
1712189292924 56.5 715
1712189303028 56.5 716
1712189313131 56.5 717
1712189323189 56.5 718
1712189333294 56.5 719
1712189343413 56.5 720
1712189353522 56.5 721
1712189363628 56.5 722
1712189373732 56.5 723
1712189383787 56.5 724
1712189393892 56.5 725
1712189403996 56.5 726
1712189414087 56.5 727
1712189424186 56.5 728
1712189434291 56.5 729
1712189444341 56.5 730
1712189454436 56.5 731
1712189464531 56.5 732
1712189474622 56.5 733
1712189484733 56.5 734
1712189494846 56.5 735
1712189504893 56.5 736
1712189514993 56.5 737
1712189525100 56.5 738
1712189535209 56.5 739
1712189545309 56.5 740
1712189555403 56.5 741
1712189565458 56.5 742
1712189575557 56.5 743
1712189585657 56.5 744
1712189595764 56.5 745
1712189605878 56.5 746
1712189615981 56.5 747
1712189626035 56.5 748
1712189636137 56.5 749
1712189646252 56.5 750
1712189656345 56.5 751
1712189666453 56.5 752
1712189676555 56.5 753
1712189686606 56.5 754
1712189696719 56.5 755
1712189706811 56.5 756
1712189716916 56.5 757
1712189727021 56.5 758
1712189737123 56.5 759
1712189747167 56.5 760
1712189757289 56.5 761
1712189767403 56.5 762
1712189777512 56.5 763
1712189787611 56.5 764
1712189797671 56.5 765
1712189807772 56.5 766
1712189817877 56.5 767
1712189827978 56.5 768
1712189838083 56.5 769
1712189848191 56.5 770
1712189858236 56.5 771
1712189868339 56.5 772
1712189878445 56.5 773
1712189888547 56.5 774
1712189898652 56.5 775
1712189908755 56.5 776
1712189918798 56.5 777
1712189928909 56.5 778
1712189939015 56.5 779
1712189949114 56.5 780
1712189959214 56.5 781
1712189969315 56.5 782
1712189979356 56.5 783
1712189989459 56.5 784
1712189999555 56.5 785
1712190009652 56.5 786
1712190019740 56.5 787
1712190029855 56.5 788
1712190039898 56.5 789
1712190050006 56.5 790
1712190060101 56.5 791
1712190070188 56.5 792
1712190080289 56.5 793
1712190090384 56.5 794
1712190100438 56.5 795
1712190110530 56.5 796
1712190120630 56.5 797
1712190130728 56.5 798
1712190140827 56.5 799
1712190150931 56.5 800
1712190160991 56.5 801
1712190171098 56.5 802
1712190181212 56.5 803
1712190191396 56.5 804
1712190201504 56.5 805
1712190211614 56.5 806
1712190221657 56.5 807
1712190231752 56.5 808
1712190241859 56.5 809
1712190251950 56.5 810
1712190262046 56.5 811
1712190272140 56.5 812
1712190282181 56.5 813
1712190292281 56.5 814
1712190302387 56.5 815
1712190312492 56.5 816
1712190322595 56.5 817
1712190332686 56.5 818
1712190342738 56.5 819
1712190352837 56.5 820
1712190362939 56.5 821
1712190373035 56.5 822
1712190383127 56.5 823
1712190393229 56.5 824
1712190403290 56.5 825
1712190413486 56.5 826
1712190423601 56.5 827
1712190433707 56.5 828
1712190443820 56.5 829
1712190453940 56.5 830
1712190463993 56.5 831
1712190474114 56.5 832
1712190484234 56.5 833
1712190494339 56.5 834
1712190504471 56.5 835
1712190514594 56.5 836
1712190524646 56.5 837
1712190534761 56.5 838
1712190544865 56.5 839
1712190554972 56.5 840
1712190565089 56.5 841
1712190575189 56.5 842
1712190585235 56.5 843
1712190595346 56.5 844
1712190605457 56.5 845
1712190615559 56.5 846
1712190625660 56.5 847
1712190635858 56.5 848
1712190645913 56.5 849
1712190656025 56.5 850
1712190666127 56.5 851
1712190676182 56.5 852
1712190686294 56.5 853
1712190696348 56.5 854
1712190706404 56.5 855
1712190716522 56.5 856
1712190726577 56.5 857
1712190736630 56.5 858
1712190746748 56.5 859
1712190756805 56.5 860
1712190766853 56.5 861
1712190776950 56.5 862
1712190786996 56.5 863
1712190797064 56.5 864
1712190807179 56.5 865
1712190817224 56.5 866
1712190827278 56.5 867
1712190837375 56.5 868
1712190847419 56.5 869
1712190857480 56.5 870
1712190867578 56.5 871
1712190877638 56.5 872
1712190887698 56.5 873
1712190897794 56.5 874
1712190907845 56.5 875
1712190917940 56.5 876
1712190928035 56.5 877
1712190938087 56.5 878
1712190948184 56.5 879
1712190958291 56.5 880
1712190968401 56.5 881
1712190978514 56.5 882
1712190988626 56.5 883
1712190998673 56.5 884
1712191008774 56.5 885
1712191018872 56.5 886
1712191028970 56.5 887
1712191039070 56.5 888
1712191049172 56.5 889
1712191059230 56.5 890
1712191069329 56.5 891
1712191079428 56.5 892
1712191089527 56.5 893
1712191099617 56.5 894
1712191109728 56.5 895
1712191119773 56.5 896
1712191129884 56.5 897
1712191139978 56.5 898
1712191150080 56.5 899
1712191160190 56.5 900
1712191170298 56.5 901
1712191180350 56.5 902
1712191190445 56.5 903
1712191200545 56.5 904
1712191210660 56.5 905
1712191220759 56.5 906
1712191230869 56.5 907
1712191240925 56.5 908
1712191251020 56.5 909
1712191261130 56.5 910
1712191271221 56.5 911
1712191281325 56.5 912
1712191291456 56.5 913
1712191301514 56.5 914
1712191311703 56.5 915
1712191321823 56.5 916
1712191331939 56.5 917
1712191342060 56.5 918
1712191352177 56.5 919
1712191362232 56.5 920
1712191372360 56.5 921
1712191382488 56.5 922
1712191392618 56.5 923
1712191402743 56.5 924
1712191412867 56.5 925
1712191422926 56.5 926
1712191433035 56.5 927
1712191443163 56.5 928
1712191453283 56.5 929
1712191463415 56.5 930
1712191473538 56.5 931
1712191483606 56.5 932
1712191493744 56.5 933
1712191503861 56.5 934
1712191514075 56.5 935
1712191524198 56.5 936
1712191534304 56.5 937
1712191544355 56.5 938
1712191554474 56.5 939
1712191564573 56.5 940
1712191574680 56.5 941
1712191584779 56.5 942
1712191594880 56.5 943
1712191604937 56.5 944
1712191615047 56.5 945
1712191625166 56.5 946
1712191635285 56.5 947
1712191645389 56.5 948
1712191655500 56.5 949
1712191665546 56.5 950
1712191675665 56.5 951
1712191685782 56.5 952
1712191695888 56.5 953
1712191706012 56.5 954
1712191716116 56.5 955
1712191726170 56.5 956
1712191736294 56.5 957
1712191746398 56.5 958
1712191756604 56.5 959
1712191766728 56.5 960
1712191776848 56.5 961
1712191786898 56.5 962
1712191797048 56.5 963
1712191807177 56.5 964
1712191817289 56.5 965
1712191827419 56.5 966
1712191837477 56.5 967
1712191847586 56.5 968
1712191857705 56.5 969
1712191867807 56.5 970
1712191877933 56.5 971
1712191888046 56.5 972
1712191898102 56.5 973
1712191908219 56.5 974
1712191918318 56.5 975
1712191928424 56.5 976
1712191938539 56.5 977
1712191948644 56.5 978
1712191958694 56.5 979
1712191968811 56.5 980
1712191978919 56.5 981
1712191989122 56.5 982
1712191999231 56.5 983
1712192009340 56.5 984
1712192019392 56.5 985
1712192029497 56.5 986
1712192039613 56.5 987
1712192049717 56.5 988
1712192059823 56.5 989
1712192069942 56.5 990
1712192080000 56.5 991
1712192090106 56.5 992
1712192100203 56.5 993
1712192110307 56.5 994
1712192120425 56.5 995
1712192130530 56.5 996
1712192140595 56.5 997
1712192150695 56.5 998
1712192160799 56.5 999
1712192170916 56.5 1000
1712192181020 56.5 1001
1712192191117 56.5 1002
1712192201182 56.5 1003
1712192211288 56.5 1004
1712192221387 56.5 1005
1712192231494 56.5 1006
1712192241589 56.5 1007
1712192251706 56.5 1008
1712192261764 56.5 1009
1712192271885 56.5 1010
1712192281993 56.5 1011
1712192292091 56.5 1012
1712192302207 56.5 1013
1712192312318 56.5 1014
1712192322375 56.5 1015
1712192332490 56.5 1016
1712192342594 56.5 1017
1712192352703 56.5 1018
1712192362800 56.5 1019
1712192372907 56.5 1020
1712192382966 56.5 1021
1712192393070 56.5 1022
1712192403138 56.5 1023
1712192413189 56.5 1024
1712192423249 56.5 1025
1712192433378 56.5 1026
1712192443633 56.5 1027
1712192453760 56.5 1028
1712192463884 56.5 1029
1712192474026 56.5 1030
1712192484156 56.5 1031
1712192494298 56.5 1032
1712192504438 56.5 1033
1712192514562 56.5 1034
1712192524697 56.5 1035
1712192534837 56.5 1036
1712192544960 56.5 1037
1712192555087 56.5 1038
1712192565210 56.5 1039
1712192575332 56.5 1040
1712192585460 56.5 1041
1712192595587 56.5 1042
1712192605718 56.5 1043
1712192615845 56.5 1044
1712192625959 56.5 1045
1712192636083 56.5 1046
1712192646209 56.5 1047
1712192656322 56.5 1048
1712192666461 56.5 1049
1712192676576 56.5 1050
1712192686703 56.5 1051
1712192696815 56.5 1052
1712192706937 56.5 1053
1712192717060 56.5 1054
1712192727194 56.5 1055
1712192737330 56.5 1056
1712192747445 56.5 1057
1712192757576 56.5 1058
1712192767698 56.5 1059
1712192777838 56.5 1060
1712192787972 56.5 1061
1712192798087 56.5 1062
1712192808220 56.5 1063
1712192818338 56.5 1064
1712192828450 56.5 1065
1712192838576 56.5 1066
1712192848712 56.5 1067
1712192858838 56.5 1068
1712192868966 56.5 1069
1712192879077 56.5 1070
1712192889189 56.5 1071
1712192899302 56.5 1072
1712192909422 56.5 1073
1712192919546 56.5 1074
1712192929661 56.5 1075
1712192939776 56.5 1076
1712192949904 56.5 1077
1712192960053 56.5 1078
1712192970177 56.5 1079
1712192980298 56.5 1080
1712192990421 56.5 1081
1712193000544 56.5 1082
1712193010666 56.5 1083
1712193020797 56.5 1084
1712193030914 56.5 1085
1712193041071 56.5 1086
1712193051216 56.5 1087
1712193061332 56.5 1088
1712193071448 56.5 1089
1712193081573 56.5 1090
1712193091692 56.5 1091
1712193101833 56.5 1092
1712193111945 56.5 1093
1712193122061 56.5 1094
1712193132171 56.5 1095
1712193142288 56.5 1096
1712193152416 56.5 1097
1712193162548 56.5 1098
1712193172664 56.5 1099
1712193182794 56.5 1100
1712193192941 56.5 1101
1712193203063 56.5 1102
1712193213175 56.5 1103
1712193223309 56.5 1104
1712193233431 56.5 1105
1712193243554 56.5 1106
1712193253691 56.5 1107
1712193263801 56.5 1108
1712193273948 56.5 1109
1712193284081 56.5 1110
1712193294204 56.5 1111
1712193304323 56.5 1112
1712193314441 56.5 1113
1712193324557 56.5 1114
1712193334729 56.5 1115
1712193344864 56.5 1116
1712193354981 56.5 1117
1712193365112 56.5 1118
1712193375235 56.5 1119
1712193385352 56.5 1120
1712193395465 56.5 1121
1712193405577 56.5 1122
1712193415705 56.5 1123
1712193425838 56.5 1124
1712193435955 56.5 1125
1712193446081 56.5 1126
1712193456218 56.5 1127
1712193466342 56.5 1128
1712193476482 56.5 1129
1712193486637 56.5 1130
1712193496784 56.5 1131
1712193506915 56.5 1132
1712193517065 56.5 1133
1712193527199 56.5 1134
1712193537343 56.5 1135
1712193547449 56.5 1136
1712193557572 56.5 1137
1712193567696 56.5 1138
1712193577816 56.5 1139
1712193587927 56.5 1140
1712193598048 56.5 1141
1712193608180 56.5 1142
1712193618299 56.5 1143
1712193628429 56.5 1144
1712193638561 56.5 1145
1712193648684 56.5 1146
1712193658811 56.5 1147
1712193668928 56.5 1148
1712193679053 56.5 1149
1712193689178 56.5 1150
1712193699412 56.5 1151
1712193709534 56.5 1152
1712193719679 56.5 1153
1712193729808 56.5 1154
1712193739950 56.5 1155
1712193750077 56.5 1156
1712193760214 56.5 1157
1712193770333 56.5 1158
1712193780474 56.5 1159
1712193790626 56.5 1160
1712193800756 56.5 1161
1712193810904 56.5 1162
1712193821042 56.5 1163
1712193831176 56.5 1164
1712193841318 56.5 1165
1712193851453 56.5 1166
1712193861593 56.5 1167
1712193871720 56.5 1168
1712193881860 56.5 1169
1712193891986 56.5 1170
1712193902104 56.5 1171
1712193912175 56.5 1172
1712193922281 56.5 1173
1712193932350 56.5 1174
1712193942462 56.5 1175
1712193952586 56.5 1176
1712193962700 56.5 1177
1712193972925 56.5 1178
1712193983057 56.5 1179
1712193993178 56.5 1180
1712194003302 56.5 1181
1712194013429 56.5 1182
1712194023541 56.5 1183
1712194033660 56.5 1184
1712194043778 56.5 1185
1712194053895 56.5 1186
1712194064045 56.5 1187
1712194074147 56.5 1188
1712194084264 56.5 1189
1712194094374 56.5 1190
1712194104475 56.5 1191
1712194114591 56.5 1192
1712194124695 56.5 1193
1712194134812 56.5 1194
1712194144925 56.5 1195
1712194155036 56.5 1196
1712194165163 56.5 1197
1712194175269 56.5 1198
1712194185343 56.5 1199
1712194195486 56.5 1200
1712194205550 56.5 1201
1712194215685 56.5 1202
1712194225805 56.5 1203
1712194235886 56.5 1204
1712194246000 56.5 1205
1712194256067 56.5 1206
1712194266198 56.5 1207
1712194276438 56.5 1208
1712194286505 56.5 1209
1712194296610 56.5 1210
1712194306731 56.5 1211
1712194316844 56.5 1212
1712194326964 56.5 1213
1712194337090 56.5 1214
1712194347211 56.5 1215
1712194357345 56.5 1216
1712194367461 56.5 1217
1712194377577 56.5 1218
1712194387708 56.5 1219
1712194397837 56.5 1220
1712194407961 56.5 1221
1712194418080 56.5 1222
1712194428201 56.5 1223
1712194438319 56.5 1224
1712194448422 56.5 1225
1712194458534 56.5 1226
1712194468589 56.5 1227
1712194478662 56.5 1228
1712194488720 56.5 1229
1712194498798 56.5 1230
1712194508919 56.5 1231
1712194519042 56.5 1232
1712194529176 56.5 1233
1712194539289 56.5 1234
1712194549423 56.5 1235
1712194559531 56.5 1236
1712194569642 56.5 1237
1712194579859 56.5 1238
1712194589989 56.5 1239
1712194600098 56.5 1240
1712194610229 56.5 1241
1712194620357 56.5 1242
1712194630487 56.5 1243
1712194640637 56.5 1244
1712194650750 56.5 1245
1712194660874 56.5 1246
1712194670944 56.5 1247
1712194681077 56.5 1248
1712194691207 56.5 1249
1712194701333 56.5 1250
1712194711464 56.5 1251
1712194721660 56.5 1252
1712194731792 56.5 1253
1712194741932 56.5 1254
1712194752052 56.5 1255
1712194762185 56.5 1256
1712194772306 56.5 1257
1712194782437 56.5 1258
1712194792561 56.5 1259
1712194802678 56.5 1260
1712194812796 56.5 1261
1712194822921 56.5 1262
1712194833043 56.5 1263
1712194843174 56.5 1264
1712194853298 56.5 1265
1712194863418 56.5 1266
1712194873668 56.5 1267
1712194883783 56.5 1268
1712194893904 56.5 1269
1712194904033 56.5 1270
1712194914154 56.5 1271
1712194924281 56.5 1272
1712194934386 56.5 1273
1712194944526 56.5 1274
1712194954653 56.5 1275
1712194964788 56.5 1276
1712194974905 56.5 1277
1712194985022 56.5 1278
1712194995125 56.5 1279
1712195005251 56.5 1280
1712195015473 56.5 1281
1712195025586 56.5 1282
1712195035711 56.5 1283
1712195045826 56.5 1284
1712195055940 56.5 1285
1712195066064 56.5 1286
1712195076176 56.5 1287
1712195086296 56.5 1288
1712195096413 56.5 1289
1712195106538 56.5 1290
1712195116664 56.5 1291
1712195126805 56.5 1292
1712195136929 56.5 1293
1712195147057 56.5 1294
1712195157173 56.5 1295
1712195167298 56.5 1296
1712195177419 56.5 1297
1712195187540 56.5 1298
1712195197651 56.5 1299
1712195207753 56.5 1300
1712195217868 56.5 1301
1712195227986 56.5 1302
1712195238091 56.5 1303
1712195248201 56.5 1304
1712195258309 56.5 1305
1712195268421 56.5 1306
1712195278533 56.5 1307
1712195288644 56.5 1308
1712195298770 56.5 1309
1712195308978 56.5 1310
1712195319130 56.5 1311
1712195329259 56.5 1312
1712195339403 56.5 1313
1712195349522 56.5 1314
1712195359632 56.5 1315
1712195369734 56.5 1316
1712195379856 56.5 1317
1712195389978 56.5 1318
1712195400094 56.5 1319
1712195410227 56.5 1320
1712195420343 56.5 1321
1712195430459 56.5 1322
1712195440578 56.5 1323
1712195450689 56.5 1324
1712195460890 56.5 1325
1712195471009 56.5 1326
1712195481109 56.5 1327
1712195491224 56.5 1328
1712195501348 56.5 1329
1712195511477 56.5 1330
1712195521599 56.5 1331
1712195531733 56.5 1332
1712195541869 56.5 1333
1712195551984 56.5 1334
1712195562103 56.5 1335
1712195572213 56.5 1336
1712195582325 56.5 1337
1712195592434 56.5 1338
1712195602547 56.5 1339
1712195612676 56.5 1340
1712195622782 56.5 1341
1712195632909 56.5 1342
1712195643015 56.5 1343
1712195653136 56.5 1344
1712195663247 56.5 1345
1712195673365 56.5 1346
1712195683475 56.5 1347
1712195693588 56.5 1348
1712195703701 56.5 1349
1712195713827 56.5 1350
1712195723940 56.5 1351
1712195734057 56.5 1352
1712195744175 56.5 1353
1712195754286 56.5 1354
1712195764404 56.5 1355
1712195774512 56.5 1356
1712195784634 56.5 1357
1712195794746 56.5 1358
1712195804855 56.5 1359
1712195814982 56.5 1360
1712195825111 56.5 1361
1712195835232 56.5 1362
1712195845335 56.5 1363
1712195855449 56.5 1364
1712195865567 56.5 1365
1712195875677 56.5 1366
1712195885793 56.5 1367
1712195895928 56.5 1368
1712195906040 56.5 1369
1712195916162 56.5 1370
1712195926278 56.5 1371
1712195936398 56.5 1372
1712195946523 56.5 1373
1712195956642 56.5 1374
1712195966756 56.5 1375
1712195976886 56.5 1376
1712195986990 56.5 1377
1712195997104 56.5 1378
1712196007237 56.5 1379
1712196017332 56.5 1380
1712196027500 56.5 1381
1712196037588 56.5 1382
1712196047755 56.5 1383
1712196057894 56.5 1384
1712196068033 56.5 1385
1712196078182 56.5 1386
1712196088288 56.5 1387
1712196098435 56.5 1388
1712196108589 56.5 1389
1712196118727 56.5 1390
1712196128871 56.5 1391
1712196139033 56.5 1392
1712196149177 56.5 1393
1712196159333 56.5 1394
1712196169492 56.5 1395
1712196179645 56.5 1396
1712196189777 56.5 1397
1712196199921 56.5 1398
1712196210064 56.5 1399
1712196220203 56.5 1400
1712196230363 56.5 1401
1712196240500 56.5 1402
1712196250627 56.5 1403
1712196260769 56.5 1404
1712196270891 56.5 1405
1712196281007 56.5 1406
1712196291140 56.5 1407
1712196301265 56.5 1408
1712196311377 56.5 1409
1712196321512 56.5 1410
1712196331636 56.5 1411
1712196341771 56.5 1412
1712196351890 56.5 1413
1712196362018 56.5 1414
1712196372145 56.5 1415
1712196382259 56.5 1416
1712196392378 56.5 1417
1712196402509 56.5 1418
1712196412624 56.5 1419
1712196422749 56.5 1420
1712196432862 56.5 1421
1712196442998 56.5 1422
1712196453118 56.5 1423
1712196463234 56.5 1424
1712196473349 56.5 1425
1712196483480 56.5 1426
1712196493616 56.5 1427
1712196503740 56.5 1428
1712196513885 56.5 1429
1712196524002 56.5 1430
1712196534122 56.5 1431
1712196544256 56.5 1432
1712196554369 56.5 1433
1712196564495 56.5 1434
1712196574615 56.5 1435
1712196584731 56.5 1436
1712196594866 56.5 1437
1712196604983 56.5 1438
1712196615132 56.5 1439
1712196625282 56.5 1440
1712196635442 56.5 1441
1712196645589 56.5 1442
1712196655717 56.5 1443
1712196665856 56.5 1444
1712196675970 56.5 1445
1712196686108 56.5 1446
1712196696243 56.5 1447
1712196706393 56.5 1448
1712196716572 56.5 1449
1712196726712 56.5 1450
1712196736841 56.5 1451
1712196747051 56.5 1452
1712196757189 56.5 1453
1712196767342 56.5 1454
1712196777502 56.5 1455
1712196787633 56.5 1456
1712196797770 56.5 1457
1712196807909 56.5 1458
1712196818059 56.5 1459
1712196828199 56.5 1460
1712196838339 56.5 1461
1712196848568 56.5 1462
1712196858718 56.5 1463
1712196868857 56.5 1464
1712196878975 56.5 1465
1712196889107 56.5 1466
1712196899246 56.5 1467
1712196909377 56.5 1468
1712196919521 56.5 1469
1712196929657 56.5 1470
1712196939869 56.5 1471
1712196950003 56.5 1472
1712196960144 56.5 1473
1712196970272 56.5 1474
1712196980404 56.5 1475
1712196990547 56.5 1476
1712197000724 56.5 1477
1712197010909 56.5 1478
1712197021046 56.5 1479
1712197031182 56.5 1480
1712197041325 56.5 1481
1712197051450 56.5 1482
1712197061620 56.5 1483
1712197071777 56.5 1484
1712197081946 56.5 1485
1712197092068 56.5 1486
1712197102221 56.5 1487
1712197112380 56.5 1488
1712197122516 56.5 1489
1712197132656 56.5 1490
1712197142804 56.5 1491
1712197152948 56.5 1492
1712197163091 56.5 1493
1712197173229 56.5 1494
1712197183485 56.5 1495
1712197193665 56.5 1496
1712197203809 56.5 1497
1712197213939 56.5 1498
1712197224093 56.5 1499
1712197234267 56.5 1500
1712197244435 56.5 1501
1712197254591 56.5 1502
1712197264771 56.5 1503
1712197274969 56.5 1504
1712197285146 56.5 1505
1712197295326 56.5 1506
1712197305517 56.5 1507
1712197315649 56.5 1508
1712197325782 56.5 1509
1712197335935 56.5 1510
1712197346080 56.5 1511
1712197356242 56.5 1512
1712197366388 56.5 1513
1712197376527 56.5 1514
1712197386656 56.5 1515
1712197396787 56.5 1516
1712197406919 56.5 1517
1712197417065 56.5 1518
1712197427206 56.5 1519
1712197437350 56.5 1520
1712197447507 56.5 1521
1712197457663 56.5 1522
1712197467794 56.5 1523
1712197477937 56.5 1524
1712197488087 56.5 1525
1712197498241 56.5 1526
1712197508394 56.5 1527
1712197518529 56.5 1528
1712197528673 56.5 1529
1712197538816 56.5 1530
1712197548953 56.5 1531
1712197559121 56.5 1532
1712197569257 56.5 1533
1712197579531 56.5 1534
1712197589689 56.5 1535
1712197599853 56.5 1536
1712197609989 56.5 1537
1712197620147 56.5 1538
1712197630294 56.5 1539
1712197640426 56.5 1540
1712197650596 56.5 1541
1712197660746 56.5 1542
1712197670902 56.5 1543
1712197681070 56.5 1544
1712197691318 56.5 1545
1712197701483 56.5 1546
1712197711638 56.5 1547
1712197721797 56.5 1548
1712197731958 56.5 1549
1712197742116 56.5 1550
1712197752264 56.5 1551
1712197762412 56.5 1552
1712197772569 56.5 1553
1712197782730 56.5 1554
1712197792887 56.5 1555
1712197803114 56.5 1556
1712197813260 56.5 1557
1712197823419 56.5 1558
1712197833563 56.5 1559
1712197843744 56.5 1560
1712197853884 56.5 1561
1712197864064 56.5 1562
1712197874218 56.5 1563
1712197884377 56.5 1564
1712197894522 56.5 1565
1712197904784 56.5 1566
1712197914970 56.5 1567
1712197925126 56.5 1568
1712197935281 56.5 1569
1712197945461 56.5 1570
1712197955628 56.5 1571
1712197965764 56.5 1572
1712197975914 56.5 1573
1712197986065 56.5 1574
1712197996214 56.5 1575
1712198006367 56.5 1576
1712198016529 56.5 1577
1712198026713 56.5 1578
1712198036851 56.5 1579
1712198047000 56.5 1580
1712198057135 56.5 1581
1712198067274 56.5 1582
1712198077449 56.5 1583
1712198087607 56.5 1584
1712198097777 56.5 1585
1712198107919 56.5 1586
1712198118164 56.5 1587
1712198128314 56.5 1588
1712198138497 56.5 1589
1712198148636 56.5 1590
1712198158794 56.5 1591
1712198168957 56.5 1592
1712198179142 56.5 1593
1712198189308 56.5 1594
1712198199448 56.5 1595
1712198209534 56.5 1596
1712198219869 56.5 1597
1712198230047 56.5 1598
1712198240175 56.5 1599
1712198250285 56.5 1600
1712198260429 56.5 1601
1712198270544 56.5 1602
1712198280661 56.5 1603
1712198290832 56.5 1604
1712198300945 56.5 1605
1712198311062 56.5 1606
1712198321237 56.5 1607
1712198331384 56.5 1608
1712198341545 56.5 1609
1712198351792 56.5 1610
1712198361946 56.5 1611
1712198372115 56.5 1612
1712198382193 56.5 1613
1712198392391 56.5 1614
1712198402580 56.5 1615
1712198412696 56.5 1616
1712198422890 56.5 1617
1712198433072 56.5 1618
1712198443168 56.5 1619
1712198453451 56.5 1620
1712198463630 56.5 1621
1712198473799 56.5 1622
1712198483955 56.5 1623
1712198494126 56.5 1624
1712198504215 56.5 1625
1712198514409 56.5 1626
1712198524571 56.5 1627
1712198534747 56.5 1628
1712198544904 56.5 1629
1712198555170 56.5 1630
1712198565290 56.5 1631
1712198575464 56.5 1632
1712198585647 56.5 1633
1712198595828 56.5 1634
1712198605974 56.5 1635
1712198616129 56.5 1636
1712198626209 56.5 1637
1712198636392 56.5 1638
1712198646538 56.5 1639
1712198656755 56.5 1640
1712198666884 56.5 1641
1712198677039 56.5 1642
1712198687129 56.5 1643
1712198697301 56.5 1644
1712198707451 56.5 1645
1712198717578 56.5 1646
1712198727708 56.5 1647
1712198737825 56.5 1648
1712198747966 56.5 1649
1712198758102 56.5 1650
1712198768328 56.5 1651
1712198778463 56.5 1652
1712198788599 56.5 1653
1712198798673 56.5 1654
1712198808853 56.5 1655
1712198818980 56.5 1656
1712198829122 56.5 1657
1712198839248 56.5 1658
1712198849401 56.5 1659
1712198859491 56.5 1660
1712198869780 56.5 1661
1712198879935 56.5 1662
1712198890088 56.5 1663
1712198900238 56.5 1664
1712198910379 56.5 1665
1712198920501 56.5 1666
1712198930647 56.5 1667
1712198940782 56.5 1668
1712198950920 56.5 1669
1712198961055 56.5 1670
1712198971205 56.5 1671
1712198981298 56.5 1672
1712198991471 56.5 1673
1712199001646 56.5 1674
1712199011793 56.5 1675
1712199021955 56.5 1676
1712199032116 56.5 1677
1712199042219 56.5 1678
1712199052369 56.5 1679
1712199062510 56.5 1680
1712199072658 56.5 1681
1712199082891 56.5 1682
1712199093024 56.5 1683
1712199103107 56.5 1684
1712199113261 56.5 1685
1712199123407 56.5 1686
1712199133557 56.5 1687
1712199143721 56.5 1688
1712199153868 56.5 1689
1712199163973 56.5 1690
1712199174138 56.5 1691
1712199184280 56.5 1692
1712199194426 56.5 1693
1712199204587 56.5 1694
1712199214727 56.5 1695
1712199224801 56.5 1696
1712199234952 56.5 1697
1712199245088 56.5 1698
1712199255217 56.5 1699
1712199265360 56.5 1700
1712199275507 56.5 1701
1712199285578 56.5 1702
1712199295844 56.5 1703
1712199305977 56.5 1704
1712199316109 56.5 1705
1712199326261 56.5 1706
1712199336391 56.5 1707
1712199346474 56.5 1708
1712199356605 56.5 1709
1712199366753 56.5 1710
1712199376917 56.5 1711
1712199387085 56.5 1712
1712199397315 56.5 1713
1712199407423 56.5 1714
1712199417572 56.5 1715
1712199427708 56.5 1716
1712199437853 56.5 1717
1712199447992 56.5 1718
1712199458066 56.5 1719
1712199468199 56.5 1720
1712199478345 56.5 1721
1712199488488 56.5 1722
1712199498622 56.5 1723
1712199508766 56.5 1724
1712199518841 56.5 1725
1712199528960 56.5 1726
1712199539089 56.5 1727
1712199549222 56.5 1728
1712199559339 56.5 1729
1712199569464 56.5 1730
1712199579539 56.5 1731
1712199589660 56.5 1732
1712199599788 56.5 1733
1712199609908 56.5 1734
1712199620030 56.5 1735
1712199630152 56.5 1736
1712199640236 56.5 1737
1712199650354 56.5 1738
1712199660488 56.5 1739
1712199670620 56.5 1740
1712199680747 56.5 1741
1712199690874 56.5 1742
1712199700936 56.5 1743
1712199711066 56.5 1744
1712199721195 56.5 1745
1712199731315 56.5 1746
1712199741454 56.5 1747
1712199751591 56.5 1748
1712199761657 56.5 1749
1712199771790 56.5 1750
1712199781916 56.5 1751
1712199792036 56.5 1752
1712199802168 56.5 1753
1712199812285 56.5 1754
1712199822365 56.5 1755
1712199832600 56.5 1756
1712199842730 56.5 1757
1712199852849 56.5 1758
1712199862992 56.5 1759
1712199873174 56.5 1760
1712199883245 56.5 1761
1712199893376 56.5 1762
1712199903503 56.5 1763
1712199913622 56.5 1764
1712199923755 56.5 1765
1712199933977 56.5 1766
1712199944048 56.5 1767
1712199954173 56.5 1768
1712199964293 56.5 1769
1712199974412 56.5 1770
1712199984544 56.5 1771
1712199994657 56.5 1772
1712200004726 56.5 1773
1712200014851 56.5 1774
1712200024968 56.5 1775
1712200035090 56.5 1776
1712200045208 56.5 1777
1712200055326 56.5 1778
1712200065411 56.5 1779
1712200075533 56.5 1780
1712200085666 56.5 1781
1712200095801 56.5 1782
1712200105933 56.5 1783
1712200116084 56.5 1784
1712200126151 56.5 1785
1712200136297 56.5 1786
1712200146446 56.5 1787
1712200156595 56.5 1788
1712200166732 56.5 1789
1712200176862 56.5 1790
1712200186925 56.5 1791
1712200197041 56.5 1792
1712200207191 56.5 1793
1712200217318 56.5 1794
1712200227463 56.5 1795
1712200237576 56.5 1796
1712200247733 56.5 1797
1712200257869 56.5 1798
1712200268049 56.5 1799
1712200278216 56.5 1800
1712200288359 56.5 1801
1712200298511 56.5 1802
1712200308783 56.5 1803
1712200318937 56.5 1804
1712200329078 56.5 1805
1712200339219 56.5 1806
1712200349367 56.5 1807
1712200359510 56.5 1808
1712200369645 56.5 1809
1712200379788 56.5 1810
1712200389935 56.5 1811
1712200400075 56.5 1812
1712200410222 56.5 1813
1712200420383 56.5 1814
1712200430552 56.5 1815
1712200440689 56.5 1816
1712200450832 56.5 1817
1712200460978 56.5 1818
1712200471118 56.5 1819
1712200481274 56.5 1820
1712200491429 56.5 1821
1712200501581 56.5 1822
1712200511728 56.5 1823
1712200521861 56.5 1824
1712200532112 56.5 1825
1712200542237 56.5 1826
1712200552373 56.5 1827
1712200562573 56.5 1828
1712200572715 56.5 1829
1712200582871 56.5 1830
1712200593051 56.5 1831
1712200603190 56.5 1832
1712200613330 56.5 1833
1712200623473 56.5 1834
1712200633609 56.5 1835
1712200643755 56.5 1836
1712200653916 56.5 1837
1712200664075 56.5 1838
1712200674225 56.5 1839
1712200684477 56.5 1840
1712200694614 56.5 1841
1712200704744 56.5 1842
1712200714900 56.5 1843
1712200725043 56.5 1844
1712200735189 56.5 1845
1712200745347 56.5 1846
1712200755505 56.5 1847
1712200765652 56.5 1848
1712200775830 56.5 1849
1712200785990 56.5 1850
1712200796151 56.5 1851
1712200806312 56.5 1852
1712200816478 56.5 1853
1712200826634 56.5 1854
1712200836884 56.5 1855
1712200847050 56.5 1856
1712200857198 56.5 1857
1712200867363 56.5 1858
1712200877526 56.5 1859
1712200887687 56.5 1860
1712200897844 56.5 1861
1712200908098 56.5 1862
1712200918260 56.5 1863
1712200928427 56.5 1864
1712200938592 56.5 1865
1712200948753 56.5 1866
1712200958905 56.5 1867
1712200969058 56.5 1868
1712200979302 56.5 1869
1712200989458 56.5 1870
1712200999598 56.5 1871
1712201009751 56.5 1872
1712201019931 56.5 1873
1712201030063 56.5 1874
1712201040215 56.5 1875
1712201050352 56.5 1876
1712201060488 56.5 1877
1712201070627 56.5 1878
1712201080790 56.5 1879
1712201090933 56.5 1880
1712201101098 56.5 1881
1712201111251 56.5 1882
1712201121395 56.5 1883
1712201131553 56.5 1884
1712201141709 56.5 1885
1712201151851 56.5 1886
1712201162001 56.5 1887
1712201172148 56.5 1888
1712201182300 56.5 1889
1712201192459 56.5 1890
1712201202702 56.5 1891
1712201212859 56.5 1892
1712201223006 56.5 1893
1712201233157 56.5 1894
1712201243302 56.5 1895
1712201253437 56.5 1896
1712201263574 56.5 1897
1712201273807 56.5 1898
1712201283954 56.5 1899
1712201294099 56.5 1900
1712201304247 56.5 1901
1712201314389 56.5 1902
1712201324541 56.5 1903
1712201334744 56.5 1904
1712201344899 56.5 1905
1712201355063 56.5 1906
1712201365227 56.5 1907
1712201375374 56.5 1908
1712201385532 56.5 1909
1712201395689 56.5 1910
1712201405829 56.5 1911
1712201415960 56.5 1912
1712201426189 56.5 1913
1712201436350 56.5 1914
1712201446538 56.5 1915
1712201456676 56.5 1916
1712201466829 56.5 1917
1712201476986 56.5 1918
1712201487120 56.5 1919
1712201497358 56.5 1920
1712201507525 56.5 1921
1712201517683 56.5 1922
1712201527826 56.5 1923
1712201537977 56.5 1924
1712201548144 56.5 1925
1712201558284 56.5 1926
1712201568430 56.5 1927
1712201578574 56.5 1928
1712201588713 56.5 1929
1712201598874 56.5 1930
1712201609034 56.5 1931
1712201619172 56.5 1932
1712201629313 56.5 1933
1712201639447 56.5 1934
1712201649679 56.5 1935
1712201659830 56.5 1936
1712201669997 56.5 1937
1712201680145 56.5 1938
1712201690278 56.5 1939
1712201700427 56.5 1940
1712201710613 56.5 1941
1712201720773 56.5 1942
1712201730920 56.5 1943
1712201741083 56.5 1944
1712201751238 56.5 1945
1712201761403 56.5 1946
1712201771560 56.5 1947
1712201781743 56.5 1948
1712201791897 56.5 1949
1712201802136 56.5 1950
1712201812308 56.5 1951
1712201822482 56.5 1952
1712201832655 56.5 1953
1712201842816 56.5 1954
1712201852990 56.5 1955
1712201863137 56.5 1956
1712201873285 56.5 1957
1712201883431 56.5 1958
1712201893578 56.5 1959
1712201903738 56.5 1960
1712201913912 56.5 1961
1712201924085 56.5 1962
1712201934230 56.5 1963
1712201944302 56.5 1964
1712201954511 56.5 1965
1712201964679 56.5 1966
1712201974828 56.5 1967
1712201984961 56.5 1968
1712201995102 56.5 1969
1712202005240 56.5 1970
1712202015369 56.5 1971
1712202025512 56.5 1972
1712202035646 56.5 1973
1712202045796 56.5 1974
1712202055937 56.5 1975
1712202066070 56.5 1976
1712202076198 56.5 1977
1712202086350 56.5 1978
1712202096490 56.5 1979
1712202106696 56.5 1980
1712202116835 56.5 1981
1712202126954 56.5 1982
1712202137082 56.5 1983
1712202147217 56.5 1984
1712202157365 56.5 1985
1712202167497 56.5 1986
1712202177645 56.5 1987
1712202187796 56.5 1988
1712202197928 56.5 1989
1712202208080 56.5 1990
1712202218202 56.5 1991
1712202228335 56.5 1992
1712202238459 56.5 1993
1712202248593 56.5 1994
1712202258839 56.5 1995
1712202268983 56.5 1996
1712202279140 56.5 1997
1712202289261 56.5 1998
1712202299400 56.5 1999
1712202309526 56.5 2000
1712202319667 56.5 2001
1712202329817 56.5 2002
1712202339947 56.5 2003
1712202350089 56.5 2004
1712202360226 56.5 2005
1712202370353 56.5 2006
1712202380480 56.5 2007
1712202390613 56.5 2008
1712202400742 56.5 2009
1712202410914 56.5 2010
1712202421056 56.5 2011
1712202431186 56.5 2012
1712202441263 56.5 2013
1712202451425 56.5 2014
1712202461586 56.5 2015
1712202471734 56.5 2016
1712202482017 56.5 2017
1712202492173 56.5 2018
1712202502332 56.5 2019
1712202512494 56.5 2020
1712202522581 56.5 2021
1712202532724 56.5 2022
1712202542880 56.9 2023
1712202553019 56.9 2024
1712202563199 56.9 2025
1712202573360 56.9 2026
1712202583508 56.9 2027
1712202593655 56.9 2028
1712202603805 56.9 2029
1712202613944 56.9 2030
1712202624094 56.9 2031
1712202634295 56.9 2032
1712202644438 56.9 2033
1712202654571 56.9 2034
1712202664699 56.9 2035
1712202674844 56.9 2036
1712202684968 56.9 2037
1712202695097 56.9 2038
1712202705179 56.9 2039
1712202715316 56.9 2040
1712202725457 56.9 2041
1712202735579 56.9 2042
1712202745743 56.9 2043
1712202755889 56.9 2044
1712202766031 56.9 2045
1712202776181 56.9 2046
1712202786411 56.9 2047
1712202796553 56.9 2048
1712202806690 56.9 2049
1712202816830 56.9 2050
1712202826979 56.9 2051
1712202837117 56.9 2052
1712202847244 56.9 2053
1712202857472 56.9 2054
1712202867634 56.9 2055
1712202877766 56.9 2056
1712202887913 56.9 2057
1712202898042 56.9 2058
1712202908194 56.9 2059
1712202918342 56.9 2060
1712202928514 56.9 2061
1712202938779 56.9 2062
1712202948907 56.9 2063
1712202959067 56.9 2064
1712202969205 56.9 2065
1712202979355 56.9 2066
1712202989497 56.9 2067
1712202999576 56.9 2068
1712203009734 56.9 2069
1712203019907 56.9 2070
1712203030045 56.9 2071
1712203040183 56.9 2072
1712203050316 56.9 2073
1712203060460 56.9 2074
1712203070609 56.9 2075
1712203080769 56.9 2076
1712203091012 56.9 2077
1712203101192 56.9 2078
1712203111365 56.9 2079
1712203121541 56.9 2080
1712203131706 56.9 2081
1712203141876 56.9 2082
1712203152055 56.9 2083
1712203162257 56.9 2084
1712203172533 56.9 2085
1712203182739 56.9 2086
1712203192960 56.9 2087
1712203203156 56.9 2088
1712203213340 56.9 2089
1712203223529 56.9 2090
1712203233782 56.9 2091
1712203244092 56.9 2092
1712203254298 56.9 2093
1712203264490 56.9 2094
1712203274693 56.9 2095
1712203284908 56.9 2096
1712203295173 56.9 2097
1712203305387 56.9 2098
1712203315676 56.9 2099
1712203325861 56.9 2100
1712203336037 56.9 2101
1712203346197 56.9 2102
1712203356336 56.9 2103
1712203366495 56.9 2104
1712203376663 56.9 2105
1712203386745 56.9 2106
1712203396991 56.9 2107
1712203407229 56.9 2108
1712203417373 56.9 2109
1712203427533 56.9 2110
1712203437703 56.9 2111
1712203447863 56.9 2112
1712203458030 56.9 2113
1712203468288 56.9 2114
1712203478455 56.9 2115
1712203488626 56.9 2116
1712203498799 56.9 2117
1712203508931 56.9 2118
1712203519065 56.9 2119
1712203529247 56.9 2120
1712203539401 56.9 2121
1712203549559 56.9 2122
1712203559710 56.9 2123
1712203569869 56.9 2124
1712203580029 56.9 2125
1712203590185 56.9 2126
1712203600328 56.9 2127
1712203610490 56.9 2128
1712203620713 56.9 2129
1712203630873 56.9 2130
1712203641036 56.9 2131
1712203651196 56.9 2132
1712203661361 56.9 2133
1712203671524 56.9 2134
1712203681670 56.9 2135
1712203691893 56.9 2136
1712203702050 56.9 2137
1712203712203 56.9 2138
1712203722339 56.9 2139
1712203732494 56.9 2140
1712203742649 56.9 2141
1712203752900 56.9 2142
1712203763066 56.9 2143
1712203773208 56.9 2144
1712203783356 56.9 2145
1712203793514 56.9 2146
1712203803762 56.9 2147
1712203813930 56.9 2148
1712203824100 56.9 2149
1712203834258 56.9 2150
1712203844416 56.9 2151
1712203854593 56.9 2152
1712203864821 56.9 2153
1712203875059 56.9 2154
1712203885230 56.9 2155
1712203895430 56.9 2156
1712203905584 56.9 2157
1712203915881 56.9 2158
1712203926056 56.9 2159
1712203936238 56.9 2160
1712203946421 56.9 2161
1712203956529 56.9 2162
1712203966665 56.9 2163
1712203977037 56.9 2164
1712203987221 56.9 2165
1712203997409 56.9 2166
1712204007556 56.9 2167
1712204017844 56.9 2168
1712204028039 56.9 2169
1712204038145 56.9 2170
1712204048380 56.9 2171
1712204058512 56.9 2172
1712204068643 56.9 2173
1712204078852 56.9 2174
1712204089086 56.9 2175
1712204099221 56.9 2176
1712204109411 56.9 2177
1712204119553 56.9 2178
1712204129850 56.9 2179
1712204139947 56.9 2180
1712204150103 56.9 2181
1712204160269 56.9 2182
1712204170512 56.9 2183
1712204180665 56.9 2184
1712204190836 56.9 2185
1712204200966 56.9 2186
1712204211103 56.9 2187
1712204221273 56.9 2188
1712204231417 56.9 2189
1712204241566 56.9 2190
1712204251753 56.9 2191
1712204261995 56.9 2192
1712204272141 56.9 2193
1712204282305 56.9 2194
1712204292456 56.9 2195
1712204302714 56.9 2196
1712204312857 56.9 2197
1712204322986 56.9 2198
1712204333161 56.9 2199
1712204343307 56.9 2200
1712204353475 56.9 2201
1712204363634 56.9 2202
1712204373769 56.9 2203
1712204383883 56.9 2204
1712204394163 56.9 2205
1712204404318 56.9 2206
1712204414485 56.9 2207
1712204424640 56.9 2208
1712204434785 56.9 2209
1712204444882 56.9 2210
1712204455077 56.9 2211
1712204465241 56.9 2212
1712204475478 56.9 2213
1712204485649 56.9 2214
1712204495804 56.9 2215
1712204505901 56.9 2216
1712204516226 56.9 2217
1712204526397 56.9 2218
1712204536564 56.9 2219
1712204546718 56.9 2220
1712204556960 56.9 2221
1712204567051 56.9 2222
1712204577257 56.9 2223
1712204587435 56.9 2224
1712204597594 56.9 2225
1712204607822 56.9 2226
1712204617970 56.9 2227
1712204628153 56.9 2228
1712204638300 56.9 2229
1712204648479 56.9 2230
1712204658702 56.9 2231
1712204668852 56.9 2232
1712204679010 56.9 2233
1712204689199 56.9 2234
1712204699441 56.9 2235
1712204709592 56.9 2236
1712204719752 56.9 2237
1712204729903 56.9 2238
1712204740006 56.9 2239
1712204750220 56.9 2240
1712204760382 56.9 2241
1712204770614 56.9 2242
1712204780787 56.9 2243
1712204790952 56.9 2244
1712204801047 56.9 2245
1712204811273 56.9 2246
1712204821441 56.9 2247
1712204831683 56.9 2248
1712204841842 56.9 2249
1712204852013 56.9 2250
1712204862098 56.9 2251
1712204872260 56.9 2252
1712204882587 56.9 2253
1712204892799 56.9 2254
1712204902987 56.9 2255
1712204913159 56.9 2256
1712204923368 56.9 2257
1712204933632 56.9 2258
1712204943904 56.9 2259
1712204954081 56.9 2260
1712204964289 56.9 2261
1712204974438 56.9 2262
1712204984693 56.9 2263
1712204994877 56.9 2264
1712205005098 56.9 2265
1712205015284 56.9 2266
1712205025465 56.9 2267
1712205035634 56.9 2268
1712205045925 56.9 2269
1712205056115 56.9 2270
1712205066298 56.9 2271
1712205076490 56.9 2272
1712205086684 56.9 2273
1712205096958 56.9 2274
1712205107119 56.9 2275
1712205117323 56.9 2276
1712205127514 56.9 2277
1712205137747 56.9 2278
1712205148035 56.9 2279
1712205158211 56.9 2280
1712205168388 56.9 2281
1712205178564 56.9 2282
1712205188744 56.9 2283
1712205198905 56.9 2284
1712205209053 56.9 2285
1712205219222 56.9 2286
1712205229386 56.9 2287
1712205239532 56.9 2288
1712205249707 56.9 2289
1712205259904 56.9 2290
1712205270056 56.9 2291
1712205280214 56.9 2292
1712205290346 56.9 2293
1712205300495 56.9 2294
1712205310649 56.9 2295
1712205320794 56.9 2296
1712205330971 56.9 2297
1712205341117 56.9 2298
1712205351279 56.9 2299
1712205361440 56.9 2300
1712205371599 56.9 2301
1712205381732 56.9 2302
1712205391867 56.9 2303
1712205402028 56.9 2304
1712205412181 56.9 2305
1712205422322 56.9 2306
1712205432475 56.9 2307
1712205442622 56.9 2308
1712205452778 56.9 2309
1712205462942 56.9 2310
1712205473108 56.9 2311
1712205483262 56.9 2312
1712205493438 56.9 2313
1712205503697 56.9 2314
1712205513884 56.9 2315
1712205524061 56.9 2316
1712205534222 56.9 2317
1712205544399 56.9 2318
1712205554594 56.9 2319
1712205564873 56.9 2320
1712205575073 56.9 2321
1712205585255 56.9 2322
1712205595439 56.9 2323
1712205605620 56.9 2324
1712205615891 56.9 2325
1712205626102 56.9 2326
1712205636287 56.9 2327
1712205646471 56.9 2328
1712205656655 56.9 2329
1712205666855 56.9 2330
1712205677038 56.9 2331
1712205687318 56.9 2332
1712205697489 56.9 2333
1712205707674 56.9 2334
1712205717855 56.9 2335
1712205728039 56.9 2336
1712205738224 56.9 2337
1712205748403 56.9 2338
1712205758662 56.9 2339
1712205768855 56.9 2340
1712205779035 56.9 2341
1712205789205 56.9 2342
1712205799486 56.9 2343
1712205809679 56.9 2344
1712205819859 56.9 2345
1712205830032 56.9 2346
1712205840208 56.9 2347
1712205850400 56.9 2348
1712205860678 56.9 2349
1712205870857 56.9 2350
1712205881024 56.9 2351
1712205891198 56.9 2352
1712205901365 56.9 2353
1712205911552 56.9 2354
1712205921761 56.9 2355
1712205931945 56.9 2356
1712205942152 56.9 2357
1712205952342 56.9 2358
1712205962605 56.9 2359
1712205972792 56.9 2360
