1712182080175 125150.9 0
1712182090258 125150.9 1
1712182100326 122424.4 2
1712182110394 122424.4 3
1712182120455 122424.4 4
1712182130516 122424.4 5
1712182140576 122424.4 6
1712182150639 122424.4 7
1712182160736 122424.4 8
1712182170810 122424.4 9
1712182180880 122424.4 10
1712182190956 122424.4 11
1712182201028 122424.4 12
1712182211100 122424.4 13
1712182221174 122424.4 14
1712182231247 122424.4 15
1712182241338 122424.4 16
1712182251408 122424.4 17
1712182261485 122424.4 18
1712182271546 122424.4 19
1712182281629 122424.4 20
1712182291711 122424.4 21
1712182301791 122424.4 22
1712182311868 122424.4 23
1712182321944 122424.4 24
1712182332014 122424.4 25
1712182342095 122424.4 26
1712182352164 122424.4 27
1712182362245 122424.4 28
1712182372316 122424.4 29
1712182382380 122424.4 30
1712182392456 122424.3 31
1712182402535 122424.3 32
1712182412597 122424.3 33
1712182422681 122424.3 34
1712182432751 122424.3 35
1712182442816 122424.3 36
1712182452892 122424.3 37
1712182462972 122424.3 38
1712182473045 122424.3 39
1712182483124 122424.3 40
1712182493191 122424.3 41
1712182503271 122424.3 42
1712182513339 122424.3 43
1712182523425 122424.3 44
1712182533500 122424.3 45
1712182543574 122424.3 46
1712182553670 122424.3 47
1712182563764 122424.3 48
1712182573837 122424.3 49
1712182583915 122424.3 50
1712182594000 122424.3 51
1712182604084 122424.3 52
1712182614155 122424.3 53
1712182624238 122424.3 54
1712182634334 122424.3 55
1712182644420 122424.3 56
1712182654495 122424.3 57
1712182664604 122424.3 58
1712182674690 122424.3 59
1712182684776 122424.3 60
1712182694860 122424.3 61
1712182704931 122424.3 62
1712182715035 122424.3 63
1712182725121 122424.3 64
1712182735214 122424.3 65
1712182745298 122423.8 66
1712182755379 122423.8 67
1712182765479 122423.8 68
1712182775568 122423.8 69
1712182785662 122423.8 70
1712182795747 122423.8 71
1712182805814 122423.8 72
1712182815911 122423.8 73
1712182826006 122423.8 74
1712182836081 122423.8 75
1712182846161 122423.8 76
1712182856230 122423.8 77
1712182866302 122423.8 78
1712182876376 122423.8 79
1712182886463 122423.8 80
1712182896546 122423.8 81
1712182906638 122423.8 82
1712182916712 122423.8 83
1712182926799 122423.8 84
1712182936882 122423.8 85
1712182946961 122423.8 86
1712182957046 122423.8 87
1712182967124 122423.8 88
1712182977190 122423.8 89
1712182987278 122423.8 90
1712182997347 122423.8 91
1712183007418 122423.8 92
1712183017495 122423.8 93
1712183027570 122423.8 94
1712183037641 122423.8 95
1712183047727 122423.8 96
1712183057801 122423.8 97
1712183067888 122423.8 98
1712183077975 122423.8 99
1712183088020 122423.8 100
1712183098055 122423.8 101
1712183108099 122423.8 102
1712183118191 122423.8 103
1712183128235 122423.8 104
1712183138275 122423.8 105
1712183148377 122423.8 106
1712183158416 122423.8 107
1712183168447 122423.8 108
1712183178549 122423.8 109
1712183188592 122423.8 110
1712183198628 122423.8 111
1712183208710 122423.8 112
1712183218746 122423.8 113
1712183228784 122423.8 114
1712183238872 122423.8 115
1712183248913 122423.8 116
1712183258955 122423.8 117
1712183269051 122423.8 118
1712183279083 122423.8 119
1712183289116 122423.8 120
1712183299204 122423.8 121
1712183309239 122423.8 122
1712183319267 122423.8 123
1712183329350 122423.8 124
1712183339395 122423.8 125
1712183349484 122423.8 126
1712183359580 122423.8 127
1712183369680 122423.8 128
1712183379711 122423.8 129
1712183389789 122423.8 130
1712183399880 122423.8 131
1712183409964 122423.8 132
1712183420053 122423.8 133
1712183430130 122423.8 134
1712183440170 122423.8 135
1712183450257 122423.8 136
1712183460334 122423.8 137
1712183470431 122423.8 138
1712183480514 122423.8 139
1712183490604 122423.8 140
1712183500644 122423.8 141
1712183510725 122423.8 142
1712183520809 122423.8 143
1712183530899 122423.8 144
1712183540987 122423.8 145
1712183551093 122423.8 146
1712183561137 122423.8 147
1712183571220 122423.8 148
1712183581311 122423.8 149
1712183591409 122423.8 150
1712183601502 122423.8 151
1712183611608 122423.8 152
1712183621645 122423.8 153
1712183631732 122423.8 154
1712183641841 122423.8 155
1712183651950 122423.8 156
1712183662041 122423.8 157
1712183672135 122423.8 158
1712183682175 122423.8 159
1712183692269 122423.8 160
1712183702351 122423.8 161
1712183712463 122423.8 162
1712183722559 122423.8 163
1712183732641 122423.8 164
1712183742690 122423.8 165
1712183752783 122423.8 166
1712183762884 122423.8 167
1712183772975 122423.8 168
1712183783062 122423.2 169
1712183793137 122423.2 170
1712183803171 122423.2 171
1712183813255 122423.2 172
1712183823340 122423.2 173
1712183833423 122423.2 174
1712183843524 122423.2 175
1712183853619 122423.2 176
1712183863656 122423.2 177
1712183873738 122423.2 178
1712183883820 122423.2 179
1712183893920 122423.2 180
1712183904013 122423.2 181
1712183914099 122423.2 182
1712183924142 122423.2 183
1712183934237 122423.2 184
1712183944335 121325.3 185
1712183954429 121325.3 186
1712183964525 121325.3 187
1712183974618 121325.3 188
1712183984663 121325.3 189
1712183994750 121325.3 190
1712184004842 121325.3 191
1712184014926 121325.3 192
1712184025013 121325.3 193
1712184035095 121325.3 194
1712184045136 121325.3 195
1712184055221 121325.3 196
1712184065300 121325.3 197
1712184075387 121325.3 198
1712184085477 121325.3 199
1712184095573 121325.3 200
1712184105612 121325.3 201
1712184115705 121325.3 202
1712184125803 121325.3 203
1712184135899 121325.3 204
1712184145985 121325.3 205
1712184156069 121325.3 206
1712184166103 121325.3 207
1712184176201 121325.3 208
1712184186300 121325.3 209
1712184196385 121325.3 210
1712184206486 121325.3 211
1712184216574 121325.3 212
1712184226622 121325.3 213
1712184236714 121325.3 214
1712184246803 121325.3 215
1712184256913 121325.3 216
1712184267014 121325.3 217
1712184277113 121325.3 218
1712184287162 121325.3 219
1712184297275 121325.3 220
1712184307388 121325.3 221
1712184317503 121325.3 222
1712184327641 121325.3 223
1712184337691 121325.3 224
1712184347826 121325.3 225
1712184357939 121325.3 226
1712184368031 121325.3 227
1712184378150 121325.3 228
1712184388248 121325.3 229
1712184398289 121325.3 230
1712184408412 121325.3 231
1712184418522 121325.3 232
1712184428621 121325.3 233
1712184438740 121325.3 234
1712184448849 121325.3 235
1712184458896 121325.3 236
1712184468983 121325.3 237
1712184479071 121325.3 238
1712184489170 121325.3 239
1712184499265 121325.3 240
1712184509349 121325.3 241
1712184519398 121325.3 242
1712184529498 121325.3 243
1712184539603 121325.3 244
1712184549709 121325.3 245
1712184559796 121325.3 246
1712184569900 121325.3 247
1712184579939 121325.3 248
1712184590039 121325.3 249
1712184600137 121325.3 250
1712184610235 121325.3 251
1712184620323 121325.3 252
1712184630417 121325.3 253
1712184640453 121325.3 254
1712184650546 121325.3 255
1712184660627 121325.3 256
1712184670721 121325.3 257
1712184680815 121325.3 258
1712184690901 121325.3 259
1712184700948 121325.3 260
1712184711042 121325.3 261
1712184721134 121325.3 262
1712184731219 121325.3 263
1712184741310 121325.3 264
1712184751392 121325.3 265
1712184761438 121325.3 266
1712184771520 121325.3 267
1712184781633 121325.3 268
1712184791731 121325.3 269
1712184801826 121325.3 270
1712184811908 121325.3 271
1712184821945 121324.8 272
1712184832041 121324.8 273
1712184842132 121324.8 274
1712184852213 121324.8 275
1712184862310 121324.8 276
1712184872404 121324.8 277
1712184882448 121324.8 278
1712184892546 121324.8 279
1712184902651 121324.8 280
1712184912743 121324.8 281
1712184922834 121324.8 282
1712184932931 121324.8 283
1712184942968 121324.8 284
1712184953071 121324.8 285
1712184963166 121324.8 286
1712184973254 121324.8 287
1712184983341 121324.8 288
1712184993435 121324.8 289
1712185003479 121324.8 290
1712185013588 121324.8 291
1712185023687 121324.8 292
1712185033782 121324.8 293
1712185043892 121324.8 294
1712185053989 121324.8 295
1712185064031 121324.8 296
1712185074119 121324.8 297
1712185084206 121324.8 298
1712185094299 121324.8 299
1712185104389 121324.8 300
1712185114490 121324.8 301
1712185124544 121324.8 302
1712185134648 121324.8 303
1712185144739 121324.8 304
1712185154845 121324.8 305
1712185164946 121324.8 306
1712185175050 121324.8 307
1712185185088 121324.8 308
1712185195171 121324.8 309
1712185205265 121324.8 310
1712185215365 121324.8 311
1712185225462 121324.8 312
1712185235506 121324.8 313
1712185245554 121324.8 314
1712185255584 121324.8 315
1712185265676 121324.8 316
1712185275726 121324.8 317
1712185285775 121324.8 318
1712185295870 121324.8 319
1712185305974 121324.8 320
1712185316099 121324.8 321
1712185326142 121324.8 322
1712185336236 121324.8 323
1712185346318 121324.8 324
1712185356420 121324.8 325
1712185366511 121324.8 326
1712185376610 121324.8 327
1712185386686 121324.8 328
1712185396777 121324.8 329
1712185406878 121324.8 330
1712185416966 121324.8 331
1712185427069 121324.8 332
1712185437162 121324.8 333
1712185447265 121324.8 334
1712185457352 121324.8 335
1712185467440 121324.8 336
1712185477542 121324.8 337
1712185487639 121324.8 338
1712185497749 121324.8 339
1712185507839 121324.8 340
1712185517931 121324.8 341
1712185528028 121324.8 342
1712185538126 121324.8 343
1712185548227 121324.8 344
1712185558313 121324.8 345
1712185568400 121324.7 346
1712185578491 121324.7 347
1712185588586 121324.7 348
1712185598674 121324.7 349
1712185608766 121324.7 350
1712185618849 121324.7 351
1712185628940 121324.7 352
1712185639026 121324.7 353
1712185649125 121324.7 354
1712185659207 121324.7 355
1712185669302 121324.7 356
1712185679409 121324.7 357
1712185689496 121324.7 358
1712185699597 121324.7 359
1712185709686 121324.7 360
1712185719779 121324.7 361
1712185729886 121324.7 362
1712185739973 121324.7 363
1712185750089 121324.7 364
1712185760194 121324.7 365
1712185770300 121324.7 366
1712185780417 121324.7 367
1712185790514 121324.7 368
1712185800611 121324.7 369
1712185810707 121324.7 370
1712185820791 121324.7 371
1712185830875 121324.7 372
1712185840969 121324.7 373
1712185851055 121324.7 374
1712185861148 121324.2 375
1712185871240 121324.2 376
1712185881333 121324.2 377
1712185891428 121324.2 378
1712185901517 121324.2 379
1712185911617 121324.2 380
1712185921658 121324.2 381
1712185931753 121324.2 382
1712185941864 121324.2 383
1712185951965 121324.2 384
1712185962068 121324.2 385
1712185972116 121324.2 386
1712185982213 121324.2 387
1712185992309 121324.2 388
1712186002408 121324.2 389
1712186012509 121324.2 390
1712186022597 121324.2 391
1712186032689 121324.2 392
1712186042785 121324.2 393
1712186052984 121324.2 394
1712186063074 121324.2 395
1712186073170 121324.2 396
1712186083258 121324.2 397
1712186093364 121324.2 398
1712186103454 121324.2 399
1712186113557 121324.2 400
1712186123658 121324.2 401
1712186133753 121324.2 402
1712186143859 121324.2 403
1712186153970 121324.2 404
1712186164073 121324.2 405
1712186174177 121324.2 406
1712186184267 121324.2 407
1712186194366 121324.2 408
1712186204487 121324.2 409
1712186214596 121324.2 410
1712186224694 121324.2 411
1712186234785 121324.2 412
1712186244888 121324.2 413
1712186254992 121324.2 414
1712186265100 121324.2 415
1712186275194 121324.2 416
1712186285292 121324.2 417
1712186295398 121324.2 418
1712186305491 121324.2 419
1712186315614 121324.2 420
1712186325706 121324.2 421
1712186335802 121324.2 422
1712186345947 121324.2 423
1712186356044 121324.2 424
1712186366143 121324.2 425
1712186376247 121324.2 426
1712186386385 121331.0 427
1712186396500 121331.0 428
1712186406692 121331.0 429
1712186416784 121331.0 430
1712186426889 121331.0 431
1712186437001 121331.0 432
1712186447090 121331.0 433
1712186457198 121331.0 434
1712186467298 121331.0 435
1712186477393 121331.0 436
1712186487484 121331.0 437
1712186497583 121331.0 438
1712186507688 121331.0 439
1712186517776 121331.0 440
1712186527823 121331.0 441
1712186537872 120250.9 442
1712186547922 120250.9 443
1712186557968 120250.9 444
1712186568008 120250.9 445
1712186578120 120250.9 446
1712186588160 120250.9 447
1712186598211 120250.9 448
1712186608332 120250.9 449
1712186618382 120250.9 450
1712186628492 120250.9 451
1712186638598 120250.9 452
1712186648704 120250.9 453
1712186658805 120250.9 454
1712186668914 120250.8 455
1712186678968 120250.8 456
1712186689072 120250.8 457
1712186699164 120250.8 458
1712186709276 120250.8 459
1712186719392 120250.8 460
1712186729651 120250.8 461
1712186739725 120250.8 462
1712186749816 120250.8 463
1712186759928 120250.8 464
1712186770030 120250.8 465
1712186780130 120250.8 466
1712186790225 120250.8 467
1712186800271 120250.8 468
1712186810370 120250.8 469
1712186820468 120250.8 470
1712186830564 120250.8 471
1712186840653 120250.8 472
1712186850739 120250.8 473
1712186860778 120250.8 474
1712186870866 120250.8 475
1712186880967 120250.8 476
1712186891056 120250.8 477
1712186901140 120250.3 478
1712186911235 120250.3 479
1712186921267 120250.3 480
1712186931358 120250.3 481
1712186941467 120250.3 482
1712186951551 120250.3 483
1712186961635 120250.3 484
1712186971742 120250.3 485
1712186981787 120250.3 486
1712186991877 120250.3 487
1712187001980 120250.3 488
1712187012074 120250.3 489
1712187022179 120250.3 490
1712187032264 120250.3 491
1712187042315 120250.3 492
1712187052437 120250.3 493
1712187062532 120250.3 494
1712187072634 120250.3 495
1712187082729 120250.3 496
1712187092790 120250.3 497
1712187102861 120250.3 498
1712187112913 120250.3 499
1712187123025 120250.3 500
1712187133078 120250.3 501
1712187143123 120250.3 502
1712187153226 120250.3 503
1712187163279 120250.3 504
1712187173335 120250.3 505
1712187183450 120250.3 506
1712187193565 120250.3 507
1712187203619 120250.3 508
1712187213679 120250.3 509
1712187223781 120250.3 510
1712187233844 120250.3 511
1712187243881 120250.3 512
1712187253971 120250.3 513
1712187264031 120250.3 514
1712187274075 120250.3 515
1712187284180 120250.3 516
1712187294230 120250.3 517
1712187304349 120250.3 518
1712187314402 120250.3 519
1712187324459 120250.3 520
1712187334502 120250.3 521
1712187344607 120250.3 522
1712187354718 120250.3 523
1712187364817 120250.3 524
1712187374917 120250.3 525
1712187385026 120250.3 526
1712187395130 120250.3 527
1712187405191 120250.3 528
1712187415288 120250.3 529
1712187425404 120250.3 530
1712187435530 120250.3 531
1712187445632 120250.3 532
1712187455749 120250.3 533
1712187465814 120250.3 534
1712187475920 120250.3 535
1712187486021 120250.3 536
1712187496128 120250.3 537
1712187506236 120250.3 538
1712187516336 120250.3 539
1712187526397 120250.3 540
1712187536491 120250.3 541
1712187546595 120250.3 542
1712187556697 120250.3 543
1712187566800 120250.3 544
1712187576898 120250.3 545
1712187586956 120250.3 546
1712187597051 120250.3 547
1712187607153 120250.3 548
1712187617252 120250.3 549
1712187627356 120250.3 550
1712187637450 120250.3 551
1712187647570 120250.3 552
1712187657676 120250.3 553
1712187667783 120250.3 554
1712187677887 120250.3 555
1712187687984 120250.3 556
1712187698036 120250.3 557
1712187708130 120250.3 558
1712187718230 120250.3 559
1712187728354 120250.3 560
1712187738459 120250.3 561
1712187748572 120250.3 562
1712187758623 120250.3 563
1712187768730 120250.3 564
1712187778832 120250.3 565
1712187788926 120250.3 566
1712187799038 120250.3 567
1712187809151 120250.2 568
1712187819198 120250.2 569
1712187829311 120250.2 570
1712187839433 120250.2 571
1712187849542 120250.2 572
1712187859647 120250.2 573
1712187869757 120250.2 574
1712187879808 120250.2 575
1712187889922 120250.2 576
1712187900026 120250.2 577
1712187910134 120250.2 578
1712187920253 120250.2 579
1712187930357 120250.2 580
1712187940406 120249.7 581
1712187950504 120249.7 582
1712187960613 120249.7 583
1712187970720 120249.7 584
1712187980825 120249.7 585
1712187990929 120249.7 586
1712188000995 120249.7 587
1712188011098 120249.7 588
1712188021198 120249.7 589
1712188031301 120249.7 590
1712188041413 120249.7 591
1712188051508 120249.7 592
1712188061551 120249.7 593
1712188071602 120249.7 594
1712188081652 120249.7 595
1712188091691 120249.7 596
1712188101743 120249.7 597
1712188111779 120249.7 598
1712188121880 120249.7 599
1712188131923 120249.7 600
1712188142036 120249.7 601
1712188152083 120249.7 602
1712188162199 120249.7 603
1712188172304 120249.7 604
1712188182356 120249.7 605
1712188192406 120249.7 606
1712188202453 120249.7 607
1712188212496 120249.7 608
1712188222663 120249.7 609
1712188232802 120249.7 610
1712188242843 120249.7 611
1712188253003 120249.7 612
1712188263150 120249.7 613
1712188273199 120249.7 614
1712188283241 120249.7 615
1712188293282 120249.7 616
1712188303472 120249.7 617
1712188313513 120249.7 618
1712188323559 120249.7 619
1712188333716 120249.7 620
1712188343861 120249.7 621
1712188354007 120249.7 622
1712188364060 120249.7 623
1712188374221 120249.7 624
1712188384271 120249.7 625
1712188394322 120249.7 626
1712188404467 120249.7 627
1712188414519 120249.7 628
1712188424571 120249.7 629
1712188434717 120249.7 630
1712188444849 120249.7 631
1712188454891 120249.7 632
1712188465022 120249.7 633
1712188475207 120249.7 634
1712188485245 120249.7 635
1712188495350 120249.7 636
1712188505448 120249.7 637
1712188515551 120249.7 638
1712188525657 120249.7 639
1712188535755 120249.7 640
1712188545805 120249.7 641
1712188555891 120249.7 642
1712188565997 120249.7 643
1712188576095 120249.7 644
1712188586195 120249.7 645
1712188596280 120249.7 646
1712188606339 120249.7 647
1712188616433 120249.7 648
1712188626546 120249.7 649
1712188636647 120249.7 650
1712188646748 120249.7 651
1712188656846 120249.7 652
1712188666892 120249.7 653
1712188677006 120249.7 654
1712188687105 120249.7 655
1712188697206 120249.7 656
1712188707312 120249.7 657
1712188717421 120249.7 658
1712188727510 120249.7 659
1712188737604 120249.7 660
1712188747700 120249.7 661
1712188757803 120249.7 662
1712188767906 120249.7 663
1712188777946 120249.7 664
1712188788045 120249.7 665
1712188798139 120249.7 666
1712188808236 120249.7 667
1712188818336 120249.7 668
1712188828454 120249.7 669
1712188838493 120249.7 670
1712188848603 120249.7 671
1712188858697 120249.7 672
1712188868794 120249.7 673
1712188878896 120249.7 674
1712188888994 120249.7 675
1712188899042 120249.7 676
1712188909145 120249.7 677
1712188919243 120249.7 678
1712188929354 120249.7 679
1712188939462 120249.7 680
1712188949560 120249.7 681
1712188959596 120249.7 682
1712188969696 120249.7 683
1712188979811 120249.1 684
1712188989913 120249.1 685
1712189000024 120249.1 686
1712189010125 120249.1 687
1712189020171 120249.1 688
1712189030281 120249.1 689
1712189040390 120249.1 690
1712189050506 120249.1 691
1712189060625 120249.1 692
1712189070744 120249.1 693
1712189080797 120249.1 694
1712189090904 120249.1 695
1712189101010 120249.1 696
1712189111130 120249.1 697
1712189121256 120249.1 698
1712189131369 120249.1 699
1712189141426 120249.1 700
1712189151544 120249.1 701
1712189161653 120249.1 702
1712189171838 120249.1 703
1712189181935 120249.1 704
1712189192031 120249.1 705
1712189202079 120249.1 706
1712189212167 120249.1 707
1712189222274 120249.1 708
1712189232372 120249.1 709
1712189242473 120249.1 710
1712189252589 120249.1 711
1712189262637 120249.1 712
1712189272743 120249.1 713
1712189282831 120249.1 714
1712189292924 120249.1 715
1712189303028 120249.1 716
1712189313131 120249.1 717
1712189323189 120249.1 718
1712189333294 120249.1 719
1712189343413 120249.1 720
1712189353522 120249.1 721
1712189363628 120249.1 722
1712189373732 120249.1 723
1712189383787 120249.1 724
1712189393892 120249.1 725
1712189403996 120249.1 726
1712189414087 120249.1 727
1712189424186 120249.1 728
1712189434291 120249.1 729
1712189444341 120249.1 730
1712189454436 120249.1 731
1712189464531 120249.1 732
1712189474622 120249.1 733
1712189484733 120249.1 734
1712189494846 120249.1 735
1712189504893 120249.1 736
1712189514993 120249.1 737
1712189525100 120249.1 738
1712189535209 120249.1 739
1712189545309 120249.1 740
1712189555403 120249.1 741
1712189565458 120249.1 742
1712189575557 120249.1 743
1712189585657 120249.1 744
1712189595764 120249.1 745
1712189605878 120249.1 746
1712189615981 120249.1 747
1712189626035 120249.1 748
1712189636137 120249.1 749
1712189646252 120249.1 750
1712189656345 120249.1 751
1712189666453 120249.1 752
1712189676555 120249.1 753
1712189686606 120249.1 754
1712189696719 120249.1 755
1712189706811 120249.1 756
1712189716916 120249.1 757
1712189727021 120249.1 758
1712189737123 120249.1 759
1712189747167 120249.1 760
1712189757289 120249.1 761
1712189767403 120249.1 762
1712189777512 120249.1 763
1712189787611 120249.1 764
1712189797671 120249.1 765
1712189807772 120249.1 766
1712189817877 120249.1 767
1712189827978 120249.1 768
1712189838083 120249.1 769
1712189848191 120249.1 770
1712189858236 120249.1 771
1712189868339 120249.1 772
1712189878445 120249.1 773
1712189888547 120249.1 774
1712189898652 120249.1 775
1712189908755 120249.1 776
1712189918798 120249.1 777
1712189928909 120249.1 778
1712189939015 120249.1 779
1712189949114 120249.1 780
1712189959214 120249.1 781
1712189969315 120249.1 782
1712189979356 120249.1 783
1712189989459 120249.1 784
1712189999555 120249.1 785
1712190009652 120249.1 786
1712190019740 120248.6 787
1712190029855 120248.6 788
1712190039898 120248.6 789
1712190050006 120248.6 790
1712190060101 120248.6 791
1712190070188 120248.6 792
1712190080289 120248.5 793
1712190090384 120248.5 794
1712190100438 120248.5 795
1712190110530 120248.5 796
1712190120630 120248.5 797
1712190130728 120248.5 798
1712190140827 120248.5 799
1712190150931 120248.5 800
1712190160991 120248.5 801
1712190171098 120248.5 802
1712190181212 120248.5 803
1712190191396 120248.5 804
1712190201504 120248.5 805
1712190211614 120248.5 806
1712190221657 120248.5 807
1712190231752 120248.5 808
1712190241859 120248.5 809
1712190251950 120248.5 810
1712190262046 120248.5 811
1712190272140 120248.5 812
1712190282181 120248.5 813
1712190292281 120248.5 814
1712190302387 120248.5 815
1712190312492 120248.5 816
1712190322595 120248.5 817
1712190332686 120248.5 818
1712190342738 120248.5 819
1712190352837 120248.5 820
1712190362939 120248.5 821
1712190373035 120248.5 822
1712190383127 120248.5 823
1712190393229 120248.5 824
1712190403290 120248.5 825
1712190413486 120248.5 826
1712190423601 120248.5 827
1712190433707 120248.5 828
1712190443820 120248.5 829
1712190453940 120248.5 830
1712190463993 120248.5 831
1712190474114 120248.5 832
1712190484234 120248.5 833
1712190494339 120248.5 834
1712190504471 120248.5 835
1712190514594 120248.5 836
1712190524646 120248.5 837
1712190534761 120248.5 838
1712190544865 120248.5 839
1712190554972 120248.5 840
1712190565089 120248.5 841
1712190575189 120248.5 842
1712190585235 120248.5 843
1712190595346 120248.5 844
1712190605457 120248.5 845
1712190615559 120248.5 846
1712190625660 120248.5 847
1712190635858 120248.5 848
1712190645913 120248.5 849
1712190656025 120248.5 850
1712190666127 120248.5 851
1712190676182 120248.5 852
1712190686294 120248.5 853
1712190696348 120248.5 854
1712190706404 120248.5 855
1712190716522 120248.5 856
1712190726577 120248.5 857
1712190736630 120248.5 858
1712190746748 120248.5 859
1712190756805 120248.5 860
1712190766853 120248.5 861
1712190776950 120248.5 862
1712190786996 120248.5 863
1712190797064 120248.5 864
1712190807179 120248.5 865
1712190817224 120248.5 866
1712190827278 120248.5 867
1712190837375 120248.5 868
1712190847419 120248.5 869
1712190857480 120248.5 870
1712190867578 120248.5 871
1712190877638 120248.5 872
1712190887698 120248.5 873
1712190897794 120248.5 874
1712190907845 120248.5 875
1712190917940 120248.5 876
1712190928035 120248.5 877
1712190938087 120248.5 878
1712190948184 120248.5 879
1712190958291 120248.5 880
1712190968401 120248.5 881
1712190978514 120248.5 882
1712190988626 120248.5 883
1712190998673 120248.5 884
1712191008774 120248.5 885
1712191018872 120248.5 886
1712191028970 120248.5 887
1712191039070 120248.5 888
1712191049172 120248.5 889
1712191059230 120247.9 890
1712191069329 120247.9 891
1712191079428 120247.9 892
1712191089527 120247.9 893
1712191099617 120247.9 894
1712191109728 120247.9 895
1712191119773 120247.9 896
1712191129884 120247.9 897
1712191139978 120247.9 898
1712191150080 120247.9 899
1712191160190 120247.9 900
1712191170298 120247.9 901
1712191180350 120247.9 902
1712191190445 120247.9 903
1712191200545 120247.9 904
1712191210660 120247.9 905
1712191220759 120247.9 906
1712191230869 120247.9 907
1712191240925 120247.9 908
1712191251020 120247.9 909
1712191261130 120247.9 910
1712191271221 120247.9 911
1712191281325 120247.9 912
1712191291456 120247.9 913
1712191301514 120247.9 914
1712191311703 120247.9 915
1712191321823 120247.9 916
1712191331939 120247.9 917
1712191342060 120247.9 918
1712191352177 120247.9 919
1712191362232 120247.9 920
1712191372360 120247.9 921
1712191382488 120247.9 922
1712191392618 120247.9 923
1712191402743 120247.9 924
1712191412867 120247.9 925
1712191422926 120247.9 926
1712191433035 120247.9 927
1712191443163 120247.9 928
1712191453283 120247.9 929
1712191463415 120247.9 930
1712191473538 120247.9 931
1712191483606 120247.9 932
1712191493744 120247.9 933
1712191503861 120247.9 934
1712191514075 120247.9 935
1712191524198 120247.9 936
1712191534304 120247.9 937
1712191544355 120247.9 938
1712191554474 120247.9 939
1712191564573 120247.9 940
1712191574680 120247.9 941
1712191584779 120247.9 942
1712191594880 120247.9 943
1712191604937 120247.9 944
1712191615047 120247.9 945
1712191625166 120247.9 946
1712191635285 120247.9 947
1712191645389 120247.9 948
1712191655500 120247.9 949
1712191665546 120247.9 950
1712191675665 120247.9 951
1712191685782 120247.9 952
1712191695888 120247.9 953
1712191706012 120247.9 954
1712191716116 120247.9 955
1712191726170 120247.9 956
1712191736294 120247.9 957
1712191746398 120247.9 958
1712191756604 120247.9 959
1712191766728 120247.9 960
1712191776848 120247.9 961
1712191786898 120247.9 962
1712191797048 120247.9 963
1712191807177 120247.9 964
1712191817289 120247.9 965
1712191827419 120247.9 966
1712191837477 120247.9 967
1712191847586 120247.9 968
1712191857705 120247.9 969
1712191867807 120247.9 970
1712191877933 120247.9 971
1712191888046 120247.9 972
1712191898102 120247.9 973
1712191908219 120247.9 974
1712191918318 120247.9 975
1712191928424 120247.9 976
1712191938539 120247.9 977
1712191948644 120247.9 978
1712191958694 120247.9 979
1712191968811 120247.9 980
1712191978919 120247.9 981
1712191989122 120247.9 982
1712191999231 120247.9 983
1712192009340 120247.9 984
1712192019392 120247.9 985
1712192029497 120247.9 986
1712192039613 120247.9 987
1712192049717 120247.9 988
1712192059823 120247.9 989
1712192069942 120247.9 990
1712192080000 120247.9 991
1712192090106 120247.9 992
1712192100203 120247.4 993
1712192110307 120247.4 994
1712192120425 120247.4 995
1712192130530 120247.4 996
1712192140595 120247.4 997
1712192150695 120247.4 998
1712192160799 120247.4 999
1712192170916 120247.4 1000
1712192181020 120247.4 1001
1712192191117 120247.4 1002
1712192201182 120247.4 1003
1712192211288 120247.4 1004
1712192221387 120247.4 1005
1712192231494 120247.4 1006
1712192241589 120247.4 1007
1712192251706 120247.4 1008
1712192261764 120247.4 1009
1712192271885 120247.4 1010
1712192281993 120247.4 1011
1712192292091 120247.4 1012
1712192302207 120247.4 1013
1712192312318 120247.4 1014
1712192322375 120247.4 1015
1712192332490 120247.4 1016
1712192342594 120247.4 1017
1712192352703 120247.4 1018
1712192362800 120247.4 1019
1712192372907 120247.4 1020
1712192382966 120247.4 1021
1712192393070 120247.4 1022
1712192403138 120247.4 1023
1712192413189 120247.4 1024
1712192423249 120247.4 1025
1712192433378 120247.4 1026
1712192443633 120247.4 1027
1712192453760 120247.4 1028
1712192463884 120247.3 1029
1712192474026 120247.3 1030
1712192484156 120247.3 1031
1712192494298 120247.3 1032
1712192504438 120247.3 1033
1712192514562 120247.3 1034
1712192524697 120247.3 1035
1712192534837 120247.3 1036
1712192544960 120247.3 1037
1712192555087 120247.3 1038
1712192565210 120247.3 1039
1712192575332 120247.3 1040
1712192585460 120247.3 1041
1712192595587 120247.3 1042
1712192605718 120247.3 1043
1712192615845 120247.3 1044
1712192625959 120247.3 1045
1712192636083 120247.3 1046
1712192646209 120247.3 1047
1712192656322 120247.3 1048
1712192666461 120247.3 1049
1712192676576 120247.3 1050
1712192686703 120247.3 1051
1712192696815 120247.3 1052
1712192706937 120247.3 1053
1712192717060 120247.3 1054
1712192727194 120247.3 1055
1712192737330 120247.3 1056
1712192747445 120247.3 1057
1712192757576 120247.3 1058
1712192767698 120247.3 1059
1712192777838 120247.3 1060
1712192787972 120247.3 1061
1712192798087 120247.3 1062
1712192808220 120247.3 1063
1712192818338 120247.3 1064
1712192828450 120247.3 1065
1712192838576 120247.3 1066
1712192848712 120247.3 1067
1712192858838 120247.3 1068
1712192868966 120247.3 1069
1712192879077 120247.3 1070
1712192889189 120247.3 1071
1712192899302 120247.3 1072
1712192909422 120247.3 1073
1712192919546 120247.3 1074
1712192929661 120247.3 1075
1712192939776 120247.3 1076
1712192949904 120247.3 1077
1712192960053 120247.3 1078
1712192970177 120247.3 1079
1712192980298 120247.3 1080
1712192990421 120247.3 1081
1712193000544 120247.3 1082
1712193010666 120247.3 1083
1712193020797 120247.3 1084
1712193030914 120247.3 1085
1712193041071 120247.3 1086
1712193051216 120247.3 1087
1712193061332 120247.3 1088
1712193071448 120247.3 1089
1712193081573 120247.3 1090
1712193091692 120247.3 1091
1712193101833 120247.3 1092
1712193111945 120247.3 1093
1712193122061 120247.3 1094
1712193132171 120247.3 1095
1712193142288 120246.8 1096
1712193152416 120246.8 1097
1712193162548 120246.8 1098
1712193172664 120246.8 1099
1712193182794 120246.8 1100
1712193192941 120246.8 1101
1712193203063 120246.8 1102
1712193213175 120246.8 1103
1712193223309 120246.8 1104
1712193233431 120246.8 1105
1712193243554 120246.8 1106
1712193253691 120246.8 1107
1712193263801 120246.8 1108
1712193273948 120246.8 1109
1712193284081 120246.8 1110
1712193294204 120246.8 1111
1712193304323 120246.8 1112
1712193314441 120246.8 1113
1712193324557 120246.8 1114
1712193334729 120246.8 1115
1712193344864 120246.8 1116
1712193354981 120246.8 1117
1712193365112 120246.8 1118
1712193375235 120246.8 1119
1712193385352 120246.8 1120
1712193395465 120246.8 1121
1712193405577 120246.8 1122
1712193415705 120246.8 1123
1712193425838 120246.8 1124
1712193435955 120246.8 1125
1712193446081 120246.8 1126
1712193456218 120246.8 1127
1712193466342 120246.8 1128
1712193476482 120246.8 1129
1712193486637 120246.8 1130
1712193496784 120246.8 1131
1712193506915 120246.8 1132
1712193517065 120246.8 1133
1712193527199 120246.8 1134
1712193537343 120246.8 1135
1712193547449 120246.8 1136
1712193557572 120246.8 1137
1712193567696 120246.8 1138
1712193577816 120246.8 1139
1712193587927 120246.8 1140
1712193598048 120246.8 1141
1712193608180 120246.8 1142
1712193618299 120246.8 1143
1712193628429 120246.8 1144
1712193638561 120246.8 1145
1712193648684 120246.8 1146
1712193658811 120246.8 1147
1712193668928 120246.8 1148
1712193679053 120246.8 1149
1712193689178 120246.8 1150
1712193699412 120246.8 1151
1712193709534 120246.8 1152
1712193719679 120246.8 1153
1712193729808 120246.8 1154
1712193739950 120246.8 1155
1712193750077 120246.8 1156
1712193760214 120246.8 1157
1712193770333 120246.8 1158
1712193780474 120246.8 1159
1712193790626 120246.8 1160
1712193800756 120246.8 1161
1712193810904 120246.8 1162
1712193821042 120246.8 1163
1712193831176 120246.8 1164
1712193841318 120246.8 1165
1712193851453 120246.8 1166
1712193861593 120246.8 1167
1712193871720 120246.8 1168
1712193881860 120246.7 1169
1712193891986 120246.7 1170
1712193902104 120246.7 1171
1712193912175 120246.7 1172
1712193922281 120246.7 1173
1712193932350 120246.7 1174
1712193942462 120246.7 1175
1712193952586 120246.7 1176
1712193962700 120246.7 1177
1712193972925 120246.7 1178
1712193983057 120246.7 1179
1712193993178 120246.7 1180
1712194003302 120246.7 1181
1712194013429 120246.7 1182
1712194023541 120246.7 1183
1712194033660 120246.7 1184
1712194043778 120246.7 1185
1712194053895 120246.7 1186
1712194064045 120246.7 1187
1712194074147 120246.7 1188
1712194084264 120246.7 1189
1712194094374 120246.7 1190
1712194104475 120246.7 1191
1712194114591 120246.7 1192
1712194124695 120246.7 1193
1712194134812 120246.7 1194
1712194144925 120246.7 1195
1712194155036 120246.7 1196
1712194165163 120246.7 1197
1712194175269 120246.7 1198
1712194185343 120246.2 1199
1712194195486 120246.2 1200
1712194205550 120246.2 1201
1712194215685 120246.2 1202
1712194225805 120246.2 1203
1712194235886 120246.2 1204
1712194246000 120246.2 1205
1712194256067 120246.2 1206
1712194266198 120246.2 1207
1712194276438 120246.2 1208
1712194286505 120246.2 1209
1712194296610 120246.2 1210
1712194306731 120246.2 1211
1712194316844 120246.2 1212
1712194326964 120246.2 1213
1712194337090 120246.2 1214
1712194347211 120246.2 1215
1712194357345 120246.2 1216
1712194367461 120246.2 1217
1712194377577 120246.2 1218
1712194387708 120246.2 1219
1712194397837 120246.2 1220
1712194407961 120246.2 1221
1712194418080 120246.2 1222
1712194428201 120246.2 1223
1712194438319 120246.2 1224
1712194448422 120246.2 1225
1712194458534 120246.2 1226
1712194468589 120246.2 1227
1712194478662 120246.2 1228
1712194488720 120246.2 1229
1712194498798 120246.2 1230
1712194508919 120246.2 1231
1712194519042 120246.2 1232
1712194529176 120246.2 1233
1712194539289 120246.2 1234
1712194549423 120246.2 1235
1712194559531 120246.2 1236
1712194569642 120246.2 1237
1712194579859 120246.2 1238
1712194589989 120246.2 1239
1712194600098 120246.2 1240
1712194610229 120246.2 1241
1712194620357 120246.2 1242
1712194630487 120246.2 1243
1712194640637 120246.2 1244
1712194650750 120246.2 1245
1712194660874 120246.2 1246
1712194670944 120246.2 1247
1712194681077 120246.2 1248
1712194691207 120246.2 1249
1712194701333 120246.2 1250
1712194711464 120246.2 1251
1712194721660 120246.2 1252
1712194731792 120246.2 1253
1712194741932 120246.2 1254
1712194752052 120246.2 1255
1712194762185 120246.2 1256
1712194772306 120246.2 1257
1712194782437 120246.2 1258
1712194792561 120246.2 1259
1712194802678 120246.2 1260
1712194812796 120246.2 1261
1712194822921 120246.2 1262
1712194833043 120246.2 1263
1712194843174 120246.2 1264
1712194853298 120246.2 1265
1712194863418 120246.2 1266
1712194873668 120246.2 1267
1712194883783 120246.2 1268
1712194893904 120246.2 1269
1712194904033 120246.2 1270
1712194914154 120246.2 1271
1712194924281 120246.2 1272
1712194934386 120246.2 1273
1712194944526 120246.2 1274
1712194954653 120246.1 1275
1712194964788 120246.1 1276
1712194974905 120246.1 1277
1712194985022 120246.1 1278
1712194995125 120246.1 1279
1712195005251 120246.1 1280
1712195015473 120246.1 1281
1712195025586 120246.1 1282
1712195035711 120246.1 1283
1712195045826 120246.1 1284
1712195055940 120246.1 1285
1712195066064 120246.1 1286
1712195076176 120246.1 1287
1712195086296 120246.1 1288
1712195096413 120246.1 1289
1712195106538 120246.1 1290
1712195116664 120246.1 1291
1712195126805 120246.1 1292
1712195136929 120246.1 1293
1712195147057 120246.1 1294
1712195157173 120246.1 1295
1712195167298 120246.1 1296
1712195177419 120246.1 1297
1712195187540 120246.1 1298
1712195197651 120246.1 1299
1712195207753 120246.1 1300
1712195217868 120246.1 1301
1712195227986 120245.6 1302
1712195238091 120245.6 1303
1712195248201 120245.6 1304
1712195258309 120245.6 1305
1712195268421 120245.6 1306
1712195278533 120245.6 1307
1712195288644 120245.6 1308
1712195298770 120245.6 1309
1712195308978 120245.6 1310
1712195319130 120245.6 1311
1712195329259 120245.6 1312
1712195339403 120245.6 1313
1712195349522 120245.6 1314
1712195359632 120245.6 1315
1712195369734 120245.6 1316
1712195379856 120245.6 1317
1712195389978 120245.6 1318
1712195400094 120245.6 1319
1712195410227 120245.6 1320
1712195420343 120245.6 1321
1712195430459 120245.6 1322
1712195440578 120245.6 1323
1712195450689 120245.6 1324
1712195460890 120245.6 1325
1712195471009 120245.6 1326
1712195481109 120245.6 1327
1712195491224 120245.6 1328
1712195501348 120245.6 1329
1712195511477 120245.6 1330
1712195521599 120245.6 1331
1712195531733 120245.6 1332
1712195541869 120245.6 1333
1712195551984 120245.6 1334
1712195562103 120245.6 1335
1712195572213 120245.6 1336
1712195582325 120245.6 1337
1712195592434 120245.6 1338
1712195602547 120245.6 1339
1712195612676 120245.6 1340
1712195622782 120245.6 1341
1712195632909 120245.6 1342
1712195643015 120245.6 1343
1712195653136 120245.6 1344
1712195663247 120245.6 1345
1712195673365 120245.6 1346
1712195683475 120245.6 1347
1712195693588 120245.6 1348
1712195703701 120245.6 1349
1712195713827 120245.6 1350
1712195723940 120245.6 1351
1712195734057 120245.6 1352
1712195744175 120245.6 1353
1712195754286 120245.6 1354
1712195764404 120245.6 1355
1712195774512 120245.6 1356
1712195784634 120245.6 1357
1712195794746 120245.6 1358
1712195804855 120245.6 1359
1712195814982 120245.6 1360
1712195825111 120245.6 1361
1712195835232 120245.6 1362
1712195845335 120245.6 1363
1712195855449 120245.6 1364
1712195865567 120245.6 1365
1712195875677 120245.6 1366
1712195885793 120245.6 1367
1712195895928 120245.6 1368
1712195906040 120245.6 1369
1712195916162 120245.6 1370
1712195926278 120245.6 1371
1712195936398 120245.6 1372
1712195946523 120245.6 1373
1712195956642 120245.6 1374
1712195966756 120245.6 1375
1712195976886 120245.6 1376
1712195986990 120245.6 1377
1712195997104 120245.6 1378
1712196007237 120245.6 1379
1712196017332 120245.6 1380
1712196027500 120245.6 1381
1712196037588 120245.6 1382
1712196047755 120245.6 1383
1712196057894 120245.6 1384
1712196068033 120245.6 1385
1712196078182 120245.6 1386
1712196088288 120245.5 1387
1712196098435 120245.5 1388
1712196108589 120245.5 1389
1712196118727 120245.5 1390
1712196128871 120245.5 1391
1712196139033 120245.5 1392
1712196149177 120245.5 1393
1712196159333 120245.5 1394
1712196169492 120245.5 1395
1712196179645 120245.5 1396
1712196189777 120245.5 1397
1712196199921 120245.5 1398
1712196210064 120245.5 1399
1712196220203 120245.5 1400
1712196230363 120245.5 1401
1712196240500 120245.5 1402
1712196250627 120245.5 1403
1712196260769 120245.5 1404
1712196270891 120245.0 1405
1712196281007 120245.0 1406
1712196291140 120245.0 1407
1712196301265 120245.0 1408
1712196311377 120245.0 1409
1712196321512 120245.0 1410
1712196331636 120245.0 1411
1712196341771 120245.0 1412
1712196351890 120245.0 1413
1712196362018 120245.0 1414
1712196372145 120245.0 1415
1712196382259 120245.0 1416
1712196392378 120245.0 1417
1712196402509 120245.0 1418
1712196412624 120245.0 1419
1712196422749 120245.0 1420
1712196432862 120245.0 1421
1712196442998 120245.0 1422
1712196453118 120245.0 1423
1712196463234 120245.0 1424
1712196473349 120245.0 1425
1712196483480 120245.0 1426
1712196493616 120245.0 1427
1712196503740 120245.0 1428
1712196513885 120245.0 1429
1712196524002 120245.0 1430
1712196534122 120245.0 1431
1712196544256 120245.0 1432
1712196554369 120245.0 1433
1712196564495 120245.0 1434
1712196574615 120245.0 1435
1712196584731 120245.0 1436
1712196594866 120245.0 1437
1712196604983 120245.0 1438
1712196615132 120245.0 1439
1712196625282 120245.0 1440
1712196635442 120245.0 1441
1712196645589 120245.0 1442
1712196655717 120245.0 1443
1712196665856 120245.0 1444
1712196675970 120245.0 1445
1712196686108 120245.0 1446
1712196696243 120245.0 1447
1712196706393 120245.0 1448
1712196716572 120245.0 1449
1712196726712 120245.0 1450
1712196736841 120245.0 1451
1712196747051 120245.0 1452
1712196757189 120245.0 1453
1712196767342 120245.0 1454
1712196777502 120245.0 1455
1712196787633 120245.0 1456
1712196797770 120245.0 1457
1712196807909 120245.0 1458
1712196818059 120245.0 1459
1712196828199 120245.0 1460
1712196838339 120245.0 1461
1712196848568 120245.0 1462
1712196858718 120245.0 1463
1712196868857 120245.0 1464
1712196878975 120245.0 1465
1712196889107 120245.0 1466
1712196899246 120245.0 1467
1712196909377 120245.0 1468
1712196919521 120245.0 1469
1712196929657 120245.0 1470
1712196939869 120245.0 1471
1712196950003 120245.0 1472
1712196960144 120245.0 1473
1712196970272 120245.0 1474
1712196980404 120245.0 1475
1712196990547 120245.0 1476
1712197000724 120245.0 1477
1712197010909 120245.0 1478
1712197021046 120245.0 1479
1712197031182 120245.0 1480
1712197041325 120245.0 1481
1712197051450 120245.0 1482
1712197061620 120245.0 1483
1712197071777 120245.0 1484
1712197081946 120245.0 1485
1712197092068 120245.0 1486
1712197102221 120245.0 1487
1712197112380 120245.0 1488
1712197122516 120245.0 1489
1712197132656 120245.0 1490
1712197142804 120245.0 1491
1712197152948 120245.0 1492
1712197163091 120245.0 1493
1712197173229 120245.0 1494
1712197183485 120245.0 1495
1712197193665 120245.0 1496
1712197203809 120245.0 1497
1712197213939 120245.0 1498
1712197224093 120245.0 1499
1712197234267 120245.0 1500
1712197244435 120245.0 1501
1712197254591 120245.0 1502
1712197264771 120245.0 1503
1712197274969 120245.0 1504
1712197285146 120245.0 1505
1712197295326 120245.0 1506
1712197305517 120245.0 1507
1712197315649 120244.4 1508
1712197325782 120244.4 1509
1712197335935 120244.4 1510
1712197346080 120244.4 1511
1712197356242 120244.4 1512
1712197366388 120244.4 1513
1712197376527 120244.4 1514
1712197386656 120244.4 1515
1712197396787 120244.4 1516
1712197406919 120244.4 1517
1712197417065 120244.4 1518
1712197427206 120244.4 1519
1712197437350 120244.4 1520
1712197447507 120244.4 1521
1712197457663 120244.4 1522
1712197467794 120244.4 1523
1712197477937 120244.4 1524
1712197488087 120244.4 1525
1712197498241 120244.4 1526
1712197508394 120244.4 1527
1712197518529 120244.4 1528
1712197528673 120244.4 1529
1712197538816 120244.4 1530
1712197548953 120244.4 1531
1712197559121 120244.4 1532
1712197569257 120244.4 1533
1712197579531 120244.4 1534
1712197589689 120244.4 1535
1712197599853 120244.4 1536
1712197609989 120244.4 1537
1712197620147 120244.4 1538
1712197630294 120244.4 1539
1712197640426 120244.4 1540
1712197650596 120244.4 1541
1712197660746 120244.4 1542
1712197670902 120244.4 1543
1712197681070 120244.4 1544
1712197691318 120244.4 1545
1712197701483 120244.4 1546
1712197711638 120244.4 1547
1712197721797 120244.4 1548
1712197731958 120244.4 1549
1712197742116 120244.4 1550
1712197752264 120244.4 1551
1712197762412 120244.4 1552
1712197772569 120244.4 1553
1712197782730 120244.4 1554
1712197792887 120244.4 1555
1712197803114 120244.4 1556
1712197813260 120244.4 1557
1712197823419 120244.4 1558
1712197833563 120244.4 1559
1712197843744 120244.4 1560
1712197853884 120244.4 1561
1712197864064 120244.4 1562
1712197874218 120244.4 1563
1712197884377 120244.4 1564
1712197894522 120244.4 1565
1712197904784 120244.4 1566
1712197914970 120244.4 1567
1712197925126 120244.4 1568
1712197935281 120244.4 1569
1712197945461 120244.4 1570
1712197955628 120244.4 1571
1712197965764 120244.4 1572
1712197975914 120244.4 1573
1712197986065 120244.4 1574
1712197996214 120244.4 1575
1712198006367 120244.4 1576
1712198016529 120244.4 1577
1712198026713 120244.4 1578
1712198036851 120244.4 1579
1712198047000 120244.4 1580
1712198057135 120244.4 1581
1712198067274 120244.4 1582
1712198077449 120244.4 1583
1712198087607 120244.4 1584
1712198097777 120244.4 1585
1712198107919 120244.4 1586
1712198118164 120244.4 1587
1712198128314 120244.4 1588
1712198138497 120244.4 1589
1712198148636 120244.4 1590
1712198158794 120244.4 1591
1712198168957 120244.4 1592
1712198179142 120244.4 1593
1712198189308 120244.4 1594
1712198199448 120244.4 1595
1712198209534 120244.4 1596
1712198219869 120244.4 1597
1712198230047 120244.4 1598
1712198240175 120244.4 1599
1712198250285 120244.4 1600
1712198260429 120244.4 1601
1712198270544 120244.4 1602
1712198280661 120244.4 1603
1712198290832 120244.4 1604
1712198300945 120244.4 1605
1712198311062 120244.4 1606
1712198321237 120244.4 1607
1712198331384 120244.4 1608
1712198341545 120244.4 1609
1712198351792 120244.4 1610
1712198361946 120243.9 1611
1712198372115 120243.9 1612
1712198382193 120243.9 1613
1712198392391 120243.9 1614
1712198402580 120243.9 1615
1712198412696 120243.8 1616
1712198422890 120243.8 1617
1712198433072 120243.8 1618
1712198443168 120243.8 1619
1712198453451 120243.8 1620
1712198463630 120243.8 1621
1712198473799 120243.8 1622
1712198483955 120243.8 1623
1712198494126 120243.8 1624
1712198504215 120243.8 1625
1712198514409 120243.8 1626
1712198524571 120243.8 1627
1712198534747 120243.8 1628
1712198544904 120243.8 1629
1712198555170 120243.8 1630
1712198565290 120243.8 1631
1712198575464 120243.8 1632
1712198585647 120243.8 1633
1712198595828 120243.8 1634
1712198605974 120243.8 1635
1712198616129 120243.8 1636
1712198626209 120243.8 1637
1712198636392 120243.8 1638
1712198646538 120243.8 1639
1712198656755 120243.8 1640
1712198666884 120243.8 1641
1712198677039 120243.8 1642
1712198687129 120243.8 1643
1712198697301 120243.8 1644
1712198707451 120243.8 1645
1712198717578 120243.8 1646
1712198727708 120243.8 1647
1712198737825 120243.8 1648
1712198747966 120243.8 1649
1712198758102 120243.8 1650
1712198768328 120243.8 1651
1712198778463 120243.8 1652
1712198788599 120243.8 1653
1712198798673 120243.8 1654
1712198808853 120243.8 1655
1712198818980 120243.8 1656
1712198829122 120243.8 1657
1712198839248 120243.8 1658
1712198849401 120243.8 1659
1712198859491 120243.8 1660
1712198869780 120243.8 1661
1712198879935 120243.8 1662
1712198890088 120243.8 1663
1712198900238 120243.8 1664
1712198910379 120243.8 1665
1712198920501 120243.8 1666
1712198930647 120243.8 1667
1712198940782 120243.8 1668
1712198950920 120243.8 1669
1712198961055 120243.8 1670
1712198971205 120243.8 1671
1712198981298 120243.8 1672
1712198991471 120243.8 1673
1712199001646 120243.8 1674
1712199011793 120243.8 1675
1712199021955 120243.8 1676
1712199032116 120243.8 1677
1712199042219 120243.8 1678
1712199052369 120243.8 1679
1712199062510 120243.8 1680
1712199072658 120243.8 1681
1712199082891 120243.8 1682
1712199093024 120243.8 1683
1712199103107 120243.8 1684
1712199113261 120243.8 1685
1712199123407 120243.8 1686
1712199133557 120243.8 1687
1712199143721 120243.8 1688
1712199153868 120243.8 1689
1712199163973 120243.8 1690
1712199174138 120243.8 1691
1712199184280 120243.8 1692
1712199194426 120243.8 1693
1712199204587 120243.8 1694
1712199214727 120243.8 1695
1712199224801 120243.8 1696
1712199234952 120243.8 1697
1712199245088 120243.8 1698
1712199255217 120243.8 1699
1712199265360 120243.8 1700
1712199275507 120243.8 1701
1712199285578 120243.8 1702
1712199295844 120243.8 1703
1712199305977 120243.8 1704
1712199316109 120243.8 1705
1712199326261 120243.8 1706
1712199336391 120243.8 1707
1712199346474 120243.8 1708
1712199356605 120243.8 1709
1712199366753 120243.8 1710
1712199376917 120243.8 1711
1712199387085 120243.8 1712
1712199397315 120243.8 1713
1712199407423 120243.3 1714
1712199417572 120243.3 1715
1712199427708 120243.3 1716
1712199437853 120243.3 1717
1712199447992 120243.3 1718
1712199458066 120243.3 1719
1712199468199 120243.3 1720
1712199478345 120243.3 1721
1712199488488 120243.3 1722
1712199498622 120243.3 1723
1712199508766 120243.3 1724
1712199518841 120243.3 1725
1712199528960 120243.3 1726
1712199539089 120243.3 1727
1712199549222 120243.3 1728
1712199559339 120243.3 1729
1712199569464 120243.3 1730
1712199579539 120243.3 1731
1712199589660 120243.3 1732
1712199599788 120243.2 1733
1712199609908 120243.2 1734
1712199620030 120243.2 1735
1712199630152 120243.2 1736
1712199640236 120243.2 1737
1712199650354 120243.2 1738
1712199660488 120243.2 1739
1712199670620 120243.2 1740
1712199680747 120243.2 1741
1712199690874 120243.2 1742
1712199700936 120243.2 1743
1712199711066 120243.2 1744
1712199721195 120243.2 1745
1712199731315 120243.2 1746
1712199741454 120243.2 1747
1712199751591 120243.2 1748
1712199761657 120243.2 1749
1712199771790 120243.2 1750
1712199781916 120243.2 1751
1712199792036 120243.2 1752
1712199802168 120243.2 1753
1712199812285 120243.2 1754
1712199822365 120243.2 1755
1712199832600 120243.2 1756
1712199842730 120243.2 1757
1712199852849 120243.2 1758
1712199862992 120243.2 1759
1712199873174 120243.2 1760
1712199883245 120243.2 1761
1712199893376 120243.2 1762
1712199903503 120243.2 1763
1712199913622 120243.2 1764
1712199923755 120243.2 1765
1712199933977 120243.2 1766
1712199944048 120243.2 1767
1712199954173 120243.2 1768
1712199964293 120243.2 1769
1712199974412 120243.2 1770
1712199984544 120243.2 1771
1712199994657 120243.2 1772
1712200004726 120243.2 1773
1712200014851 120243.2 1774
1712200024968 120243.2 1775
1712200035090 120243.2 1776
1712200045208 120243.2 1777
1712200055326 120243.2 1778
1712200065411 120243.2 1779
1712200075533 120243.2 1780
1712200085666 120243.2 1781
1712200095801 120243.2 1782
1712200105933 120243.2 1783
1712200116084 120243.2 1784
1712200126151 120243.2 1785
1712200136297 120243.2 1786
1712200146446 120243.2 1787
1712200156595 120243.2 1788
1712200166732 120243.2 1789
1712200176862 120243.2 1790
1712200186925 120243.2 1791
1712200197041 120243.2 1792
1712200207191 120243.2 1793
1712200217318 120243.2 1794
1712200227463 120243.2 1795
1712200237576 120243.2 1796
1712200247733 120243.2 1797
1712200257869 120243.2 1798
1712200268049 120243.2 1799
1712200278216 120243.2 1800
1712200288359 120243.2 1801
1712200298511 120243.2 1802
1712200308783 120243.2 1803
1712200318937 120243.2 1804
1712200329078 120243.2 1805
1712200339219 120243.2 1806
1712200349367 120243.2 1807
1712200359510 120243.2 1808
1712200369645 120243.2 1809
1712200379788 120243.2 1810
1712200389935 120243.2 1811
1712200400075 120243.2 1812
1712200410222 120243.2 1813
1712200420383 120243.2 1814
1712200430552 120243.2 1815
1712200440689 120243.2 1816
1712200450832 120243.2 1817
1712200460978 120242.7 1818
1712200471118 120242.7 1819
1712200481274 120242.7 1820
1712200491429 120242.7 1821
1712200501581 120242.7 1822
1712200511728 120242.7 1823
1712200521861 120242.7 1824
1712200532112 120242.7 1825
1712200542237 120242.7 1826
1712200552373 120242.7 1827
1712200562573 120242.7 1828
1712200572715 120242.7 1829
1712200582871 120242.7 1830
1712200593051 120242.7 1831
1712200603190 120242.7 1832
1712200613330 120242.7 1833
1712200623473 120242.7 1834
1712200633609 120242.7 1835
1712200643755 120242.7 1836
1712200653916 120242.7 1837
1712200664075 120242.7 1838
1712200674225 120242.7 1839
1712200684477 120242.7 1840
1712200694614 120242.7 1841
1712200704744 120242.7 1842
1712200714900 120242.7 1843
1712200725043 120242.7 1844
1712200735189 120242.7 1845
1712200745347 120242.7 1846
1712200755505 120242.7 1847
1712200765652 120242.7 1848
1712200775830 120242.6 1849
1712200785990 120242.6 1850
1712200796151 120242.6 1851
1712200806312 120242.6 1852
1712200816478 120242.6 1853
1712200826634 120242.6 1854
1712200836884 120242.6 1855
1712200847050 120242.6 1856
1712200857198 120242.6 1857
1712200867363 120242.6 1858
1712200877526 120242.6 1859
1712200887687 120242.6 1860
1712200897844 120242.6 1861
1712200908098 120242.6 1862
1712200918260 120242.6 1863
1712200928427 120242.6 1864
1712200938592 120242.6 1865
1712200948753 120242.6 1866
1712200958905 120242.6 1867
1712200969058 120242.6 1868
1712200979302 120242.6 1869
1712200989458 120242.6 1870
1712200999598 120242.6 1871
1712201009751 120242.6 1872
1712201019931 120242.6 1873
1712201030063 120242.6 1874
1712201040215 120242.6 1875
1712201050352 120242.6 1876
1712201060488 120242.6 1877
1712201070627 120242.6 1878
1712201080790 120242.6 1879
1712201090933 120242.6 1880
1712201101098 120242.6 1881
1712201111251 120242.6 1882
1712201121395 120242.6 1883
1712201131553 120242.6 1884
1712201141709 120242.6 1885
1712201151851 120242.6 1886
1712201162001 120242.6 1887
1712201172148 120242.6 1888
1712201182300 120242.6 1889
1712201192459 120242.6 1890
1712201202702 120242.6 1891
1712201212859 120242.6 1892
1712201223006 120242.6 1893
1712201233157 120242.6 1894
1712201243302 120242.6 1895
1712201253437 120242.6 1896
1712201263574 120242.6 1897
1712201273807 120242.6 1898
1712201283954 120242.6 1899
1712201294099 120242.6 1900
1712201304247 120242.6 1901
1712201314389 120242.6 1902
1712201324541 120242.6 1903
1712201334744 120242.6 1904
1712201344899 120242.6 1905
1712201355063 120242.6 1906
1712201365227 120242.6 1907
1712201375374 120242.6 1908
1712201385532 120242.6 1909
1712201395689 120242.6 1910
1712201405829 120242.6 1911
1712201415960 120242.6 1912
1712201426189 120242.6 1913
1712201436350 120242.6 1914
1712201446538 120242.6 1915
1712201456676 120242.6 1916
1712201466829 120242.6 1917
1712201476986 120242.6 1918
1712201487120 120242.6 1919
1712201497358 120242.6 1920
1712201507525 120242.1 1921
1712201517683 120242.1 1922
1712201527826 120242.1 1923
1712201537977 120242.1 1924
1712201548144 120242.1 1925
1712201558284 120242.1 1926
1712201568430 120242.1 1927
1712201578574 120242.1 1928
1712201588713 120242.1 1929
1712201598874 120242.1 1930
1712201609034 120242.1 1931
1712201619172 120242.1 1932
1712201629313 120242.1 1933
1712201639447 120242.1 1934
1712201649679 120242.1 1935
1712201659830 120242.1 1936
1712201669997 120242.1 1937
1712201680145 120242.1 1938
1712201690278 120242.1 1939
1712201700427 120242.1 1940
1712201710613 120242.1 1941
1712201720773 120242.1 1942
1712201730920 120242.1 1943
1712201741083 120242.1 1944
1712201751238 120242.1 1945
1712201761403 120242.1 1946
1712201771560 120242.1 1947
1712201781743 120242.1 1948
1712201791897 120242.1 1949
1712201802136 120242.1 1950
1712201812308 120242.1 1951
1712201822482 120242.1 1952
1712201832655 120242.1 1953
1712201842816 120242.1 1954
1712201852990 120242.1 1955
1712201863137 120242.1 1956
1712201873285 120242.1 1957
1712201883431 120242.1 1958
1712201893578 120242.1 1959
1712201903738 120242.1 1960
1712201913912 120242.1 1961
1712201924085 120242.1 1962
1712201934230 120242.1 1963
1712201944302 120242.1 1964
1712201954511 120242.1 1965
1712201964679 120242.1 1966
1712201974828 120242.1 1967
1712201984961 120242.1 1968
1712201995102 120242.1 1969
1712202005240 120242.1 1970
1712202015369 120242.1 1971
1712202025512 120242.1 1972
1712202035646 120242.1 1973
1712202045796 120242.1 1974
1712202055937 120242.1 1975
1712202066070 120242.1 1976
1712202076198 120242.1 1977
1712202086350 120242.0 1978
1712202096490 120242.0 1979
1712202106696 120242.0 1980
1712202116835 120242.0 1981
1712202126954 120242.0 1982
1712202137082 120242.0 1983
1712202147217 120242.0 1984
1712202157365 120242.0 1985
1712202167497 120242.0 1986
1712202177645 120242.0 1987
1712202187796 120242.0 1988
1712202197928 120242.0 1989
1712202208080 120242.0 1990
1712202218202 120242.0 1991
1712202228335 120242.0 1992
1712202238459 120242.0 1993
1712202248593 120242.0 1994
1712202258839 120242.0 1995
1712202268983 120242.0 1996
1712202279140 120242.0 1997
1712202289261 120242.0 1998
1712202299400 120242.0 1999
1712202309526 120242.0 2000
1712202319667 120242.0 2001
1712202329817 120242.0 2002
1712202339947 120242.0 2003
1712202350089 120242.0 2004
1712202360226 120242.0 2005
1712202370353 120242.0 2006
1712202380480 120242.0 2007
1712202390613 120242.0 2008
1712202400742 120242.0 2009
1712202410914 120242.0 2010
1712202421056 120242.0 2011
1712202431186 120242.0 2012
1712202441263 120242.0 2013
1712202451425 120242.0 2014
1712202461586 120242.0 2015
1712202471734 120242.0 2016
1712202482017 120242.0 2017
1712202492173 120242.0 2018
1712202502332 120242.0 2019
1712202512494 120242.0 2020
1712202522581 120242.0 2021
1712202532724 120242.0 2022
1712202542880 119143.2 2023
1712202553019 119142.7 2024
1712202563199 119142.7 2025
1712202573360 119142.7 2026
1712202583508 119142.7 2027
1712202593655 119142.7 2028
1712202603805 119142.7 2029
1712202613944 119142.7 2030
1712202624094 119142.7 2031
1712202634295 119142.7 2032
1712202644438 119142.7 2033
1712202654571 119142.7 2034
1712202664699 119142.7 2035
1712202674844 119142.7 2036
1712202684968 119142.7 2037
1712202695097 119142.7 2038
1712202705179 119142.7 2039
1712202715316 119142.7 2040
1712202725457 119142.7 2041
1712202735579 119142.7 2042
1712202745743 119142.7 2043
1712202755889 119142.7 2044
1712202766031 119142.7 2045
1712202776181 119142.7 2046
1712202786411 119142.7 2047
1712202796553 119142.7 2048
1712202806690 119142.7 2049
1712202816830 119142.7 2050
1712202826979 119142.7 2051
1712202837117 119142.7 2052
1712202847244 119142.7 2053
1712202857472 119142.7 2054
1712202867634 119142.7 2055
1712202877766 119142.7 2056
1712202887913 119142.7 2057
1712202898042 119142.7 2058
1712202908194 119142.7 2059
1712202918342 119142.7 2060
1712202928514 119142.7 2061
1712202938779 119142.7 2062
1712202948907 119142.7 2063
1712202959067 119142.7 2064
1712202969205 119142.7 2065
1712202979355 119142.7 2066
1712202989497 119142.7 2067
1712202999576 119142.7 2068
1712203009734 119142.7 2069
1712203019907 119142.7 2070
1712203030045 119142.7 2071
1712203040183 119142.7 2072
1712203050316 119142.7 2073
1712203060460 119142.7 2074
1712203070609 119142.7 2075
1712203080769 119151.1 2076
1712203091012 119151.1 2077
1712203101192 119151.1 2078
1712203111365 119151.1 2079
1712203121541 119151.1 2080
1712203131706 119151.1 2081
1712203141876 119151.1 2082
1712203152055 119151.1 2083
1712203162257 119151.1 2084
1712203172533 119151.1 2085
1712203182739 119151.1 2086
1712203192960 119151.1 2087
1712203203156 119151.0 2088
1712203213340 119151.0 2089
1712203223529 119151.0 2090
1712203233782 119151.0 2091
1712203244092 119151.0 2092
1712203254298 119151.0 2093
1712203264490 119151.0 2094
1712203274693 119151.0 2095
1712203284908 119151.0 2096
1712203295173 119151.0 2097
1712203305387 119151.0 2098
1712203315676 119151.0 2099
1712203325861 119151.0 2100
1712203336037 119151.0 2101
1712203346197 119151.0 2102
1712203356336 119151.0 2103
1712203366495 119151.0 2104
1712203376663 119151.0 2105
1712203386745 119151.0 2106
1712203396991 119151.0 2107
1712203407229 119151.0 2108
1712203417373 119151.0 2109
1712203427533 119151.0 2110
1712203437703 119151.0 2111
1712203447863 119151.0 2112
1712203458030 119151.0 2113
1712203468288 119151.0 2114
1712203478455 119151.0 2115
1712203488626 119151.0 2116
1712203498799 119151.0 2117
1712203508931 119151.0 2118
1712203519065 119151.0 2119
1712203529247 119151.0 2120
1712203539401 119151.0 2121
1712203549559 119151.0 2122
1712203559710 119151.0 2123
1712203569869 119151.0 2124
1712203580029 119151.0 2125
1712203590185 119151.0 2126
1712203600328 119150.5 2127
1712203610490 119150.5 2128
1712203620713 119150.5 2129
1712203630873 119150.5 2130
1712203641036 119150.5 2131
1712203651196 119150.5 2132
1712203661361 119150.5 2133
1712203671524 119150.5 2134
1712203681670 119150.5 2135
1712203691893 119150.5 2136
1712203702050 119150.5 2137
1712203712203 119150.5 2138
1712203722339 119150.5 2139
1712203732494 119150.5 2140
1712203742649 119150.5 2141
1712203752900 119150.5 2142
1712203763066 119150.5 2143
1712203773208 119150.5 2144
1712203783356 119150.5 2145
1712203793514 119150.5 2146
1712203803762 119150.5 2147
1712203813930 119150.5 2148
1712203824100 119150.5 2149
1712203834258 119150.5 2150
1712203844416 119150.5 2151
1712203854593 119150.5 2152
1712203864821 119150.5 2153
1712203875059 119150.5 2154
1712203885230 119150.5 2155
1712203895430 119150.5 2156
1712203905584 119150.5 2157
1712203915881 119150.5 2158
1712203926056 119150.5 2159
1712203936238 119150.5 2160
1712203946421 119150.5 2161
1712203956529 119150.5 2162
1712203966665 119150.5 2163
1712203977037 119150.5 2164
1712203987221 119150.5 2165
1712203997409 119150.5 2166
1712204007556 119150.5 2167
1712204017844 119150.5 2168
1712204028039 119150.5 2169
1712204038145 119150.5 2170
1712204048380 119150.5 2171
1712204058512 119150.5 2172
1712204068643 119150.5 2173
1712204078852 119150.5 2174
1712204089086 119150.5 2175
1712204099221 119150.4 2176
1712204109411 119150.4 2177
1712204119553 119150.4 2178
1712204129850 119150.4 2179
1712204139947 119150.4 2180
1712204150103 119150.4 2181
1712204160269 119150.4 2182
1712204170512 119150.4 2183
1712204180665 119150.4 2184
1712204190836 119150.4 2185
1712204200966 119150.4 2186
1712204211103 119150.4 2187
1712204221273 119150.4 2188
1712204231417 119150.4 2189
1712204241566 119150.4 2190
1712204251753 119150.4 2191
1712204261995 119150.4 2192
1712204272141 119150.4 2193
1712204282305 119150.4 2194
1712204292456 119150.4 2195
1712204302714 119150.4 2196
1712204312857 119150.4 2197
1712204322986 119150.4 2198
1712204333161 119150.4 2199
1712204343307 119150.4 2200
1712204353475 119150.4 2201
1712204363634 119150.4 2202
1712204373769 119150.4 2203
1712204383883 119150.4 2204
1712204394163 119150.4 2205
1712204404318 119150.4 2206
1712204414485 119150.4 2207
1712204424640 119150.4 2208
1712204434785 119150.4 2209
1712204444882 119150.4 2210
1712204455077 119150.4 2211
1712204465241 119150.4 2212
1712204475478 119150.4 2213
1712204485649 119150.4 2214
1712204495804 119150.4 2215
1712204505901 119150.4 2216
1712204516226 119150.4 2217
1712204526397 119150.4 2218
1712204536564 119150.4 2219
1712204546718 119150.4 2220
1712204556960 119150.4 2221
1712204567051 119150.4 2222
1712204577257 119150.4 2223
1712204587435 119150.4 2224
1712204597594 119150.4 2225
1712204607822 119150.4 2226
1712204617970 119150.4 2227
1712204628153 119150.4 2228
1712204638300 119150.4 2229
1712204648479 119149.9 2230
1712204658702 119149.9 2231
1712204668852 119149.9 2232
1712204679010 119149.9 2233
1712204689199 119149.9 2234
1712204699441 119149.9 2235
1712204709592 119149.9 2236
1712204719752 119149.9 2237
1712204729903 119149.9 2238
1712204740006 119149.9 2239
1712204750220 119149.9 2240
1712204760382 119149.9 2241
1712204770614 119149.9 2242
1712204780787 119149.9 2243
1712204790952 119149.9 2244
1712204801047 119149.9 2245
1712204811273 119149.9 2246
1712204821441 119149.9 2247
1712204831683 119149.9 2248
1712204841842 119149.9 2249
1712204852013 119149.9 2250
1712204862098 119149.9 2251
1712204872260 119149.9 2252
1712204882587 119149.9 2253
1712204892799 119149.9 2254
1712204902987 119149.9 2255
1712204913159 119149.9 2256
1712204923368 119149.9 2257
1712204933632 119149.9 2258
1712204943904 119149.9 2259
1712204954081 119149.9 2260
1712204964289 119149.9 2261
1712204974438 119149.9 2262
1712204984693 119149.9 2263
1712204994877 119149.9 2264
1712205005098 119149.9 2265
1712205015284 119149.9 2266
1712205025465 119149.9 2267
1712205035634 119149.9 2268
1712205045925 119149.9 2269
1712205056115 119149.9 2270
1712205066298 119149.9 2271
1712205076490 119149.9 2272
1712205086684 119149.9 2273
1712205096958 119149.9 2274
1712205107119 119149.9 2275
1712205117323 119149.9 2276
1712205127514 119149.9 2277
1712205137747 119149.9 2278
1712205148035 119149.9 2279
1712205158211 119149.9 2280
1712205168388 119149.9 2281
1712205178564 119149.9 2282
1712205188744 119149.9 2283
1712205198905 119149.9 2284
1712205209053 119149.9 2285
1712205219222 119149.9 2286
1712205229386 119149.9 2287
1712205239532 119149.9 2288
1712205249707 119149.9 2289
1712205259904 119149.9 2290
1712205270056 119149.9 2291
1712205280214 119149.9 2292
1712205290346 119149.9 2293
1712205300495 119149.9 2294
1712205310649 119149.9 2295
1712205320794 119149.9 2296
1712205330971 119149.9 2297
1712205341117 119149.9 2298
1712205351279 119149.9 2299
1712205361440 119149.9 2300
1712205371599 119149.9 2301
1712205381732 119149.9 2302
1712205391867 119149.9 2303
1712205402028 119149.9 2304
1712205412181 119149.9 2305
1712205422322 119149.9 2306
1712205432475 119149.9 2307
1712205442622 119149.9 2308
1712205452778 119149.9 2309
1712205462942 119149.9 2310
1712205473108 119149.9 2311
1712205483262 119149.9 2312
1712205493438 119149.9 2313
1712205503697 119149.9 2314
1712205513884 119149.9 2315
1712205524061 119149.9 2316
1712205534222 119149.9 2317
1712205544399 119149.9 2318
1712205554594 119149.9 2319
1712205564873 119149.9 2320
1712205575073 119149.9 2321
1712205585255 119149.9 2322
1712205595439 119149.9 2323
1712205605620 119149.9 2324
1712205615891 119149.9 2325
1712205626102 119149.9 2326
1712205636287 119149.8 2327
1712205646471 119149.8 2328
1712205656655 119149.8 2329
1712205666855 119149.8 2330
1712205677038 119149.8 2331
1712205687318 119149.8 2332
1712205697489 119149.3 2333
1712205707674 119149.3 2334
1712205717855 119149.3 2335
1712205728039 119149.3 2336
1712205738224 119149.3 2337
1712205748403 119149.3 2338
1712205758662 119149.3 2339
1712205768855 119149.3 2340
1712205779035 119149.3 2341
1712205789205 119149.3 2342
1712205799486 119149.3 2343
1712205809679 119149.3 2344
1712205819859 119149.3 2345
1712205830032 119149.3 2346
1712205840208 119149.3 2347
1712205850400 119149.3 2348
1712205860678 119149.3 2349
1712205870857 119149.3 2350
1712205881024 119149.3 2351
1712205891198 119149.3 2352
1712205901365 119149.3 2353
1712205911552 119149.3 2354
1712205921761 119149.3 2355
1712205931945 119149.3 2356
1712205942152 119149.3 2357
1712205952342 119149.3 2358
1712205962605 119149.3 2359
1712205972792 119149.3 2360
