1712182080175 150996.9 0
1712182090258 150996.9 1
1712182100326 153723.3 2
1712182110394 153723.3 3
1712182120455 153723.3 4
1712182130516 153723.3 5
1712182140576 153723.3 6
1712182150639 153723.3 7
1712182160736 153723.3 8
1712182170810 153723.3 9
1712182180880 153723.3 10
1712182190956 153723.3 11
1712182201028 153723.3 12
1712182211100 153723.3 13
1712182221174 153723.3 14
1712182231247 153723.3 15
1712182241338 153723.3 16
1712182251408 153723.3 17
1712182261485 153723.3 18
1712182271546 153723.3 19
1712182281629 153723.3 20
1712182291711 153723.3 21
1712182301791 153723.3 22
1712182311868 153723.3 23
1712182321944 153723.3 24
1712182332014 153723.3 25
1712182342095 153723.3 26
1712182352164 153723.3 27
1712182362245 153723.3 28
1712182372316 153723.4 29
1712182382380 153723.4 30
1712182392456 153723.4 31
1712182402535 153723.4 32
1712182412597 153723.4 33
1712182422681 153723.4 34
1712182432751 153723.4 35
1712182442816 153723.4 36
1712182452892 153723.4 37
1712182462972 153723.4 38
1712182473045 153723.4 39
1712182483124 153723.4 40
1712182493191 153723.4 41
1712182503271 153723.4 42
1712182513339 153723.4 43
1712182523425 153723.4 44
1712182533500 153723.4 45
1712182543574 153723.4 46
1712182553670 153723.4 47
1712182563764 153723.4 48
1712182573837 153723.4 49
1712182583915 153723.4 50
1712182594000 153723.4 51
1712182604084 153723.4 52
1712182614155 153723.4 53
1712182624238 153723.4 54
1712182634334 153723.4 55
1712182644420 153723.4 56
1712182654495 153723.4 57
1712182664604 153723.4 58
1712182674690 153723.4 59
1712182684776 153723.4 60
1712182694860 153723.4 61
1712182704931 153723.4 62
1712182715035 153723.4 63
1712182725121 153723.4 64
1712182735214 153723.4 65
1712182745298 153723.9 66
1712182755379 153723.9 67
1712182765479 153723.9 68
1712182775568 153723.9 69
1712182785662 153723.9 70
1712182795747 153723.9 71
1712182805814 153723.9 72
1712182815911 153723.9 73
1712182826006 153723.9 74
1712182836081 153723.9 75
1712182846161 153723.9 76
1712182856230 153723.9 77
1712182866302 153723.9 78
1712182876376 153723.9 79
1712182886463 153723.9 80
1712182896546 153723.9 81
1712182906638 153723.9 82
1712182916712 153723.9 83
1712182926799 153723.9 84
1712182936882 153723.9 85
1712182946961 153723.9 86
1712182957046 153723.9 87
1712182967124 153723.9 88
1712182977190 153723.9 89
1712182987278 153723.9 90
1712182997347 153723.9 91
1712183007418 153723.9 92
1712183017495 153723.9 93
1712183027570 153723.9 94
1712183037641 153723.9 95
1712183047727 153723.9 96
1712183057801 153723.9 97
1712183067888 153723.9 98
1712183077975 153723.9 99
1712183088020 153723.9 100
1712183098055 153723.9 101
1712183108099 153723.9 102
1712183118191 153723.9 103
1712183128235 153723.9 104
1712183138275 153723.9 105
1712183148377 153723.9 106
1712183158416 153723.9 107
1712183168447 153723.9 108
1712183178549 153723.9 109
1712183188592 153723.9 110
1712183198628 153723.9 111
1712183208710 153723.9 112
1712183218746 153723.9 113
1712183228784 153723.9 114
1712183238872 153723.9 115
1712183248913 153723.9 116
1712183258955 153723.9 117
1712183269051 153723.9 118
1712183279083 153723.9 119
1712183289116 153723.9 120
1712183299204 153723.9 121
1712183309239 153723.9 122
1712183319267 153723.9 123
1712183329350 153723.9 124
1712183339395 153723.9 125
1712183349484 153723.9 126
1712183359580 153723.9 127
1712183369680 153723.9 128
1712183379711 153723.9 129
1712183389789 153723.9 130
1712183399880 153723.9 131
1712183409964 153723.9 132
1712183420053 153723.9 133
1712183430130 153723.9 134
1712183440170 153723.9 135
1712183450257 153723.9 136
1712183460334 153723.9 137
1712183470431 153723.9 138
1712183480514 153723.9 139
1712183490604 153723.9 140
1712183500644 153723.9 141
1712183510725 153723.9 142
1712183520809 153723.9 143
1712183530899 153723.9 144
1712183540987 153723.9 145
1712183551093 153723.9 146
1712183561137 153723.9 147
1712183571220 153723.9 148
1712183581311 153723.9 149
1712183591409 153723.9 150
1712183601502 153724.0 151
1712183611608 153724.0 152
1712183621645 153724.0 153
1712183631732 153724.0 154
1712183641841 153724.0 155
1712183651950 153724.0 156
1712183662041 153724.0 157
1712183672135 153724.0 158
1712183682175 153724.0 159
1712183692269 153724.0 160
1712183702351 153724.0 161
1712183712463 153724.0 162
1712183722559 153724.0 163
1712183732641 153724.0 164
1712183742690 153724.0 165
1712183752783 153724.0 166
1712183762884 153724.0 167
1712183772975 153724.0 168
1712183783062 153724.5 169
1712183793137 153724.5 170
1712183803171 153724.5 171
1712183813255 153724.5 172
1712183823340 153724.5 173
1712183833423 153724.5 174
1712183843524 153724.5 175
1712183853619 153724.5 176
1712183863656 153724.5 177
1712183873738 153724.5 178
1712183883820 153724.5 179
1712183893920 153724.5 180
1712183904013 153724.5 181
1712183914099 153724.5 182
1712183924142 153724.5 183
1712183934237 153724.5 184
1712183944335 154822.4 185
1712183954429 154822.4 186
1712183964525 154822.4 187
1712183974618 154822.4 188
1712183984663 154822.4 189
1712183994750 154822.4 190
1712184004842 154822.4 191
1712184014926 154822.4 192
1712184025013 154822.4 193
1712184035095 154822.4 194
1712184045136 154822.4 195
1712184055221 154822.4 196
1712184065300 154822.4 197
1712184075387 154822.4 198
1712184085477 154822.4 199
1712184095573 154822.4 200
1712184105612 154822.4 201
1712184115705 154822.4 202
1712184125803 154822.4 203
1712184135899 154822.4 204
1712184145985 154822.4 205
1712184156069 154822.4 206
1712184166103 154822.4 207
1712184176201 154822.4 208
1712184186300 154822.4 209
1712184196385 154822.4 210
1712184206486 154822.4 211
1712184216574 154822.4 212
1712184226622 154822.4 213
1712184236714 154822.4 214
1712184246803 154822.4 215
1712184256913 154822.4 216
1712184267014 154822.4 217
1712184277113 154822.4 218
1712184287162 154822.4 219
1712184297275 154822.4 220
1712184307388 154822.4 221
1712184317503 154822.4 222
1712184327641 154822.4 223
1712184337691 154822.4 224
1712184347826 154822.4 225
1712184357939 154822.4 226
1712184368031 154822.4 227
1712184378150 154822.4 228
1712184388248 154822.4 229
1712184398289 154822.4 230
1712184408412 154822.4 231
1712184418522 154822.4 232
1712184428621 154822.4 233
1712184438740 154822.4 234
1712184448849 154822.4 235
1712184458896 154822.4 236
1712184468983 154822.4 237
1712184479071 154822.4 238
1712184489170 154822.4 239
1712184499265 154822.4 240
1712184509349 154822.4 241
1712184519398 154822.4 242
1712184529498 154822.4 243
1712184539603 154822.4 244
1712184549709 154822.4 245
1712184559796 154822.4 246
1712184569900 154822.4 247
1712184579939 154822.4 248
1712184590039 154822.4 249
1712184600137 154822.4 250
1712184610235 154822.4 251
1712184620323 154822.4 252
1712184630417 154822.4 253
1712184640453 154822.4 254
1712184650546 154822.4 255
1712184660627 154822.4 256
1712184670721 154822.4 257
1712184680815 154822.4 258
1712184690901 154822.4 259
1712184700948 154822.4 260
1712184711042 154822.4 261
1712184721134 154822.4 262
1712184731219 154822.4 263
1712184741310 154822.4 264
1712184751392 154822.4 265
1712184761438 154822.4 266
1712184771520 154822.4 267
1712184781633 154822.4 268
1712184791731 154822.4 269
1712184801826 154822.4 270
1712184811908 154822.4 271
1712184821945 154822.9 272
1712184832041 154822.9 273
1712184842132 154822.9 274
1712184852213 154822.9 275
1712184862310 154822.9 276
1712184872404 154822.9 277
1712184882448 154822.9 278
1712184892546 154822.9 279
1712184902651 154822.9 280
1712184912743 154822.9 281
1712184922834 154822.9 282
1712184932931 154822.9 283
1712184942968 154822.9 284
1712184953071 154822.9 285
1712184963166 154822.9 286
1712184973254 154822.9 287
1712184983341 154822.9 288
1712184993435 154822.9 289
1712185003479 154822.9 290
1712185013588 154822.9 291
1712185023687 154822.9 292
1712185033782 154822.9 293
1712185043892 154822.9 294
1712185053989 154822.9 295
1712185064031 154822.9 296
1712185074119 154822.9 297
1712185084206 154822.9 298
1712185094299 154822.9 299
1712185104389 154822.9 300
1712185114490 154822.9 301
1712185124544 154822.9 302
1712185134648 154822.9 303
1712185144739 154822.9 304
1712185154845 154822.9 305
1712185164946 154822.9 306
1712185175050 154822.9 307
1712185185088 154822.9 308
1712185195171 154822.9 309
1712185205265 154823.0 310
1712185215365 154823.0 311
1712185225462 154823.0 312
1712185235506 154823.0 313
1712185245554 154823.0 314
1712185255584 154823.0 315
1712185265676 154823.0 316
1712185275726 154823.0 317
1712185285775 154823.0 318
1712185295870 154823.0 319
1712185305974 154823.0 320
1712185316099 154823.0 321
1712185326142 154823.0 322
1712185336236 154823.0 323
1712185346318 154823.0 324
1712185356420 154823.0 325
1712185366511 154823.0 326
1712185376610 154823.0 327
1712185386686 154823.0 328
1712185396777 154823.0 329
1712185406878 154823.0 330
1712185416966 154823.0 331
1712185427069 154823.0 332
1712185437162 154823.0 333
1712185447265 154823.0 334
1712185457352 154823.0 335
1712185467440 154823.0 336
1712185477542 154823.0 337
1712185487639 154823.0 338
1712185497749 154823.0 339
1712185507839 154823.0 340
1712185517931 154823.0 341
1712185528028 154823.0 342
1712185538126 154823.0 343
1712185548227 154823.0 344
1712185558313 154823.0 345
1712185568400 154823.0 346
1712185578491 154823.0 347
1712185588586 154823.0 348
1712185598674 154823.0 349
1712185608766 154823.0 350
1712185618849 154823.0 351
1712185628940 154823.0 352
1712185639026 154823.0 353
1712185649125 154823.0 354
1712185659207 154823.0 355
1712185669302 154823.0 356
1712185679409 154823.0 357
1712185689496 154823.0 358
1712185699597 154823.0 359
1712185709686 154823.0 360
1712185719779 154823.0 361
1712185729886 154823.0 362
1712185739973 154823.0 363
1712185750089 154823.0 364
1712185760194 154823.0 365
1712185770300 154823.0 366
1712185780417 154823.0 367
1712185790514 154823.0 368
1712185800611 154823.0 369
1712185810707 154823.0 370
1712185820791 154823.0 371
1712185830875 154823.0 372
1712185840969 154823.0 373
1712185851055 154823.0 374
1712185861148 154823.5 375
1712185871240 154823.5 376
1712185881333 154823.5 377
1712185891428 154823.5 378
1712185901517 154823.5 379
1712185911617 154823.5 380
1712185921658 154823.5 381
1712185931753 154823.5 382
1712185941864 154823.5 383
1712185951965 154823.5 384
1712185962068 154823.5 385
1712185972116 154823.5 386
1712185982213 154823.5 387
1712185992309 154823.5 388
1712186002408 154823.5 389
1712186012509 154823.5 390
1712186022597 154823.5 391
1712186032689 154823.5 392
1712186042785 154823.5 393
1712186052984 154823.5 394
1712186063074 154823.5 395
1712186073170 154823.5 396
1712186083258 154823.5 397
1712186093364 154823.5 398
1712186103454 154823.5 399
1712186113557 154823.5 400
1712186123658 154823.5 401
1712186133753 154823.5 402
1712186143859 154823.5 403
1712186153970 154823.5 404
1712186164073 154823.5 405
1712186174177 154823.5 406
1712186184267 154823.5 407
1712186194366 154823.5 408
1712186204487 154823.5 409
1712186214596 154823.5 410
1712186224694 154823.5 411
1712186234785 154823.5 412
1712186244888 154823.5 413
1712186254992 154823.5 414
1712186265100 154823.5 415
1712186275194 154823.5 416
1712186285292 154823.5 417
1712186295398 154823.5 418
1712186305491 154823.5 419
1712186315614 154823.5 420
1712186325706 154823.5 421
1712186335802 154823.5 422
1712186345947 154823.5 423
1712186356044 154823.5 424
1712186366143 154823.5 425
1712186376247 154823.5 426
1712186386385 154816.7 427
1712186396500 154816.7 428
1712186406692 154816.7 429
1712186416784 154816.7 430
1712186426889 154816.7 431
1712186437001 154816.7 432
1712186447090 154816.7 433
1712186457198 154816.7 434
1712186467298 154816.7 435
1712186477393 154816.7 436
1712186487484 154816.7 437
1712186497583 154816.7 438
1712186507688 154816.7 439
1712186517776 154816.7 440
1712186527823 154816.7 441
1712186537872 155896.9 442
1712186547922 155896.9 443
1712186557968 155896.9 444
1712186568008 155896.9 445
1712186578120 155896.9 446
1712186588160 155896.9 447
1712186598211 155896.9 448
1712186608332 155896.9 449
1712186618382 155896.9 450
1712186628492 155896.9 451
1712186638598 155896.9 452
1712186648704 155896.9 453
1712186658805 155896.9 454
1712186668914 155896.9 455
1712186678968 155896.9 456
1712186689072 155896.9 457
1712186699164 155896.9 458
1712186709276 155896.9 459
1712186719392 155896.9 460
1712186729651 155896.9 461
1712186739725 155896.9 462
1712186749816 155896.9 463
1712186759928 155896.9 464
1712186770030 155896.9 465
1712186780130 155896.9 466
1712186790225 155896.9 467
1712186800271 155896.9 468
1712186810370 155896.9 469
1712186820468 155896.9 470
1712186830564 155896.9 471
1712186840653 155896.9 472
1712186850739 155896.9 473
1712186860778 155896.9 474
1712186870866 155896.9 475
1712186880967 155896.9 476
1712186891056 155896.9 477
1712186901140 155897.4 478
1712186911235 155897.4 479
1712186921267 155897.4 480
1712186931358 155897.4 481
1712186941467 155897.4 482
1712186951551 155897.4 483
1712186961635 155897.4 484
1712186971742 155897.4 485
1712186981787 155897.4 486
1712186991877 155897.4 487
1712187001980 155897.4 488
1712187012074 155897.4 489
1712187022179 155897.4 490
1712187032264 155897.4 491
1712187042315 155897.4 492
1712187052437 155897.4 493
1712187062532 155897.4 494
1712187072634 155897.4 495
1712187082729 155897.4 496
1712187092790 155897.4 497
1712187102861 155897.4 498
1712187112913 155897.4 499
1712187123025 155897.4 500
1712187133078 155897.4 501
1712187143123 155897.4 502
1712187153226 155897.4 503
1712187163279 155897.4 504
1712187173335 155897.4 505
1712187183450 155897.4 506
1712187193565 155897.4 507
1712187203619 155897.4 508
1712187213679 155897.4 509
1712187223781 155897.4 510
1712187233844 155897.4 511
1712187243881 155897.4 512
1712187253971 155897.4 513
1712187264031 155897.4 514
1712187274075 155897.4 515
1712187284180 155897.4 516
1712187294230 155897.5 517
1712187304349 155897.5 518
1712187314402 155897.5 519
1712187324459 155897.5 520
1712187334502 155897.5 521
1712187344607 155897.5 522
1712187354718 155897.5 523
1712187364817 155897.5 524
1712187374917 155897.5 525
1712187385026 155897.5 526
1712187395130 155897.5 527
1712187405191 155897.5 528
1712187415288 155897.5 529
1712187425404 155897.5 530
1712187435530 155897.5 531
1712187445632 155897.5 532
1712187455749 155897.5 533
1712187465814 155897.5 534
1712187475920 155897.5 535
1712187486021 155897.5 536
1712187496128 155897.5 537
1712187506236 155897.5 538
1712187516336 155897.5 539
1712187526397 155897.5 540
1712187536491 155897.5 541
1712187546595 155897.5 542
1712187556697 155897.5 543
1712187566800 155897.5 544
1712187576898 155897.5 545
1712187586956 155897.5 546
1712187597051 155897.5 547
1712187607153 155897.5 548
1712187617252 155897.5 549
1712187627356 155897.5 550
1712187637450 155897.5 551
1712187647570 155897.5 552
1712187657676 155897.5 553
1712187667783 155897.5 554
1712187677887 155897.5 555
1712187687984 155897.5 556
1712187698036 155897.5 557
1712187708130 155897.5 558
1712187718230 155897.5 559
1712187728354 155897.5 560
1712187738459 155897.5 561
1712187748572 155897.5 562
1712187758623 155897.5 563
1712187768730 155897.5 564
1712187778832 155897.5 565
1712187788926 155897.5 566
1712187799038 155897.5 567
1712187809151 155897.5 568
1712187819198 155897.5 569
1712187829311 155897.5 570
1712187839433 155897.5 571
1712187849542 155897.5 572
1712187859647 155897.5 573
1712187869757 155897.5 574
1712187879808 155897.5 575
1712187889922 155897.5 576
1712187900026 155897.5 577
1712187910134 155897.5 578
1712187920253 155897.5 579
1712187930357 155897.5 580
1712187940406 155898.0 581
1712187950504 155898.0 582
1712187960613 155898.0 583
1712187970720 155898.0 584
1712187980825 155898.0 585
1712187990929 155898.0 586
1712188000995 155898.0 587
1712188011098 155898.0 588
1712188021198 155898.0 589
1712188031301 155898.0 590
1712188041413 155898.0 591
1712188051508 155898.0 592
1712188061551 155898.0 593
1712188071602 155898.0 594
1712188081652 155898.0 595
1712188091691 155898.0 596
1712188101743 155898.0 597
1712188111779 155898.0 598
1712188121880 155898.0 599
1712188131923 155898.0 600
1712188142036 155898.0 601
1712188152083 155898.0 602
1712188162199 155898.0 603
1712188172304 155898.0 604
1712188182356 155898.0 605
1712188192406 155898.0 606
1712188202453 155898.0 607
1712188212496 155898.0 608
1712188222663 155898.0 609
1712188232802 155898.0 610
1712188242843 155898.0 611
1712188253003 155898.0 612
1712188263150 155898.0 613
1712188273199 155898.0 614
1712188283241 155898.0 615
1712188293282 155898.0 616
1712188303472 155898.0 617
1712188313513 155898.0 618
1712188323559 155898.0 619
1712188333716 155898.0 620
1712188343861 155898.0 621
1712188354007 155898.0 622
1712188364060 155898.0 623
1712188374221 155898.0 624
1712188384271 155898.0 625
1712188394322 155898.0 626
1712188404467 155898.0 627
1712188414519 155898.0 628
1712188424571 155898.0 629
1712188434717 155898.0 630
1712188444849 155898.0 631
1712188454891 155898.0 632
1712188465022 155898.0 633
1712188475207 155898.0 634
1712188485245 155898.0 635
1712188495350 155898.0 636
1712188505448 155898.0 637
1712188515551 155898.0 638
1712188525657 155898.0 639
1712188535755 155898.0 640
1712188545805 155898.0 641
1712188555891 155898.0 642
1712188565997 155898.0 643
1712188576095 155898.0 644
1712188586195 155898.0 645
1712188596280 155898.0 646
1712188606339 155898.0 647
1712188616433 155898.0 648
1712188626546 155898.0 649
1712188636647 155898.0 650
1712188646748 155898.0 651
1712188656846 155898.0 652
1712188666892 155898.0 653
1712188677006 155898.0 654
1712188687105 155898.0 655
1712188697206 155898.0 656
1712188707312 155898.0 657
1712188717421 155898.0 658
1712188727510 155898.0 659
1712188737604 155898.0 660
1712188747700 155898.0 661
1712188757803 155898.0 662
1712188767906 155898.0 663
1712188777946 155898.0 664
1712188788045 155898.0 665
1712188798139 155898.0 666
1712188808236 155898.0 667
1712188818336 155898.0 668
1712188828454 155898.0 669
1712188838493 155898.0 670
1712188848603 155898.0 671
1712188858697 155898.0 672
1712188868794 155898.0 673
1712188878896 155898.1 674
1712188888994 155898.1 675
1712188899042 155898.1 676
1712188909145 155898.1 677
1712188919243 155898.1 678
1712188929354 155898.1 679
1712188939462 155898.1 680
1712188949560 155898.1 681
1712188959596 155898.1 682
1712188969696 155898.1 683
1712188979811 155898.6 684
1712188989913 155898.6 685
1712189000024 155898.6 686
1712189010125 155898.6 687
1712189020171 155898.6 688
1712189030281 155898.6 689
1712189040390 155898.6 690
1712189050506 155898.6 691
1712189060625 155898.6 692
1712189070744 155898.6 693
1712189080797 155898.6 694
1712189090904 155898.6 695
1712189101010 155898.6 696
1712189111130 155898.6 697
1712189121256 155898.6 698
1712189131369 155898.6 699
1712189141426 155898.6 700
1712189151544 155898.6 701
1712189161653 155898.6 702
1712189171838 155898.6 703
1712189181935 155898.6 704
1712189192031 155898.6 705
1712189202079 155898.6 706
1712189212167 155898.6 707
1712189222274 155898.6 708
1712189232372 155898.6 709
1712189242473 155898.6 710
1712189252589 155898.6 711
1712189262637 155898.6 712
1712189272743 155898.6 713
1712189282831 155898.6 714
1712189292924 155898.6 715
1712189303028 155898.6 716
1712189313131 155898.6 717
1712189323189 155898.6 718
1712189333294 155898.6 719
1712189343413 155898.6 720
1712189353522 155898.6 721
1712189363628 155898.6 722
1712189373732 155898.6 723
1712189383787 155898.6 724
1712189393892 155898.6 725
1712189403996 155898.6 726
1712189414087 155898.6 727
1712189424186 155898.6 728
1712189434291 155898.6 729
1712189444341 155898.6 730
1712189454436 155898.6 731
1712189464531 155898.6 732
1712189474622 155898.6 733
1712189484733 155898.6 734
1712189494846 155898.6 735
1712189504893 155898.6 736
1712189514993 155898.6 737
1712189525100 155898.6 738
1712189535209 155898.6 739
1712189545309 155898.6 740
1712189555403 155898.6 741
1712189565458 155898.6 742
1712189575557 155898.6 743
1712189585657 155898.6 744
1712189595764 155898.6 745
1712189605878 155898.6 746
1712189615981 155898.6 747
1712189626035 155898.6 748
1712189636137 155898.6 749
1712189646252 155898.6 750
1712189656345 155898.6 751
1712189666453 155898.6 752
1712189676555 155898.6 753
1712189686606 155898.6 754
1712189696719 155898.6 755
1712189706811 155898.6 756
1712189716916 155898.6 757
1712189727021 155898.6 758
1712189737123 155898.6 759
1712189747167 155898.6 760
1712189757289 155898.6 761
1712189767403 155898.6 762
1712189777512 155898.6 763
1712189787611 155898.6 764
1712189797671 155898.7 765
1712189807772 155898.7 766
1712189817877 155898.7 767
1712189827978 155898.7 768
1712189838083 155898.7 769
1712189848191 155898.7 770
1712189858236 155898.7 771
1712189868339 155898.7 772
1712189878445 155898.7 773
1712189888547 155898.7 774
1712189898652 155898.7 775
1712189908755 155898.7 776
1712189918798 155898.7 777
1712189928909 155898.7 778
1712189939015 155898.7 779
1712189949114 155898.7 780
1712189959214 155898.7 781
1712189969315 155898.7 782
1712189979356 155898.7 783
1712189989459 155898.7 784
1712189999555 155898.7 785
1712190009652 155898.7 786
1712190019740 155899.2 787
1712190029855 155899.2 788
1712190039898 155899.2 789
1712190050006 155899.2 790
1712190060101 155899.2 791
1712190070188 155899.2 792
1712190080289 155899.2 793
1712190090384 155899.2 794
1712190100438 155899.2 795
1712190110530 155899.2 796
1712190120630 155899.2 797
1712190130728 155899.2 798
1712190140827 155899.2 799
1712190150931 155899.2 800
1712190160991 155899.2 801
1712190171098 155899.2 802
1712190181212 155899.2 803
1712190191396 155899.2 804
1712190201504 155899.2 805
1712190211614 155899.2 806
1712190221657 155899.2 807
1712190231752 155899.2 808
1712190241859 155899.2 809
1712190251950 155899.2 810
1712190262046 155899.2 811
1712190272140 155899.2 812
1712190282181 155899.2 813
1712190292281 155899.2 814
1712190302387 155899.2 815
1712190312492 155899.2 816
1712190322595 155899.2 817
1712190332686 155899.2 818
1712190342738 155899.2 819
1712190352837 155899.2 820
1712190362939 155899.2 821
1712190373035 155899.2 822
1712190383127 155899.2 823
1712190393229 155899.2 824
1712190403290 155899.2 825
1712190413486 155899.2 826
1712190423601 155899.2 827
1712190433707 155899.2 828
1712190443820 155899.2 829
1712190453940 155899.2 830
1712190463993 155899.2 831
1712190474114 155899.2 832
1712190484234 155899.2 833
1712190494339 155899.2 834
1712190504471 155899.2 835
1712190514594 155899.2 836
1712190524646 155899.2 837
1712190534761 155899.2 838
1712190544865 155899.2 839
1712190554972 155899.2 840
1712190565089 155899.2 841
1712190575189 155899.2 842
1712190585235 155899.2 843
1712190595346 155899.2 844
1712190605457 155899.2 845
1712190615559 155899.2 846
1712190625660 155899.2 847
1712190635858 155899.2 848
1712190645913 155899.2 849
1712190656025 155899.2 850
1712190666127 155899.2 851
1712190676182 155899.2 852
1712190686294 155899.2 853
1712190696348 155899.2 854
1712190706404 155899.2 855
1712190716522 155899.2 856
1712190726577 155899.2 857
1712190736630 155899.2 858
1712190746748 155899.2 859
1712190756805 155899.2 860
1712190766853 155899.2 861
1712190776950 155899.2 862
1712190786996 155899.2 863
1712190797064 155899.2 864
1712190807179 155899.2 865
1712190817224 155899.2 866
1712190827278 155899.2 867
1712190837375 155899.2 868
1712190847419 155899.2 869
1712190857480 155899.2 870
1712190867578 155899.2 871
1712190877638 155899.2 872
1712190887698 155899.2 873
1712190897794 155899.2 874
1712190907845 155899.2 875
1712190917940 155899.2 876
1712190928035 155899.2 877
1712190938087 155899.2 878
1712190948184 155899.2 879
1712190958291 155899.2 880
1712190968401 155899.2 881
1712190978514 155899.2 882
1712190988626 155899.2 883
1712190998673 155899.3 884
1712191008774 155899.3 885
1712191018872 155899.3 886
1712191028970 155899.3 887
1712191039070 155899.3 888
1712191049172 155899.3 889
1712191059230 155899.8 890
1712191069329 155899.8 891
1712191079428 155899.8 892
1712191089527 155899.8 893
1712191099617 155899.8 894
1712191109728 155899.8 895
1712191119773 155899.8 896
1712191129884 155899.8 897
1712191139978 155899.8 898
1712191150080 155899.8 899
1712191160190 155899.8 900
1712191170298 155899.8 901
1712191180350 155899.8 902
1712191190445 155899.8 903
1712191200545 155899.8 904
1712191210660 155899.8 905
1712191220759 155899.8 906
1712191230869 155899.8 907
1712191240925 155899.8 908
1712191251020 155899.8 909
1712191261130 155899.8 910
1712191271221 155899.8 911
1712191281325 155899.8 912
1712191291456 155899.8 913
1712191301514 155899.8 914
1712191311703 155899.8 915
1712191321823 155899.8 916
1712191331939 155899.8 917
1712191342060 155899.8 918
1712191352177 155899.8 919
1712191362232 155899.8 920
1712191372360 155899.8 921
1712191382488 155899.8 922
1712191392618 155899.8 923
1712191402743 155899.8 924
1712191412867 155899.8 925
1712191422926 155899.8 926
1712191433035 155899.8 927
1712191443163 155899.8 928
1712191453283 155899.8 929
1712191463415 155899.8 930
1712191473538 155899.8 931
1712191483606 155899.8 932
1712191493744 155899.8 933
1712191503861 155899.8 934
1712191514075 155899.8 935
1712191524198 155899.8 936
1712191534304 155899.8 937
1712191544355 155899.8 938
1712191554474 155899.8 939
1712191564573 155899.8 940
1712191574680 155899.8 941
1712191584779 155899.8 942
1712191594880 155899.8 943
1712191604937 155899.8 944
1712191615047 155899.8 945
1712191625166 155899.8 946
1712191635285 155899.8 947
1712191645389 155899.8 948
1712191655500 155899.8 949
1712191665546 155899.8 950
1712191675665 155899.8 951
1712191685782 155899.8 952
1712191695888 155899.8 953
1712191706012 155899.8 954
1712191716116 155899.8 955
1712191726170 155899.8 956
1712191736294 155899.8 957
1712191746398 155899.8 958
1712191756604 155899.8 959
1712191766728 155899.8 960
1712191776848 155899.8 961
1712191786898 155899.8 962
1712191797048 155899.8 963
1712191807177 155899.8 964
1712191817289 155899.8 965
1712191827419 155899.8 966
1712191837477 155899.8 967
1712191847586 155899.8 968
1712191857705 155899.8 969
1712191867807 155899.8 970
1712191877933 155899.8 971
1712191888046 155899.8 972
1712191898102 155899.8 973
1712191908219 155899.8 974
1712191918318 155899.8 975
1712191928424 155899.8 976
1712191938539 155899.8 977
1712191948644 155899.8 978
1712191958694 155899.8 979
1712191968811 155899.8 980
1712191978919 155899.8 981
1712191989122 155899.8 982
1712191999231 155899.8 983
1712192009340 155899.8 984
1712192019392 155899.8 985
1712192029497 155899.8 986
1712192039613 155899.8 987
1712192049717 155899.8 988
1712192059823 155899.8 989
1712192069942 155899.8 990
1712192080000 155899.8 991
1712192090106 155899.8 992
1712192100203 155900.3 993
1712192110307 155900.3 994
1712192120425 155900.3 995
1712192130530 155900.3 996
1712192140595 155900.3 997
1712192150695 155900.3 998
1712192160799 155900.3 999
1712192170916 155900.3 1000
1712192181020 155900.3 1001
1712192191117 155900.3 1002
1712192201182 155900.3 1003
1712192211288 155900.3 1004
1712192221387 155900.3 1005
1712192231494 155900.3 1006
1712192241589 155900.3 1007
1712192251706 155900.3 1008
1712192261764 155900.3 1009
1712192271885 155900.3 1010
1712192281993 155900.3 1011
1712192292091 155900.3 1012
1712192302207 155900.3 1013
1712192312318 155900.3 1014
1712192322375 155900.3 1015
1712192332490 155900.3 1016
1712192342594 155900.3 1017
1712192352703 155900.3 1018
1712192362800 155900.3 1019
1712192372907 155900.3 1020
1712192382966 155900.3 1021
1712192393070 155900.3 1022
1712192403138 155900.3 1023
1712192413189 155900.3 1024
1712192423249 155900.3 1025
1712192433378 155900.3 1026
1712192443633 155900.4 1027
1712192453760 155900.4 1028
1712192463884 155900.4 1029
1712192474026 155900.4 1030
1712192484156 155900.4 1031
1712192494298 155900.4 1032
1712192504438 155900.4 1033
1712192514562 155900.4 1034
1712192524697 155900.4 1035
1712192534837 155900.4 1036
1712192544960 155900.4 1037
1712192555087 155900.4 1038
1712192565210 155900.4 1039
1712192575332 155900.4 1040
1712192585460 155900.4 1041
1712192595587 155900.4 1042
1712192605718 155900.4 1043
1712192615845 155900.4 1044
1712192625959 155900.4 1045
1712192636083 155900.4 1046
1712192646209 155900.4 1047
1712192656322 155900.4 1048
1712192666461 155900.4 1049
1712192676576 155900.4 1050
1712192686703 155900.4 1051
1712192696815 155900.4 1052
1712192706937 155900.4 1053
1712192717060 155900.4 1054
1712192727194 155900.4 1055
1712192737330 155900.4 1056
1712192747445 155900.4 1057
1712192757576 155900.4 1058
1712192767698 155900.4 1059
1712192777838 155900.4 1060
1712192787972 155900.4 1061
1712192798087 155900.4 1062
1712192808220 155900.4 1063
1712192818338 155900.4 1064
1712192828450 155900.4 1065
1712192838576 155900.4 1066
1712192848712 155900.4 1067
1712192858838 155900.4 1068
1712192868966 155900.4 1069
1712192879077 155900.4 1070
1712192889189 155900.4 1071
1712192899302 155900.4 1072
1712192909422 155900.4 1073
1712192919546 155900.4 1074
1712192929661 155900.4 1075
1712192939776 155900.4 1076
1712192949904 155900.4 1077
1712192960053 155900.4 1078
1712192970177 155900.4 1079
1712192980298 155900.4 1080
1712192990421 155900.4 1081
1712193000544 155900.4 1082
1712193010666 155900.4 1083
1712193020797 155900.4 1084
1712193030914 155900.4 1085
1712193041071 155900.4 1086
1712193051216 155900.4 1087
1712193061332 155900.4 1088
1712193071448 155900.4 1089
1712193081573 155900.4 1090
1712193091692 155900.4 1091
1712193101833 155900.4 1092
1712193111945 155900.4 1093
1712193122061 155900.4 1094
1712193132171 155900.4 1095
1712193142288 155900.9 1096
1712193152416 155900.9 1097
1712193162548 155900.9 1098
1712193172664 155900.9 1099
1712193182794 155900.9 1100
1712193192941 155900.9 1101
1712193203063 155900.9 1102
1712193213175 155900.9 1103
1712193223309 155900.9 1104
1712193233431 155900.9 1105
1712193243554 155901.0 1106
1712193253691 155901.0 1107
1712193263801 155901.0 1108
1712193273948 155901.0 1109
1712193284081 155901.0 1110
1712193294204 155901.0 1111
1712193304323 155901.0 1112
1712193314441 155901.0 1113
1712193324557 155901.0 1114
1712193334729 155901.0 1115
1712193344864 155901.0 1116
1712193354981 155901.0 1117
1712193365112 155901.0 1118
1712193375235 155901.0 1119
1712193385352 155901.0 1120
1712193395465 155901.0 1121
1712193405577 155901.0 1122
1712193415705 155901.0 1123
1712193425838 155901.0 1124
1712193435955 155901.0 1125
1712193446081 155901.0 1126
1712193456218 155901.0 1127
1712193466342 155901.0 1128
1712193476482 155901.0 1129
1712193486637 155901.0 1130
1712193496784 155901.0 1131
1712193506915 155901.0 1132
1712193517065 155901.0 1133
1712193527199 155901.0 1134
1712193537343 155901.0 1135
1712193547449 155901.0 1136
1712193557572 155901.0 1137
1712193567696 155901.0 1138
1712193577816 155901.0 1139
1712193587927 155901.0 1140
1712193598048 155901.0 1141
1712193608180 155901.0 1142
1712193618299 155901.0 1143
1712193628429 155901.0 1144
1712193638561 155901.0 1145
1712193648684 155901.0 1146
1712193658811 155901.0 1147
1712193668928 155901.0 1148
1712193679053 155901.0 1149
1712193689178 155901.0 1150
1712193699412 155901.0 1151
1712193709534 155901.0 1152
1712193719679 155901.0 1153
1712193729808 155901.0 1154
1712193739950 155901.0 1155
1712193750077 155901.0 1156
1712193760214 155901.0 1157
1712193770333 155901.0 1158
1712193780474 155901.0 1159
1712193790626 155901.0 1160
1712193800756 155901.0 1161
1712193810904 155901.0 1162
1712193821042 155901.0 1163
1712193831176 155901.0 1164
1712193841318 155901.0 1165
1712193851453 155901.0 1166
1712193861593 155901.0 1167
1712193871720 155901.0 1168
1712193881860 155901.0 1169
1712193891986 155901.0 1170
1712193902104 155901.0 1171
1712193912175 155901.0 1172
1712193922281 155901.0 1173
1712193932350 155901.0 1174
1712193942462 155901.0 1175
1712193952586 155901.0 1176
1712193962700 155901.0 1177
1712193972925 155901.0 1178
1712193983057 155901.0 1179
1712193993178 155901.0 1180
1712194003302 155901.0 1181
1712194013429 155901.0 1182
1712194023541 155901.0 1183
1712194033660 155901.0 1184
1712194043778 155901.0 1185
1712194053895 155901.0 1186
1712194064045 155901.0 1187
1712194074147 155901.0 1188
1712194084264 155901.0 1189
1712194094374 155901.0 1190
1712194104475 155901.0 1191
1712194114591 155901.0 1192
1712194124695 155901.0 1193
1712194134812 155901.0 1194
1712194144925 155901.0 1195
1712194155036 155901.0 1196
1712194165163 155901.0 1197
1712194175269 155901.0 1198
1712194185343 155901.6 1199
1712194195486 155901.6 1200
1712194205550 155901.6 1201
1712194215685 155901.6 1202
1712194225805 155901.6 1203
1712194235886 155901.6 1204
1712194246000 155901.6 1205
1712194256067 155901.6 1206
1712194266198 155901.6 1207
1712194276438 155901.6 1208
1712194286505 155901.6 1209
1712194296610 155901.6 1210
1712194306731 155901.6 1211
1712194316844 155901.6 1212
1712194326964 155901.6 1213
1712194337090 155901.6 1214
1712194347211 155901.6 1215
1712194357345 155901.6 1216
1712194367461 155901.6 1217
1712194377577 155901.6 1218
1712194387708 155901.6 1219
1712194397837 155901.6 1220
1712194407961 155901.6 1221
1712194418080 155901.6 1222
1712194428201 155901.6 1223
1712194438319 155901.6 1224
1712194448422 155901.6 1225
1712194458534 155901.6 1226
1712194468589 155901.6 1227
1712194478662 155901.6 1228
1712194488720 155901.6 1229
1712194498798 155901.6 1230
1712194508919 155901.6 1231
1712194519042 155901.6 1232
1712194529176 155901.6 1233
1712194539289 155901.6 1234
1712194549423 155901.6 1235
1712194559531 155901.6 1236
1712194569642 155901.6 1237
1712194579859 155901.6 1238
1712194589989 155901.6 1239
1712194600098 155901.6 1240
1712194610229 155901.6 1241
1712194620357 155901.6 1242
1712194630487 155901.6 1243
1712194640637 155901.6 1244
1712194650750 155901.6 1245
1712194660874 155901.6 1246
1712194670944 155901.6 1247
1712194681077 155901.6 1248
1712194691207 155901.6 1249
1712194701333 155901.6 1250
1712194711464 155901.6 1251
1712194721660 155901.6 1252
1712194731792 155901.6 1253
1712194741932 155901.6 1254
1712194752052 155901.6 1255
1712194762185 155901.6 1256
1712194772306 155901.6 1257
1712194782437 155901.6 1258
1712194792561 155901.6 1259
1712194802678 155901.6 1260
1712194812796 155901.6 1261
1712194822921 155901.6 1262
1712194833043 155901.6 1263
1712194843174 155901.6 1264
1712194853298 155901.6 1265
1712194863418 155901.6 1266
1712194873668 155901.6 1267
1712194883783 155901.6 1268
1712194893904 155901.6 1269
1712194904033 155901.6 1270
1712194914154 155901.6 1271
1712194924281 155901.6 1272
1712194934386 155901.6 1273
1712194944526 155901.6 1274
1712194954653 155901.6 1275
1712194964788 155901.6 1276
1712194974905 155901.6 1277
1712194985022 155901.6 1278
1712194995125 155901.6 1279
1712195005251 155901.6 1280
1712195015473 155901.6 1281
1712195025586 155901.6 1282
1712195035711 155901.6 1283
1712195045826 155901.6 1284
1712195055940 155901.6 1285
1712195066064 155901.6 1286
1712195076176 155901.6 1287
1712195086296 155901.6 1288
1712195096413 155901.6 1289
1712195106538 155901.6 1290
1712195116664 155901.6 1291
1712195126805 155901.6 1292
1712195136929 155901.6 1293
1712195147057 155901.6 1294
1712195157173 155901.6 1295
1712195167298 155901.6 1296
1712195177419 155901.6 1297
1712195187540 155901.6 1298
1712195197651 155901.6 1299
1712195207753 155901.6 1300
1712195217868 155901.6 1301
1712195227986 155902.1 1302
1712195238091 155902.1 1303
1712195248201 155902.1 1304
1712195258309 155902.1 1305
1712195268421 155902.1 1306
1712195278533 155902.1 1307
1712195288644 155902.1 1308
1712195298770 155902.1 1309
1712195308978 155902.1 1310
1712195319130 155902.1 1311
1712195329259 155902.1 1312
1712195339403 155902.1 1313
1712195349522 155902.1 1314
1712195359632 155902.1 1315
1712195369734 155902.1 1316
1712195379856 155902.1 1317
1712195389978 155902.1 1318
1712195400094 155902.1 1319
1712195410227 155902.1 1320
1712195420343 155902.1 1321
1712195430459 155902.1 1322
1712195440578 155902.1 1323
1712195450689 155902.1 1324
1712195460890 155902.1 1325
1712195471009 155902.1 1326
1712195481109 155902.1 1327
1712195491224 155902.1 1328
1712195501348 155902.1 1329
1712195511477 155902.1 1330
1712195521599 155902.1 1331
1712195531733 155902.1 1332
1712195541869 155902.1 1333
1712195551984 155902.1 1334
1712195562103 155902.1 1335
1712195572213 155902.1 1336
1712195582325 155902.1 1337
1712195592434 155902.1 1338
1712195602547 155902.1 1339
1712195612676 155902.1 1340
1712195622782 155902.1 1341
1712195632909 155902.1 1342
1712195643015 155902.1 1343
1712195653136 155902.1 1344
1712195663247 155902.1 1345
1712195673365 155902.1 1346
1712195683475 155902.1 1347
1712195693588 155902.1 1348
1712195703701 155902.1 1349
1712195713827 155902.1 1350
1712195723940 155902.1 1351
1712195734057 155902.1 1352
1712195744175 155902.1 1353
1712195754286 155902.1 1354
1712195764404 155902.1 1355
1712195774512 155902.1 1356
1712195784634 155902.2 1357
1712195794746 155902.2 1358
1712195804855 155902.2 1359
1712195814982 155902.2 1360
1712195825111 155902.2 1361
1712195835232 155902.2 1362
1712195845335 155902.2 1363
1712195855449 155902.2 1364
1712195865567 155902.2 1365
1712195875677 155902.2 1366
1712195885793 155902.2 1367
1712195895928 155902.2 1368
1712195906040 155902.2 1369
1712195916162 155902.2 1370
1712195926278 155902.2 1371
1712195936398 155902.2 1372
1712195946523 155902.2 1373
1712195956642 155902.2 1374
1712195966756 155902.2 1375
1712195976886 155902.2 1376
1712195986990 155902.2 1377
1712195997104 155902.2 1378
1712196007237 155902.2 1379
1712196017332 155902.2 1380
1712196027500 155902.2 1381
1712196037588 155902.2 1382
1712196047755 155902.2 1383
1712196057894 155902.2 1384
1712196068033 155902.2 1385
1712196078182 155902.2 1386
1712196088288 155902.2 1387
1712196098435 155902.2 1388
1712196108589 155902.2 1389
1712196118727 155902.2 1390
1712196128871 155902.2 1391
1712196139033 155902.2 1392
1712196149177 155902.2 1393
1712196159333 155902.2 1394
1712196169492 155902.2 1395
1712196179645 155902.2 1396
1712196189777 155902.2 1397
1712196199921 155902.2 1398
1712196210064 155902.2 1399
1712196220203 155902.2 1400
1712196230363 155902.2 1401
1712196240500 155902.2 1402
1712196250627 155902.2 1403
1712196260769 155902.2 1404
1712196270891 155902.7 1405
1712196281007 155902.7 1406
1712196291140 155902.7 1407
1712196301265 155902.7 1408
1712196311377 155902.7 1409
1712196321512 155902.7 1410
1712196331636 155902.7 1411
1712196341771 155902.7 1412
1712196351890 155902.7 1413
1712196362018 155902.7 1414
1712196372145 155902.7 1415
1712196382259 155902.7 1416
1712196392378 155902.7 1417
1712196402509 155902.7 1418
1712196412624 155902.7 1419
1712196422749 155902.7 1420
1712196432862 155902.7 1421
1712196442998 155902.7 1422
1712196453118 155902.7 1423
1712196463234 155902.7 1424
1712196473349 155902.7 1425
1712196483480 155902.7 1426
1712196493616 155902.7 1427
1712196503740 155902.7 1428
1712196513885 155902.7 1429
1712196524002 155902.7 1430
1712196534122 155902.7 1431
1712196544256 155902.7 1432
1712196554369 155902.7 1433
1712196564495 155902.7 1434
1712196574615 155902.7 1435
1712196584731 155902.7 1436
1712196594866 155902.7 1437
1712196604983 155902.7 1438
1712196615132 155902.7 1439
1712196625282 155902.7 1440
1712196635442 155902.7 1441
1712196645589 155902.7 1442
1712196655717 155902.7 1443
1712196665856 155902.7 1444
1712196675970 155902.7 1445
1712196686108 155902.7 1446
1712196696243 155902.7 1447
1712196706393 155902.7 1448
1712196716572 155902.7 1449
1712196726712 155902.7 1450
1712196736841 155902.7 1451
1712196747051 155902.7 1452
1712196757189 155902.7 1453
1712196767342 155902.7 1454
1712196777502 155902.7 1455
1712196787633 155902.7 1456
1712196797770 155902.7 1457
1712196807909 155902.7 1458
1712196818059 155902.7 1459
1712196828199 155902.7 1460
1712196838339 155902.7 1461
1712196848568 155902.7 1462
1712196858718 155902.7 1463
1712196868857 155902.7 1464
1712196878975 155902.7 1465
1712196889107 155902.7 1466
1712196899246 155902.7 1467
1712196909377 155902.7 1468
1712196919521 155902.7 1469
1712196929657 155902.7 1470
1712196939869 155902.7 1471
1712196950003 155902.7 1472
1712196960144 155902.7 1473
1712196970272 155902.7 1474
1712196980404 155902.7 1475
1712196990547 155902.7 1476
1712197000724 155902.7 1477
1712197010909 155902.7 1478
1712197021046 155902.7 1479
1712197031182 155902.7 1480
1712197041325 155902.7 1481
1712197051450 155902.7 1482
1712197061620 155902.7 1483
1712197071777 155902.7 1484
1712197081946 155902.7 1485
1712197092068 155902.7 1486
1712197102221 155902.7 1487
1712197112380 155902.7 1488
1712197122516 155902.7 1489
1712197132656 155902.7 1490
1712197142804 155902.7 1491
1712197152948 155902.7 1492
1712197163091 155902.7 1493
1712197173229 155902.7 1494
1712197183485 155902.7 1495
1712197193665 155902.7 1496
1712197203809 155902.7 1497
1712197213939 155902.7 1498
1712197224093 155902.8 1499
1712197234267 155902.8 1500
1712197244435 155902.8 1501
1712197254591 155902.8 1502
1712197264771 155902.8 1503
1712197274969 155902.8 1504
1712197285146 155902.8 1505
1712197295326 155902.8 1506
1712197305517 155902.8 1507
1712197315649 155903.3 1508
1712197325782 155903.3 1509
1712197335935 155903.3 1510
1712197346080 155903.3 1511
1712197356242 155903.3 1512
1712197366388 155903.3 1513
1712197376527 155903.3 1514
1712197386656 155903.3 1515
1712197396787 155903.3 1516
1712197406919 155903.3 1517
1712197417065 155903.3 1518
1712197427206 155903.3 1519
1712197437350 155903.3 1520
1712197447507 155903.3 1521
1712197457663 155903.3 1522
1712197467794 155903.3 1523
1712197477937 155903.3 1524
1712197488087 155903.3 1525
1712197498241 155903.3 1526
1712197508394 155903.3 1527
1712197518529 155903.3 1528
1712197528673 155903.3 1529
1712197538816 155903.3 1530
1712197548953 155903.3 1531
1712197559121 155903.3 1532
1712197569257 155903.3 1533
1712197579531 155903.3 1534
1712197589689 155903.3 1535
1712197599853 155903.3 1536
1712197609989 155903.3 1537
1712197620147 155903.3 1538
1712197630294 155903.3 1539
1712197640426 155903.3 1540
1712197650596 155903.3 1541
1712197660746 155903.3 1542
1712197670902 155903.3 1543
1712197681070 155903.3 1544
1712197691318 155903.3 1545
1712197701483 155903.3 1546
1712197711638 155903.3 1547
1712197721797 155903.3 1548
1712197731958 155903.3 1549
1712197742116 155903.3 1550
1712197752264 155903.3 1551
1712197762412 155903.3 1552
1712197772569 155903.3 1553
1712197782730 155903.3 1554
1712197792887 155903.3 1555
1712197803114 155903.3 1556
1712197813260 155903.3 1557
1712197823419 155903.3 1558
1712197833563 155903.3 1559
1712197843744 155903.3 1560
1712197853884 155903.3 1561
1712197864064 155903.3 1562
1712197874218 155903.3 1563
1712197884377 155903.3 1564
1712197894522 155903.3 1565
1712197904784 155903.3 1566
1712197914970 155903.3 1567
1712197925126 155903.3 1568
1712197935281 155903.3 1569
1712197945461 155903.3 1570
1712197955628 155903.3 1571
1712197965764 155903.3 1572
1712197975914 155903.3 1573
1712197986065 155903.3 1574
1712197996214 155903.3 1575
1712198006367 155903.3 1576
1712198016529 155903.3 1577
1712198026713 155903.3 1578
1712198036851 155903.3 1579
1712198047000 155903.3 1580
1712198057135 155903.3 1581
1712198067274 155903.3 1582
1712198077449 155903.3 1583
1712198087607 155903.3 1584
1712198097777 155903.3 1585
1712198107919 155903.3 1586
1712198118164 155903.3 1587
1712198128314 155903.3 1588
1712198138497 155903.3 1589
1712198148636 155903.3 1590
1712198158794 155903.3 1591
1712198168957 155903.3 1592
1712198179142 155903.4 1593
1712198189308 155903.4 1594
1712198199448 155903.4 1595
1712198209534 155903.4 1596
1712198219869 155903.4 1597
1712198230047 155903.4 1598
1712198240175 155903.4 1599
1712198250285 155903.4 1600
1712198260429 155903.4 1601
1712198270544 155903.4 1602
1712198280661 155903.4 1603
1712198290832 155903.4 1604
1712198300945 155903.4 1605
1712198311062 155903.4 1606
1712198321237 155903.4 1607
1712198331384 155903.4 1608
1712198341545 155903.4 1609
1712198351792 155903.4 1610
1712198361946 155903.9 1611
1712198372115 155903.9 1612
1712198382193 155903.9 1613
1712198392391 155903.9 1614
1712198402580 155903.9 1615
1712198412696 155903.9 1616
1712198422890 155903.9 1617
1712198433072 155903.9 1618
1712198443168 155903.9 1619
1712198453451 155903.9 1620
1712198463630 155903.9 1621
1712198473799 155903.9 1622
1712198483955 155903.9 1623
1712198494126 155903.9 1624
1712198504215 155903.9 1625
1712198514409 155903.9 1626
1712198524571 155903.9 1627
1712198534747 155903.9 1628
1712198544904 155903.9 1629
1712198555170 155903.9 1630
1712198565290 155903.9 1631
1712198575464 155903.9 1632
1712198585647 155903.9 1633
1712198595828 155903.9 1634
1712198605974 155903.9 1635
1712198616129 155903.9 1636
1712198626209 155903.9 1637
1712198636392 155903.9 1638
1712198646538 155903.9 1639
1712198656755 155903.9 1640
1712198666884 155903.9 1641
1712198677039 155903.9 1642
1712198687129 155903.9 1643
1712198697301 155903.9 1644
1712198707451 155903.9 1645
1712198717578 155903.9 1646
1712198727708 155903.9 1647
1712198737825 155903.9 1648
1712198747966 155903.9 1649
1712198758102 155903.9 1650
1712198768328 155903.9 1651
1712198778463 155903.9 1652
1712198788599 155903.9 1653
1712198798673 155903.9 1654
1712198808853 155903.9 1655
1712198818980 155903.9 1656
1712198829122 155903.9 1657
1712198839248 155903.9 1658
1712198849401 155903.9 1659
1712198859491 155903.9 1660
1712198869780 155903.9 1661
1712198879935 155903.9 1662
1712198890088 155903.9 1663
1712198900238 155903.9 1664
1712198910379 155903.9 1665
1712198920501 155903.9 1666
1712198930647 155903.9 1667
1712198940782 155903.9 1668
1712198950920 155903.9 1669
1712198961055 155903.9 1670
1712198971205 155903.9 1671
1712198981298 155903.9 1672
1712198991471 155903.9 1673
1712199001646 155903.9 1674
1712199011793 155903.9 1675
1712199021955 155903.9 1676
1712199032116 155903.9 1677
1712199042219 155903.9 1678
1712199052369 155903.9 1679
1712199062510 155903.9 1680
1712199072658 155903.9 1681
1712199082891 155903.9 1682
1712199093024 155903.9 1683
1712199103107 155903.9 1684
1712199113261 155903.9 1685
1712199123407 155903.9 1686
1712199133557 155903.9 1687
1712199143721 155903.9 1688
1712199153868 155903.9 1689
1712199163973 155903.9 1690
1712199174138 155903.9 1691
1712199184280 155903.9 1692
1712199194426 155903.9 1693
1712199204587 155903.9 1694
1712199214727 155903.9 1695
1712199224801 155903.9 1696
1712199234952 155903.9 1697
1712199245088 155903.9 1698
1712199255217 155903.9 1699
1712199265360 155903.9 1700
1712199275507 155903.9 1701
1712199285578 155903.9 1702
1712199295844 155903.9 1703
1712199305977 155903.9 1704
1712199316109 155903.9 1705
1712199326261 155903.9 1706
1712199336391 155903.9 1707
1712199346474 155903.9 1708
1712199356605 155903.9 1709
1712199366753 155903.9 1710
1712199376917 155903.9 1711
1712199387085 155904.0 1712
1712199397315 155904.0 1713
1712199407423 155904.5 1714
1712199417572 155904.5 1715
1712199427708 155904.5 1716
1712199437853 155904.5 1717
1712199447992 155904.5 1718
1712199458066 155904.5 1719
1712199468199 155904.5 1720
1712199478345 155904.5 1721
1712199488488 155904.5 1722
1712199498622 155904.5 1723
1712199508766 155904.5 1724
1712199518841 155904.5 1725
1712199528960 155904.5 1726
1712199539089 155904.5 1727
1712199549222 155904.5 1728
1712199559339 155904.5 1729
1712199569464 155904.5 1730
1712199579539 155904.5 1731
1712199589660 155904.5 1732
1712199599788 155904.5 1733
1712199609908 155904.5 1734
1712199620030 155904.5 1735
1712199630152 155904.5 1736
1712199640236 155904.5 1737
1712199650354 155904.5 1738
1712199660488 155904.5 1739
1712199670620 155904.5 1740
1712199680747 155904.5 1741
1712199690874 155904.5 1742
1712199700936 155904.5 1743
1712199711066 155904.5 1744
1712199721195 155904.5 1745
1712199731315 155904.5 1746
1712199741454 155904.5 1747
1712199751591 155904.5 1748
1712199761657 155904.5 1749
1712199771790 155904.5 1750
1712199781916 155904.5 1751
1712199792036 155904.5 1752
1712199802168 155904.5 1753
1712199812285 155904.5 1754
1712199822365 155904.5 1755
1712199832600 155904.5 1756
1712199842730 155904.5 1757
1712199852849 155904.5 1758
1712199862992 155904.5 1759
1712199873174 155904.5 1760
1712199883245 155904.5 1761
1712199893376 155904.5 1762
1712199903503 155904.5 1763
1712199913622 155904.5 1764
1712199923755 155904.5 1765
1712199933977 155904.5 1766
1712199944048 155904.5 1767
1712199954173 155904.5 1768
1712199964293 155904.5 1769
1712199974412 155904.5 1770
1712199984544 155904.5 1771
1712199994657 155904.5 1772
1712200004726 155904.5 1773
1712200014851 155904.5 1774
1712200024968 155904.5 1775
1712200035090 155904.5 1776
1712200045208 155904.5 1777
1712200055326 155904.5 1778
1712200065411 155904.5 1779
1712200075533 155904.5 1780
1712200085666 155904.5 1781
1712200095801 155904.5 1782
1712200105933 155904.5 1783
1712200116084 155904.5 1784
1712200126151 155904.5 1785
1712200136297 155904.5 1786
1712200146446 155904.5 1787
1712200156595 155904.5 1788
1712200166732 155904.5 1789
1712200176862 155904.5 1790
1712200186925 155904.5 1791
1712200197041 155904.5 1792
1712200207191 155904.5 1793
1712200217318 155904.5 1794
1712200227463 155904.5 1795
1712200237576 155904.5 1796
1712200247733 155904.5 1797
1712200257869 155904.5 1798
1712200268049 155904.5 1799
1712200278216 155904.5 1800
1712200288359 155904.5 1801
1712200298511 155904.5 1802
1712200308783 155904.5 1803
1712200318937 155904.5 1804
1712200329078 155904.5 1805
1712200339219 155904.5 1806
1712200349367 155904.5 1807
1712200359510 155904.5 1808
1712200369645 155904.5 1809
1712200379788 155904.5 1810
1712200389935 155904.5 1811
1712200400075 155904.5 1812
1712200410222 155904.5 1813
1712200420383 155904.5 1814
1712200430552 155904.5 1815
1712200440689 155904.5 1816
1712200450832 155904.5 1817
1712200460978 155905.0 1818
1712200471118 155905.0 1819
1712200481274 155905.0 1820
1712200491429 155905.0 1821
1712200501581 155905.0 1822
1712200511728 155905.0 1823
1712200521861 155905.0 1824
1712200532112 155905.0 1825
1712200542237 155905.0 1826
1712200552373 155905.0 1827
1712200562573 155905.0 1828
1712200572715 155905.0 1829
1712200582871 155905.0 1830
1712200593051 155905.0 1831
1712200603190 155905.0 1832
1712200613330 155905.0 1833
1712200623473 155905.0 1834
1712200633609 155905.0 1835
1712200643755 155905.0 1836
1712200653916 155905.0 1837
1712200664075 155905.0 1838
1712200674225 155905.0 1839
1712200684477 155905.0 1840
1712200694614 155905.0 1841
1712200704744 155905.0 1842
1712200714900 155905.0 1843
1712200725043 155905.0 1844
1712200735189 155905.0 1845
1712200745347 155905.0 1846
1712200755505 155905.1 1847
1712200765652 155905.1 1848
1712200775830 155905.1 1849
1712200785990 155905.1 1850
1712200796151 155905.1 1851
1712200806312 155905.1 1852
1712200816478 155905.1 1853
1712200826634 155905.1 1854
1712200836884 155905.1 1855
1712200847050 155905.1 1856
1712200857198 155905.1 1857
1712200867363 155905.1 1858
1712200877526 155905.1 1859
1712200887687 155905.1 1860
1712200897844 155905.1 1861
1712200908098 155905.1 1862
1712200918260 155905.1 1863
1712200928427 155905.1 1864
1712200938592 155905.1 1865
1712200948753 155905.1 1866
1712200958905 155905.1 1867
1712200969058 155905.1 1868
1712200979302 155905.1 1869
1712200989458 155905.1 1870
1712200999598 155905.1 1871
1712201009751 155905.1 1872
1712201019931 155905.1 1873
1712201030063 155905.1 1874
1712201040215 155905.1 1875
1712201050352 155905.1 1876
1712201060488 155905.1 1877
1712201070627 155905.1 1878
1712201080790 155905.1 1879
1712201090933 155905.1 1880
1712201101098 155905.1 1881
1712201111251 155905.1 1882
1712201121395 155905.1 1883
1712201131553 155905.1 1884
1712201141709 155905.1 1885
1712201151851 155905.1 1886
1712201162001 155905.1 1887
1712201172148 155905.1 1888
1712201182300 155905.1 1889
1712201192459 155905.1 1890
1712201202702 155905.1 1891
1712201212859 155905.1 1892
1712201223006 155905.1 1893
1712201233157 155905.1 1894
1712201243302 155905.1 1895
1712201253437 155905.1 1896
1712201263574 155905.1 1897
1712201273807 155905.1 1898
1712201283954 155905.1 1899
1712201294099 155905.1 1900
1712201304247 155905.1 1901
1712201314389 155905.1 1902
1712201324541 155905.1 1903
1712201334744 155905.1 1904
1712201344899 155905.1 1905
1712201355063 155905.1 1906
1712201365227 155905.1 1907
1712201375374 155905.1 1908
1712201385532 155905.1 1909
1712201395689 155905.1 1910
1712201405829 155905.1 1911
1712201415960 155905.1 1912
1712201426189 155905.1 1913
1712201436350 155905.1 1914
1712201446538 155905.1 1915
1712201456676 155905.1 1916
1712201466829 155905.1 1917
1712201476986 155905.1 1918
1712201487120 155905.1 1919
1712201497358 155905.1 1920
1712201507525 155905.6 1921
1712201517683 155905.6 1922
1712201527826 155905.6 1923
1712201537977 155905.6 1924
1712201548144 155905.6 1925
1712201558284 155905.6 1926
1712201568430 155905.6 1927
1712201578574 155905.6 1928
1712201588713 155905.6 1929
1712201598874 155905.6 1930
1712201609034 155905.6 1931
1712201619172 155905.6 1932
1712201629313 155905.6 1933
1712201639447 155905.6 1934
1712201649679 155905.6 1935
1712201659830 155905.6 1936
1712201669997 155905.6 1937
1712201680145 155905.6 1938
1712201690278 155905.6 1939
1712201700427 155905.6 1940
1712201710613 155905.6 1941
1712201720773 155905.7 1942
1712201730920 155905.7 1943
1712201741083 155905.7 1944
1712201751238 155905.7 1945
1712201761403 155905.7 1946
1712201771560 155905.7 1947
1712201781743 155905.7 1948
1712201791897 155905.7 1949
1712201802136 155905.7 1950
1712201812308 155905.7 1951
1712201822482 155905.7 1952
1712201832655 155905.7 1953
1712201842816 155905.7 1954
1712201852990 155905.7 1955
1712201863137 155905.7 1956
1712201873285 155905.7 1957
1712201883431 155905.7 1958
1712201893578 155905.7 1959
1712201903738 155905.7 1960
1712201913912 155905.7 1961
1712201924085 155905.7 1962
1712201934230 155905.7 1963
1712201944302 155905.7 1964
1712201954511 155905.7 1965
1712201964679 155905.7 1966
1712201974828 155905.7 1967
1712201984961 155905.7 1968
1712201995102 155905.7 1969
1712202005240 155905.7 1970
1712202015369 155905.7 1971
1712202025512 155905.7 1972
1712202035646 155905.7 1973
1712202045796 155905.7 1974
1712202055937 155905.7 1975
1712202066070 155905.7 1976
1712202076198 155905.7 1977
1712202086350 155905.7 1978
1712202096490 155905.7 1979
1712202106696 155905.7 1980
1712202116835 155905.7 1981
1712202126954 155905.7 1982
1712202137082 155905.7 1983
1712202147217 155905.7 1984
1712202157365 155905.7 1985
1712202167497 155905.7 1986
1712202177645 155905.7 1987
1712202187796 155905.7 1988
1712202197928 155905.7 1989
1712202208080 155905.7 1990
1712202218202 155905.7 1991
1712202228335 155905.7 1992
1712202238459 155905.7 1993
1712202248593 155905.7 1994
1712202258839 155905.7 1995
1712202268983 155905.7 1996
1712202279140 155905.7 1997
1712202289261 155905.7 1998
1712202299400 155905.7 1999
1712202309526 155905.7 2000
1712202319667 155905.7 2001
1712202329817 155905.7 2002
1712202339947 155905.7 2003
1712202350089 155905.7 2004
1712202360226 155905.7 2005
1712202370353 155905.7 2006
1712202380480 155905.7 2007
1712202390613 155905.7 2008
1712202400742 155905.7 2009
1712202410914 155905.7 2010
1712202421056 155905.7 2011
1712202431186 155905.7 2012
1712202441263 155905.7 2013
1712202451425 155905.7 2014
1712202461586 155905.7 2015
1712202471734 155905.7 2016
1712202482017 155905.7 2017
1712202492173 155905.7 2018
1712202502332 155905.7 2019
1712202512494 155905.7 2020
1712202522581 155905.7 2021
1712202532724 155905.7 2022
1712202542880 157004.5 2023
1712202553019 157005.1 2024
1712202563199 157005.1 2025
1712202573360 157005.1 2026
1712202583508 157005.1 2027
1712202593655 157005.1 2028
1712202603805 157005.1 2029
1712202613944 157005.1 2030
1712202624094 157005.1 2031
1712202634295 157005.1 2032
1712202644438 157005.1 2033
1712202654571 157005.1 2034
1712202664699 157005.1 2035
1712202674844 157005.1 2036
1712202684968 157005.1 2037
1712202695097 157005.1 2038
1712202705179 157005.1 2039
1712202715316 157005.1 2040
1712202725457 157005.1 2041
1712202735579 157005.1 2042
1712202745743 157005.1 2043
1712202755889 157005.1 2044
1712202766031 157005.1 2045
1712202776181 157005.1 2046
1712202786411 157005.1 2047
1712202796553 157005.1 2048
1712202806690 157005.1 2049
1712202816830 157005.1 2050
1712202826979 157005.1 2051
1712202837117 157005.1 2052
1712202847244 157005.1 2053
1712202857472 157005.1 2054
1712202867634 157005.1 2055
1712202877766 157005.1 2056
1712202887913 157005.1 2057
1712202898042 157005.1 2058
1712202908194 157005.1 2059
1712202918342 157005.1 2060
1712202928514 157005.1 2061
1712202938779 157005.1 2062
1712202948907 157005.1 2063
1712202959067 157005.1 2064
1712202969205 157005.1 2065
1712202979355 157005.1 2066
1712202989497 157005.1 2067
1712202999576 157005.1 2068
1712203009734 157005.1 2069
1712203019907 157005.1 2070
1712203030045 157005.1 2071
1712203040183 157005.1 2072
1712203050316 157005.1 2073
1712203060460 157005.1 2074
1712203070609 157005.1 2075
1712203080769 156996.7 2076
1712203091012 156996.7 2077
1712203101192 156996.7 2078
1712203111365 156996.7 2079
1712203121541 156996.7 2080
1712203131706 156996.7 2081
1712203141876 156996.7 2082
1712203152055 156996.7 2083
1712203162257 156996.7 2084
1712203172533 156996.7 2085
1712203182739 156996.7 2086
1712203192960 156996.7 2087
1712203203156 156996.7 2088
1712203213340 156996.7 2089
1712203223529 156996.7 2090
1712203233782 156996.7 2091
1712203244092 156996.7 2092
1712203254298 156996.7 2093
1712203264490 156996.7 2094
1712203274693 156996.7 2095
1712203284908 156996.7 2096
1712203295173 156996.7 2097
1712203305387 156996.7 2098
1712203315676 156996.7 2099
1712203325861 156996.7 2100
1712203336037 156996.7 2101
1712203346197 156996.7 2102
1712203356336 156996.7 2103
1712203366495 156996.7 2104
1712203376663 156996.7 2105
1712203386745 156996.7 2106
1712203396991 156996.7 2107
1712203407229 156996.7 2108
1712203417373 156996.7 2109
1712203427533 156996.7 2110
1712203437703 156996.7 2111
1712203447863 156996.7 2112
1712203458030 156996.7 2113
1712203468288 156996.7 2114
1712203478455 156996.7 2115
1712203488626 156996.7 2116
1712203498799 156996.7 2117
1712203508931 156996.7 2118
1712203519065 156996.7 2119
1712203529247 156996.7 2120
1712203539401 156996.7 2121
1712203549559 156996.7 2122
1712203559710 156996.7 2123
1712203569869 156996.7 2124
1712203580029 156996.7 2125
1712203590185 156996.7 2126
1712203600328 156997.2 2127
1712203610490 156997.2 2128
1712203620713 156997.2 2129
1712203630873 156997.2 2130
1712203641036 156997.2 2131
1712203651196 156997.2 2132
1712203661361 156997.2 2133
1712203671524 156997.2 2134
1712203681670 156997.2 2135
1712203691893 156997.2 2136
1712203702050 156997.2 2137
1712203712203 156997.2 2138
1712203722339 156997.2 2139
1712203732494 156997.2 2140
1712203742649 156997.2 2141
1712203752900 156997.2 2142
1712203763066 156997.2 2143
1712203773208 156997.2 2144
1712203783356 156997.2 2145
1712203793514 156997.2 2146
1712203803762 156997.2 2147
1712203813930 156997.2 2148
1712203824100 156997.2 2149
1712203834258 156997.2 2150
1712203844416 156997.2 2151
1712203854593 156997.2 2152
1712203864821 156997.2 2153
1712203875059 156997.2 2154
1712203885230 156997.2 2155
1712203895430 156997.2 2156
1712203905584 156997.2 2157
1712203915881 156997.2 2158
1712203926056 156997.2 2159
1712203936238 156997.2 2160
1712203946421 156997.2 2161
1712203956529 156997.2 2162
1712203966665 156997.2 2163
1712203977037 156997.2 2164
1712203987221 156997.2 2165
1712203997409 156997.3 2166
1712204007556 156997.3 2167
1712204017844 156997.3 2168
1712204028039 156997.3 2169
1712204038145 156997.3 2170
1712204048380 156997.3 2171
1712204058512 156997.3 2172
1712204068643 156997.3 2173
1712204078852 156997.3 2174
1712204089086 156997.3 2175
1712204099221 156997.3 2176
1712204109411 156997.3 2177
1712204119553 156997.3 2178
1712204129850 156997.3 2179
1712204139947 156997.3 2180
1712204150103 156997.3 2181
1712204160269 156997.3 2182
1712204170512 156997.3 2183
1712204180665 156997.3 2184
1712204190836 156997.3 2185
1712204200966 156997.3 2186
1712204211103 156997.3 2187
1712204221273 156997.3 2188
1712204231417 156997.3 2189
1712204241566 156997.3 2190
1712204251753 156997.3 2191
1712204261995 156997.3 2192
1712204272141 156997.3 2193
1712204282305 156997.3 2194
1712204292456 156997.3 2195
1712204302714 156997.3 2196
1712204312857 156997.3 2197
1712204322986 156997.3 2198
1712204333161 156997.3 2199
1712204343307 156997.3 2200
1712204353475 156997.3 2201
1712204363634 156997.3 2202
1712204373769 156997.3 2203
1712204383883 156997.3 2204
1712204394163 156997.3 2205
1712204404318 156997.3 2206
1712204414485 156997.3 2207
1712204424640 156997.3 2208
1712204434785 156997.3 2209
1712204444882 156997.3 2210
1712204455077 156997.3 2211
1712204465241 156997.3 2212
1712204475478 156997.3 2213
1712204485649 156997.3 2214
1712204495804 156997.3 2215
1712204505901 156997.3 2216
1712204516226 156997.3 2217
1712204526397 156997.3 2218
1712204536564 156997.3 2219
1712204546718 156997.3 2220
1712204556960 156997.3 2221
1712204567051 156997.3 2222
1712204577257 156997.3 2223
1712204587435 156997.3 2224
1712204597594 156997.3 2225
1712204607822 156997.3 2226
1712204617970 156997.3 2227
1712204628153 156997.3 2228
1712204638300 156997.3 2229
1712204648479 156997.8 2230
1712204658702 156997.8 2231
1712204668852 156997.8 2232
1712204679010 156997.8 2233
1712204689199 156997.8 2234
1712204699441 156997.8 2235
1712204709592 156997.8 2236
1712204719752 156997.8 2237
1712204729903 156997.8 2238
1712204740006 156997.8 2239
1712204750220 156997.8 2240
1712204760382 156997.8 2241
1712204770614 156997.8 2242
1712204780787 156997.8 2243
1712204790952 156997.8 2244
1712204801047 156997.8 2245
1712204811273 156997.8 2246
1712204821441 156997.8 2247
1712204831683 156997.8 2248
1712204841842 156997.8 2249
1712204852013 156997.8 2250
1712204862098 156997.8 2251
1712204872260 156997.8 2252
1712204882587 156997.8 2253
1712204892799 156997.8 2254
1712204902987 156997.8 2255
1712204913159 156997.8 2256
1712204923368 156997.8 2257
1712204933632 156997.8 2258
1712204943904 156997.8 2259
1712204954081 156997.8 2260
1712204964289 156997.8 2261
1712204974438 156997.8 2262
1712204984693 156997.8 2263
1712204994877 156997.8 2264
1712205005098 156997.8 2265
1712205015284 156997.8 2266
1712205025465 156997.8 2267
1712205035634 156997.8 2268
1712205045925 156997.8 2269
1712205056115 156997.8 2270
1712205066298 156997.8 2271
1712205076490 156997.8 2272
1712205086684 156997.8 2273
1712205096958 156997.8 2274
1712205107119 156997.8 2275
1712205117323 156997.8 2276
1712205127514 156997.8 2277
1712205137747 156997.8 2278
1712205148035 156997.8 2279
1712205158211 156997.8 2280
1712205168388 156997.8 2281
1712205178564 156997.8 2282
1712205188744 156997.8 2283
1712205198905 156997.8 2284
1712205209053 156997.8 2285
1712205219222 156997.8 2286
1712205229386 156997.8 2287
1712205239532 156997.8 2288
1712205249707 156997.8 2289
1712205259904 156997.8 2290
1712205270056 156997.8 2291
1712205280214 156997.8 2292
1712205290346 156997.8 2293
1712205300495 156997.8 2294
1712205310649 156997.8 2295
1712205320794 156997.8 2296
1712205330971 156997.8 2297
1712205341117 156997.8 2298
1712205351279 156997.9 2299
1712205361440 156997.9 2300
1712205371599 156997.9 2301
1712205381732 156997.9 2302
1712205391867 156997.9 2303
1712205402028 156997.9 2304
1712205412181 156997.9 2305
1712205422322 156997.9 2306
1712205432475 156997.9 2307
1712205442622 156997.9 2308
1712205452778 156997.9 2309
1712205462942 156997.9 2310
1712205473108 156997.9 2311
1712205483262 156997.9 2312
1712205493438 156997.9 2313
1712205503697 156997.9 2314
1712205513884 156997.9 2315
1712205524061 156997.9 2316
1712205534222 156997.9 2317
1712205544399 156997.9 2318
1712205554594 156997.9 2319
1712205564873 156997.9 2320
1712205575073 156997.9 2321
1712205585255 156997.9 2322
1712205595439 156997.9 2323
1712205605620 156997.9 2324
1712205615891 156997.9 2325
1712205626102 156997.9 2326
1712205636287 156997.9 2327
1712205646471 156997.9 2328
1712205656655 156997.9 2329
1712205666855 156997.9 2330
1712205677038 156997.9 2331
1712205687318 156997.9 2332
1712205697489 156998.4 2333
1712205707674 156998.4 2334
1712205717855 156998.4 2335
1712205728039 156998.4 2336
1712205738224 156998.4 2337
1712205748403 156998.4 2338
1712205758662 156998.4 2339
1712205768855 156998.4 2340
1712205779035 156998.4 2341
1712205789205 156998.4 2342
1712205799486 156998.4 2343
1712205809679 156998.4 2344
1712205819859 156998.4 2345
1712205830032 156998.4 2346
1712205840208 156998.4 2347
1712205850400 156998.4 2348
1712205860678 156998.4 2349
1712205870857 156998.4 2350
1712205881024 156998.4 2351
1712205891198 156998.4 2352
1712205901365 156998.4 2353
1712205911552 156998.4 2354
1712205921761 156998.4 2355
1712205931945 156998.4 2356
1712205942152 156998.4 2357
1712205952342 156998.4 2358
1712205962605 156998.4 2359
1712205972792 156998.4 2360
