1712182080175 124.8 0
1712182090258 124.8 1
1712182100326 4086.8 2
1712182110394 4086.8 3
1712182120455 4086.8 4
1712182130516 4086.8 5
1712182140576 4086.8 6
1712182150639 4086.8 7
1712182160736 4086.8 8
1712182170810 4086.8 9
1712182180880 4086.8 10
1712182190956 4086.8 11
1712182201028 4086.8 12
1712182211100 4086.8 13
1712182221174 4086.8 14
1712182231247 4086.8 15
1712182241338 4086.8 16
1712182251408 4086.8 17
1712182261485 4086.8 18
1712182271546 4086.8 19
1712182281629 4086.8 20
1712182291711 4086.8 21
1712182301791 4086.8 22
1712182311868 4086.8 23
1712182321944 4086.8 24
1712182332014 4086.8 25
1712182342095 4086.8 26
1712182352164 4086.8 27
1712182362245 4086.8 28
1712182372316 4086.8 29
1712182382380 4086.8 30
1712182392456 4086.8 31
1712182402535 4086.8 32
1712182412597 4086.8 33
1712182422681 4086.8 34
1712182432751 4086.8 35
1712182442816 4086.8 36
1712182452892 4086.8 37
1712182462972 4086.8 38
1712182473045 4086.8 39
1712182483124 4086.8 40
1712182493191 4086.8 41
1712182503271 4086.8 42
1712182513339 4086.8 43
1712182523425 4086.8 44
1712182533500 4086.8 45
1712182543574 4086.8 46
1712182553670 4086.8 47
1712182563764 4086.8 48
1712182573837 4086.8 49
1712182583915 4086.8 50
1712182594000 4086.8 51
1712182604084 4086.8 52
1712182614155 4086.8 53
1712182624238 4086.8 54
1712182634334 4086.8 55
1712182644420 4086.8 56
1712182654495 4086.8 57
1712182664604 4086.8 58
1712182674690 4086.8 59
1712182684776 4086.8 60
1712182694860 4086.8 61
1712182704931 4086.8 62
1712182715035 4086.8 63
1712182725121 4086.8 64
1712182735214 4086.8 65
1712182745298 4086.8 66
1712182755379 4086.8 67
1712182765479 4086.8 68
1712182775568 4086.8 69
1712182785662 4086.8 70
1712182795747 4086.8 71
1712182805814 4086.8 72
1712182815911 4086.8 73
1712182826006 4086.8 74
1712182836081 4086.8 75
1712182846161 4086.8 76
1712182856230 4086.8 77
1712182866302 4086.8 78
1712182876376 4086.8 79
1712182886463 4086.8 80
1712182896546 4086.8 81
1712182906638 4086.8 82
1712182916712 4086.8 83
1712182926799 4086.8 84
1712182936882 4086.8 85
1712182946961 4086.8 86
1712182957046 4086.8 87
1712182967124 4086.8 88
1712182977190 4086.8 89
1712182987278 4086.8 90
1712182997347 4086.8 91
1712183007418 4086.8 92
1712183017495 4086.8 93
1712183027570 4086.8 94
1712183037641 4086.8 95
1712183047727 4086.8 96
1712183057801 4086.8 97
1712183067888 4086.8 98
1712183077975 4086.8 99
1712183088020 4086.8 100
1712183098055 4086.8 101
1712183108099 4086.8 102
1712183118191 4086.8 103
1712183128235 4086.8 104
1712183138275 4086.8 105
1712183148377 4086.8 106
1712183158416 4086.8 107
1712183168447 4086.8 108
1712183178549 4086.8 109
1712183188592 4086.8 110
1712183198628 4086.8 111
1712183208710 4086.8 112
1712183218746 4086.8 113
1712183228784 4086.8 114
1712183238872 4086.8 115
1712183248913 4086.8 116
1712183258955 4086.8 117
1712183269051 4086.8 118
1712183279083 4086.8 119
1712183289116 4086.8 120
1712183299204 4086.8 121
1712183309239 4086.8 122
1712183319267 4086.8 123
1712183329350 4086.8 124
1712183339395 4086.8 125
1712183349484 4086.8 126
1712183359580 4086.8 127
1712183369680 4086.8 128
1712183379711 4086.8 129
1712183389789 4086.8 130
1712183399880 4086.8 131
1712183409964 4086.8 132
1712183420053 4086.8 133
1712183430130 4086.8 134
1712183440170 4086.8 135
1712183450257 4086.8 136
1712183460334 4086.8 137
1712183470431 4086.8 138
1712183480514 4086.8 139
1712183490604 4086.8 140
1712183500644 4086.8 141
1712183510725 4086.8 142
1712183520809 4086.8 143
1712183530899 4086.8 144
1712183540987 4086.8 145
1712183551093 4086.8 146
1712183561137 4086.8 147
1712183571220 4086.8 148
1712183581311 4086.8 149
1712183591409 4086.8 150
1712183601502 4086.8 151
1712183611608 4086.8 152
1712183621645 4086.8 153
1712183631732 4086.8 154
1712183641841 4086.8 155
1712183651950 4086.8 156
1712183662041 4086.8 157
1712183672135 4086.8 158
1712183682175 4086.8 159
1712183692269 4086.8 160
1712183702351 4086.8 161
1712183712463 4086.8 162
1712183722559 4086.8 163
1712183732641 4086.8 164
1712183742690 4086.8 165
1712183752783 4086.8 166
1712183762884 4086.8 167
1712183772975 4086.8 168
1712183783062 4086.8 169
1712183793137 4086.8 170
1712183803171 4086.8 171
1712183813255 4086.8 172
1712183823340 4086.8 173
1712183833423 4086.8 174
1712183843524 4086.8 175
1712183853619 4086.8 176
1712183863656 4086.8 177
1712183873738 4086.8 178
1712183883820 4086.8 179
1712183893920 4086.8 180
1712183904013 4086.8 181
1712183914099 4086.8 182
1712183924142 4086.8 183
1712183934237 4086.8 184
1712183944335 4086.8 185
1712183954429 4086.8 186
1712183964525 4086.8 187
1712183974618 4086.8 188
1712183984663 4086.8 189
1712183994750 4086.8 190
1712184004842 4086.8 191
1712184014926 4086.8 192
1712184025013 4086.8 193
1712184035095 4086.8 194
1712184045136 4086.8 195
1712184055221 4086.8 196
1712184065300 4086.8 197
1712184075387 4086.8 198
1712184085477 4086.8 199
1712184095573 4086.8 200
1712184105612 4086.8 201
1712184115705 4086.8 202
1712184125803 4086.8 203
1712184135899 4086.8 204
1712184145985 4086.8 205
1712184156069 4086.8 206
1712184166103 4086.8 207
1712184176201 4086.8 208
1712184186300 4086.8 209
1712184196385 4086.8 210
1712184206486 4086.8 211
1712184216574 4086.8 212
1712184226622 4086.8 213
1712184236714 4086.8 214
1712184246803 4086.8 215
1712184256913 4086.8 216
1712184267014 4086.8 217
1712184277113 4086.8 218
1712184287162 4086.8 219
1712184297275 4086.8 220
1712184307388 4086.8 221
1712184317503 4086.8 222
1712184327641 4086.8 223
1712184337691 4086.8 224
1712184347826 4086.8 225
1712184357939 4086.8 226
1712184368031 4086.8 227
1712184378150 4086.8 228
1712184388248 4086.8 229
1712184398289 4086.8 230
1712184408412 4086.8 231
1712184418522 4086.8 232
1712184428621 4086.8 233
1712184438740 4086.8 234
1712184448849 4086.8 235
1712184458896 4086.8 236
1712184468983 4086.8 237
1712184479071 4088.9 238
1712184489170 4088.9 239
1712184499265 4088.9 240
1712184509349 4088.9 241
1712184519398 4088.9 242
1712184529498 4088.9 243
1712184539603 4088.9 244
1712184549709 4088.9 245
1712184559796 4088.9 246
1712184569900 4088.9 247
1712184579939 4088.9 248
1712184590039 4088.9 249
1712184600137 4088.9 250
1712184610235 4088.9 251
1712184620323 4088.9 252
1712184630417 4088.9 253
1712184640453 4088.9 254
1712184650546 4088.9 255
1712184660627 4088.9 256
1712184670721 4088.9 257
1712184680815 4088.9 258
1712184690901 4088.9 259
1712184700948 4088.9 260
1712184711042 4088.9 261
1712184721134 4088.9 262
1712184731219 4088.9 263
1712184741310 4088.9 264
1712184751392 4088.9 265
1712184761438 4088.9 266
1712184771520 4088.9 267
1712184781633 4088.9 268
1712184791731 4088.9 269
1712184801826 4088.9 270
1712184811908 4088.9 271
1712184821945 4088.9 272
1712184832041 4088.9 273
1712184842132 4088.9 274
1712184852213 4088.9 275
1712184862310 4088.9 276
1712184872404 4088.9 277
1712184882448 4088.9 278
1712184892546 4088.9 279
1712184902651 4088.9 280
1712184912743 4088.9 281
1712184922834 4088.9 282
1712184932931 4088.9 283
1712184942968 4088.9 284
1712184953071 4088.9 285
1712184963166 4088.9 286
1712184973254 4088.9 287
1712184983341 4088.9 288
1712184993435 4088.9 289
1712185003479 4088.9 290
1712185013588 4088.9 291
1712185023687 4088.9 292
1712185033782 4088.9 293
1712185043892 4088.9 294
1712185053989 4088.9 295
1712185064031 4088.9 296
1712185074119 4088.9 297
1712185084206 4088.9 298
1712185094299 4088.9 299
1712185104389 4088.9 300
1712185114490 4088.9 301
1712185124544 4088.9 302
1712185134648 4088.9 303
1712185144739 4088.9 304
1712185154845 4088.9 305
1712185164946 4088.9 306
1712185175050 4088.9 307
1712185185088 4088.9 308
1712185195171 4088.9 309
1712185205265 4088.9 310
1712185215365 4088.9 311
1712185225462 4088.9 312
1712185235506 4088.9 313
1712185245554 4088.9 314
1712185255584 4088.9 315
1712185265676 4088.9 316
1712185275726 4088.9 317
1712185285775 4088.9 318
1712185295870 4088.9 319
1712185305974 4088.9 320
1712185316099 4088.9 321
1712185326142 4088.9 322
1712185336236 4088.9 323
1712185346318 4088.9 324
1712185356420 4088.9 325
1712185366511 4088.9 326
1712185376610 4088.9 327
1712185386686 4088.9 328
1712185396777 4088.9 329
1712185406878 4088.9 330
1712185416966 4088.9 331
1712185427069 4088.9 332
1712185437162 4088.9 333
1712185447265 4088.9 334
1712185457352 4088.9 335
1712185467440 4088.9 336
1712185477542 4088.9 337
1712185487639 4088.9 338
1712185497749 4088.9 339
1712185507839 4088.9 340
1712185517931 4088.9 341
1712185528028 4088.9 342
1712185538126 4088.9 343
1712185548227 4088.9 344
1712185558313 4088.9 345
1712185568400 4088.9 346
1712185578491 4088.9 347
1712185588586 4088.9 348
1712185598674 4088.9 349
1712185608766 4088.9 350
1712185618849 4088.9 351
1712185628940 4088.9 352
1712185639026 4088.9 353
1712185649125 4088.9 354
1712185659207 4088.9 355
1712185669302 4088.9 356
1712185679409 4088.9 357
1712185689496 4088.9 358
1712185699597 4088.9 359
1712185709686 4088.9 360
1712185719779 4088.9 361
1712185729886 4088.9 362
1712185739973 4088.9 363
1712185750089 4088.9 364
1712185760194 4088.9 365
1712185770300 4088.9 366
1712185780417 4088.9 367
1712185790514 4088.9 368
1712185800611 4088.9 369
1712185810707 4088.9 370
1712185820791 4088.9 371
1712185830875 4088.9 372
1712185840969 4088.9 373
1712185851055 4088.9 374
1712185861148 4088.9 375
1712185871240 4088.9 376
1712185881333 4088.9 377
1712185891428 4088.9 378
1712185901517 4088.9 379
1712185911617 4088.9 380
1712185921658 4088.9 381
1712185931753 4088.9 382
1712185941864 4088.9 383
1712185951965 4088.9 384
1712185962068 4088.9 385
1712185972116 4088.9 386
1712185982213 4088.9 387
1712185992309 4088.9 388
1712186002408 4088.9 389
1712186012509 4088.9 390
1712186022597 4088.9 391
1712186032689 4088.9 392
1712186042785 4088.9 393
1712186052984 4088.9 394
1712186063074 4088.9 395
1712186073170 4088.9 396
1712186083258 4088.9 397
1712186093364 4088.9 398
1712186103454 4088.9 399
1712186113557 4088.9 400
1712186123658 4088.9 401
1712186133753 4088.9 402
1712186143859 4088.9 403
1712186153970 4088.9 404
1712186164073 4088.9 405
1712186174177 4088.9 406
1712186184267 4088.9 407
1712186194366 4088.9 408
1712186204487 4088.9 409
1712186214596 4088.9 410
1712186224694 4088.9 411
1712186234785 4088.9 412
1712186244888 4088.9 413
1712186254992 4088.9 414
1712186265100 4088.9 415
1712186275194 4088.9 416
1712186285292 4088.9 417
1712186295398 4088.9 418
1712186305491 4088.9 419
1712186315614 4088.9 420
1712186325706 4088.9 421
1712186335802 4088.9 422
1712186345947 4088.9 423
1712186356044 4088.9 424
1712186366143 4088.9 425
1712186376247 4088.9 426
1712186386385 4088.9 427
1712186396500 4088.9 428
1712186406692 4088.9 429
1712186416784 4088.9 430
1712186426889 4088.9 431
1712186437001 4088.9 432
1712186447090 4088.9 433
1712186457198 4088.9 434
1712186467298 4088.9 435
1712186477393 4088.9 436
1712186487484 4088.9 437
1712186497583 4088.9 438
1712186507688 4088.9 439
1712186517776 4088.9 440
1712186527823 4088.9 441
1712186537872 4088.9 442
1712186547922 4088.9 443
1712186557968 4088.9 444
1712186568008 4088.9 445
1712186578120 4088.9 446
1712186588160 4088.9 447
1712186598211 4088.9 448
1712186608332 4088.9 449
1712186618382 4088.9 450
1712186628492 4088.9 451
1712186638598 4088.9 452
1712186648704 4088.9 453
1712186658805 4088.9 454
1712186668914 4088.9 455
1712186678968 4088.9 456
1712186689072 4088.9 457
1712186699164 4088.9 458
1712186709276 4088.9 459
1712186719392 4088.9 460
1712186729651 4088.9 461
1712186739725 4088.9 462
1712186749816 4088.9 463
1712186759928 4088.9 464
1712186770030 4088.9 465
1712186780130 4088.9 466
1712186790225 4088.9 467
1712186800271 4088.9 468
1712186810370 4088.9 469
1712186820468 4088.9 470
1712186830564 4088.9 471
1712186840653 4088.9 472
1712186850739 4088.9 473
1712186860778 4088.9 474
1712186870866 4088.9 475
1712186880967 4088.9 476
1712186891056 4088.9 477
1712186901140 4088.9 478
1712186911235 4088.9 479
1712186921267 4088.9 480
1712186931358 4088.9 481
1712186941467 4088.9 482
1712186951551 4088.9 483
1712186961635 4088.9 484
1712186971742 4088.9 485
1712186981787 4088.9 486
1712186991877 4088.9 487
1712187001980 4088.9 488
1712187012074 4088.9 489
1712187022179 4088.9 490
1712187032264 4088.9 491
1712187042315 4088.9 492
1712187052437 4088.9 493
1712187062532 4088.9 494
1712187072634 4088.9 495
1712187082729 4088.9 496
1712187092790 4088.9 497
1712187102861 4088.9 498
1712187112913 4088.9 499
1712187123025 4088.9 500
1712187133078 4088.9 501
1712187143123 4088.9 502
1712187153226 4088.9 503
1712187163279 4088.9 504
1712187173335 4088.9 505
1712187183450 4088.9 506
1712187193565 4088.9 507
1712187203619 4088.9 508
1712187213679 4088.9 509
1712187223781 4088.9 510
1712187233844 4088.9 511
1712187243881 4088.9 512
1712187253971 4088.9 513
1712187264031 4088.9 514
1712187274075 4088.9 515
1712187284180 4088.9 516
1712187294230 4088.9 517
1712187304349 4088.9 518
1712187314402 4088.9 519
1712187324459 4088.9 520
1712187334502 4088.9 521
1712187344607 4088.9 522
1712187354718 4088.9 523
1712187364817 4088.9 524
1712187374917 4088.9 525
1712187385026 4088.9 526
1712187395130 4088.9 527
1712187405191 4088.9 528
1712187415288 4088.9 529
1712187425404 4088.9 530
1712187435530 4088.9 531
1712187445632 4088.9 532
1712187455749 4088.9 533
1712187465814 4088.9 534
1712187475920 4088.9 535
1712187486021 4088.9 536
1712187496128 4088.9 537
1712187506236 4088.9 538
1712187516336 4088.9 539
1712187526397 4088.9 540
1712187536491 4088.9 541
1712187546595 4088.9 542
1712187556697 4088.9 543
1712187566800 4088.9 544
1712187576898 4088.9 545
1712187586956 4088.9 546
1712187597051 4088.9 547
1712187607153 4088.9 548
1712187617252 4088.9 549
1712187627356 4088.9 550
1712187637450 4088.9 551
1712187647570 4088.9 552
1712187657676 4088.9 553
1712187667783 4088.9 554
1712187677887 4088.9 555
1712187687984 4088.9 556
1712187698036 4088.9 557
1712187708130 4088.9 558
1712187718230 4088.9 559
1712187728354 4088.9 560
1712187738459 4088.9 561
1712187748572 4088.9 562
1712187758623 4088.9 563
1712187768730 4088.9 564
1712187778832 4088.9 565
1712187788926 4088.9 566
1712187799038 4088.9 567
1712187809151 4088.9 568
1712187819198 4088.9 569
1712187829311 4088.9 570
1712187839433 4088.9 571
1712187849542 4088.9 572
1712187859647 4088.9 573
1712187869757 4088.9 574
1712187879808 4088.9 575
1712187889922 4088.9 576
1712187900026 4088.9 577
1712187910134 4088.9 578
1712187920253 4088.9 579
1712187930357 4088.9 580
1712187940406 4088.9 581
1712187950504 4088.9 582
1712187960613 4088.9 583
1712187970720 4088.9 584
1712187980825 4088.9 585
1712187990929 4088.9 586
1712188000995 4088.9 587
1712188011098 4088.9 588
1712188021198 4088.9 589
1712188031301 4088.9 590
1712188041413 4088.9 591
1712188051508 4088.9 592
1712188061551 4088.9 593
1712188071602 4088.9 594
1712188081652 4088.9 595
1712188091691 4088.9 596
1712188101743 4088.9 597
1712188111779 4088.9 598
1712188121880 4088.9 599
1712188131923 4088.9 600
1712188142036 4088.9 601
1712188152083 4088.9 602
1712188162199 4088.9 603
1712188172304 4088.9 604
1712188182356 4088.9 605
1712188192406 4088.9 606
1712188202453 4088.9 607
1712188212496 4088.9 608
1712188222663 4088.9 609
1712188232802 4088.9 610
1712188242843 4088.9 611
1712188253003 4088.9 612
1712188263150 4088.9 613
1712188273199 4088.9 614
1712188283241 4088.9 615
1712188293282 4088.9 616
1712188303472 4088.9 617
1712188313513 4088.9 618
1712188323559 4088.9 619
1712188333716 4088.9 620
1712188343861 4088.9 621
1712188354007 4088.9 622
1712188364060 4088.9 623
1712188374221 4088.9 624
1712188384271 4088.9 625
1712188394322 4088.9 626
1712188404467 4088.9 627
1712188414519 4088.9 628
1712188424571 4088.9 629
1712188434717 4088.9 630
1712188444849 4088.9 631
1712188454891 4088.9 632
1712188465022 4088.9 633
1712188475207 4088.9 634
1712188485245 4088.9 635
1712188495350 4088.9 636
1712188505448 4088.9 637
1712188515551 4088.9 638
1712188525657 4088.9 639
1712188535755 4088.9 640
1712188545805 4088.9 641
1712188555891 4088.9 642
1712188565997 4088.9 643
1712188576095 4088.9 644
1712188586195 4088.9 645
1712188596280 4088.9 646
1712188606339 4088.9 647
1712188616433 4088.9 648
1712188626546 4088.9 649
1712188636647 4088.9 650
1712188646748 4088.9 651
1712188656846 4088.9 652
1712188666892 4088.9 653
1712188677006 4088.9 654
1712188687105 4088.9 655
1712188697206 4088.9 656
1712188707312 4088.9 657
1712188717421 4088.9 658
1712188727510 4088.9 659
1712188737604 4088.9 660
1712188747700 4088.9 661
1712188757803 4088.9 662
1712188767906 4088.9 663
1712188777946 4088.9 664
1712188788045 4088.9 665
1712188798139 4088.9 666
1712188808236 4088.9 667
1712188818336 4088.9 668
1712188828454 4088.9 669
1712188838493 4088.9 670
1712188848603 4088.9 671
1712188858697 4088.9 672
1712188868794 4088.9 673
1712188878896 4088.9 674
1712188888994 4088.9 675
1712188899042 4088.9 676
1712188909145 4088.9 677
1712188919243 4088.9 678
1712188929354 4088.9 679
1712188939462 4088.9 680
1712188949560 4088.9 681
1712188959596 4088.9 682
1712188969696 4088.9 683
1712188979811 4088.9 684
1712188989913 4088.9 685
1712189000024 4088.9 686
1712189010125 4088.9 687
1712189020171 4088.9 688
1712189030281 4088.9 689
1712189040390 4088.9 690
1712189050506 4088.9 691
1712189060625 4088.9 692
1712189070744 4088.9 693
1712189080797 4088.9 694
1712189090904 4088.9 695
1712189101010 4088.9 696
1712189111130 4088.9 697
1712189121256 4088.9 698
1712189131369 4088.9 699
1712189141426 4088.9 700
1712189151544 4088.9 701
1712189161653 4088.9 702
1712189171838 4088.9 703
1712189181935 4088.9 704
1712189192031 4088.9 705
1712189202079 4088.9 706
1712189212167 4088.9 707
1712189222274 4088.9 708
1712189232372 4088.9 709
1712189242473 4088.9 710
1712189252589 4088.9 711
1712189262637 4088.9 712
1712189272743 4088.9 713
1712189282831 4088.9 714
1712189292924 4088.9 715
1712189303028 4088.9 716
1712189313131 4088.9 717
1712189323189 4088.9 718
1712189333294 4088.9 719
1712189343413 4088.9 720
1712189353522 4088.9 721
1712189363628 4088.9 722
1712189373732 4088.9 723
1712189383787 4088.9 724
1712189393892 4088.9 725
1712189403996 4088.9 726
1712189414087 4088.9 727
1712189424186 4088.9 728
1712189434291 4088.9 729
1712189444341 4088.9 730
1712189454436 4088.9 731
1712189464531 4088.9 732
1712189474622 4088.9 733
1712189484733 4088.9 734
1712189494846 4088.9 735
1712189504893 4088.9 736
1712189514993 4088.9 737
1712189525100 4088.9 738
1712189535209 4088.9 739
1712189545309 4088.9 740
1712189555403 4088.9 741
1712189565458 4088.9 742
1712189575557 4088.9 743
1712189585657 4088.9 744
1712189595764 4088.9 745
1712189605878 4088.9 746
1712189615981 4088.9 747
1712189626035 4088.9 748
1712189636137 4088.9 749
1712189646252 4088.9 750
1712189656345 4088.9 751
1712189666453 4088.9 752
1712189676555 4088.9 753
1712189686606 4088.9 754
1712189696719 4088.9 755
1712189706811 4088.9 756
1712189716916 4088.9 757
1712189727021 4088.9 758
1712189737123 4088.9 759
1712189747167 4088.9 760
1712189757289 4088.9 761
1712189767403 4088.9 762
1712189777512 4088.9 763
1712189787611 4088.9 764
1712189797671 4088.9 765
1712189807772 4088.9 766
1712189817877 4088.9 767
1712189827978 4088.9 768
1712189838083 4088.9 769
1712189848191 4088.9 770
1712189858236 4088.9 771
1712189868339 4088.9 772
1712189878445 4088.9 773
1712189888547 4088.9 774
1712189898652 4088.9 775
1712189908755 4088.9 776
1712189918798 4088.9 777
1712189928909 4088.9 778
1712189939015 4088.9 779
1712189949114 4088.9 780
1712189959214 4088.9 781
1712189969315 4088.9 782
1712189979356 4088.9 783
1712189989459 4088.9 784
1712189999555 4088.9 785
1712190009652 4088.9 786
1712190019740 4088.9 787
1712190029855 4088.9 788
1712190039898 4088.9 789
1712190050006 4088.9 790
1712190060101 4088.9 791
1712190070188 4088.9 792
1712190080289 4088.9 793
1712190090384 4088.9 794
1712190100438 4088.9 795
1712190110530 4088.9 796
1712190120630 4088.9 797
1712190130728 4088.9 798
1712190140827 4088.9 799
1712190150931 4088.9 800
1712190160991 4088.9 801
1712190171098 4088.9 802
1712190181212 4088.9 803
1712190191396 4088.9 804
1712190201504 4088.9 805
1712190211614 4088.9 806
1712190221657 4088.9 807
1712190231752 4088.9 808
1712190241859 4088.9 809
1712190251950 4088.9 810
1712190262046 4088.9 811
1712190272140 4088.9 812
1712190282181 4088.9 813
1712190292281 4088.9 814
1712190302387 4088.9 815
1712190312492 4088.9 816
1712190322595 4088.9 817
1712190332686 4088.9 818
1712190342738 4088.9 819
1712190352837 4088.9 820
1712190362939 4088.9 821
1712190373035 4088.9 822
1712190383127 4088.9 823
1712190393229 4088.9 824
1712190403290 4088.9 825
1712190413486 4088.9 826
1712190423601 4088.9 827
1712190433707 4088.9 828
1712190443820 4088.9 829
1712190453940 4088.9 830
1712190463993 4088.9 831
1712190474114 4088.9 832
1712190484234 4088.9 833
1712190494339 4088.9 834
1712190504471 4088.9 835
1712190514594 4088.9 836
1712190524646 4088.9 837
1712190534761 4088.9 838
1712190544865 4088.9 839
1712190554972 4088.9 840
1712190565089 4088.9 841
1712190575189 4088.9 842
1712190585235 4088.9 843
1712190595346 4088.9 844
1712190605457 4088.9 845
1712190615559 4088.9 846
1712190625660 4088.9 847
1712190635858 4088.9 848
1712190645913 4088.9 849
1712190656025 4088.9 850
1712190666127 4088.9 851
1712190676182 4088.9 852
1712190686294 4088.9 853
1712190696348 4088.9 854
1712190706404 4088.9 855
1712190716522 4088.9 856
1712190726577 4088.9 857
1712190736630 4088.9 858
1712190746748 4088.9 859
1712190756805 4088.9 860
1712190766853 4088.9 861
1712190776950 4088.9 862
1712190786996 4088.9 863
1712190797064 4088.9 864
1712190807179 4088.9 865
1712190817224 4088.9 866
1712190827278 4088.9 867
1712190837375 4088.9 868
1712190847419 4088.9 869
1712190857480 4088.9 870
1712190867578 4088.9 871
1712190877638 4088.9 872
1712190887698 4088.9 873
1712190897794 4088.9 874
1712190907845 4088.9 875
1712190917940 4088.9 876
1712190928035 4088.9 877
1712190938087 4088.9 878
1712190948184 4088.9 879
1712190958291 4088.9 880
1712190968401 4088.9 881
1712190978514 4088.9 882
1712190988626 4088.9 883
1712190998673 4088.9 884
1712191008774 4088.9 885
1712191018872 4088.9 886
1712191028970 4088.9 887
1712191039070 4088.9 888
1712191049172 4088.9 889
1712191059230 4088.9 890
1712191069329 4088.9 891
1712191079428 4088.9 892
1712191089527 4088.9 893
1712191099617 4088.9 894
1712191109728 4088.9 895
1712191119773 4088.9 896
1712191129884 4088.9 897
1712191139978 4088.9 898
1712191150080 4088.9 899
1712191160190 4088.9 900
1712191170298 4088.9 901
1712191180350 4088.9 902
1712191190445 4088.9 903
1712191200545 4088.9 904
1712191210660 4088.9 905
1712191220759 4088.9 906
1712191230869 4088.9 907
1712191240925 4088.9 908
1712191251020 4088.9 909
1712191261130 4088.9 910
1712191271221 4088.9 911
1712191281325 4088.9 912
1712191291456 4088.9 913
1712191301514 4088.9 914
1712191311703 4088.9 915
1712191321823 4088.9 916
1712191331939 4088.9 917
1712191342060 4088.9 918
1712191352177 4088.9 919
1712191362232 4088.9 920
1712191372360 4088.9 921
1712191382488 4088.9 922
1712191392618 4088.9 923
1712191402743 4088.9 924
1712191412867 4088.9 925
1712191422926 4088.9 926
1712191433035 4088.9 927
1712191443163 4088.9 928
1712191453283 4088.9 929
1712191463415 4088.9 930
1712191473538 4088.9 931
1712191483606 4088.9 932
1712191493744 4088.9 933
1712191503861 4088.9 934
1712191514075 4088.9 935
1712191524198 4088.9 936
1712191534304 4088.9 937
1712191544355 4091.0 938
1712191554474 4091.0 939
1712191564573 4091.0 940
1712191574680 4091.0 941
1712191584779 4091.0 942
1712191594880 4091.0 943
1712191604937 4091.0 944
1712191615047 4091.0 945
1712191625166 4091.0 946
1712191635285 4091.0 947
1712191645389 4091.0 948
1712191655500 4091.0 949
1712191665546 4091.0 950
1712191675665 4091.0 951
1712191685782 4091.0 952
1712191695888 4091.0 953
1712191706012 4091.0 954
1712191716116 4091.0 955
1712191726170 4091.0 956
1712191736294 4091.0 957
1712191746398 4091.0 958
1712191756604 4091.0 959
1712191766728 4091.0 960
1712191776848 4091.0 961
1712191786898 4091.0 962
1712191797048 4091.0 963
1712191807177 4091.0 964
1712191817289 4091.0 965
1712191827419 4091.0 966
1712191837477 4091.0 967
1712191847586 4091.0 968
1712191857705 4091.0 969
1712191867807 4091.0 970
1712191877933 4091.0 971
1712191888046 4091.0 972
1712191898102 4091.0 973
1712191908219 4091.0 974
1712191918318 4091.0 975
1712191928424 4091.0 976
1712191938539 4091.0 977
1712191948644 4091.0 978
1712191958694 4091.0 979
1712191968811 4091.0 980
1712191978919 4091.0 981
1712191989122 4091.0 982
1712191999231 4091.0 983
1712192009340 4091.0 984
1712192019392 4091.0 985
1712192029497 4091.0 986
1712192039613 4091.0 987
1712192049717 4091.0 988
1712192059823 4091.0 989
1712192069942 4091.0 990
1712192080000 4091.0 991
1712192090106 4091.0 992
1712192100203 4091.0 993
1712192110307 4091.0 994
1712192120425 4091.0 995
1712192130530 4091.0 996
1712192140595 4091.0 997
1712192150695 4091.0 998
1712192160799 4091.0 999
1712192170916 4091.0 1000
1712192181020 4091.0 1001
1712192191117 4091.0 1002
1712192201182 4091.0 1003
1712192211288 4091.0 1004
1712192221387 4091.0 1005
1712192231494 4091.0 1006
1712192241589 4091.0 1007
1712192251706 4091.0 1008
1712192261764 4091.0 1009
1712192271885 4091.0 1010
1712192281993 4091.0 1011
1712192292091 4091.0 1012
1712192302207 4091.0 1013
1712192312318 4091.0 1014
1712192322375 4091.0 1015
1712192332490 4091.0 1016
1712192342594 4091.0 1017
1712192352703 4091.0 1018
1712192362800 4091.0 1019
1712192372907 4091.0 1020
1712192382966 4091.0 1021
1712192393070 4091.0 1022
1712192403138 4091.0 1023
1712192413189 4091.0 1024
1712192423249 4091.0 1025
1712192433378 4091.0 1026
1712192443633 4091.0 1027
1712192453760 4091.0 1028
1712192463884 4091.0 1029
1712192474026 4091.0 1030
1712192484156 4091.0 1031
1712192494298 4091.0 1032
1712192504438 4091.0 1033
1712192514562 4091.0 1034
1712192524697 4091.0 1035
1712192534837 4091.0 1036
1712192544960 4091.0 1037
1712192555087 4091.0 1038
1712192565210 4091.0 1039
1712192575332 4091.0 1040
1712192585460 4091.0 1041
1712192595587 4091.0 1042
1712192605718 4091.0 1043
1712192615845 4091.0 1044
1712192625959 4091.0 1045
1712192636083 4091.0 1046
1712192646209 4091.0 1047
1712192656322 4091.0 1048
1712192666461 4091.0 1049
1712192676576 4091.0 1050
1712192686703 4091.0 1051
1712192696815 4091.0 1052
1712192706937 4091.0 1053
1712192717060 4091.0 1054
1712192727194 4091.0 1055
1712192737330 4091.0 1056
1712192747445 4091.0 1057
1712192757576 4091.0 1058
1712192767698 4091.0 1059
1712192777838 4091.0 1060
1712192787972 4091.0 1061
1712192798087 4091.0 1062
1712192808220 4091.0 1063
1712192818338 4091.0 1064
1712192828450 4091.0 1065
1712192838576 4091.0 1066
1712192848712 4091.0 1067
1712192858838 4091.0 1068
1712192868966 4091.0 1069
1712192879077 4091.0 1070
1712192889189 4091.0 1071
1712192899302 4091.0 1072
1712192909422 4091.0 1073
1712192919546 4091.0 1074
1712192929661 4091.0 1075
1712192939776 4091.0 1076
1712192949904 4091.0 1077
1712192960053 4091.0 1078
1712192970177 4091.0 1079
1712192980298 4091.0 1080
1712192990421 4091.0 1081
1712193000544 4091.0 1082
1712193010666 4091.0 1083
1712193020797 4091.0 1084
1712193030914 4091.0 1085
1712193041071 4091.0 1086
1712193051216 4091.0 1087
1712193061332 4091.0 1088
1712193071448 4091.0 1089
1712193081573 4091.0 1090
1712193091692 4091.0 1091
1712193101833 4091.0 1092
1712193111945 4091.0 1093
1712193122061 4091.0 1094
1712193132171 4091.0 1095
1712193142288 4091.0 1096
1712193152416 4091.0 1097
1712193162548 4091.0 1098
1712193172664 4091.0 1099
1712193182794 4091.0 1100
1712193192941 4091.0 1101
1712193203063 4091.0 1102
1712193213175 4091.0 1103
1712193223309 4091.0 1104
1712193233431 4091.0 1105
1712193243554 4091.0 1106
1712193253691 4091.0 1107
1712193263801 4091.0 1108
1712193273948 4091.0 1109
1712193284081 4091.0 1110
1712193294204 4091.0 1111
1712193304323 4091.0 1112
1712193314441 4091.0 1113
1712193324557 4091.0 1114
1712193334729 4091.0 1115
1712193344864 4091.0 1116
1712193354981 4091.0 1117
1712193365112 4091.0 1118
1712193375235 4091.0 1119
1712193385352 4091.0 1120
1712193395465 4091.0 1121
1712193405577 4091.0 1122
1712193415705 4091.0 1123
1712193425838 4091.0 1124
1712193435955 4091.0 1125
1712193446081 4091.0 1126
1712193456218 4091.0 1127
1712193466342 4091.0 1128
1712193476482 4091.0 1129
1712193486637 4091.0 1130
1712193496784 4091.0 1131
1712193506915 4091.0 1132
1712193517065 4091.0 1133
1712193527199 4091.0 1134
1712193537343 4091.0 1135
1712193547449 4091.0 1136
1712193557572 4091.0 1137
1712193567696 4091.0 1138
1712193577816 4091.0 1139
1712193587927 4091.0 1140
1712193598048 4091.0 1141
1712193608180 4091.0 1142
1712193618299 4091.0 1143
1712193628429 4091.0 1144
1712193638561 4091.0 1145
1712193648684 4091.0 1146
1712193658811 4091.0 1147
1712193668928 4091.0 1148
1712193679053 4091.0 1149
1712193689178 4091.0 1150
1712193699412 4091.0 1151
1712193709534 4091.0 1152
1712193719679 4091.0 1153
1712193729808 4091.0 1154
1712193739950 4091.0 1155
1712193750077 4091.0 1156
1712193760214 4091.0 1157
1712193770333 4091.0 1158
1712193780474 4091.0 1159
1712193790626 4091.0 1160
1712193800756 4091.0 1161
1712193810904 4091.0 1162
1712193821042 4091.0 1163
1712193831176 4091.0 1164
1712193841318 4091.0 1165
1712193851453 4091.0 1166
1712193861593 4091.0 1167
1712193871720 4091.0 1168
1712193881860 4091.0 1169
1712193891986 4091.0 1170
1712193902104 4091.0 1171
1712193912175 4091.0 1172
1712193922281 4091.0 1173
1712193932350 4091.0 1174
1712193942462 4091.0 1175
1712193952586 4091.0 1176
1712193962700 4091.0 1177
1712193972925 4091.0 1178
1712193983057 4091.0 1179
1712193993178 4091.0 1180
1712194003302 4091.0 1181
1712194013429 4091.0 1182
1712194023541 4091.0 1183
1712194033660 4091.0 1184
1712194043778 4091.0 1185
1712194053895 4091.0 1186
1712194064045 4091.0 1187
1712194074147 4091.0 1188
1712194084264 4091.0 1189
1712194094374 4091.0 1190
1712194104475 4091.0 1191
1712194114591 4091.0 1192
1712194124695 4091.0 1193
1712194134812 4091.0 1194
1712194144925 4091.0 1195
1712194155036 4091.0 1196
1712194165163 4091.0 1197
1712194175269 4091.0 1198
1712194185343 4091.0 1199
1712194195486 4091.0 1200
1712194205550 4091.0 1201
1712194215685 4091.0 1202
1712194225805 4091.0 1203
1712194235886 4091.0 1204
1712194246000 4091.0 1205
1712194256067 4091.0 1206
1712194266198 4091.0 1207
1712194276438 4091.0 1208
1712194286505 4091.0 1209
1712194296610 4091.0 1210
1712194306731 4091.0 1211
1712194316844 4091.0 1212
1712194326964 4091.0 1213
1712194337090 4091.0 1214
1712194347211 4091.0 1215
1712194357345 4091.0 1216
1712194367461 4091.0 1217
1712194377577 4091.0 1218
1712194387708 4091.0 1219
1712194397837 4091.0 1220
1712194407961 4091.0 1221
1712194418080 4091.0 1222
1712194428201 4091.0 1223
1712194438319 4091.0 1224
1712194448422 4091.0 1225
1712194458534 4091.0 1226
1712194468589 4091.0 1227
1712194478662 4091.0 1228
1712194488720 4091.0 1229
1712194498798 4091.0 1230
1712194508919 4091.0 1231
1712194519042 4091.0 1232
1712194529176 4091.0 1233
1712194539289 4091.0 1234
1712194549423 4091.0 1235
1712194559531 4091.0 1236
1712194569642 4091.0 1237
1712194579859 4091.0 1238
1712194589989 4091.0 1239
1712194600098 4091.0 1240
1712194610229 4091.0 1241
1712194620357 4091.0 1242
1712194630487 4091.0 1243
1712194640637 4091.0 1244
1712194650750 4091.0 1245
1712194660874 4091.0 1246
1712194670944 4091.0 1247
1712194681077 4091.0 1248
1712194691207 4091.0 1249
1712194701333 4091.0 1250
1712194711464 4091.0 1251
1712194721660 4091.0 1252
1712194731792 4091.0 1253
1712194741932 4091.0 1254
1712194752052 4091.0 1255
1712194762185 4091.0 1256
1712194772306 4091.0 1257
1712194782437 4091.0 1258
1712194792561 4091.0 1259
1712194802678 4091.0 1260
1712194812796 4091.0 1261
1712194822921 4091.0 1262
1712194833043 4091.0 1263
1712194843174 4091.0 1264
1712194853298 4091.0 1265
1712194863418 4091.0 1266
1712194873668 4091.0 1267
1712194883783 4091.0 1268
1712194893904 4091.0 1269
1712194904033 4091.0 1270
1712194914154 4091.0 1271
1712194924281 4091.0 1272
1712194934386 4091.0 1273
1712194944526 4091.0 1274
1712194954653 4091.0 1275
1712194964788 4091.0 1276
1712194974905 4091.0 1277
1712194985022 4091.0 1278
1712194995125 4091.0 1279
1712195005251 4091.0 1280
1712195015473 4091.0 1281
1712195025586 4091.0 1282
1712195035711 4091.0 1283
1712195045826 4091.0 1284
1712195055940 4091.0 1285
1712195066064 4091.0 1286
1712195076176 4091.0 1287
1712195086296 4091.0 1288
1712195096413 4091.0 1289
1712195106538 4091.0 1290
1712195116664 4091.0 1291
1712195126805 4091.0 1292
1712195136929 4091.0 1293
1712195147057 4091.0 1294
1712195157173 4091.0 1295
1712195167298 4091.0 1296
1712195177419 4091.0 1297
1712195187540 4091.0 1298
1712195197651 4091.0 1299
1712195207753 4091.0 1300
1712195217868 4091.0 1301
1712195227986 4091.0 1302
1712195238091 4091.0 1303
1712195248201 4091.0 1304
1712195258309 4091.0 1305
1712195268421 4091.0 1306
1712195278533 4091.0 1307
1712195288644 4091.0 1308
1712195298770 4091.0 1309
1712195308978 4091.0 1310
1712195319130 4091.0 1311
1712195329259 4091.0 1312
1712195339403 4091.0 1313
1712195349522 4091.0 1314
1712195359632 4091.0 1315
1712195369734 4091.0 1316
1712195379856 4091.0 1317
1712195389978 4091.0 1318
1712195400094 4091.0 1319
1712195410227 4091.0 1320
1712195420343 4091.0 1321
1712195430459 4091.0 1322
1712195440578 4091.0 1323
1712195450689 4091.0 1324
1712195460890 4091.0 1325
1712195471009 4091.0 1326
1712195481109 4091.0 1327
1712195491224 4091.0 1328
1712195501348 4091.0 1329
1712195511477 4091.0 1330
1712195521599 4091.0 1331
1712195531733 4091.0 1332
1712195541869 4091.0 1333
1712195551984 4091.0 1334
1712195562103 4091.0 1335
1712195572213 4091.0 1336
1712195582325 4091.0 1337
1712195592434 4091.0 1338
1712195602547 4091.0 1339
1712195612676 4091.0 1340
1712195622782 4091.0 1341
1712195632909 4091.0 1342
1712195643015 4091.0 1343
1712195653136 4091.0 1344
1712195663247 4091.0 1345
1712195673365 4091.0 1346
1712195683475 4091.0 1347
1712195693588 4091.0 1348
1712195703701 4091.0 1349
1712195713827 4091.0 1350
1712195723940 4091.0 1351
1712195734057 4091.0 1352
1712195744175 4091.0 1353
1712195754286 4091.0 1354
1712195764404 4091.0 1355
1712195774512 4091.0 1356
1712195784634 4091.0 1357
1712195794746 4091.0 1358
1712195804855 4091.0 1359
1712195814982 4091.0 1360
1712195825111 4091.0 1361
1712195835232 4091.0 1362
1712195845335 4091.0 1363
1712195855449 4091.0 1364
1712195865567 4091.0 1365
1712195875677 4091.0 1366
1712195885793 4091.0 1367
1712195895928 4091.0 1368
1712195906040 4091.0 1369
1712195916162 4091.0 1370
1712195926278 4091.0 1371
1712195936398 4091.0 1372
1712195946523 4091.0 1373
1712195956642 4091.0 1374
1712195966756 4091.0 1375
1712195976886 4091.0 1376
1712195986990 4091.0 1377
1712195997104 4091.0 1378
1712196007237 4091.0 1379
1712196017332 4091.0 1380
1712196027500 4091.0 1381
1712196037588 4091.0 1382
1712196047755 4091.0 1383
1712196057894 4091.0 1384
1712196068033 4091.0 1385
1712196078182 4091.0 1386
1712196088288 4091.0 1387
1712196098435 4091.0 1388
1712196108589 4091.0 1389
1712196118727 4091.0 1390
1712196128871 4091.0 1391
1712196139033 4091.0 1392
1712196149177 4091.0 1393
1712196159333 4091.0 1394
1712196169492 4091.0 1395
1712196179645 4091.0 1396
1712196189777 4091.0 1397
1712196199921 4091.0 1398
1712196210064 4091.0 1399
1712196220203 4091.0 1400
1712196230363 4091.0 1401
1712196240500 4091.0 1402
1712196250627 4091.0 1403
1712196260769 4091.0 1404
1712196270891 4091.0 1405
1712196281007 4091.0 1406
1712196291140 4091.0 1407
1712196301265 4091.0 1408
1712196311377 4091.0 1409
1712196321512 4091.0 1410
1712196331636 4091.0 1411
1712196341771 4091.0 1412
1712196351890 4091.0 1413
1712196362018 4091.0 1414
1712196372145 4091.0 1415
1712196382259 4091.0 1416
1712196392378 4091.0 1417
1712196402509 4091.0 1418
1712196412624 4091.0 1419
1712196422749 4091.0 1420
1712196432862 4091.0 1421
1712196442998 4091.0 1422
1712196453118 4091.0 1423
1712196463234 4091.0 1424
1712196473349 4091.0 1425
1712196483480 4091.0 1426
1712196493616 4091.0 1427
1712196503740 4091.0 1428
1712196513885 4091.0 1429
1712196524002 4091.0 1430
1712196534122 4091.0 1431
1712196544256 4091.0 1432
1712196554369 4091.0 1433
1712196564495 4091.0 1434
1712196574615 4091.0 1435
1712196584731 4091.0 1436
1712196594866 4091.0 1437
1712196604983 4091.0 1438
1712196615132 4091.0 1439
1712196625282 4091.0 1440
1712196635442 4091.0 1441
1712196645589 4091.0 1442
1712196655717 4091.0 1443
1712196665856 4091.0 1444
1712196675970 4091.0 1445
1712196686108 4091.0 1446
1712196696243 4091.0 1447
1712196706393 4091.0 1448
1712196716572 4091.0 1449
1712196726712 4091.0 1450
1712196736841 4091.0 1451
1712196747051 4091.0 1452
1712196757189 4091.0 1453
1712196767342 4091.0 1454
1712196777502 4091.0 1455
1712196787633 4091.0 1456
1712196797770 4091.0 1457
1712196807909 4091.0 1458
1712196818059 4091.0 1459
1712196828199 4091.0 1460
1712196838339 4091.0 1461
1712196848568 4091.0 1462
1712196858718 4091.0 1463
1712196868857 4091.0 1464
1712196878975 4091.0 1465
1712196889107 4091.0 1466
1712196899246 4091.0 1467
1712196909377 4091.0 1468
1712196919521 4091.0 1469
1712196929657 4091.0 1470
1712196939869 4091.0 1471
1712196950003 4091.0 1472
1712196960144 4091.0 1473
1712196970272 4091.0 1474
1712196980404 4091.0 1475
1712196990547 4091.0 1476
1712197000724 4091.0 1477
1712197010909 4091.0 1478
1712197021046 4091.0 1479
1712197031182 4091.0 1480
1712197041325 4091.0 1481
1712197051450 4091.0 1482
1712197061620 4091.0 1483
1712197071777 4091.0 1484
1712197081946 4091.0 1485
1712197092068 4091.0 1486
1712197102221 4091.0 1487
1712197112380 4091.0 1488
1712197122516 4091.0 1489
1712197132656 4091.0 1490
1712197142804 4091.0 1491
1712197152948 4091.0 1492
1712197163091 4091.0 1493
1712197173229 4091.0 1494
1712197183485 4091.0 1495
1712197193665 4091.0 1496
1712197203809 4091.0 1497
1712197213939 4091.0 1498
1712197224093 4091.0 1499
1712197234267 4091.0 1500
1712197244435 4091.0 1501
1712197254591 4091.0 1502
1712197264771 4091.0 1503
1712197274969 4091.0 1504
1712197285146 4091.0 1505
1712197295326 4091.0 1506
1712197305517 4091.0 1507
1712197315649 4091.0 1508
1712197325782 4091.0 1509
1712197335935 4091.0 1510
1712197346080 4091.0 1511
1712197356242 4091.0 1512
1712197366388 4091.0 1513
1712197376527 4091.0 1514
1712197386656 4091.0 1515
1712197396787 4091.0 1516
1712197406919 4091.0 1517
1712197417065 4091.0 1518
1712197427206 4091.0 1519
1712197437350 4091.0 1520
1712197447507 4091.0 1521
1712197457663 4091.0 1522
1712197467794 4091.0 1523
1712197477937 4091.0 1524
1712197488087 4091.0 1525
1712197498241 4091.0 1526
1712197508394 4091.0 1527
1712197518529 4091.0 1528
1712197528673 4091.0 1529
1712197538816 4091.0 1530
1712197548953 4091.0 1531
1712197559121 4091.0 1532
1712197569257 4091.0 1533
1712197579531 4091.0 1534
1712197589689 4091.0 1535
1712197599853 4091.0 1536
1712197609989 4091.0 1537
1712197620147 4091.0 1538
1712197630294 4091.0 1539
1712197640426 4091.0 1540
1712197650596 4091.0 1541
1712197660746 4091.0 1542
1712197670902 4091.0 1543
1712197681070 4091.0 1544
1712197691318 4091.0 1545
1712197701483 4091.0 1546
1712197711638 4091.0 1547
1712197721797 4091.0 1548
1712197731958 4091.0 1549
1712197742116 4091.0 1550
1712197752264 4091.0 1551
1712197762412 4091.0 1552
1712197772569 4091.0 1553
1712197782730 4091.0 1554
1712197792887 4091.0 1555
1712197803114 4091.0 1556
1712197813260 4091.0 1557
1712197823419 4091.0 1558
1712197833563 4091.0 1559
1712197843744 4091.0 1560
1712197853884 4091.0 1561
1712197864064 4091.0 1562
1712197874218 4091.0 1563
1712197884377 4091.0 1564
1712197894522 4091.0 1565
1712197904784 4091.0 1566
1712197914970 4091.0 1567
1712197925126 4091.0 1568
1712197935281 4091.0 1569
1712197945461 4091.0 1570
1712197955628 4091.0 1571
1712197965764 4091.0 1572
1712197975914 4091.0 1573
1712197986065 4091.0 1574
1712197996214 4091.0 1575
1712198006367 4091.0 1576
1712198016529 4091.0 1577
1712198026713 4091.0 1578
1712198036851 4091.0 1579
1712198047000 4091.0 1580
1712198057135 4091.0 1581
1712198067274 4091.0 1582
1712198077449 4091.0 1583
1712198087607 4091.0 1584
1712198097777 4091.0 1585
1712198107919 4091.0 1586
1712198118164 4091.0 1587
1712198128314 4091.0 1588
1712198138497 4091.0 1589
1712198148636 4091.0 1590
1712198158794 4091.0 1591
1712198168957 4091.0 1592
1712198179142 4091.0 1593
1712198189308 4091.0 1594
1712198199448 4091.0 1595
1712198209534 4091.0 1596
1712198219869 4091.0 1597
1712198230047 4091.0 1598
1712198240175 4091.0 1599
1712198250285 4091.0 1600
1712198260429 4091.0 1601
1712198270544 4091.0 1602
1712198280661 4091.0 1603
1712198290832 4091.0 1604
1712198300945 4091.0 1605
1712198311062 4091.0 1606
1712198321237 4091.0 1607
1712198331384 4091.0 1608
1712198341545 4091.0 1609
1712198351792 4091.0 1610
1712198361946 4091.0 1611
1712198372115 4091.0 1612
1712198382193 4091.0 1613
1712198392391 4091.0 1614
1712198402580 4091.0 1615
1712198412696 4091.0 1616
1712198422890 4091.0 1617
1712198433072 4091.0 1618
1712198443168 4091.0 1619
1712198453451 4091.0 1620
1712198463630 4091.0 1621
1712198473799 4091.0 1622
1712198483955 4091.0 1623
1712198494126 4091.0 1624
1712198504215 4091.0 1625
1712198514409 4091.0 1626
1712198524571 4091.0 1627
1712198534747 4091.0 1628
1712198544904 4091.0 1629
1712198555170 4091.0 1630
1712198565290 4091.0 1631
1712198575464 4091.0 1632
1712198585647 4091.0 1633
1712198595828 4091.0 1634
1712198605974 4091.0 1635
1712198616129 4091.0 1636
1712198626209 4091.0 1637
1712198636392 4091.0 1638
1712198646538 4091.0 1639
1712198656755 4091.0 1640
1712198666884 4091.0 1641
1712198677039 4091.0 1642
1712198687129 4091.0 1643
1712198697301 4091.0 1644
1712198707451 4091.0 1645
1712198717578 4091.0 1646
1712198727708 4091.0 1647
1712198737825 4091.0 1648
1712198747966 4091.0 1649
1712198758102 4091.0 1650
1712198768328 4091.0 1651
1712198778463 4091.0 1652
1712198788599 4091.0 1653
1712198798673 4091.0 1654
1712198808853 4091.0 1655
1712198818980 4091.0 1656
1712198829122 4091.0 1657
1712198839248 4091.0 1658
1712198849401 4091.0 1659
1712198859491 4091.0 1660
1712198869780 4091.0 1661
1712198879935 4091.0 1662
1712198890088 4091.0 1663
1712198900238 4091.0 1664
1712198910379 4091.0 1665
1712198920501 4091.0 1666
1712198930647 4091.0 1667
1712198940782 4091.0 1668
1712198950920 4091.0 1669
1712198961055 4091.0 1670
1712198971205 4091.0 1671
1712198981298 4091.0 1672
1712198991471 4091.0 1673
1712199001646 4091.0 1674
1712199011793 4091.0 1675
1712199021955 4091.0 1676
1712199032116 4091.0 1677
1712199042219 4091.0 1678
1712199052369 4091.0 1679
1712199062510 4091.0 1680
1712199072658 4091.0 1681
1712199082891 4091.0 1682
1712199093024 4091.0 1683
1712199103107 4091.0 1684
1712199113261 4091.0 1685
1712199123407 4091.0 1686
1712199133557 4091.0 1687
1712199143721 4091.0 1688
1712199153868 4091.0 1689
1712199163973 4091.0 1690
1712199174138 4091.0 1691
1712199184280 4091.0 1692
1712199194426 4091.0 1693
1712199204587 4091.0 1694
1712199214727 4091.0 1695
1712199224801 4091.0 1696
1712199234952 4091.0 1697
1712199245088 4091.0 1698
1712199255217 4091.0 1699
1712199265360 4091.0 1700
1712199275507 4091.0 1701
1712199285578 4091.0 1702
1712199295844 4091.0 1703
1712199305977 4091.0 1704
1712199316109 4091.0 1705
1712199326261 4091.0 1706
1712199336391 4091.0 1707
1712199346474 4091.0 1708
1712199356605 4091.0 1709
1712199366753 4091.0 1710
1712199376917 4091.0 1711
1712199387085 4091.0 1712
1712199397315 4091.0 1713
1712199407423 4091.0 1714
1712199417572 4091.0 1715
1712199427708 4091.0 1716
1712199437853 4091.0 1717
1712199447992 4091.0 1718
1712199458066 4091.0 1719
1712199468199 4091.0 1720
1712199478345 4091.0 1721
1712199488488 4091.0 1722
1712199498622 4091.0 1723
1712199508766 4091.0 1724
1712199518841 4091.0 1725
1712199528960 4091.0 1726
1712199539089 4091.0 1727
1712199549222 4091.0 1728
1712199559339 4091.0 1729
1712199569464 4091.0 1730
1712199579539 4091.0 1731
1712199589660 4091.0 1732
1712199599788 4091.0 1733
1712199609908 4091.0 1734
1712199620030 4091.0 1735
1712199630152 4091.0 1736
1712199640236 4091.0 1737
1712199650354 4091.0 1738
1712199660488 4091.0 1739
1712199670620 4091.0 1740
1712199680747 4091.0 1741
1712199690874 4091.0 1742
1712199700936 4091.0 1743
1712199711066 4091.0 1744
1712199721195 4091.0 1745
1712199731315 4091.0 1746
1712199741454 4091.0 1747
1712199751591 4091.0 1748
1712199761657 4091.0 1749
1712199771790 4091.0 1750
1712199781916 4091.0 1751
1712199792036 4091.0 1752
1712199802168 4091.0 1753
1712199812285 4091.0 1754
1712199822365 4091.0 1755
1712199832600 4091.0 1756
1712199842730 4091.0 1757
1712199852849 4091.0 1758
1712199862992 4091.0 1759
1712199873174 4091.0 1760
1712199883245 4091.0 1761
1712199893376 4091.0 1762
1712199903503 4091.0 1763
1712199913622 4091.0 1764
1712199923755 4091.0 1765
1712199933977 4091.0 1766
1712199944048 4091.0 1767
1712199954173 4091.0 1768
1712199964293 4091.0 1769
1712199974412 4091.0 1770
1712199984544 4091.0 1771
1712199994657 4091.0 1772
1712200004726 4091.0 1773
1712200014851 4091.0 1774
1712200024968 4091.0 1775
1712200035090 4091.0 1776
1712200045208 4091.0 1777
1712200055326 4091.0 1778
1712200065411 4091.0 1779
1712200075533 4091.0 1780
1712200085666 4091.0 1781
1712200095801 4091.0 1782
1712200105933 4091.0 1783
1712200116084 4091.0 1784
1712200126151 4091.0 1785
1712200136297 4091.0 1786
1712200146446 4091.0 1787
1712200156595 4091.0 1788
1712200166732 4091.0 1789
1712200176862 4091.0 1790
1712200186925 4091.0 1791
1712200197041 4091.0 1792
1712200207191 4091.0 1793
1712200217318 4091.0 1794
1712200227463 4091.0 1795
1712200237576 4091.0 1796
1712200247733 4091.0 1797
1712200257869 4091.0 1798
1712200268049 4091.0 1799
1712200278216 4091.0 1800
1712200288359 4091.0 1801
1712200298511 4091.0 1802
1712200308783 4091.0 1803
1712200318937 4091.0 1804
1712200329078 4091.0 1805
1712200339219 4091.0 1806
1712200349367 4091.0 1807
1712200359510 4091.0 1808
1712200369645 4091.0 1809
1712200379788 4091.0 1810
1712200389935 4091.0 1811
1712200400075 4091.0 1812
1712200410222 4091.0 1813
1712200420383 4091.0 1814
1712200430552 4091.0 1815
1712200440689 4091.0 1816
1712200450832 4091.0 1817
1712200460978 4091.0 1818
1712200471118 4091.0 1819
1712200481274 4091.0 1820
1712200491429 4091.0 1821
1712200501581 4091.0 1822
1712200511728 4091.0 1823
1712200521861 4091.0 1824
1712200532112 4091.0 1825
1712200542237 4091.0 1826
1712200552373 4091.0 1827
1712200562573 4091.0 1828
1712200572715 4091.0 1829
1712200582871 4091.0 1830
1712200593051 4091.0 1831
1712200603190 4091.0 1832
1712200613330 4091.0 1833
1712200623473 4091.0 1834
1712200633609 4091.0 1835
1712200643755 4091.0 1836
1712200653916 4091.0 1837
1712200664075 4091.0 1838
1712200674225 4091.0 1839
1712200684477 4091.0 1840
1712200694614 4091.0 1841
1712200704744 4091.0 1842
1712200714900 4091.0 1843
1712200725043 4091.0 1844
1712200735189 4091.0 1845
1712200745347 4091.0 1846
1712200755505 4091.0 1847
1712200765652 4091.0 1848
1712200775830 4091.0 1849
1712200785990 4091.0 1850
1712200796151 4091.0 1851
1712200806312 4091.0 1852
1712200816478 4091.0 1853
1712200826634 4091.0 1854
1712200836884 4091.0 1855
1712200847050 4091.0 1856
1712200857198 4091.0 1857
1712200867363 4091.0 1858
1712200877526 4091.0 1859
1712200887687 4091.0 1860
1712200897844 4091.0 1861
1712200908098 4091.0 1862
1712200918260 4091.0 1863
1712200928427 4091.0 1864
1712200938592 4091.0 1865
1712200948753 4091.0 1866
1712200958905 4091.0 1867
1712200969058 4091.0 1868
1712200979302 4091.0 1869
1712200989458 4091.0 1870
1712200999598 4091.0 1871
1712201009751 4091.0 1872
1712201019931 4091.0 1873
1712201030063 4091.0 1874
1712201040215 4091.0 1875
1712201050352 4091.0 1876
1712201060488 4091.0 1877
1712201070627 4091.0 1878
1712201080790 4091.0 1879
1712201090933 4091.0 1880
1712201101098 4091.0 1881
1712201111251 4091.0 1882
1712201121395 4091.0 1883
1712201131553 4091.0 1884
1712201141709 4091.0 1885
1712201151851 4091.0 1886
1712201162001 4091.0 1887
1712201172148 4091.0 1888
1712201182300 4091.0 1889
1712201192459 4091.0 1890
1712201202702 4091.0 1891
1712201212859 4091.0 1892
1712201223006 4091.0 1893
1712201233157 4091.0 1894
1712201243302 4091.0 1895
1712201253437 4091.0 1896
1712201263574 4091.0 1897
1712201273807 4091.0 1898
1712201283954 4091.0 1899
1712201294099 4091.0 1900
1712201304247 4091.0 1901
1712201314389 4091.0 1902
1712201324541 4091.0 1903
1712201334744 4091.0 1904
1712201344899 4091.0 1905
1712201355063 4091.0 1906
1712201365227 4091.0 1907
1712201375374 4091.0 1908
1712201385532 4091.0 1909
1712201395689 4091.0 1910
1712201405829 4091.0 1911
1712201415960 4091.0 1912
1712201426189 4091.0 1913
1712201436350 4091.0 1914
1712201446538 4091.0 1915
1712201456676 4091.0 1916
1712201466829 4091.0 1917
1712201476986 4091.0 1918
1712201487120 4091.0 1919
1712201497358 4091.0 1920
1712201507525 4091.0 1921
1712201517683 4091.0 1922
1712201527826 4091.0 1923
1712201537977 4091.0 1924
1712201548144 4091.0 1925
1712201558284 4091.0 1926
1712201568430 4091.0 1927
1712201578574 4091.0 1928
1712201588713 4091.0 1929
1712201598874 4091.0 1930
1712201609034 4091.0 1931
1712201619172 4091.0 1932
1712201629313 4091.0 1933
1712201639447 4091.0 1934
1712201649679 4091.0 1935
1712201659830 4091.0 1936
1712201669997 4091.0 1937
1712201680145 4091.0 1938
1712201690278 4091.0 1939
1712201700427 4091.0 1940
1712201710613 4091.0 1941
1712201720773 4091.0 1942
1712201730920 4091.0 1943
1712201741083 4091.0 1944
1712201751238 4091.0 1945
1712201761403 4091.0 1946
1712201771560 4091.0 1947
1712201781743 4091.0 1948
1712201791897 4091.0 1949
1712201802136 4091.0 1950
1712201812308 4091.0 1951
1712201822482 4091.0 1952
1712201832655 4091.0 1953
1712201842816 4091.0 1954
1712201852990 4091.0 1955
1712201863137 4091.0 1956
1712201873285 4091.0 1957
1712201883431 4091.0 1958
1712201893578 4091.0 1959
1712201903738 4091.0 1960
1712201913912 4091.0 1961
1712201924085 4091.0 1962
1712201934230 4091.0 1963
1712201944302 4091.0 1964
1712201954511 4091.0 1965
1712201964679 4091.0 1966
1712201974828 4091.0 1967
1712201984961 4091.0 1968
1712201995102 4091.0 1969
1712202005240 4091.0 1970
1712202015369 4091.0 1971
1712202025512 4091.0 1972
1712202035646 4091.0 1973
1712202045796 4091.0 1974
1712202055937 4091.0 1975
1712202066070 4091.0 1976
1712202076198 4091.0 1977
1712202086350 4091.0 1978
1712202096490 4091.0 1979
1712202106696 4091.0 1980
1712202116835 4091.0 1981
1712202126954 4091.0 1982
1712202137082 4091.0 1983
1712202147217 4091.0 1984
1712202157365 4091.0 1985
1712202167497 4091.0 1986
1712202177645 4091.0 1987
1712202187796 4091.0 1988
1712202197928 4091.0 1989
1712202208080 4091.0 1990
1712202218202 4091.0 1991
1712202228335 4091.0 1992
1712202238459 4091.0 1993
1712202248593 4091.0 1994
1712202258839 4091.0 1995
1712202268983 4091.0 1996
1712202279140 4091.0 1997
1712202289261 4091.0 1998
1712202299400 4091.0 1999
1712202309526 4091.0 2000
1712202319667 4091.0 2001
1712202329817 4091.0 2002
1712202339947 4091.0 2003
1712202350089 4091.0 2004
1712202360226 4091.0 2005
1712202370353 4091.0 2006
1712202380480 4091.0 2007
1712202390613 4091.0 2008
1712202400742 4091.0 2009
1712202410914 4091.0 2010
1712202421056 4091.0 2011
1712202431186 4091.0 2012
1712202441263 4091.0 2013
1712202451425 4091.0 2014
1712202461586 4091.0 2015
1712202471734 4091.0 2016
1712202482017 4091.0 2017
1712202492173 4091.0 2018
1712202502332 4091.0 2019
1712202512494 4091.0 2020
1712202522581 4091.0 2021
1712202532724 4091.0 2022
1712202542880 4091.0 2023
1712202553019 4091.0 2024
1712202563199 4091.0 2025
1712202573360 4091.0 2026
1712202583508 4091.0 2027
1712202593655 4091.0 2028
1712202603805 4091.0 2029
1712202613944 4091.0 2030
1712202624094 4091.0 2031
1712202634295 4091.0 2032
1712202644438 4091.0 2033
1712202654571 4091.0 2034
1712202664699 4091.0 2035
1712202674844 4091.0 2036
1712202684968 4091.0 2037
1712202695097 4091.0 2038
1712202705179 4091.0 2039
1712202715316 4091.0 2040
1712202725457 4091.0 2041
1712202735579 4091.0 2042
1712202745743 4091.0 2043
1712202755889 4091.0 2044
1712202766031 4091.0 2045
1712202776181 4091.0 2046
1712202786411 4091.0 2047
1712202796553 4091.0 2048
1712202806690 4091.0 2049
1712202816830 4091.0 2050
1712202826979 4091.0 2051
1712202837117 4091.0 2052
1712202847244 4091.0 2053
1712202857472 4091.0 2054
1712202867634 4091.0 2055
1712202877766 4091.0 2056
1712202887913 4091.0 2057
1712202898042 4091.0 2058
1712202908194 4091.0 2059
1712202918342 4238.2 2060
1712202928514 4233.7 2061
1712202938779 4245.2 2062
1712202948907 4251.4 2063
1712202959067 4252.2 2064
1712202969205 4252.2 2065
1712202979355 4091.0 2066
1712202989497 4091.0 2067
1712202999576 4091.0 2068
1712203009734 4091.0 2069
1712203019907 4091.0 2070
1712203030045 4091.0 2071
1712203040183 4091.0 2072
1712203050316 4091.0 2073
1712203060460 4091.0 2074
1712203070609 4091.0 2075
1712203080769 4091.0 2076
1712203091012 4091.0 2077
1712203101192 4091.0 2078
1712203111365 4091.0 2079
1712203121541 4091.0 2080
1712203131706 4091.0 2081
1712203141876 4091.0 2082
1712203152055 4091.0 2083
1712203162257 4091.0 2084
1712203172533 4091.0 2085
1712203182739 4091.0 2086
1712203192960 4091.0 2087
1712203203156 4091.0 2088
1712203213340 4091.0 2089
1712203223529 4091.0 2090
1712203233782 4091.0 2091
1712203244092 4091.0 2092
1712203254298 4091.0 2093
1712203264490 4091.0 2094
1712203274693 4091.0 2095
1712203284908 4091.0 2096
1712203295173 4091.0 2097
1712203305387 4091.0 2098
1712203315676 4091.0 2099
1712203325861 4091.0 2100
1712203336037 4091.0 2101
1712203346197 4091.0 2102
1712203356336 4091.0 2103
1712203366495 4091.0 2104
1712203376663 4091.0 2105
1712203386745 4091.0 2106
1712203396991 4091.0 2107
1712203407229 4091.0 2108
1712203417373 4091.0 2109
1712203427533 4091.0 2110
1712203437703 4091.0 2111
1712203447863 4091.0 2112
1712203458030 4091.0 2113
1712203468288 4091.0 2114
1712203478455 4091.0 2115
1712203488626 4091.0 2116
1712203498799 4091.0 2117
1712203508931 4091.0 2118
1712203519065 4091.0 2119
1712203529247 4091.0 2120
1712203539401 4091.0 2121
1712203549559 4091.0 2122
1712203559710 4091.0 2123
1712203569869 4091.0 2124
1712203580029 4091.0 2125
1712203590185 4091.0 2126
1712203600328 4091.0 2127
1712203610490 4091.0 2128
1712203620713 4091.0 2129
1712203630873 4091.0 2130
1712203641036 4091.0 2131
1712203651196 4091.0 2132
1712203661361 4091.0 2133
1712203671524 4091.0 2134
1712203681670 4091.0 2135
1712203691893 4091.0 2136
1712203702050 4091.0 2137
1712203712203 4091.0 2138
1712203722339 4091.0 2139
1712203732494 4091.0 2140
1712203742649 4091.0 2141
1712203752900 4091.0 2142
1712203763066 4091.0 2143
1712203773208 4091.0 2144
1712203783356 4091.0 2145
1712203793514 4091.0 2146
1712203803762 4091.0 2147
1712203813930 4091.0 2148
1712203824100 4091.0 2149
1712203834258 4091.0 2150
1712203844416 4091.0 2151
1712203854593 4091.0 2152
1712203864821 4091.0 2153
1712203875059 4091.0 2154
1712203885230 4091.0 2155
1712203895430 4091.0 2156
1712203905584 4091.0 2157
1712203915881 4091.0 2158
1712203926056 4091.0 2159
1712203936238 4091.0 2160
1712203946421 4091.0 2161
1712203956529 4091.0 2162
1712203966665 4091.0 2163
1712203977037 4091.0 2164
1712203987221 4091.0 2165
1712203997409 4091.0 2166
1712204007556 4091.0 2167
1712204017844 4091.0 2168
1712204028039 4091.0 2169
1712204038145 4091.0 2170
1712204048380 4091.0 2171
1712204058512 4091.0 2172
1712204068643 4091.0 2173
1712204078852 4091.0 2174
1712204089086 4091.0 2175
1712204099221 4091.0 2176
1712204109411 4091.0 2177
1712204119553 4091.0 2178
1712204129850 4091.0 2179
1712204139947 4091.0 2180
1712204150103 4091.0 2181
1712204160269 4091.0 2182
1712204170512 4091.0 2183
1712204180665 4091.0 2184
1712204190836 4091.0 2185
1712204200966 4091.0 2186
1712204211103 4091.0 2187
1712204221273 4091.0 2188
1712204231417 4091.0 2189
1712204241566 4091.0 2190
1712204251753 4091.0 2191
1712204261995 4091.0 2192
1712204272141 4091.0 2193
1712204282305 4091.0 2194
1712204292456 4091.0 2195
1712204302714 4091.0 2196
1712204312857 4091.0 2197
1712204322986 4091.0 2198
1712204333161 4091.0 2199
1712204343307 4091.0 2200
1712204353475 4091.0 2201
1712204363634 4091.0 2202
1712204373769 4091.0 2203
1712204383883 4091.0 2204
1712204394163 4091.0 2205
1712204404318 4091.0 2206
1712204414485 4091.0 2207
1712204424640 4091.0 2208
1712204434785 4091.0 2209
1712204444882 4091.0 2210
1712204455077 4091.0 2211
1712204465241 4091.0 2212
1712204475478 4091.0 2213
1712204485649 4091.0 2214
1712204495804 4091.0 2215
1712204505901 4091.0 2216
1712204516226 4091.0 2217
1712204526397 4091.0 2218
1712204536564 4091.0 2219
1712204546718 4091.0 2220
1712204556960 4091.0 2221
1712204567051 4091.0 2222
1712204577257 4091.0 2223
1712204587435 4091.0 2224
1712204597594 4091.0 2225
1712204607822 4091.0 2226
1712204617970 4091.0 2227
1712204628153 4091.0 2228
1712204638300 4091.0 2229
1712204648479 4091.0 2230
1712204658702 4091.0 2231
1712204668852 4091.0 2232
1712204679010 4091.0 2233
1712204689199 4091.0 2234
1712204699441 4091.0 2235
1712204709592 4091.0 2236
1712204719752 4091.0 2237
1712204729903 4091.0 2238
1712204740006 4091.0 2239
1712204750220 4091.0 2240
1712204760382 4091.0 2241
1712204770614 4091.0 2242
1712204780787 4091.0 2243
1712204790952 4091.0 2244
1712204801047 4091.0 2245
1712204811273 4091.0 2246
1712204821441 4091.0 2247
1712204831683 4091.0 2248
1712204841842 4091.0 2249
1712204852013 4091.0 2250
1712204862098 4091.0 2251
1712204872260 4091.0 2252
1712204882587 4091.0 2253
1712204892799 4091.0 2254
1712204902987 4091.0 2255
1712204913159 4091.0 2256
1712204923368 4091.0 2257
1712204933632 4091.0 2258
1712204943904 4091.0 2259
1712204954081 4091.0 2260
1712204964289 4091.0 2261
1712204974438 4091.0 2262
1712204984693 4091.0 2263
1712204994877 4091.0 2264
1712205005098 4091.0 2265
1712205015284 4091.0 2266
1712205025465 4091.0 2267
1712205035634 4091.0 2268
1712205045925 4091.0 2269
1712205056115 4091.0 2270
1712205066298 4091.0 2271
1712205076490 4091.0 2272
1712205086684 4091.0 2273
1712205096958 4091.0 2274
1712205107119 4091.0 2275
1712205117323 4091.0 2276
1712205127514 4091.0 2277
1712205137747 4091.0 2278
1712205148035 4091.0 2279
1712205158211 4091.0 2280
1712205168388 4091.0 2281
1712205178564 4091.0 2282
1712205188744 4091.0 2283
1712205198905 4091.0 2284
1712205209053 4091.0 2285
1712205219222 4091.0 2286
1712205229386 4091.0 2287
1712205239532 4091.0 2288
1712205249707 4091.0 2289
1712205259904 4091.0 2290
1712205270056 4091.0 2291
1712205280214 4091.0 2292
1712205290346 4091.0 2293
1712205300495 4091.0 2294
1712205310649 4091.0 2295
1712205320794 4091.0 2296
1712205330971 4091.0 2297
1712205341117 4091.0 2298
1712205351279 4091.0 2299
1712205361440 4091.0 2300
1712205371599 4091.0 2301
1712205381732 4091.0 2302
1712205391867 4091.0 2303
1712205402028 4091.0 2304
1712205412181 4091.0 2305
1712205422322 4091.0 2306
1712205432475 4091.0 2307
1712205442622 4091.0 2308
1712205452778 4091.0 2309
1712205462942 4091.0 2310
1712205473108 4091.0 2311
1712205483262 4091.0 2312
1712205493438 4091.0 2313
1712205503697 4091.0 2314
1712205513884 4091.0 2315
1712205524061 4091.0 2316
1712205534222 4091.0 2317
1712205544399 4091.0 2318
1712205554594 4091.0 2319
1712205564873 4091.0 2320
1712205575073 4091.0 2321
1712205585255 4091.0 2322
1712205595439 4091.0 2323
1712205605620 4091.0 2324
1712205615891 4091.0 2325
1712205626102 4091.0 2326
1712205636287 4091.0 2327
1712205646471 4091.0 2328
1712205656655 4091.0 2329
1712205666855 4091.0 2330
1712205677038 4091.0 2331
1712205687318 4091.0 2332
1712205697489 4091.0 2333
1712205707674 4091.0 2334
1712205717855 4091.0 2335
1712205728039 4091.0 2336
1712205738224 4091.0 2337
1712205748403 4091.0 2338
1712205758662 4091.0 2339
1712205768855 4091.0 2340
1712205779035 4091.0 2341
1712205789205 4091.0 2342
1712205799486 4091.0 2343
1712205809679 4091.0 2344
1712205819859 4091.0 2345
1712205830032 4091.0 2346
1712205840208 4091.0 2347
1712205850400 4091.0 2348
1712205860678 4091.0 2349
1712205870857 4091.0 2350
1712205881024 4091.0 2351
1712205891198 4091.0 2352
1712205901365 4091.0 2353
1712205911552 4091.0 2354
1712205921761 4091.0 2355
1712205931945 4091.0 2356
1712205942152 4091.0 2357
1712205952342 4091.0 2358
1712205962605 4091.0 2359
1712205972792 4091.0 2360
