1712182080175 2.9 0
1712182090258 2.9 1
1712182100326 95.2 2
1712182110394 95.2 3
1712182120455 95.2 4
1712182130516 95.2 5
1712182140576 95.2 6
1712182150639 95.2 7
1712182160736 95.2 8
1712182170810 95.2 9
1712182180880 95.2 10
1712182190956 95.2 11
1712182201028 95.2 12
1712182211100 95.2 13
1712182221174 95.2 14
1712182231247 95.2 15
1712182241338 95.2 16
1712182251408 95.2 17
1712182261485 95.2 18
1712182271546 95.2 19
1712182281629 95.2 20
1712182291711 95.2 21
1712182301791 95.2 22
1712182311868 95.2 23
1712182321944 95.2 24
1712182332014 95.2 25
1712182342095 95.2 26
1712182352164 95.2 27
1712182362245 95.2 28
1712182372316 95.2 29
1712182382380 95.2 30
1712182392456 95.2 31
1712182402535 95.2 32
1712182412597 95.2 33
1712182422681 95.2 34
1712182432751 95.2 35
1712182442816 95.2 36
1712182452892 95.2 37
1712182462972 95.2 38
1712182473045 95.2 39
1712182483124 95.2 40
1712182493191 95.2 41
1712182503271 95.2 42
1712182513339 95.2 43
1712182523425 95.2 44
1712182533500 95.2 45
1712182543574 95.2 46
1712182553670 95.2 47
1712182563764 95.2 48
1712182573837 95.2 49
1712182583915 95.2 50
1712182594000 95.2 51
1712182604084 95.2 52
1712182614155 95.2 53
1712182624238 95.2 54
1712182634334 95.2 55
1712182644420 95.2 56
1712182654495 95.2 57
1712182664604 95.2 58
1712182674690 95.2 59
1712182684776 95.2 60
1712182694860 95.2 61
1712182704931 95.2 62
1712182715035 95.2 63
1712182725121 95.2 64
1712182735214 95.2 65
1712182745298 95.2 66
1712182755379 95.2 67
1712182765479 95.2 68
1712182775568 95.2 69
1712182785662 95.2 70
1712182795747 95.2 71
1712182805814 95.2 72
1712182815911 95.2 73
1712182826006 95.2 74
1712182836081 95.2 75
1712182846161 95.2 76
1712182856230 95.2 77
1712182866302 95.2 78
1712182876376 95.2 79
1712182886463 95.2 80
1712182896546 95.2 81
1712182906638 95.2 82
1712182916712 95.2 83
1712182926799 95.2 84
1712182936882 95.2 85
1712182946961 95.2 86
1712182957046 95.2 87
1712182967124 95.2 88
1712182977190 95.2 89
1712182987278 95.2 90
1712182997347 95.2 91
1712183007418 95.2 92
1712183017495 95.2 93
1712183027570 95.2 94
1712183037641 95.2 95
1712183047727 95.2 96
1712183057801 95.2 97
1712183067888 95.2 98
1712183077975 95.2 99
1712183088020 95.2 100
1712183098055 95.2 101
1712183108099 95.2 102
1712183118191 95.2 103
1712183128235 95.2 104
1712183138275 95.2 105
1712183148377 95.2 106
1712183158416 95.2 107
1712183168447 95.2 108
1712183178549 95.2 109
1712183188592 95.2 110
1712183198628 95.2 111
1712183208710 95.2 112
1712183218746 95.2 113
1712183228784 95.2 114
1712183238872 95.2 115
1712183248913 95.2 116
1712183258955 95.2 117
1712183269051 95.2 118
1712183279083 95.2 119
1712183289116 95.2 120
1712183299204 95.2 121
1712183309239 95.2 122
1712183319267 95.2 123
1712183329350 95.2 124
1712183339395 95.2 125
1712183349484 95.2 126
1712183359580 95.2 127
1712183369680 95.2 128
1712183379711 95.2 129
1712183389789 95.2 130
1712183399880 95.2 131
1712183409964 95.2 132
1712183420053 95.2 133
1712183430130 95.2 134
1712183440170 95.2 135
1712183450257 95.2 136
1712183460334 95.2 137
1712183470431 95.2 138
1712183480514 95.2 139
1712183490604 95.2 140
1712183500644 95.2 141
1712183510725 95.2 142
1712183520809 95.2 143
1712183530899 95.2 144
1712183540987 95.2 145
1712183551093 95.2 146
1712183561137 95.2 147
1712183571220 95.2 148
1712183581311 95.2 149
1712183591409 95.2 150
1712183601502 95.2 151
1712183611608 95.2 152
1712183621645 95.2 153
1712183631732 95.2 154
1712183641841 95.2 155
1712183651950 95.2 156
1712183662041 95.2 157
1712183672135 95.2 158
1712183682175 95.2 159
1712183692269 95.2 160
1712183702351 95.2 161
1712183712463 95.2 162
1712183722559 95.2 163
1712183732641 95.2 164
1712183742690 95.2 165
1712183752783 95.2 166
1712183762884 95.2 167
1712183772975 95.2 168
1712183783062 95.2 169
1712183793137 95.2 170
1712183803171 95.2 171
1712183813255 95.2 172
1712183823340 95.2 173
1712183833423 95.2 174
1712183843524 95.2 175
1712183853619 95.2 176
1712183863656 95.2 177
1712183873738 95.2 178
1712183883820 95.2 179
1712183893920 95.2 180
1712183904013 95.2 181
1712183914099 95.2 182
1712183924142 95.2 183
1712183934237 95.2 184
1712183944335 95.2 185
1712183954429 95.2 186
1712183964525 95.2 187
1712183974618 95.2 188
1712183984663 95.2 189
1712183994750 95.2 190
1712184004842 95.2 191
1712184014926 95.2 192
1712184025013 95.2 193
1712184035095 95.2 194
1712184045136 95.2 195
1712184055221 95.2 196
1712184065300 95.2 197
1712184075387 95.2 198
1712184085477 95.2 199
1712184095573 95.2 200
1712184105612 95.2 201
1712184115705 95.2 202
1712184125803 95.2 203
1712184135899 95.2 204
1712184145985 95.2 205
1712184156069 95.2 206
1712184166103 95.2 207
1712184176201 95.2 208
1712184186300 95.2 209
1712184196385 95.2 210
1712184206486 95.2 211
1712184216574 95.2 212
1712184226622 95.2 213
1712184236714 95.2 214
1712184246803 95.2 215
1712184256913 95.2 216
1712184267014 95.2 217
1712184277113 95.2 218
1712184287162 95.2 219
1712184297275 95.2 220
1712184307388 95.2 221
1712184317503 95.2 222
1712184327641 95.2 223
1712184337691 95.2 224
1712184347826 95.2 225
1712184357939 95.2 226
1712184368031 95.2 227
1712184378150 95.2 228
1712184388248 95.2 229
1712184398289 95.2 230
1712184408412 95.2 231
1712184418522 95.2 232
1712184428621 95.2 233
1712184438740 95.2 234
1712184448849 95.2 235
1712184458896 95.2 236
1712184468983 95.2 237
1712184479071 95.2 238
1712184489170 95.2 239
1712184499265 95.2 240
1712184509349 95.2 241
1712184519398 95.2 242
1712184529498 95.2 243
1712184539603 95.2 244
1712184549709 95.2 245
1712184559796 95.2 246
1712184569900 95.2 247
1712184579939 95.2 248
1712184590039 95.2 249
1712184600137 95.2 250
1712184610235 95.2 251
1712184620323 95.2 252
1712184630417 95.2 253
1712184640453 95.2 254
1712184650546 95.2 255
1712184660627 95.2 256
1712184670721 95.2 257
1712184680815 95.2 258
1712184690901 95.2 259
1712184700948 95.2 260
1712184711042 95.2 261
1712184721134 95.2 262
1712184731219 95.2 263
1712184741310 95.2 264
1712184751392 95.2 265
1712184761438 95.2 266
1712184771520 95.2 267
1712184781633 95.2 268
1712184791731 95.2 269
1712184801826 95.2 270
1712184811908 95.2 271
1712184821945 95.2 272
1712184832041 95.2 273
1712184842132 95.2 274
1712184852213 95.2 275
1712184862310 95.2 276
1712184872404 95.2 277
1712184882448 95.2 278
1712184892546 95.2 279
1712184902651 95.2 280
1712184912743 95.2 281
1712184922834 95.2 282
1712184932931 95.2 283
1712184942968 95.2 284
1712184953071 95.2 285
1712184963166 95.2 286
1712184973254 95.2 287
1712184983341 95.2 288
1712184993435 95.2 289
1712185003479 95.2 290
1712185013588 95.2 291
1712185023687 95.2 292
1712185033782 95.2 293
1712185043892 95.2 294
1712185053989 95.2 295
1712185064031 95.2 296
1712185074119 95.2 297
1712185084206 95.2 298
1712185094299 95.2 299
1712185104389 95.2 300
1712185114490 95.2 301
1712185124544 95.2 302
1712185134648 95.2 303
1712185144739 95.2 304
1712185154845 95.2 305
1712185164946 95.2 306
1712185175050 95.2 307
1712185185088 95.2 308
1712185195171 95.2 309
1712185205265 95.2 310
1712185215365 95.2 311
1712185225462 95.2 312
1712185235506 95.2 313
1712185245554 95.2 314
1712185255584 95.2 315
1712185265676 95.2 316
1712185275726 95.2 317
1712185285775 95.2 318
1712185295870 95.2 319
1712185305974 95.2 320
1712185316099 95.2 321
1712185326142 95.2 322
1712185336236 95.2 323
1712185346318 95.2 324
1712185356420 95.2 325
1712185366511 95.2 326
1712185376610 95.2 327
1712185386686 95.2 328
1712185396777 95.2 329
1712185406878 95.2 330
1712185416966 95.2 331
1712185427069 95.2 332
1712185437162 95.2 333
1712185447265 95.2 334
1712185457352 95.2 335
1712185467440 95.2 336
1712185477542 95.2 337
1712185487639 95.2 338
1712185497749 95.2 339
1712185507839 95.2 340
1712185517931 95.2 341
1712185528028 95.2 342
1712185538126 95.2 343
1712185548227 95.2 344
1712185558313 95.2 345
1712185568400 95.2 346
1712185578491 95.2 347
1712185588586 95.2 348
1712185598674 95.2 349
1712185608766 95.2 350
1712185618849 95.2 351
1712185628940 95.2 352
1712185639026 95.2 353
1712185649125 95.2 354
1712185659207 95.2 355
1712185669302 95.2 356
1712185679409 95.2 357
1712185689496 95.2 358
1712185699597 95.2 359
1712185709686 95.2 360
1712185719779 95.2 361
1712185729886 95.2 362
1712185739973 95.2 363
1712185750089 95.2 364
1712185760194 95.2 365
1712185770300 95.2 366
1712185780417 95.2 367
1712185790514 95.2 368
1712185800611 95.2 369
1712185810707 95.2 370
1712185820791 95.2 371
1712185830875 95.2 372
1712185840969 95.2 373
1712185851055 95.2 374
1712185861148 95.2 375
1712185871240 95.2 376
1712185881333 95.2 377
1712185891428 95.2 378
1712185901517 95.2 379
1712185911617 95.2 380
1712185921658 95.2 381
1712185931753 95.2 382
1712185941864 95.2 383
1712185951965 95.2 384
1712185962068 95.2 385
1712185972116 95.2 386
1712185982213 95.2 387
1712185992309 95.2 388
1712186002408 95.2 389
1712186012509 95.2 390
1712186022597 95.2 391
1712186032689 95.2 392
1712186042785 95.2 393
1712186052984 95.2 394
1712186063074 95.2 395
1712186073170 95.2 396
1712186083258 95.2 397
1712186093364 95.2 398
1712186103454 95.2 399
1712186113557 95.2 400
1712186123658 95.2 401
1712186133753 95.2 402
1712186143859 95.2 403
1712186153970 95.2 404
1712186164073 95.2 405
1712186174177 95.2 406
1712186184267 95.2 407
1712186194366 95.2 408
1712186204487 95.2 409
1712186214596 95.2 410
1712186224694 95.2 411
1712186234785 95.2 412
1712186244888 95.2 413
1712186254992 95.2 414
1712186265100 95.2 415
1712186275194 95.2 416
1712186285292 95.2 417
1712186295398 95.2 418
1712186305491 95.2 419
1712186315614 95.2 420
1712186325706 95.2 421
1712186335802 95.2 422
1712186345947 95.2 423
1712186356044 95.2 424
1712186366143 95.2 425
1712186376247 95.2 426
1712186386385 95.2 427
1712186396500 95.2 428
1712186406692 95.2 429
1712186416784 95.2 430
1712186426889 95.2 431
1712186437001 95.2 432
1712186447090 95.2 433
1712186457198 95.2 434
1712186467298 95.2 435
1712186477393 95.2 436
1712186487484 95.2 437
1712186497583 95.2 438
1712186507688 95.2 439
1712186517776 95.2 440
1712186527823 95.2 441
1712186537872 95.2 442
1712186547922 95.2 443
1712186557968 95.2 444
1712186568008 95.2 445
1712186578120 95.2 446
1712186588160 95.2 447
1712186598211 95.2 448
1712186608332 95.2 449
1712186618382 95.2 450
1712186628492 95.2 451
1712186638598 95.2 452
1712186648704 95.2 453
1712186658805 95.2 454
1712186668914 95.2 455
1712186678968 95.2 456
1712186689072 95.2 457
1712186699164 95.2 458
1712186709276 95.2 459
1712186719392 95.2 460
1712186729651 95.2 461
1712186739725 95.2 462
1712186749816 95.2 463
1712186759928 95.2 464
1712186770030 95.2 465
1712186780130 95.2 466
1712186790225 95.2 467
1712186800271 95.2 468
1712186810370 95.2 469
1712186820468 95.2 470
1712186830564 95.2 471
1712186840653 95.2 472
1712186850739 95.2 473
1712186860778 95.2 474
1712186870866 95.2 475
1712186880967 95.2 476
1712186891056 95.2 477
1712186901140 95.2 478
1712186911235 95.2 479
1712186921267 95.2 480
1712186931358 95.2 481
1712186941467 95.2 482
1712186951551 95.2 483
1712186961635 95.2 484
1712186971742 95.2 485
1712186981787 95.2 486
1712186991877 95.2 487
1712187001980 95.2 488
1712187012074 95.2 489
1712187022179 95.2 490
1712187032264 95.2 491
1712187042315 95.2 492
1712187052437 95.2 493
1712187062532 95.2 494
1712187072634 95.2 495
1712187082729 95.2 496
1712187092790 95.2 497
1712187102861 95.2 498
1712187112913 95.2 499
1712187123025 95.2 500
1712187133078 95.2 501
1712187143123 95.2 502
1712187153226 95.2 503
1712187163279 95.2 504
1712187173335 95.2 505
1712187183450 95.2 506
1712187193565 95.2 507
1712187203619 95.2 508
1712187213679 95.2 509
1712187223781 95.2 510
1712187233844 95.2 511
1712187243881 95.2 512
1712187253971 95.2 513
1712187264031 95.2 514
1712187274075 95.2 515
1712187284180 95.2 516
1712187294230 95.2 517
1712187304349 95.2 518
1712187314402 95.2 519
1712187324459 95.2 520
1712187334502 95.2 521
1712187344607 95.2 522
1712187354718 95.2 523
1712187364817 95.2 524
1712187374917 95.2 525
1712187385026 95.2 526
1712187395130 95.2 527
1712187405191 95.2 528
1712187415288 95.2 529
1712187425404 95.2 530
1712187435530 95.2 531
1712187445632 95.2 532
1712187455749 95.2 533
1712187465814 95.2 534
1712187475920 95.2 535
1712187486021 95.2 536
1712187496128 95.2 537
1712187506236 95.2 538
1712187516336 95.2 539
1712187526397 95.2 540
1712187536491 95.2 541
1712187546595 95.2 542
1712187556697 95.2 543
1712187566800 95.2 544
1712187576898 95.2 545
1712187586956 95.2 546
1712187597051 95.2 547
1712187607153 95.2 548
1712187617252 95.2 549
1712187627356 95.2 550
1712187637450 95.2 551
1712187647570 95.2 552
1712187657676 95.2 553
1712187667783 95.2 554
1712187677887 95.2 555
1712187687984 95.2 556
1712187698036 95.2 557
1712187708130 95.2 558
1712187718230 95.2 559
1712187728354 95.2 560
1712187738459 95.2 561
1712187748572 95.2 562
1712187758623 95.2 563
1712187768730 95.2 564
1712187778832 95.2 565
1712187788926 95.2 566
1712187799038 95.2 567
1712187809151 95.2 568
1712187819198 95.2 569
1712187829311 95.2 570
1712187839433 95.2 571
1712187849542 95.2 572
1712187859647 95.2 573
1712187869757 95.2 574
1712187879808 95.2 575
1712187889922 95.2 576
1712187900026 95.2 577
1712187910134 95.2 578
1712187920253 95.2 579
1712187930357 95.2 580
1712187940406 95.2 581
1712187950504 95.2 582
1712187960613 95.2 583
1712187970720 95.2 584
1712187980825 95.2 585
1712187990929 95.2 586
1712188000995 95.2 587
1712188011098 95.2 588
1712188021198 95.2 589
1712188031301 95.2 590
1712188041413 95.2 591
1712188051508 95.2 592
1712188061551 95.2 593
1712188071602 95.2 594
1712188081652 95.2 595
1712188091691 95.2 596
1712188101743 95.2 597
1712188111779 95.2 598
1712188121880 95.2 599
1712188131923 95.2 600
1712188142036 95.2 601
1712188152083 95.2 602
1712188162199 95.2 603
1712188172304 95.2 604
1712188182356 95.2 605
1712188192406 95.2 606
1712188202453 95.2 607
1712188212496 95.2 608
1712188222663 95.2 609
1712188232802 95.2 610
1712188242843 95.2 611
1712188253003 95.2 612
1712188263150 95.2 613
1712188273199 95.2 614
1712188283241 95.2 615
1712188293282 95.2 616
1712188303472 95.2 617
1712188313513 95.2 618
1712188323559 95.2 619
1712188333716 95.2 620
1712188343861 95.2 621
1712188354007 95.2 622
1712188364060 95.2 623
1712188374221 95.2 624
1712188384271 95.2 625
1712188394322 95.2 626
1712188404467 95.2 627
1712188414519 95.2 628
1712188424571 95.2 629
1712188434717 95.2 630
1712188444849 95.2 631
1712188454891 95.2 632
1712188465022 95.2 633
1712188475207 95.2 634
1712188485245 95.2 635
1712188495350 95.2 636
1712188505448 95.2 637
1712188515551 95.2 638
1712188525657 95.2 639
1712188535755 95.2 640
1712188545805 95.2 641
1712188555891 95.2 642
1712188565997 95.2 643
1712188576095 95.2 644
1712188586195 95.2 645
1712188596280 95.2 646
1712188606339 95.2 647
1712188616433 95.2 648
1712188626546 95.2 649
1712188636647 95.2 650
1712188646748 95.2 651
1712188656846 95.2 652
1712188666892 95.2 653
1712188677006 95.2 654
1712188687105 95.2 655
1712188697206 95.2 656
1712188707312 95.2 657
1712188717421 95.2 658
1712188727510 95.2 659
1712188737604 95.2 660
1712188747700 95.2 661
1712188757803 95.2 662
1712188767906 95.2 663
1712188777946 95.2 664
1712188788045 95.2 665
1712188798139 95.2 666
1712188808236 95.2 667
1712188818336 95.2 668
1712188828454 95.2 669
1712188838493 95.2 670
1712188848603 95.2 671
1712188858697 95.2 672
1712188868794 95.2 673
1712188878896 95.2 674
1712188888994 95.2 675
1712188899042 95.2 676
1712188909145 95.2 677
1712188919243 95.2 678
1712188929354 95.2 679
1712188939462 95.2 680
1712188949560 95.2 681
1712188959596 95.2 682
1712188969696 95.2 683
1712188979811 95.2 684
1712188989913 95.2 685
1712189000024 95.2 686
1712189010125 95.2 687
1712189020171 95.2 688
1712189030281 95.2 689
1712189040390 95.2 690
1712189050506 95.2 691
1712189060625 95.2 692
1712189070744 95.2 693
1712189080797 95.2 694
1712189090904 95.2 695
1712189101010 95.2 696
1712189111130 95.2 697
1712189121256 95.2 698
1712189131369 95.2 699
1712189141426 95.2 700
1712189151544 95.2 701
1712189161653 95.2 702
1712189171838 95.2 703
1712189181935 95.2 704
1712189192031 95.2 705
1712189202079 95.2 706
1712189212167 95.2 707
1712189222274 95.2 708
1712189232372 95.2 709
1712189242473 95.2 710
1712189252589 95.2 711
1712189262637 95.2 712
1712189272743 95.2 713
1712189282831 95.2 714
1712189292924 95.2 715
1712189303028 95.2 716
1712189313131 95.2 717
1712189323189 95.2 718
1712189333294 95.2 719
1712189343413 95.2 720
1712189353522 95.2 721
1712189363628 95.2 722
1712189373732 95.2 723
1712189383787 95.2 724
1712189393892 95.2 725
1712189403996 95.2 726
1712189414087 95.2 727
1712189424186 95.2 728
1712189434291 95.2 729
1712189444341 95.2 730
1712189454436 95.2 731
1712189464531 95.2 732
1712189474622 95.2 733
1712189484733 95.2 734
1712189494846 95.2 735
1712189504893 95.2 736
1712189514993 95.2 737
1712189525100 95.2 738
1712189535209 95.2 739
1712189545309 95.2 740
1712189555403 95.2 741
1712189565458 95.2 742
1712189575557 95.2 743
1712189585657 95.2 744
1712189595764 95.2 745
1712189605878 95.2 746
1712189615981 95.2 747
1712189626035 95.2 748
1712189636137 95.2 749
1712189646252 95.2 750
1712189656345 95.2 751
1712189666453 95.2 752
1712189676555 95.2 753
1712189686606 95.2 754
1712189696719 95.2 755
1712189706811 95.2 756
1712189716916 95.2 757
1712189727021 95.2 758
1712189737123 95.2 759
1712189747167 95.2 760
1712189757289 95.2 761
1712189767403 95.2 762
1712189777512 95.2 763
1712189787611 95.2 764
1712189797671 95.2 765
1712189807772 95.2 766
1712189817877 95.2 767
1712189827978 95.2 768
1712189838083 95.2 769
1712189848191 95.2 770
1712189858236 95.2 771
1712189868339 95.2 772
1712189878445 95.2 773
1712189888547 95.2 774
1712189898652 95.2 775
1712189908755 95.2 776
1712189918798 95.2 777
1712189928909 95.2 778
1712189939015 95.2 779
1712189949114 95.2 780
1712189959214 95.2 781
1712189969315 95.2 782
1712189979356 95.2 783
1712189989459 95.2 784
1712189999555 95.2 785
1712190009652 95.2 786
1712190019740 95.2 787
1712190029855 95.2 788
1712190039898 95.2 789
1712190050006 95.2 790
1712190060101 95.2 791
1712190070188 95.2 792
1712190080289 95.2 793
1712190090384 95.2 794
1712190100438 95.2 795
1712190110530 95.2 796
1712190120630 95.2 797
1712190130728 95.2 798
1712190140827 95.2 799
1712190150931 95.2 800
1712190160991 95.2 801
1712190171098 95.2 802
1712190181212 95.2 803
1712190191396 95.2 804
1712190201504 95.2 805
1712190211614 95.2 806
1712190221657 95.2 807
1712190231752 95.2 808
1712190241859 95.2 809
1712190251950 95.2 810
1712190262046 95.2 811
1712190272140 95.2 812
1712190282181 95.2 813
1712190292281 95.2 814
1712190302387 95.2 815
1712190312492 95.2 816
1712190322595 95.2 817
1712190332686 95.2 818
1712190342738 95.2 819
1712190352837 95.2 820
1712190362939 95.2 821
1712190373035 95.2 822
1712190383127 95.2 823
1712190393229 95.2 824
1712190403290 95.2 825
1712190413486 95.2 826
1712190423601 95.2 827
1712190433707 95.2 828
1712190443820 95.2 829
1712190453940 95.2 830
1712190463993 95.2 831
1712190474114 95.2 832
1712190484234 95.2 833
1712190494339 95.2 834
1712190504471 95.2 835
1712190514594 95.2 836
1712190524646 95.2 837
1712190534761 95.2 838
1712190544865 95.2 839
1712190554972 95.2 840
1712190565089 95.2 841
1712190575189 95.2 842
1712190585235 95.2 843
1712190595346 95.2 844
1712190605457 95.2 845
1712190615559 95.2 846
1712190625660 95.2 847
1712190635858 95.2 848
1712190645913 95.2 849
1712190656025 95.2 850
1712190666127 95.2 851
1712190676182 95.2 852
1712190686294 95.2 853
1712190696348 95.2 854
1712190706404 95.2 855
1712190716522 95.2 856
1712190726577 95.2 857
1712190736630 95.2 858
1712190746748 95.2 859
1712190756805 95.2 860
1712190766853 95.2 861
1712190776950 95.2 862
1712190786996 95.2 863
1712190797064 95.2 864
1712190807179 95.2 865
1712190817224 95.2 866
1712190827278 95.2 867
1712190837375 95.2 868
1712190847419 95.2 869
1712190857480 95.2 870
1712190867578 95.2 871
1712190877638 95.2 872
1712190887698 95.2 873
1712190897794 95.2 874
1712190907845 95.2 875
1712190917940 95.2 876
1712190928035 95.2 877
1712190938087 95.2 878
1712190948184 95.2 879
1712190958291 95.2 880
1712190968401 95.2 881
1712190978514 95.2 882
1712190988626 95.2 883
1712190998673 95.2 884
1712191008774 95.2 885
1712191018872 95.2 886
1712191028970 95.2 887
1712191039070 95.2 888
1712191049172 95.2 889
1712191059230 95.2 890
1712191069329 95.2 891
1712191079428 95.2 892
1712191089527 95.2 893
1712191099617 95.2 894
1712191109728 95.2 895
1712191119773 95.2 896
1712191129884 95.2 897
1712191139978 95.2 898
1712191150080 95.2 899
1712191160190 95.2 900
1712191170298 95.2 901
1712191180350 95.2 902
1712191190445 95.2 903
1712191200545 95.2 904
1712191210660 95.2 905
1712191220759 95.2 906
1712191230869 95.2 907
1712191240925 95.2 908
1712191251020 95.2 909
1712191261130 95.2 910
1712191271221 95.2 911
1712191281325 95.2 912
1712191291456 95.2 913
1712191301514 95.2 914
1712191311703 95.2 915
1712191321823 95.2 916
1712191331939 95.2 917
1712191342060 95.2 918
1712191352177 95.2 919
1712191362232 95.2 920
1712191372360 95.2 921
1712191382488 95.2 922
1712191392618 95.2 923
1712191402743 95.2 924
1712191412867 95.2 925
1712191422926 95.2 926
1712191433035 95.2 927
1712191443163 95.2 928
1712191453283 95.2 929
1712191463415 95.2 930
1712191473538 95.2 931
1712191483606 95.2 932
1712191493744 95.2 933
1712191503861 95.2 934
1712191514075 95.2 935
1712191524198 95.2 936
1712191534304 95.2 937
1712191544355 95.3 938
1712191554474 95.3 939
1712191564573 95.3 940
1712191574680 95.3 941
1712191584779 95.3 942
1712191594880 95.3 943
1712191604937 95.3 944
1712191615047 95.3 945
1712191625166 95.3 946
1712191635285 95.3 947
1712191645389 95.3 948
1712191655500 95.3 949
1712191665546 95.3 950
1712191675665 95.3 951
1712191685782 95.3 952
1712191695888 95.3 953
1712191706012 95.3 954
1712191716116 95.3 955
1712191726170 95.3 956
1712191736294 95.3 957
1712191746398 95.3 958
1712191756604 95.3 959
1712191766728 95.3 960
1712191776848 95.3 961
1712191786898 95.3 962
1712191797048 95.3 963
1712191807177 95.3 964
1712191817289 95.3 965
1712191827419 95.3 966
1712191837477 95.3 967
1712191847586 95.3 968
1712191857705 95.3 969
1712191867807 95.3 970
1712191877933 95.3 971
1712191888046 95.3 972
1712191898102 95.3 973
1712191908219 95.3 974
1712191918318 95.3 975
1712191928424 95.3 976
1712191938539 95.3 977
1712191948644 95.3 978
1712191958694 95.3 979
1712191968811 95.3 980
1712191978919 95.3 981
1712191989122 95.3 982
1712191999231 95.3 983
1712192009340 95.3 984
1712192019392 95.3 985
1712192029497 95.3 986
1712192039613 95.3 987
1712192049717 95.3 988
1712192059823 95.3 989
1712192069942 95.3 990
1712192080000 95.3 991
1712192090106 95.3 992
1712192100203 95.3 993
1712192110307 95.3 994
1712192120425 95.3 995
1712192130530 95.3 996
1712192140595 95.3 997
1712192150695 95.3 998
1712192160799 95.3 999
1712192170916 95.3 1000
1712192181020 95.3 1001
1712192191117 95.3 1002
1712192201182 95.3 1003
1712192211288 95.3 1004
1712192221387 95.3 1005
1712192231494 95.3 1006
1712192241589 95.3 1007
1712192251706 95.3 1008
1712192261764 95.3 1009
1712192271885 95.3 1010
1712192281993 95.3 1011
1712192292091 95.3 1012
1712192302207 95.3 1013
1712192312318 95.3 1014
1712192322375 95.3 1015
1712192332490 95.3 1016
1712192342594 95.3 1017
1712192352703 95.3 1018
1712192362800 95.3 1019
1712192372907 95.3 1020
1712192382966 95.3 1021
1712192393070 95.3 1022
1712192403138 95.3 1023
1712192413189 95.3 1024
1712192423249 95.3 1025
1712192433378 95.3 1026
1712192443633 95.3 1027
1712192453760 95.3 1028
1712192463884 95.3 1029
1712192474026 95.3 1030
1712192484156 95.3 1031
1712192494298 95.3 1032
1712192504438 95.3 1033
1712192514562 95.3 1034
1712192524697 95.3 1035
1712192534837 95.3 1036
1712192544960 95.3 1037
1712192555087 95.3 1038
1712192565210 95.3 1039
1712192575332 95.3 1040
1712192585460 95.3 1041
1712192595587 95.3 1042
1712192605718 95.3 1043
1712192615845 95.3 1044
1712192625959 95.3 1045
1712192636083 95.3 1046
1712192646209 95.3 1047
1712192656322 95.3 1048
1712192666461 95.3 1049
1712192676576 95.3 1050
1712192686703 95.3 1051
1712192696815 95.3 1052
1712192706937 95.3 1053
1712192717060 95.3 1054
1712192727194 95.3 1055
1712192737330 95.3 1056
1712192747445 95.3 1057
1712192757576 95.3 1058
1712192767698 95.3 1059
1712192777838 95.3 1060
1712192787972 95.3 1061
1712192798087 95.3 1062
1712192808220 95.3 1063
1712192818338 95.3 1064
1712192828450 95.3 1065
1712192838576 95.3 1066
1712192848712 95.3 1067
1712192858838 95.3 1068
1712192868966 95.3 1069
1712192879077 95.3 1070
1712192889189 95.3 1071
1712192899302 95.3 1072
1712192909422 95.3 1073
1712192919546 95.3 1074
1712192929661 95.3 1075
1712192939776 95.3 1076
1712192949904 95.3 1077
1712192960053 95.3 1078
1712192970177 95.3 1079
1712192980298 95.3 1080
1712192990421 95.3 1081
1712193000544 95.3 1082
1712193010666 95.3 1083
1712193020797 95.3 1084
1712193030914 95.3 1085
1712193041071 95.3 1086
1712193051216 95.3 1087
1712193061332 95.3 1088
1712193071448 95.3 1089
1712193081573 95.3 1090
1712193091692 95.3 1091
1712193101833 95.3 1092
1712193111945 95.3 1093
1712193122061 95.3 1094
1712193132171 95.3 1095
1712193142288 95.3 1096
1712193152416 95.3 1097
1712193162548 95.3 1098
1712193172664 95.3 1099
1712193182794 95.3 1100
1712193192941 95.3 1101
1712193203063 95.3 1102
1712193213175 95.3 1103
1712193223309 95.3 1104
1712193233431 95.3 1105
1712193243554 95.3 1106
1712193253691 95.3 1107
1712193263801 95.3 1108
1712193273948 95.3 1109
1712193284081 95.3 1110
1712193294204 95.3 1111
1712193304323 95.3 1112
1712193314441 95.3 1113
1712193324557 95.3 1114
1712193334729 95.3 1115
1712193344864 95.3 1116
1712193354981 95.3 1117
1712193365112 95.3 1118
1712193375235 95.3 1119
1712193385352 95.3 1120
1712193395465 95.3 1121
1712193405577 95.3 1122
1712193415705 95.3 1123
1712193425838 95.3 1124
1712193435955 95.3 1125
1712193446081 95.3 1126
1712193456218 95.3 1127
1712193466342 95.3 1128
1712193476482 95.3 1129
1712193486637 95.3 1130
1712193496784 95.3 1131
1712193506915 95.3 1132
1712193517065 95.3 1133
1712193527199 95.3 1134
1712193537343 95.3 1135
1712193547449 95.3 1136
1712193557572 95.3 1137
1712193567696 95.3 1138
1712193577816 95.3 1139
1712193587927 95.3 1140
1712193598048 95.3 1141
1712193608180 95.3 1142
1712193618299 95.3 1143
1712193628429 95.3 1144
1712193638561 95.3 1145
1712193648684 95.3 1146
1712193658811 95.3 1147
1712193668928 95.3 1148
1712193679053 95.3 1149
1712193689178 95.3 1150
1712193699412 95.3 1151
1712193709534 95.3 1152
1712193719679 95.3 1153
1712193729808 95.3 1154
1712193739950 95.3 1155
1712193750077 95.3 1156
1712193760214 95.3 1157
1712193770333 95.3 1158
1712193780474 95.3 1159
1712193790626 95.3 1160
1712193800756 95.3 1161
1712193810904 95.3 1162
1712193821042 95.3 1163
1712193831176 95.3 1164
1712193841318 95.3 1165
1712193851453 95.3 1166
1712193861593 95.3 1167
1712193871720 95.3 1168
1712193881860 95.3 1169
1712193891986 95.3 1170
1712193902104 95.3 1171
1712193912175 95.3 1172
1712193922281 95.3 1173
1712193932350 95.3 1174
1712193942462 95.3 1175
1712193952586 95.3 1176
1712193962700 95.3 1177
1712193972925 95.3 1178
1712193983057 95.3 1179
1712193993178 95.3 1180
1712194003302 95.3 1181
1712194013429 95.3 1182
1712194023541 95.3 1183
1712194033660 95.3 1184
1712194043778 95.3 1185
1712194053895 95.3 1186
1712194064045 95.3 1187
1712194074147 95.3 1188
1712194084264 95.3 1189
1712194094374 95.3 1190
1712194104475 95.3 1191
1712194114591 95.3 1192
1712194124695 95.3 1193
1712194134812 95.3 1194
1712194144925 95.3 1195
1712194155036 95.3 1196
1712194165163 95.3 1197
1712194175269 95.3 1198
1712194185343 95.3 1199
1712194195486 95.3 1200
1712194205550 95.3 1201
1712194215685 95.3 1202
1712194225805 95.3 1203
1712194235886 95.3 1204
1712194246000 95.3 1205
1712194256067 95.3 1206
1712194266198 95.3 1207
1712194276438 95.3 1208
1712194286505 95.3 1209
1712194296610 95.3 1210
1712194306731 95.3 1211
1712194316844 95.3 1212
1712194326964 95.3 1213
1712194337090 95.3 1214
1712194347211 95.3 1215
1712194357345 95.3 1216
1712194367461 95.3 1217
1712194377577 95.3 1218
1712194387708 95.3 1219
1712194397837 95.3 1220
1712194407961 95.3 1221
1712194418080 95.3 1222
1712194428201 95.3 1223
1712194438319 95.3 1224
1712194448422 95.3 1225
1712194458534 95.3 1226
1712194468589 95.3 1227
1712194478662 95.3 1228
1712194488720 95.3 1229
1712194498798 95.3 1230
1712194508919 95.3 1231
1712194519042 95.3 1232
1712194529176 95.3 1233
1712194539289 95.3 1234
1712194549423 95.3 1235
1712194559531 95.3 1236
1712194569642 95.3 1237
1712194579859 95.3 1238
1712194589989 95.3 1239
1712194600098 95.3 1240
1712194610229 95.3 1241
1712194620357 95.3 1242
1712194630487 95.3 1243
1712194640637 95.3 1244
1712194650750 95.3 1245
1712194660874 95.3 1246
1712194670944 95.3 1247
1712194681077 95.3 1248
1712194691207 95.3 1249
1712194701333 95.3 1250
1712194711464 95.3 1251
1712194721660 95.3 1252
1712194731792 95.3 1253
1712194741932 95.3 1254
1712194752052 95.3 1255
1712194762185 95.3 1256
1712194772306 95.3 1257
1712194782437 95.3 1258
1712194792561 95.3 1259
1712194802678 95.3 1260
1712194812796 95.3 1261
1712194822921 95.3 1262
1712194833043 95.3 1263
1712194843174 95.3 1264
1712194853298 95.3 1265
1712194863418 95.3 1266
1712194873668 95.3 1267
1712194883783 95.3 1268
1712194893904 95.3 1269
1712194904033 95.3 1270
1712194914154 95.3 1271
1712194924281 95.3 1272
1712194934386 95.3 1273
1712194944526 95.3 1274
1712194954653 95.3 1275
1712194964788 95.3 1276
1712194974905 95.3 1277
1712194985022 95.3 1278
1712194995125 95.3 1279
1712195005251 95.3 1280
1712195015473 95.3 1281
1712195025586 95.3 1282
1712195035711 95.3 1283
1712195045826 95.3 1284
1712195055940 95.3 1285
1712195066064 95.3 1286
1712195076176 95.3 1287
1712195086296 95.3 1288
1712195096413 95.3 1289
1712195106538 95.3 1290
1712195116664 95.3 1291
1712195126805 95.3 1292
1712195136929 95.3 1293
1712195147057 95.3 1294
1712195157173 95.3 1295
1712195167298 95.3 1296
1712195177419 95.3 1297
1712195187540 95.3 1298
1712195197651 95.3 1299
1712195207753 95.3 1300
1712195217868 95.3 1301
1712195227986 95.3 1302
1712195238091 95.3 1303
1712195248201 95.3 1304
1712195258309 95.3 1305
1712195268421 95.3 1306
1712195278533 95.3 1307
1712195288644 95.3 1308
1712195298770 95.3 1309
1712195308978 95.3 1310
1712195319130 95.3 1311
1712195329259 95.3 1312
1712195339403 95.3 1313
1712195349522 95.3 1314
1712195359632 95.3 1315
1712195369734 95.3 1316
1712195379856 95.3 1317
1712195389978 95.3 1318
1712195400094 95.3 1319
1712195410227 95.3 1320
1712195420343 95.3 1321
1712195430459 95.3 1322
1712195440578 95.3 1323
1712195450689 95.3 1324
1712195460890 95.3 1325
1712195471009 95.3 1326
1712195481109 95.3 1327
1712195491224 95.3 1328
1712195501348 95.3 1329
1712195511477 95.3 1330
1712195521599 95.3 1331
1712195531733 95.3 1332
1712195541869 95.3 1333
1712195551984 95.3 1334
1712195562103 95.3 1335
1712195572213 95.3 1336
1712195582325 95.3 1337
1712195592434 95.3 1338
1712195602547 95.3 1339
1712195612676 95.3 1340
1712195622782 95.3 1341
1712195632909 95.3 1342
1712195643015 95.3 1343
1712195653136 95.3 1344
1712195663247 95.3 1345
1712195673365 95.3 1346
1712195683475 95.3 1347
1712195693588 95.3 1348
1712195703701 95.3 1349
1712195713827 95.3 1350
1712195723940 95.3 1351
1712195734057 95.3 1352
1712195744175 95.3 1353
1712195754286 95.3 1354
1712195764404 95.3 1355
1712195774512 95.3 1356
1712195784634 95.3 1357
1712195794746 95.3 1358
1712195804855 95.3 1359
1712195814982 95.3 1360
1712195825111 95.3 1361
1712195835232 95.3 1362
1712195845335 95.3 1363
1712195855449 95.3 1364
1712195865567 95.3 1365
1712195875677 95.3 1366
1712195885793 95.3 1367
1712195895928 95.3 1368
1712195906040 95.3 1369
1712195916162 95.3 1370
1712195926278 95.3 1371
1712195936398 95.3 1372
1712195946523 95.3 1373
1712195956642 95.3 1374
1712195966756 95.3 1375
1712195976886 95.3 1376
1712195986990 95.3 1377
1712195997104 95.3 1378
1712196007237 95.3 1379
1712196017332 95.3 1380
1712196027500 95.3 1381
1712196037588 95.3 1382
1712196047755 95.3 1383
1712196057894 95.3 1384
1712196068033 95.3 1385
1712196078182 95.3 1386
1712196088288 95.3 1387
1712196098435 95.3 1388
1712196108589 95.3 1389
1712196118727 95.3 1390
1712196128871 95.3 1391
1712196139033 95.3 1392
1712196149177 95.3 1393
1712196159333 95.3 1394
1712196169492 95.3 1395
1712196179645 95.3 1396
1712196189777 95.3 1397
1712196199921 95.3 1398
1712196210064 95.3 1399
1712196220203 95.3 1400
1712196230363 95.3 1401
1712196240500 95.3 1402
1712196250627 95.3 1403
1712196260769 95.3 1404
1712196270891 95.3 1405
1712196281007 95.3 1406
1712196291140 95.3 1407
1712196301265 95.3 1408
1712196311377 95.3 1409
1712196321512 95.3 1410
1712196331636 95.3 1411
1712196341771 95.3 1412
1712196351890 95.3 1413
1712196362018 95.3 1414
1712196372145 95.3 1415
1712196382259 95.3 1416
1712196392378 95.3 1417
1712196402509 95.3 1418
1712196412624 95.3 1419
1712196422749 95.3 1420
1712196432862 95.3 1421
1712196442998 95.3 1422
1712196453118 95.3 1423
1712196463234 95.3 1424
1712196473349 95.3 1425
1712196483480 95.3 1426
1712196493616 95.3 1427
1712196503740 95.3 1428
1712196513885 95.3 1429
1712196524002 95.3 1430
1712196534122 95.3 1431
1712196544256 95.3 1432
1712196554369 95.3 1433
1712196564495 95.3 1434
1712196574615 95.3 1435
1712196584731 95.3 1436
1712196594866 95.3 1437
1712196604983 95.3 1438
1712196615132 95.3 1439
1712196625282 95.3 1440
1712196635442 95.3 1441
1712196645589 95.3 1442
1712196655717 95.3 1443
1712196665856 95.3 1444
1712196675970 95.3 1445
1712196686108 95.3 1446
1712196696243 95.3 1447
1712196706393 95.3 1448
1712196716572 95.3 1449
1712196726712 95.3 1450
1712196736841 95.3 1451
1712196747051 95.3 1452
1712196757189 95.3 1453
1712196767342 95.3 1454
1712196777502 95.3 1455
1712196787633 95.3 1456
1712196797770 95.3 1457
1712196807909 95.3 1458
1712196818059 95.3 1459
1712196828199 95.3 1460
1712196838339 95.3 1461
1712196848568 95.3 1462
1712196858718 95.3 1463
1712196868857 95.3 1464
1712196878975 95.3 1465
1712196889107 95.3 1466
1712196899246 95.3 1467
1712196909377 95.3 1468
1712196919521 95.3 1469
1712196929657 95.3 1470
1712196939869 95.3 1471
1712196950003 95.3 1472
1712196960144 95.3 1473
1712196970272 95.3 1474
1712196980404 95.3 1475
1712196990547 95.3 1476
1712197000724 95.3 1477
1712197010909 95.3 1478
1712197021046 95.3 1479
1712197031182 95.3 1480
1712197041325 95.3 1481
1712197051450 95.3 1482
1712197061620 95.3 1483
1712197071777 95.3 1484
1712197081946 95.3 1485
1712197092068 95.3 1486
1712197102221 95.3 1487
1712197112380 95.3 1488
1712197122516 95.3 1489
1712197132656 95.3 1490
1712197142804 95.3 1491
1712197152948 95.3 1492
1712197163091 95.3 1493
1712197173229 95.3 1494
1712197183485 95.3 1495
1712197193665 95.3 1496
1712197203809 95.3 1497
1712197213939 95.3 1498
1712197224093 95.3 1499
1712197234267 95.3 1500
1712197244435 95.3 1501
1712197254591 95.3 1502
1712197264771 95.3 1503
1712197274969 95.3 1504
1712197285146 95.3 1505
1712197295326 95.3 1506
1712197305517 95.3 1507
1712197315649 95.3 1508
1712197325782 95.3 1509
1712197335935 95.3 1510
1712197346080 95.3 1511
1712197356242 95.3 1512
1712197366388 95.3 1513
1712197376527 95.3 1514
1712197386656 95.3 1515
1712197396787 95.3 1516
1712197406919 95.3 1517
1712197417065 95.3 1518
1712197427206 95.3 1519
1712197437350 95.3 1520
1712197447507 95.3 1521
1712197457663 95.3 1522
1712197467794 95.3 1523
1712197477937 95.3 1524
1712197488087 95.3 1525
1712197498241 95.3 1526
1712197508394 95.3 1527
1712197518529 95.3 1528
1712197528673 95.3 1529
1712197538816 95.3 1530
1712197548953 95.3 1531
1712197559121 95.3 1532
1712197569257 95.3 1533
1712197579531 95.3 1534
1712197589689 95.3 1535
1712197599853 95.3 1536
1712197609989 95.3 1537
1712197620147 95.3 1538
1712197630294 95.3 1539
1712197640426 95.3 1540
1712197650596 95.3 1541
1712197660746 95.3 1542
1712197670902 95.3 1543
1712197681070 95.3 1544
1712197691318 95.3 1545
1712197701483 95.3 1546
1712197711638 95.3 1547
1712197721797 95.3 1548
1712197731958 95.3 1549
1712197742116 95.3 1550
1712197752264 95.3 1551
1712197762412 95.3 1552
1712197772569 95.3 1553
1712197782730 95.3 1554
1712197792887 95.3 1555
1712197803114 95.3 1556
1712197813260 95.3 1557
1712197823419 95.3 1558
1712197833563 95.3 1559
1712197843744 95.3 1560
1712197853884 95.3 1561
1712197864064 95.3 1562
1712197874218 95.3 1563
1712197884377 95.3 1564
1712197894522 95.3 1565
1712197904784 95.3 1566
1712197914970 95.3 1567
1712197925126 95.3 1568
1712197935281 95.3 1569
1712197945461 95.3 1570
1712197955628 95.3 1571
1712197965764 95.3 1572
1712197975914 95.3 1573
1712197986065 95.3 1574
1712197996214 95.3 1575
1712198006367 95.3 1576
1712198016529 95.3 1577
1712198026713 95.3 1578
1712198036851 95.3 1579
1712198047000 95.3 1580
1712198057135 95.3 1581
1712198067274 95.3 1582
1712198077449 95.3 1583
1712198087607 95.3 1584
1712198097777 95.3 1585
1712198107919 95.3 1586
1712198118164 95.3 1587
1712198128314 95.3 1588
1712198138497 95.3 1589
1712198148636 95.3 1590
1712198158794 95.3 1591
1712198168957 95.3 1592
1712198179142 95.3 1593
1712198189308 95.3 1594
1712198199448 95.3 1595
1712198209534 95.3 1596
1712198219869 95.3 1597
1712198230047 95.3 1598
1712198240175 95.3 1599
1712198250285 95.3 1600
1712198260429 95.3 1601
1712198270544 95.3 1602
1712198280661 95.3 1603
1712198290832 95.3 1604
1712198300945 95.3 1605
1712198311062 95.3 1606
1712198321237 95.3 1607
1712198331384 95.3 1608
1712198341545 95.3 1609
1712198351792 95.3 1610
1712198361946 95.3 1611
1712198372115 95.3 1612
1712198382193 95.3 1613
1712198392391 95.3 1614
1712198402580 95.3 1615
1712198412696 95.3 1616
1712198422890 95.3 1617
1712198433072 95.3 1618
1712198443168 95.3 1619
1712198453451 95.3 1620
1712198463630 95.3 1621
1712198473799 95.3 1622
1712198483955 95.3 1623
1712198494126 95.3 1624
1712198504215 95.3 1625
1712198514409 95.3 1626
1712198524571 95.3 1627
1712198534747 95.3 1628
1712198544904 95.3 1629
1712198555170 95.3 1630
1712198565290 95.3 1631
1712198575464 95.3 1632
1712198585647 95.3 1633
1712198595828 95.3 1634
1712198605974 95.3 1635
1712198616129 95.3 1636
1712198626209 95.3 1637
1712198636392 95.3 1638
1712198646538 95.3 1639
1712198656755 95.3 1640
1712198666884 95.3 1641
1712198677039 95.3 1642
1712198687129 95.3 1643
1712198697301 95.3 1644
1712198707451 95.3 1645
1712198717578 95.3 1646
1712198727708 95.3 1647
1712198737825 95.3 1648
1712198747966 95.3 1649
1712198758102 95.3 1650
1712198768328 95.3 1651
1712198778463 95.3 1652
1712198788599 95.3 1653
1712198798673 95.3 1654
1712198808853 95.3 1655
1712198818980 95.3 1656
1712198829122 95.3 1657
1712198839248 95.3 1658
1712198849401 95.3 1659
1712198859491 95.3 1660
1712198869780 95.3 1661
1712198879935 95.3 1662
1712198890088 95.3 1663
1712198900238 95.3 1664
1712198910379 95.3 1665
1712198920501 95.3 1666
1712198930647 95.3 1667
1712198940782 95.3 1668
1712198950920 95.3 1669
1712198961055 95.3 1670
1712198971205 95.3 1671
1712198981298 95.3 1672
1712198991471 95.3 1673
1712199001646 95.3 1674
1712199011793 95.3 1675
1712199021955 95.3 1676
1712199032116 95.3 1677
1712199042219 95.3 1678
1712199052369 95.3 1679
1712199062510 95.3 1680
1712199072658 95.3 1681
1712199082891 95.3 1682
1712199093024 95.3 1683
1712199103107 95.3 1684
1712199113261 95.3 1685
1712199123407 95.3 1686
1712199133557 95.3 1687
1712199143721 95.3 1688
1712199153868 95.3 1689
1712199163973 95.3 1690
1712199174138 95.3 1691
1712199184280 95.3 1692
1712199194426 95.3 1693
1712199204587 95.3 1694
1712199214727 95.3 1695
1712199224801 95.3 1696
1712199234952 95.3 1697
1712199245088 95.3 1698
1712199255217 95.3 1699
1712199265360 95.3 1700
1712199275507 95.3 1701
1712199285578 95.3 1702
1712199295844 95.3 1703
1712199305977 95.3 1704
1712199316109 95.3 1705
1712199326261 95.3 1706
1712199336391 95.3 1707
1712199346474 95.3 1708
1712199356605 95.3 1709
1712199366753 95.3 1710
1712199376917 95.3 1711
1712199387085 95.3 1712
1712199397315 95.3 1713
1712199407423 95.3 1714
1712199417572 95.3 1715
1712199427708 95.3 1716
1712199437853 95.3 1717
1712199447992 95.3 1718
1712199458066 95.3 1719
1712199468199 95.3 1720
1712199478345 95.3 1721
1712199488488 95.3 1722
1712199498622 95.3 1723
1712199508766 95.3 1724
1712199518841 95.3 1725
1712199528960 95.3 1726
1712199539089 95.3 1727
1712199549222 95.3 1728
1712199559339 95.3 1729
1712199569464 95.3 1730
1712199579539 95.3 1731
1712199589660 95.3 1732
1712199599788 95.3 1733
1712199609908 95.3 1734
1712199620030 95.3 1735
1712199630152 95.3 1736
1712199640236 95.3 1737
1712199650354 95.3 1738
1712199660488 95.3 1739
1712199670620 95.3 1740
1712199680747 95.3 1741
1712199690874 95.3 1742
1712199700936 95.3 1743
1712199711066 95.3 1744
1712199721195 95.3 1745
1712199731315 95.3 1746
1712199741454 95.3 1747
1712199751591 95.3 1748
1712199761657 95.3 1749
1712199771790 95.3 1750
1712199781916 95.3 1751
1712199792036 95.3 1752
1712199802168 95.3 1753
1712199812285 95.3 1754
1712199822365 95.3 1755
1712199832600 95.3 1756
1712199842730 95.3 1757
1712199852849 95.3 1758
1712199862992 95.3 1759
1712199873174 95.3 1760
1712199883245 95.3 1761
1712199893376 95.3 1762
1712199903503 95.3 1763
1712199913622 95.3 1764
1712199923755 95.3 1765
1712199933977 95.3 1766
1712199944048 95.3 1767
1712199954173 95.3 1768
1712199964293 95.3 1769
1712199974412 95.3 1770
1712199984544 95.3 1771
1712199994657 95.3 1772
1712200004726 95.3 1773
1712200014851 95.3 1774
1712200024968 95.3 1775
1712200035090 95.3 1776
1712200045208 95.3 1777
1712200055326 95.3 1778
1712200065411 95.3 1779
1712200075533 95.3 1780
1712200085666 95.3 1781
1712200095801 95.3 1782
1712200105933 95.3 1783
1712200116084 95.3 1784
1712200126151 95.3 1785
1712200136297 95.3 1786
1712200146446 95.3 1787
1712200156595 95.3 1788
1712200166732 95.3 1789
1712200176862 95.3 1790
1712200186925 95.3 1791
1712200197041 95.3 1792
1712200207191 95.3 1793
1712200217318 95.3 1794
1712200227463 95.3 1795
1712200237576 95.3 1796
1712200247733 95.3 1797
1712200257869 95.3 1798
1712200268049 95.3 1799
1712200278216 95.3 1800
1712200288359 95.3 1801
1712200298511 95.3 1802
1712200308783 95.3 1803
1712200318937 95.3 1804
1712200329078 95.3 1805
1712200339219 95.3 1806
1712200349367 95.3 1807
1712200359510 95.3 1808
1712200369645 95.3 1809
1712200379788 95.3 1810
1712200389935 95.3 1811
1712200400075 95.3 1812
1712200410222 95.3 1813
1712200420383 95.3 1814
1712200430552 95.3 1815
1712200440689 95.3 1816
1712200450832 95.3 1817
1712200460978 95.3 1818
1712200471118 95.3 1819
1712200481274 95.3 1820
1712200491429 95.3 1821
1712200501581 95.3 1822
1712200511728 95.3 1823
1712200521861 95.3 1824
1712200532112 95.3 1825
1712200542237 95.3 1826
1712200552373 95.3 1827
1712200562573 95.3 1828
1712200572715 95.3 1829
1712200582871 95.3 1830
1712200593051 95.3 1831
1712200603190 95.3 1832
1712200613330 95.3 1833
1712200623473 95.3 1834
1712200633609 95.3 1835
1712200643755 95.3 1836
1712200653916 95.3 1837
1712200664075 95.3 1838
1712200674225 95.3 1839
1712200684477 95.3 1840
1712200694614 95.3 1841
1712200704744 95.3 1842
1712200714900 95.3 1843
1712200725043 95.3 1844
1712200735189 95.3 1845
1712200745347 95.3 1846
1712200755505 95.3 1847
1712200765652 95.3 1848
1712200775830 95.3 1849
1712200785990 95.3 1850
1712200796151 95.3 1851
1712200806312 95.3 1852
1712200816478 95.3 1853
1712200826634 95.3 1854
1712200836884 95.3 1855
1712200847050 95.3 1856
1712200857198 95.3 1857
1712200867363 95.3 1858
1712200877526 95.3 1859
1712200887687 95.3 1860
1712200897844 95.3 1861
1712200908098 95.3 1862
1712200918260 95.3 1863
1712200928427 95.3 1864
1712200938592 95.3 1865
1712200948753 95.3 1866
1712200958905 95.3 1867
1712200969058 95.3 1868
1712200979302 95.3 1869
1712200989458 95.3 1870
1712200999598 95.3 1871
1712201009751 95.3 1872
1712201019931 95.3 1873
1712201030063 95.3 1874
1712201040215 95.3 1875
1712201050352 95.3 1876
1712201060488 95.3 1877
1712201070627 95.3 1878
1712201080790 95.3 1879
1712201090933 95.3 1880
1712201101098 95.3 1881
1712201111251 95.3 1882
1712201121395 95.3 1883
1712201131553 95.3 1884
1712201141709 95.3 1885
1712201151851 95.3 1886
1712201162001 95.3 1887
1712201172148 95.3 1888
1712201182300 95.3 1889
1712201192459 95.3 1890
1712201202702 95.3 1891
1712201212859 95.3 1892
1712201223006 95.3 1893
1712201233157 95.3 1894
1712201243302 95.3 1895
1712201253437 95.3 1896
1712201263574 95.3 1897
1712201273807 95.3 1898
1712201283954 95.3 1899
1712201294099 95.3 1900
1712201304247 95.3 1901
1712201314389 95.3 1902
1712201324541 95.3 1903
1712201334744 95.3 1904
1712201344899 95.3 1905
1712201355063 95.3 1906
1712201365227 95.3 1907
1712201375374 95.3 1908
1712201385532 95.3 1909
1712201395689 95.3 1910
1712201405829 95.3 1911
1712201415960 95.3 1912
1712201426189 95.3 1913
1712201436350 95.3 1914
1712201446538 95.3 1915
1712201456676 95.3 1916
1712201466829 95.3 1917
1712201476986 95.3 1918
1712201487120 95.3 1919
1712201497358 95.3 1920
1712201507525 95.3 1921
1712201517683 95.3 1922
1712201527826 95.3 1923
1712201537977 95.3 1924
1712201548144 95.3 1925
1712201558284 95.3 1926
1712201568430 95.3 1927
1712201578574 95.3 1928
1712201588713 95.3 1929
1712201598874 95.3 1930
1712201609034 95.3 1931
1712201619172 95.3 1932
1712201629313 95.3 1933
1712201639447 95.3 1934
1712201649679 95.3 1935
1712201659830 95.3 1936
1712201669997 95.3 1937
1712201680145 95.3 1938
1712201690278 95.3 1939
1712201700427 95.3 1940
1712201710613 95.3 1941
1712201720773 95.3 1942
1712201730920 95.3 1943
1712201741083 95.3 1944
1712201751238 95.3 1945
1712201761403 95.3 1946
1712201771560 95.3 1947
1712201781743 95.3 1948
1712201791897 95.3 1949
1712201802136 95.3 1950
1712201812308 95.3 1951
1712201822482 95.3 1952
1712201832655 95.3 1953
1712201842816 95.3 1954
1712201852990 95.3 1955
1712201863137 95.3 1956
1712201873285 95.3 1957
1712201883431 95.3 1958
1712201893578 95.3 1959
1712201903738 95.3 1960
1712201913912 95.3 1961
1712201924085 95.3 1962
1712201934230 95.3 1963
1712201944302 95.3 1964
1712201954511 95.3 1965
1712201964679 95.3 1966
1712201974828 95.3 1967
1712201984961 95.3 1968
1712201995102 95.3 1969
1712202005240 95.3 1970
1712202015369 95.3 1971
1712202025512 95.3 1972
1712202035646 95.3 1973
1712202045796 95.3 1974
1712202055937 95.3 1975
1712202066070 95.3 1976
1712202076198 95.3 1977
1712202086350 95.3 1978
1712202096490 95.3 1979
1712202106696 95.3 1980
1712202116835 95.3 1981
1712202126954 95.3 1982
1712202137082 95.3 1983
1712202147217 95.3 1984
1712202157365 95.3 1985
1712202167497 95.3 1986
1712202177645 95.3 1987
1712202187796 95.3 1988
1712202197928 95.3 1989
1712202208080 95.3 1990
1712202218202 95.3 1991
1712202228335 95.3 1992
1712202238459 95.3 1993
1712202248593 95.3 1994
1712202258839 95.3 1995
1712202268983 95.3 1996
1712202279140 95.3 1997
1712202289261 95.3 1998
1712202299400 95.3 1999
1712202309526 95.3 2000
1712202319667 95.3 2001
1712202329817 95.3 2002
1712202339947 95.3 2003
1712202350089 95.3 2004
1712202360226 95.3 2005
1712202370353 95.3 2006
1712202380480 95.3 2007
1712202390613 95.3 2008
1712202400742 95.3 2009
1712202410914 95.3 2010
1712202421056 95.3 2011
1712202431186 95.3 2012
1712202441263 95.3 2013
1712202451425 95.3 2014
1712202461586 95.3 2015
1712202471734 95.3 2016
1712202482017 95.3 2017
1712202492173 95.3 2018
1712202502332 95.3 2019
1712202512494 95.3 2020
1712202522581 95.3 2021
1712202532724 95.3 2022
1712202542880 95.3 2023
1712202553019 95.3 2024
1712202563199 95.3 2025
1712202573360 95.3 2026
1712202583508 95.3 2027
1712202593655 95.3 2028
1712202603805 95.3 2029
1712202613944 95.3 2030
1712202624094 95.3 2031
1712202634295 95.3 2032
1712202644438 95.3 2033
1712202654571 95.3 2034
1712202664699 95.3 2035
1712202674844 95.3 2036
1712202684968 95.3 2037
1712202695097 95.3 2038
1712202705179 95.3 2039
1712202715316 95.3 2040
1712202725457 95.3 2041
1712202735579 95.3 2042
1712202745743 95.3 2043
1712202755889 95.3 2044
1712202766031 95.3 2045
1712202776181 95.3 2046
1712202786411 95.3 2047
1712202796553 95.3 2048
1712202806690 95.3 2049
1712202816830 95.3 2050
1712202826979 95.3 2051
1712202837117 95.3 2052
1712202847244 95.3 2053
1712202857472 95.3 2054
1712202867634 95.3 2055
1712202877766 95.3 2056
1712202887913 95.3 2057
1712202898042 95.3 2058
1712202908194 95.3 2059
1712202918342 98.7 2060
1712202928514 98.6 2061
1712202938779 98.8 2062
1712202948907 99.0 2063
1712202959067 99.0 2064
1712202969205 99.0 2065
1712202979355 95.3 2066
1712202989497 95.3 2067
1712202999576 95.3 2068
1712203009734 95.3 2069
1712203019907 95.3 2070
1712203030045 95.3 2071
1712203040183 95.3 2072
1712203050316 95.3 2073
1712203060460 95.3 2074
1712203070609 95.3 2075
1712203080769 95.3 2076
1712203091012 95.3 2077
1712203101192 95.3 2078
1712203111365 95.3 2079
1712203121541 95.3 2080
1712203131706 95.3 2081
1712203141876 95.3 2082
1712203152055 95.3 2083
1712203162257 95.3 2084
1712203172533 95.3 2085
1712203182739 95.3 2086
1712203192960 95.3 2087
1712203203156 95.3 2088
1712203213340 95.3 2089
1712203223529 95.3 2090
1712203233782 95.3 2091
1712203244092 95.3 2092
1712203254298 95.3 2093
1712203264490 95.3 2094
1712203274693 95.3 2095
1712203284908 95.3 2096
1712203295173 95.3 2097
1712203305387 95.3 2098
1712203315676 95.3 2099
1712203325861 95.3 2100
1712203336037 95.3 2101
1712203346197 95.3 2102
1712203356336 95.3 2103
1712203366495 95.3 2104
1712203376663 95.3 2105
1712203386745 95.3 2106
1712203396991 95.3 2107
1712203407229 95.3 2108
1712203417373 95.3 2109
1712203427533 95.3 2110
1712203437703 95.3 2111
1712203447863 95.3 2112
1712203458030 95.3 2113
1712203468288 95.3 2114
1712203478455 95.3 2115
1712203488626 95.3 2116
1712203498799 95.3 2117
1712203508931 95.3 2118
1712203519065 95.3 2119
1712203529247 95.3 2120
1712203539401 95.3 2121
1712203549559 95.3 2122
1712203559710 95.3 2123
1712203569869 95.3 2124
1712203580029 95.3 2125
1712203590185 95.3 2126
1712203600328 95.3 2127
1712203610490 95.3 2128
1712203620713 95.3 2129
1712203630873 95.3 2130
1712203641036 95.3 2131
1712203651196 95.3 2132
1712203661361 95.3 2133
1712203671524 95.3 2134
1712203681670 95.3 2135
1712203691893 95.3 2136
1712203702050 95.3 2137
1712203712203 95.3 2138
1712203722339 95.3 2139
1712203732494 95.3 2140
1712203742649 95.3 2141
1712203752900 95.3 2142
1712203763066 95.3 2143
1712203773208 95.3 2144
1712203783356 95.3 2145
1712203793514 95.3 2146
1712203803762 95.3 2147
1712203813930 95.3 2148
1712203824100 95.3 2149
1712203834258 95.3 2150
1712203844416 95.3 2151
1712203854593 95.3 2152
1712203864821 95.3 2153
1712203875059 95.3 2154
1712203885230 95.3 2155
1712203895430 95.3 2156
1712203905584 95.3 2157
1712203915881 95.3 2158
1712203926056 95.3 2159
1712203936238 95.3 2160
1712203946421 95.3 2161
1712203956529 95.3 2162
1712203966665 95.3 2163
1712203977037 95.3 2164
1712203987221 95.3 2165
1712203997409 95.3 2166
1712204007556 95.3 2167
1712204017844 95.3 2168
1712204028039 95.3 2169
1712204038145 95.3 2170
1712204048380 95.3 2171
1712204058512 95.3 2172
1712204068643 95.3 2173
1712204078852 95.3 2174
1712204089086 95.3 2175
1712204099221 95.3 2176
1712204109411 95.3 2177
1712204119553 95.3 2178
1712204129850 95.3 2179
1712204139947 95.3 2180
1712204150103 95.3 2181
1712204160269 95.3 2182
1712204170512 95.3 2183
1712204180665 95.3 2184
1712204190836 95.3 2185
1712204200966 95.3 2186
1712204211103 95.3 2187
1712204221273 95.3 2188
1712204231417 95.3 2189
1712204241566 95.3 2190
1712204251753 95.3 2191
1712204261995 95.3 2192
1712204272141 95.3 2193
1712204282305 95.3 2194
1712204292456 95.3 2195
1712204302714 95.3 2196
1712204312857 95.3 2197
1712204322986 95.3 2198
1712204333161 95.3 2199
1712204343307 95.3 2200
1712204353475 95.3 2201
1712204363634 95.3 2202
1712204373769 95.3 2203
1712204383883 95.3 2204
1712204394163 95.3 2205
1712204404318 95.3 2206
1712204414485 95.3 2207
1712204424640 95.3 2208
1712204434785 95.3 2209
1712204444882 95.3 2210
1712204455077 95.3 2211
1712204465241 95.3 2212
1712204475478 95.3 2213
1712204485649 95.3 2214
1712204495804 95.3 2215
1712204505901 95.3 2216
1712204516226 95.3 2217
1712204526397 95.3 2218
1712204536564 95.3 2219
1712204546718 95.3 2220
1712204556960 95.3 2221
1712204567051 95.3 2222
1712204577257 95.3 2223
1712204587435 95.3 2224
1712204597594 95.3 2225
1712204607822 95.3 2226
1712204617970 95.3 2227
1712204628153 95.3 2228
1712204638300 95.3 2229
1712204648479 95.3 2230
1712204658702 95.3 2231
1712204668852 95.3 2232
1712204679010 95.3 2233
1712204689199 95.3 2234
1712204699441 95.3 2235
1712204709592 95.3 2236
1712204719752 95.3 2237
1712204729903 95.3 2238
1712204740006 95.3 2239
1712204750220 95.3 2240
1712204760382 95.3 2241
1712204770614 95.3 2242
1712204780787 95.3 2243
1712204790952 95.3 2244
1712204801047 95.3 2245
1712204811273 95.3 2246
1712204821441 95.3 2247
1712204831683 95.3 2248
1712204841842 95.3 2249
1712204852013 95.3 2250
1712204862098 95.3 2251
1712204872260 95.3 2252
1712204882587 95.3 2253
1712204892799 95.3 2254
1712204902987 95.3 2255
1712204913159 95.3 2256
1712204923368 95.3 2257
1712204933632 95.3 2258
1712204943904 95.3 2259
1712204954081 95.3 2260
1712204964289 95.3 2261
1712204974438 95.3 2262
1712204984693 95.3 2263
1712204994877 95.3 2264
1712205005098 95.3 2265
1712205015284 95.3 2266
1712205025465 95.3 2267
1712205035634 95.3 2268
1712205045925 95.3 2269
1712205056115 95.3 2270
1712205066298 95.3 2271
1712205076490 95.3 2272
1712205086684 95.3 2273
1712205096958 95.3 2274
1712205107119 95.3 2275
1712205117323 95.3 2276
1712205127514 95.3 2277
1712205137747 95.3 2278
1712205148035 95.3 2279
1712205158211 95.3 2280
1712205168388 95.3 2281
1712205178564 95.3 2282
1712205188744 95.3 2283
1712205198905 95.3 2284
1712205209053 95.3 2285
1712205219222 95.3 2286
1712205229386 95.3 2287
1712205239532 95.3 2288
1712205249707 95.3 2289
1712205259904 95.3 2290
1712205270056 95.3 2291
1712205280214 95.3 2292
1712205290346 95.3 2293
1712205300495 95.3 2294
1712205310649 95.3 2295
1712205320794 95.3 2296
1712205330971 95.3 2297
1712205341117 95.3 2298
1712205351279 95.3 2299
1712205361440 95.3 2300
1712205371599 95.3 2301
1712205381732 95.3 2302
1712205391867 95.3 2303
1712205402028 95.3 2304
1712205412181 95.3 2305
1712205422322 95.3 2306
1712205432475 95.3 2307
1712205442622 95.3 2308
1712205452778 95.3 2309
1712205462942 95.3 2310
1712205473108 95.3 2311
1712205483262 95.3 2312
1712205493438 95.3 2313
1712205503697 95.3 2314
1712205513884 95.3 2315
1712205524061 95.3 2316
1712205534222 95.3 2317
1712205544399 95.3 2318
1712205554594 95.3 2319
1712205564873 95.3 2320
1712205575073 95.3 2321
1712205585255 95.3 2322
1712205595439 95.3 2323
1712205605620 95.3 2324
1712205615891 95.3 2325
1712205626102 95.3 2326
1712205636287 95.3 2327
1712205646471 95.3 2328
1712205656655 95.3 2329
1712205666855 95.3 2330
1712205677038 95.3 2331
1712205687318 95.3 2332
1712205697489 95.3 2333
1712205707674 95.3 2334
1712205717855 95.3 2335
1712205728039 95.3 2336
1712205738224 95.3 2337
1712205748403 95.3 2338
1712205758662 95.3 2339
1712205768855 95.3 2340
1712205779035 95.3 2341
1712205789205 95.3 2342
1712205799486 95.3 2343
1712205809679 95.3 2344
1712205819859 95.3 2345
1712205830032 95.3 2346
1712205840208 95.3 2347
1712205850400 95.3 2348
1712205860678 95.3 2349
1712205870857 95.3 2350
1712205881024 95.3 2351
1712205891198 95.3 2352
1712205901365 95.3 2353
1712205911552 95.3 2354
1712205921761 95.3 2355
1712205931945 95.3 2356
1712205942152 95.3 2357
1712205952342 95.3 2358
1712205962605 95.3 2359
1712205972792 95.3 2360
