1712182080175 0.0 0
1712182090258 0.0 1
1712182100326 100.0 2
1712182110394 99.0 3
1712182120455 100.0 4
1712182130516 100.0 5
1712182140576 99.0 6
1712182150639 100.0 7
1712182160736 99.0 8
1712182170810 100.0 9
1712182180880 100.0 10
1712182190956 99.0 11
1712182201028 99.0 12
1712182211100 100.0 13
1712182221174 99.0 14
1712182231247 100.0 15
1712182241338 99.0 16
1712182251408 100.0 17
1712182261485 100.0 18
1712182271546 100.0 19
1712182281629 99.0 20
1712182291711 100.0 21
1712182301791 100.0 22
1712182311868 100.0 23
1712182321944 99.0 24
1712182332014 100.0 25
1712182342095 100.0 26
1712182352164 100.0 27
1712182362245 100.0 28
1712182372316 100.0 29
1712182382380 100.0 30
1712182392456 100.0 31
1712182402535 99.0 32
1712182412597 100.0 33
1712182422681 99.0 34
1712182432751 99.0 35
1712182442816 99.0 36
1712182452892 99.0 37
1712182462972 100.0 38
1712182473045 99.0 39
1712182483124 100.0 40
1712182493191 99.0 41
1712182503271 100.0 42
1712182513339 99.0 43
1712182523425 100.0 44
1712182533500 100.0 45
1712182543574 100.0 46
1712182553670 100.0 47
1712182563764 99.0 48
1712182573837 100.0 49
1712182583915 99.0 50
1712182594000 100.0 51
1712182604084 100.0 52
1712182614155 99.0 53
1712182624238 100.0 54
1712182634334 99.0 55
1712182644420 100.0 56
1712182654495 99.0 57
1712182664604 99.0 58
1712182674690 100.0 59
1712182684776 99.0 60
1712182694860 100.0 61
1712182704931 99.0 62
1712182715035 99.0 63
1712182725121 100.0 64
1712182735214 99.0 65
1712182745298 100.0 66
1712182755379 100.0 67
1712182765479 100.0 68
1712182775568 100.0 69
1712182785662 99.0 70
1712182795747 100.0 71
1712182805814 100.0 72
1712182815911 100.0 73
1712182826006 99.0 74
1712182836081 99.0 75
1712182846161 100.0 76
1712182856230 100.0 77
1712182866302 99.0 78
1712182876376 100.0 79
1712182886463 99.0 80
1712182896546 100.0 81
1712182906638 100.0 82
1712182916712 99.0 83
1712182926799 100.0 84
1712182936882 100.0 85
1712182946961 99.0 86
1712182957046 100.0 87
1712182967124 100.0 88
1712182977190 100.0 89
1712182987278 100.0 90
1712182997347 99.0 91
1712183007418 100.0 92
1712183017495 100.0 93
1712183027570 99.0 94
1712183037641 100.0 95
1712183047727 100.0 96
1712183057801 99.0 97
1712183067888 99.0 98
1712183077975 100.0 99
1712183088020 99.0 100
1712183098055 100.0 101
1712183108099 100.0 102
1712183118191 100.0 103
1712183128235 98.0 104
1712183138275 100.0 105
1712183148377 100.0 106
1712183158416 99.0 107
1712183168447 99.0 108
1712183178549 100.0 109
1712183188592 100.0 110
1712183198628 100.0 111
1712183208710 100.0 112
1712183218746 99.0 113
1712183228784 99.0 114
1712183238872 100.0 115
1712183248913 100.0 116
1712183258955 100.0 117
1712183269051 99.0 118
1712183279083 100.0 119
1712183289116 100.0 120
1712183299204 99.0 121
1712183309239 100.0 122
1712183319267 100.0 123
1712183329350 100.0 124
1712183339395 99.0 125
1712183349484 100.0 126
1712183359580 100.0 127
1712183369680 98.0 128
1712183379711 100.0 129
1712183389789 100.0 130
1712183399880 99.0 131
1712183409964 99.0 132
1712183420053 100.0 133
1712183430130 99.0 134
1712183440170 99.0 135
1712183450257 100.0 136
1712183460334 99.0 137
1712183470431 99.0 138
1712183480514 100.0 139
1712183490604 99.0 140
1712183500644 100.0 141
1712183510725 100.0 142
1712183520809 99.0 143
1712183530899 99.0 144
1712183540987 100.0 145
1712183551093 99.0 146
1712183561137 99.0 147
1712183571220 100.0 148
1712183581311 99.0 149
1712183591409 99.0 150
1712183601502 99.0 151
1712183611608 99.0 152
1712183621645 100.0 153
1712183631732 100.0 154
1712183641841 99.0 155
1712183651950 99.0 156
1712183662041 100.0 157
1712183672135 99.0 158
1712183682175 100.0 159
1712183692269 100.0 160
1712183702351 100.0 161
1712183712463 100.0 162
1712183722559 98.0 163
1712183732641 99.0 164
1712183742690 98.0 165
1712183752783 99.0 166
1712183762884 98.0 167
1712183772975 100.0 168
1712183783062 99.0 169
1712183793137 100.0 170
1712183803171 100.0 171
1712183813255 99.0 172
1712183823340 98.0 173
1712183833423 100.0 174
1712183843524 99.0 175
1712183853619 99.0 176
1712183863656 100.0 177
1712183873738 100.0 178
1712183883820 98.0 179
1712183893920 100.0 180
1712183904013 99.0 181
1712183914099 100.0 182
1712183924142 100.0 183
1712183934237 100.0 184
1712183944335 99.0 185
1712183954429 100.0 186
1712183964525 100.0 187
1712183974618 99.0 188
1712183984663 100.0 189
1712183994750 100.0 190
1712184004842 99.0 191
1712184014926 99.0 192
1712184025013 99.0 193
1712184035095 100.0 194
1712184045136 100.0 195
1712184055221 100.0 196
1712184065300 99.0 197
1712184075387 100.0 198
1712184085477 100.0 199
1712184095573 99.0 200
1712184105612 99.0 201
1712184115705 100.0 202
1712184125803 99.0 203
1712184135899 100.0 204
1712184145985 98.0 205
1712184156069 100.0 206
1712184166103 100.0 207
1712184176201 100.0 208
1712184186300 98.0 209
1712184196385 100.0 210
1712184206486 100.0 211
1712184216574 100.0 212
1712184226622 100.0 213
1712184236714 100.0 214
1712184246803 100.0 215
1712184256913 86.0 216
1712184267014 81.0 217
1712184277113 79.0 218
1712184287162 93.0 219
1712184297275 94.0 220
1712184307388 97.0 221
1712184317503 73.0 222
1712184327641 74.0 223
1712184337691 74.0 224
1712184347826 70.0 225
1712184357939 88.0 226
1712184368031 75.0 227
1712184378150 71.0 228
1712184388248 75.0 229
1712184398289 73.0 230
1712184408412 70.0 231
1712184418522 91.0 232
1712184428621 93.0 233
1712184438740 73.0 234
1712184448849 73.0 235
1712184458896 72.0 236
1712184468983 67.0 237
1712184479071 99.0 238
1712184489170 100.0 239
1712184499265 99.0 240
1712184509349 99.0 241
1712184519398 100.0 242
1712184529498 100.0 243
1712184539603 99.0 244
1712184549709 99.0 245
1712184559796 100.0 246
1712184569900 100.0 247
1712184579939 100.0 248
1712184590039 99.0 249
1712184600137 99.0 250
1712184610235 100.0 251
1712184620323 100.0 252
1712184630417 99.0 253
1712184640453 100.0 254
1712184650546 100.0 255
1712184660627 100.0 256
1712184670721 100.0 257
1712184680815 99.0 258
1712184690901 99.0 259
1712184700948 99.0 260
1712184711042 99.0 261
1712184721134 99.0 262
1712184731219 99.0 263
1712184741310 100.0 264
1712184751392 99.0 265
1712184761438 98.0 266
1712184771520 100.0 267
1712184781633 100.0 268
1712184791731 100.0 269
1712184801826 99.0 270
1712184811908 98.0 271
1712184821945 100.0 272
1712184832041 99.0 273
1712184842132 100.0 274
1712184852213 100.0 275
1712184862310 99.0 276
1712184872404 100.0 277
1712184882448 99.0 278
1712184892546 99.0 279
1712184902651 100.0 280
1712184912743 100.0 281
1712184922834 99.0 282
1712184932931 100.0 283
1712184942968 100.0 284
1712184953071 98.0 285
1712184963166 99.0 286
1712184973254 99.0 287
1712184983341 100.0 288
1712184993435 100.0 289
1712185003479 99.0 290
1712185013588 99.0 291
1712185023687 100.0 292
1712185033782 99.0 293
1712185043892 99.0 294
1712185053989 99.0 295
1712185064031 99.0 296
1712185074119 100.0 297
1712185084206 100.0 298
1712185094299 99.0 299
1712185104389 100.0 300
1712185114490 100.0 301
1712185124544 99.0 302
1712185134648 99.0 303
1712185144739 100.0 304
1712185154845 99.0 305
1712185164946 100.0 306
1712185175050 99.0 307
1712185185088 99.0 308
1712185195171 100.0 309
1712185205265 100.0 310
1712185215365 99.0 311
1712185225462 100.0 312
1712185235506 100.0 313
1712185245554 99.0 314
1712185255584 100.0 315
1712185265676 100.0 316
1712185275726 100.0 317
1712185285775 99.0 318
1712185295870 100.0 319
1712185305974 100.0 320
1712185316099 99.0 321
1712185326142 100.0 322
1712185336236 100.0 323
1712185346318 99.0 324
1712185356420 100.0 325
1712185366511 99.0 326
1712185376610 100.0 327
1712185386686 99.0 328
1712185396777 100.0 329
1712185406878 99.0 330
1712185416966 99.0 331
1712185427069 100.0 332
1712185437162 100.0 333
1712185447265 100.0 334
1712185457352 99.0 335
1712185467440 100.0 336
1712185477542 99.0 337
1712185487639 100.0 338
1712185497749 100.0 339
1712185507839 99.0 340
1712185517931 100.0 341
1712185528028 99.0 342
1712185538126 100.0 343
1712185548227 100.0 344
1712185558313 100.0 345
1712185568400 100.0 346
1712185578491 100.0 347
1712185588586 100.0 348
1712185598674 99.0 349
1712185608766 99.0 350
1712185618849 100.0 351
1712185628940 99.0 352
1712185639026 100.0 353
1712185649125 100.0 354
1712185659207 100.0 355
1712185669302 100.0 356
1712185679409 99.0 357
1712185689496 100.0 358
1712185699597 100.0 359
1712185709686 99.0 360
1712185719779 100.0 361
1712185729886 99.0 362
1712185739973 100.0 363
1712185750089 100.0 364
1712185760194 99.0 365
1712185770300 100.0 366
1712185780417 100.0 367
1712185790514 99.0 368
1712185800611 100.0 369
1712185810707 100.0 370
1712185820791 100.0 371
1712185830875 100.0 372
1712185840969 99.0 373
1712185851055 100.0 374
1712185861148 100.0 375
1712185871240 100.0 376
1712185881333 100.0 377
1712185891428 99.0 378
1712185901517 100.0 379
1712185911617 100.0 380
1712185921658 99.0 381
1712185931753 100.0 382
1712185941864 99.0 383
1712185951965 99.0 384
1712185962068 100.0 385
1712185972116 99.0 386
1712185982213 100.0 387
1712185992309 99.0 388
1712186002408 99.0 389
1712186012509 99.0 390
1712186022597 99.0 391
1712186032689 100.0 392
1712186042785 99.0 393
1712186052984 100.0 394
1712186063074 100.0 395
1712186073170 100.0 396
1712186083258 100.0 397
1712186093364 100.0 398
1712186103454 100.0 399
1712186113557 99.0 400
1712186123658 99.0 401
1712186133753 99.0 402
1712186143859 99.0 403
1712186153970 100.0 404
1712186164073 100.0 405
1712186174177 99.0 406
1712186184267 100.0 407
1712186194366 100.0 408
1712186204487 99.0 409
1712186214596 100.0 410
1712186224694 99.0 411
1712186234785 100.0 412
1712186244888 100.0 413
1712186254992 98.0 414
1712186265100 99.0 415
1712186275194 100.0 416
1712186285292 98.0 417
1712186295398 99.0 418
1712186305491 100.0 419
1712186315614 99.0 420
1712186325706 100.0 421
1712186335802 99.0 422
1712186345947 99.0 423
1712186356044 100.0 424
1712186366143 99.0 425
1712186376247 99.0 426
1712186386385 100.0 427
1712186396500 99.0 428
1712186406692 99.0 429
1712186416784 100.0 430
1712186426889 100.0 431
1712186437001 99.0 432
1712186447090 100.0 433
1712186457198 99.0 434
1712186467298 100.0 435
1712186477393 99.0 436
1712186487484 98.0 437
1712186497583 100.0 438
1712186507688 100.0 439
1712186517776 100.0 440
1712186527823 100.0 441
1712186537872 99.0 442
1712186547922 100.0 443
1712186557968 99.0 444
1712186568008 100.0 445
1712186578120 99.0 446
1712186588160 100.0 447
1712186598211 100.0 448
1712186608332 100.0 449
1712186618382 100.0 450
1712186628492 81.0 451
1712186638598 83.0 452
1712186648704 76.0 453
1712186658805 78.0 454
1712186668914 81.0 455
1712186678968 92.0 456
1712186689072 76.0 457
1712186699164 77.0 458
1712186709276 75.0 459
1712186719392 92.0 460
1712186729651 77.0 461
1712186739725 80.0 462
1712186749816 77.0 463
1712186759928 73.0 464
1712186770030 76.0 465
1712186780130 77.0 466
1712186790225 86.0 467
1712186800271 77.0 468
1712186810370 73.0 469
1712186820468 92.0 470
1712186830564 85.0 471
1712186840653 100.0 472
1712186850739 100.0 473
1712186860778 100.0 474
1712186870866 100.0 475
1712186880967 100.0 476
1712186891056 99.0 477
1712186901140 100.0 478
1712186911235 99.0 479
1712186921267 99.0 480
1712186931358 100.0 481
1712186941467 99.0 482
1712186951551 100.0 483
1712186961635 99.0 484
1712186971742 100.0 485
1712186981787 100.0 486
1712186991877 99.0 487
1712187001980 100.0 488
1712187012074 100.0 489
1712187022179 100.0 490
1712187032264 100.0 491
1712187042315 99.0 492
1712187052437 99.0 493
1712187062532 100.0 494
1712187072634 99.0 495
1712187082729 100.0 496
1712187092790 99.0 497
1712187102861 100.0 498
1712187112913 99.0 499
1712187123025 99.0 500
1712187133078 100.0 501
1712187143123 99.0 502
1712187153226 99.0 503
1712187163279 99.0 504
1712187173335 100.0 505
1712187183450 99.0 506
1712187193565 100.0 507
1712187203619 100.0 508
1712187213679 99.0 509
1712187223781 100.0 510
1712187233844 99.0 511
1712187243881 98.0 512
1712187253971 99.0 513
1712187264031 100.0 514
1712187274075 100.0 515
1712187284180 100.0 516
1712187294230 100.0 517
1712187304349 99.0 518
1712187314402 100.0 519
1712187324459 100.0 520
1712187334502 100.0 521
1712187344607 99.0 522
1712187354718 99.0 523
1712187364817 100.0 524
1712187374917 100.0 525
1712187385026 99.0 526
1712187395130 100.0 527
1712187405191 100.0 528
1712187415288 100.0 529
1712187425404 99.0 530
1712187435530 98.0 531
1712187445632 100.0 532
1712187455749 99.0 533
1712187465814 100.0 534
1712187475920 100.0 535
1712187486021 99.0 536
1712187496128 100.0 537
1712187506236 100.0 538
1712187516336 100.0 539
1712187526397 100.0 540
1712187536491 99.0 541
1712187546595 100.0 542
1712187556697 100.0 543
1712187566800 100.0 544
1712187576898 100.0 545
1712187586956 99.0 546
1712187597051 100.0 547
1712187607153 99.0 548
1712187617252 99.0 549
1712187627356 100.0 550
1712187637450 99.0 551
1712187647570 98.0 552
1712187657676 100.0 553
1712187667783 100.0 554
1712187677887 100.0 555
1712187687984 99.0 556
1712187698036 99.0 557
1712187708130 100.0 558
1712187718230 100.0 559
1712187728354 100.0 560
1712187738459 100.0 561
1712187748572 99.0 562
1712187758623 100.0 563
1712187768730 99.0 564
1712187778832 100.0 565
1712187788926 100.0 566
1712187799038 98.0 567
1712187809151 100.0 568
1712187819198 100.0 569
1712187829311 99.0 570
1712187839433 100.0 571
1712187849542 99.0 572
1712187859647 99.0 573
1712187869757 100.0 574
1712187879808 100.0 575
1712187889922 99.0 576
1712187900026 100.0 577
1712187910134 99.0 578
1712187920253 99.0 579
1712187930357 100.0 580
1712187940406 99.0 581
1712187950504 99.0 582
1712187960613 99.0 583
1712187970720 100.0 584
1712187980825 100.0 585
1712187990929 100.0 586
1712188000995 100.0 587
1712188011098 100.0 588
1712188021198 99.0 589
1712188031301 100.0 590
1712188041413 99.0 591
1712188051508 99.0 592
1712188061551 100.0 593
1712188071602 99.0 594
1712188081652 98.0 595
1712188091691 99.0 596
1712188101743 100.0 597
1712188111779 99.0 598
1712188121880 100.0 599
1712188131923 99.0 600
1712188142036 100.0 601
1712188152083 100.0 602
1712188162199 100.0 603
1712188172304 100.0 604
1712188182356 99.0 605
1712188192406 99.0 606
1712188202453 100.0 607
1712188212496 100.0 608
1712188222663 99.0 609
1712188232802 99.0 610
1712188242843 100.0 611
1712188253003 99.0 612
1712188263150 99.0 613
1712188273199 100.0 614
1712188283241 99.0 615
1712188293282 100.0 616
1712188303472 99.0 617
1712188313513 100.0 618
1712188323559 100.0 619
1712188333716 99.0 620
1712188343861 100.0 621
1712188354007 100.0 622
1712188364060 99.0 623
1712188374221 100.0 624
1712188384271 100.0 625
1712188394322 100.0 626
1712188404467 100.0 627
1712188414519 100.0 628
1712188424571 100.0 629
1712188434717 99.0 630
1712188444849 99.0 631
1712188454891 100.0 632
1712188465022 99.0 633
1712188475207 99.0 634
1712188485245 100.0 635
1712188495350 99.0 636
1712188505448 100.0 637
1712188515551 100.0 638
1712188525657 100.0 639
1712188535755 100.0 640
1712188545805 99.0 641
1712188555891 100.0 642
1712188565997 100.0 643
1712188576095 99.0 644
1712188586195 100.0 645
1712188596280 100.0 646
1712188606339 100.0 647
1712188616433 99.0 648
1712188626546 99.0 649
1712188636647 100.0 650
1712188646748 99.0 651
1712188656846 100.0 652
1712188666892 100.0 653
1712188677006 100.0 654
1712188687105 100.0 655
1712188697206 99.0 656
1712188707312 100.0 657
1712188717421 100.0 658
1712188727510 99.0 659
1712188737604 100.0 660
1712188747700 100.0 661
1712188757803 99.0 662
1712188767906 100.0 663
1712188777946 99.0 664
1712188788045 100.0 665
1712188798139 100.0 666
1712188808236 99.0 667
1712188818336 100.0 668
1712188828454 100.0 669
1712188838493 100.0 670
1712188848603 99.0 671
1712188858697 99.0 672
1712188868794 100.0 673
1712188878896 99.0 674
1712188888994 100.0 675
1712188899042 100.0 676
1712188909145 100.0 677
1712188919243 100.0 678
1712188929354 99.0 679
1712188939462 100.0 680
1712188949560 100.0 681
1712188959596 99.0 682
1712188969696 100.0 683
1712188979811 83.0 684
1712188989913 85.0 685
1712189000024 74.0 686
1712189010125 77.0 687
1712189020171 74.0 688
1712189030281 75.0 689
1712189040390 74.0 690
1712189050506 94.0 691
1712189060625 82.0 692
1712189070744 88.0 693
1712189080797 95.0 694
1712189090904 80.0 695
1712189101010 91.0 696
1712189111130 84.0 697
1712189121256 74.0 698
1712189131369 75.0 699
1712189141426 74.0 700
1712189151544 76.0 701
1712189161653 76.0 702
1712189171838 77.0 703
1712189181935 75.0 704
1712189192031 100.0 705
1712189202079 100.0 706
1712189212167 100.0 707
1712189222274 100.0 708
1712189232372 99.0 709
1712189242473 100.0 710
1712189252589 99.0 711
1712189262637 99.0 712
1712189272743 100.0 713
1712189282831 100.0 714
1712189292924 100.0 715
1712189303028 99.0 716
1712189313131 100.0 717
1712189323189 100.0 718
1712189333294 99.0 719
1712189343413 100.0 720
1712189353522 100.0 721
1712189363628 99.0 722
1712189373732 100.0 723
1712189383787 99.0 724
1712189393892 100.0 725
1712189403996 100.0 726
1712189414087 99.0 727
1712189424186 100.0 728
1712189434291 100.0 729
1712189444341 100.0 730
1712189454436 100.0 731
1712189464531 99.0 732
1712189474622 100.0 733
1712189484733 99.0 734
1712189494846 99.0 735
1712189504893 100.0 736
1712189514993 99.0 737
1712189525100 100.0 738
1712189535209 100.0 739
1712189545309 99.0 740
1712189555403 100.0 741
1712189565458 99.0 742
1712189575557 100.0 743
1712189585657 100.0 744
1712189595764 99.0 745
1712189605878 100.0 746
1712189615981 99.0 747
1712189626035 99.0 748
1712189636137 100.0 749
1712189646252 99.0 750
1712189656345 99.0 751
1712189666453 100.0 752
1712189676555 100.0 753
1712189686606 100.0 754
1712189696719 99.0 755
1712189706811 100.0 756
1712189716916 100.0 757
1712189727021 99.0 758
1712189737123 100.0 759
1712189747167 100.0 760
1712189757289 100.0 761
1712189767403 100.0 762
1712189777512 100.0 763
1712189787611 100.0 764
1712189797671 100.0 765
1712189807772 100.0 766
1712189817877 100.0 767
1712189827978 99.0 768
1712189838083 100.0 769
1712189848191 100.0 770
1712189858236 99.0 771
1712189868339 100.0 772
1712189878445 100.0 773
1712189888547 100.0 774
1712189898652 99.0 775
1712189908755 99.0 776
1712189918798 100.0 777
1712189928909 99.0 778
1712189939015 100.0 779
1712189949114 100.0 780
1712189959214 99.0 781
1712189969315 100.0 782
1712189979356 100.0 783
1712189989459 99.0 784
1712189999555 100.0 785
1712190009652 99.0 786
1712190019740 100.0 787
1712190029855 100.0 788
1712190039898 100.0 789
1712190050006 100.0 790
1712190060101 99.0 791
1712190070188 100.0 792
1712190080289 100.0 793
1712190090384 100.0 794
1712190100438 100.0 795
1712190110530 99.0 796
1712190120630 100.0 797
1712190130728 99.0 798
1712190140827 99.0 799
1712190150931 100.0 800
1712190160991 99.0 801
1712190171098 100.0 802
1712190181212 100.0 803
1712190191396 100.0 804
1712190201504 99.0 805
1712190211614 100.0 806
1712190221657 99.0 807
1712190231752 100.0 808
1712190241859 99.0 809
1712190251950 99.0 810
1712190262046 100.0 811
1712190272140 100.0 812
1712190282181 100.0 813
1712190292281 99.0 814
1712190302387 100.0 815
1712190312492 100.0 816
1712190322595 99.0 817
1712190332686 100.0 818
1712190342738 99.0 819
1712190352837 100.0 820
1712190362939 100.0 821
1712190373035 100.0 822
1712190383127 100.0 823
1712190393229 99.0 824
1712190403290 100.0 825
1712190413486 100.0 826
1712190423601 99.0 827
1712190433707 100.0 828
1712190443820 100.0 829
1712190453940 99.0 830
1712190463993 100.0 831
1712190474114 100.0 832
1712190484234 100.0 833
1712190494339 100.0 834
1712190504471 100.0 835
1712190514594 100.0 836
1712190524646 100.0 837
1712190534761 99.0 838
1712190544865 100.0 839
1712190554972 99.0 840
1712190565089 99.0 841
1712190575189 100.0 842
1712190585235 99.0 843
1712190595346 100.0 844
1712190605457 100.0 845
1712190615559 100.0 846
1712190625660 100.0 847
1712190635858 99.0 848
1712190645913 100.0 849
1712190656025 100.0 850
1712190666127 99.0 851
1712190676182 100.0 852
1712190686294 100.0 853
1712190696348 99.0 854
1712190706404 100.0 855
1712190716522 100.0 856
1712190726577 100.0 857
1712190736630 99.0 858
1712190746748 100.0 859
1712190756805 100.0 860
1712190766853 100.0 861
1712190776950 100.0 862
1712190786996 99.0 863
1712190797064 100.0 864
1712190807179 99.0 865
1712190817224 100.0 866
1712190827278 99.0 867
1712190837375 100.0 868
1712190847419 99.0 869
1712190857480 100.0 870
1712190867578 100.0 871
1712190877638 100.0 872
1712190887698 99.0 873
1712190897794 100.0 874
1712190907845 99.0 875
1712190917940 99.0 876
1712190928035 100.0 877
1712190938087 99.0 878
1712190948184 100.0 879
1712190958291 99.0 880
1712190968401 100.0 881
1712190978514 100.0 882
1712190988626 99.0 883
1712190998673 100.0 884
1712191008774 99.0 885
1712191018872 99.0 886
1712191028970 100.0 887
1712191039070 99.0 888
1712191049172 100.0 889
1712191059230 100.0 890
1712191069329 100.0 891
1712191079428 99.0 892
1712191089527 99.0 893
1712191099617 100.0 894
1712191109728 99.0 895
1712191119773 100.0 896
1712191129884 100.0 897
1712191139978 100.0 898
1712191150080 100.0 899
1712191160190 99.0 900
1712191170298 100.0 901
1712191180350 100.0 902
1712191190445 99.0 903
1712191200545 100.0 904
1712191210660 100.0 905
1712191220759 100.0 906
1712191230869 100.0 907
1712191240925 100.0 908
1712191251020 100.0 909
1712191261130 99.0 910
1712191271221 99.0 911
1712191281325 100.0 912
1712191291456 99.0 913
1712191301514 100.0 914
1712191311703 100.0 915
1712191321823 100.0 916
1712191331939 80.0 917
1712191342060 79.0 918
1712191352177 75.0 919
1712191362232 78.0 920
1712191372360 92.0 921
1712191382488 76.0 922
1712191392618 74.0 923
1712191402743 75.0 924
1712191412867 94.0 925
1712191422926 73.0 926
1712191433035 72.0 927
1712191443163 84.0 928
1712191453283 73.0 929
1712191463415 77.0 930
1712191473538 67.0 931
1712191483606 72.0 932
1712191493744 92.0 933
1712191503861 73.0 934
1712191514075 88.0 935
1712191524198 76.0 936
1712191534304 69.0 937
1712191544355 100.0 938
1712191554474 100.0 939
1712191564573 100.0 940
1712191574680 100.0 941
1712191584779 99.0 942
1712191594880 100.0 943
1712191604937 99.0 944
1712191615047 100.0 945
1712191625166 100.0 946
1712191635285 99.0 947
1712191645389 100.0 948
1712191655500 100.0 949
1712191665546 100.0 950
1712191675665 100.0 951
1712191685782 99.0 952
1712191695888 100.0 953
1712191706012 100.0 954
1712191716116 99.0 955
1712191726170 100.0 956
1712191736294 100.0 957
1712191746398 100.0 958
1712191756604 100.0 959
1712191766728 100.0 960
1712191776848 100.0 961
1712191786898 100.0 962
1712191797048 100.0 963
1712191807177 100.0 964
1712191817289 100.0 965
1712191827419 100.0 966
1712191837477 100.0 967
1712191847586 99.0 968
1712191857705 99.0 969
1712191867807 100.0 970
1712191877933 99.0 971
1712191888046 99.0 972
1712191898102 100.0 973
1712191908219 99.0 974
1712191918318 99.0 975
1712191928424 100.0 976
1712191938539 100.0 977
1712191948644 100.0 978
1712191958694 100.0 979
1712191968811 100.0 980
1712191978919 100.0 981
1712191989122 99.0 982
1712191999231 100.0 983
1712192009340 100.0 984
1712192019392 99.0 985
1712192029497 100.0 986
1712192039613 100.0 987
1712192049717 99.0 988
1712192059823 100.0 989
1712192069942 99.0 990
1712192080000 100.0 991
1712192090106 100.0 992
1712192100203 99.0 993
1712192110307 100.0 994
1712192120425 99.0 995
1712192130530 99.0 996
1712192140595 100.0 997
1712192150695 99.0 998
1712192160799 100.0 999
1712192170916 100.0 1000
1712192181020 100.0 1001
1712192191117 100.0 1002
1712192201182 99.0 1003
1712192211288 100.0 1004
1712192221387 100.0 1005
1712192231494 99.0 1006
1712192241589 100.0 1007
1712192251706 100.0 1008
1712192261764 100.0 1009
1712192271885 100.0 1010
1712192281993 99.0 1011
1712192292091 100.0 1012
1712192302207 99.0 1013
1712192312318 99.0 1014
1712192322375 100.0 1015
1712192332490 100.0 1016
1712192342594 100.0 1017
1712192352703 100.0 1018
1712192362800 99.0 1019
1712192372907 100.0 1020
1712192382966 99.0 1021
1712192393070 99.0 1022
1712192403138 100.0 1023
1712192413189 99.0 1024
1712192423249 100.0 1025
1712192433378 98.0 1026
1712192443633 100.0 1027
1712192453760 100.0 1028
1712192463884 99.0 1029
1712192474026 100.0 1030
1712192484156 100.0 1031
1712192494298 99.0 1032
1712192504438 99.0 1033
1712192514562 99.0 1034
1712192524697 99.0 1035
1712192534837 100.0 1036
1712192544960 99.0 1037
1712192555087 99.0 1038
1712192565210 99.0 1039
1712192575332 99.0 1040
1712192585460 99.0 1041
1712192595587 100.0 1042
1712192605718 99.0 1043
1712192615845 98.0 1044
1712192625959 100.0 1045
1712192636083 98.0 1046
1712192646209 99.0 1047
1712192656322 100.0 1048
1712192666461 99.0 1049
1712192676576 100.0 1050
1712192686703 100.0 1051
1712192696815 99.0 1052
1712192706937 100.0 1053
1712192717060 99.0 1054
1712192727194 99.0 1055
1712192737330 100.0 1056
1712192747445 99.0 1057
1712192757576 99.0 1058
1712192767698 100.0 1059
1712192777838 99.0 1060
1712192787972 99.0 1061
1712192798087 100.0 1062
1712192808220 99.0 1063
1712192818338 100.0 1064
1712192828450 100.0 1065
1712192838576 99.0 1066
1712192848712 100.0 1067
1712192858838 100.0 1068
1712192868966 99.0 1069
1712192879077 100.0 1070
1712192889189 100.0 1071
1712192899302 99.0 1072
1712192909422 100.0 1073
1712192919546 100.0 1074
1712192929661 98.0 1075
1712192939776 100.0 1076
1712192949904 99.0 1077
1712192960053 100.0 1078
1712192970177 100.0 1079
1712192980298 99.0 1080
1712192990421 100.0 1081
1712193000544 100.0 1082
1712193010666 98.0 1083
1712193020797 100.0 1084
1712193030914 100.0 1085
1712193041071 99.0 1086
1712193051216 100.0 1087
1712193061332 100.0 1088
1712193071448 99.0 1089
1712193081573 99.0 1090
1712193091692 100.0 1091
1712193101833 99.0 1092
1712193111945 100.0 1093
1712193122061 100.0 1094
1712193132171 98.0 1095
1712193142288 100.0 1096
1712193152416 100.0 1097
1712193162548 99.0 1098
1712193172664 100.0 1099
1712193182794 99.0 1100
1712193192941 99.0 1101
1712193203063 100.0 1102
1712193213175 99.0 1103
1712193223309 100.0 1104
1712193233431 100.0 1105
1712193243554 100.0 1106
1712193253691 99.0 1107
1712193263801 100.0 1108
1712193273948 98.0 1109
1712193284081 100.0 1110
1712193294204 100.0 1111
1712193304323 99.0 1112
1712193314441 99.0 1113
1712193324557 100.0 1114
1712193334729 99.0 1115
1712193344864 100.0 1116
1712193354981 100.0 1117
1712193365112 99.0 1118
1712193375235 100.0 1119
1712193385352 100.0 1120
1712193395465 99.0 1121
1712193405577 100.0 1122
1712193415705 99.0 1123
1712193425838 100.0 1124
1712193435955 100.0 1125
1712193446081 99.0 1126
1712193456218 99.0 1127
1712193466342 100.0 1128
1712193476482 99.0 1129
1712193486637 100.0 1130
1712193496784 100.0 1131
1712193506915 99.0 1132
1712193517065 99.0 1133
1712193527199 100.0 1134
1712193537343 99.0 1135
1712193547449 99.0 1136
1712193557572 100.0 1137
1712193567696 99.0 1138
1712193577816 99.0 1139
1712193587927 100.0 1140
1712193598048 99.0 1141
1712193608180 100.0 1142
1712193618299 100.0 1143
1712193628429 100.0 1144
1712193638561 99.0 1145
1712193648684 100.0 1146
1712193658811 99.0 1147
1712193668928 100.0 1148
1712193679053 86.0 1149
1712193689178 85.0 1150
1712193699412 70.0 1151
1712193709534 69.0 1152
1712193719679 69.0 1153
1712193729808 77.0 1154
1712193739950 75.0 1155
1712193750077 72.0 1156
1712193760214 70.0 1157
1712193770333 73.0 1158
1712193780474 70.0 1159
1712193790626 74.0 1160
1712193800756 94.0 1161
1712193810904 92.0 1162
1712193821042 73.0 1163
1712193831176 68.0 1164
1712193841318 92.0 1165
1712193851453 73.0 1166
1712193861593 70.0 1167
1712193871720 60.0 1168
1712193881860 96.0 1169
1712193891986 81.0 1170
1712193902104 100.0 1171
1712193912175 98.0 1172
1712193922281 100.0 1173
1712193932350 99.0 1174
1712193942462 99.0 1175
1712193952586 100.0 1176
1712193962700 100.0 1177
1712193972925 100.0 1178
1712193983057 99.0 1179
1712193993178 99.0 1180
1712194003302 100.0 1181
1712194013429 99.0 1182
1712194023541 100.0 1183
1712194033660 100.0 1184
1712194043778 99.0 1185
1712194053895 99.0 1186
1712194064045 99.0 1187
1712194074147 100.0 1188
1712194084264 100.0 1189
1712194094374 99.0 1190
1712194104475 100.0 1191
1712194114591 99.0 1192
1712194124695 100.0 1193
1712194134812 100.0 1194
1712194144925 99.0 1195
1712194155036 100.0 1196
1712194165163 99.0 1197
1712194175269 99.0 1198
1712194185343 100.0 1199
1712194195486 99.0 1200
1712194205550 100.0 1201
1712194215685 99.0 1202
1712194225805 100.0 1203
1712194235886 100.0 1204
1712194246000 99.0 1205
1712194256067 100.0 1206
1712194266198 100.0 1207
1712194276438 100.0 1208
1712194286505 99.0 1209
1712194296610 99.0 1210
1712194306731 100.0 1211
1712194316844 99.0 1212
1712194326964 100.0 1213
1712194337090 99.0 1214
1712194347211 100.0 1215
1712194357345 100.0 1216
1712194367461 99.0 1217
1712194377577 100.0 1218
1712194387708 99.0 1219
1712194397837 100.0 1220
1712194407961 100.0 1221
1712194418080 99.0 1222
1712194428201 100.0 1223
1712194438319 99.0 1224
1712194448422 99.0 1225
1712194458534 100.0 1226
1712194468589 99.0 1227
1712194478662 100.0 1228
1712194488720 99.0 1229
1712194498798 100.0 1230
1712194508919 100.0 1231
1712194519042 100.0 1232
1712194529176 100.0 1233
1712194539289 99.0 1234
1712194549423 100.0 1235
1712194559531 99.0 1236
1712194569642 99.0 1237
1712194579859 100.0 1238
1712194589989 99.0 1239
1712194600098 100.0 1240
1712194610229 99.0 1241
1712194620357 99.0 1242
1712194630487 100.0 1243
1712194640637 99.0 1244
1712194650750 100.0 1245
1712194660874 100.0 1246
1712194670944 100.0 1247
1712194681077 100.0 1248
1712194691207 99.0 1249
1712194701333 100.0 1250
1712194711464 99.0 1251
1712194721660 100.0 1252
1712194731792 100.0 1253
1712194741932 100.0 1254
1712194752052 100.0 1255
1712194762185 100.0 1256
1712194772306 99.0 1257
1712194782437 100.0 1258
1712194792561 99.0 1259
1712194802678 99.0 1260
1712194812796 100.0 1261
1712194822921 99.0 1262
1712194833043 100.0 1263
1712194843174 100.0 1264
1712194853298 99.0 1265
1712194863418 100.0 1266
1712194873668 99.0 1267
1712194883783 100.0 1268
1712194893904 100.0 1269
1712194904033 100.0 1270
1712194914154 100.0 1271
1712194924281 100.0 1272
1712194934386 99.0 1273
1712194944526 100.0 1274
1712194954653 100.0 1275
1712194964788 99.0 1276
1712194974905 100.0 1277
1712194985022 99.0 1278
1712194995125 99.0 1279
1712195005251 100.0 1280
1712195015473 99.0 1281
1712195025586 100.0 1282
1712195035711 100.0 1283
1712195045826 99.0 1284
1712195055940 100.0 1285
1712195066064 99.0 1286
1712195076176 99.0 1287
1712195086296 100.0 1288
1712195096413 99.0 1289
1712195106538 100.0 1290
1712195116664 99.0 1291
1712195126805 99.0 1292
1712195136929 100.0 1293
1712195147057 99.0 1294
1712195157173 100.0 1295
1712195167298 100.0 1296
1712195177419 99.0 1297
1712195187540 100.0 1298
1712195197651 100.0 1299
1712195207753 99.0 1300
1712195217868 100.0 1301
1712195227986 99.0 1302
1712195238091 100.0 1303
1712195248201 100.0 1304
1712195258309 99.0 1305
1712195268421 100.0 1306
1712195278533 99.0 1307
1712195288644 99.0 1308
1712195298770 100.0 1309
1712195308978 99.0 1310
1712195319130 100.0 1311
1712195329259 100.0 1312
1712195339403 99.0 1313
1712195349522 100.0 1314
1712195359632 100.0 1315
1712195369734 99.0 1316
1712195379856 100.0 1317
1712195389978 100.0 1318
1712195400094 100.0 1319
1712195410227 99.0 1320
1712195420343 99.0 1321
1712195430459 100.0 1322
1712195440578 99.0 1323
1712195450689 99.0 1324
1712195460890 100.0 1325
1712195471009 100.0 1326
1712195481109 100.0 1327
1712195491224 100.0 1328
1712195501348 99.0 1329
1712195511477 100.0 1330
1712195521599 100.0 1331
1712195531733 99.0 1332
1712195541869 100.0 1333
1712195551984 100.0 1334
1712195562103 100.0 1335
1712195572213 99.0 1336
1712195582325 99.0 1337
1712195592434 100.0 1338
1712195602547 100.0 1339
1712195612676 99.0 1340
1712195622782 100.0 1341
1712195632909 99.0 1342
1712195643015 100.0 1343
1712195653136 100.0 1344
1712195663247 99.0 1345
1712195673365 100.0 1346
1712195683475 100.0 1347
1712195693588 99.0 1348
1712195703701 100.0 1349
1712195713827 99.0 1350
1712195723940 100.0 1351
1712195734057 100.0 1352
1712195744175 99.0 1353
1712195754286 100.0 1354
1712195764404 99.0 1355
1712195774512 99.0 1356
1712195784634 99.0 1357
1712195794746 99.0 1358
1712195804855 100.0 1359
1712195814982 99.0 1360
1712195825111 99.0 1361
1712195835232 100.0 1362
1712195845335 99.0 1363
1712195855449 100.0 1364
1712195865567 99.0 1365
1712195875677 99.0 1366
1712195885793 100.0 1367
1712195895928 99.0 1368
1712195906040 100.0 1369
1712195916162 100.0 1370
1712195926278 99.0 1371
1712195936398 100.0 1372
1712195946523 99.0 1373
1712195956642 100.0 1374
1712195966756 100.0 1375
1712195976886 99.0 1376
1712195986990 100.0 1377
1712195997104 99.0 1378
1712196007237 98.0 1379
1712196017332 100.0 1380
1712196027500 99.0 1381
1712196037588 74.0 1382
1712196047755 81.0 1383
1712196057894 81.0 1384
1712196068033 81.0 1385
1712196078182 77.0 1386
1712196088288 83.0 1387
1712196098435 62.0 1388
1712196108589 72.0 1389
1712196118727 75.0 1390
1712196128871 96.0 1391
1712196139033 85.0 1392
1712196149177 71.0 1393
1712196159333 96.0 1394
1712196169492 91.0 1395
1712196179645 92.0 1396
1712196189777 80.0 1397
1712196199921 72.0 1398
1712196210064 76.0 1399
1712196220203 96.0 1400
1712196230363 88.0 1401
1712196240500 71.0 1402
1712196250627 93.0 1403
1712196260769 100.0 1404
1712196270891 99.0 1405
1712196281007 100.0 1406
1712196291140 100.0 1407
1712196301265 100.0 1408
1712196311377 100.0 1409
1712196321512 100.0 1410
1712196331636 100.0 1411
1712196341771 100.0 1412
1712196351890 99.0 1413
1712196362018 100.0 1414
1712196372145 100.0 1415
1712196382259 99.0 1416
1712196392378 100.0 1417
1712196402509 99.0 1418
1712196412624 100.0 1419
1712196422749 100.0 1420
1712196432862 100.0 1421
1712196442998 100.0 1422
1712196453118 100.0 1423
1712196463234 100.0 1424
1712196473349 100.0 1425
1712196483480 100.0 1426
1712196493616 100.0 1427
1712196503740 100.0 1428
1712196513885 99.0 1429
1712196524002 100.0 1430
1712196534122 100.0 1431
1712196544256 100.0 1432
1712196554369 100.0 1433
1712196564495 100.0 1434
1712196574615 100.0 1435
1712196584731 100.0 1436
1712196594866 99.0 1437
1712196604983 100.0 1438
1712196615132 100.0 1439
1712196625282 99.0 1440
1712196635442 99.0 1441
1712196645589 100.0 1442
1712196655717 99.0 1443
1712196665856 100.0 1444
1712196675970 99.0 1445
1712196686108 97.0 1446
1712196696243 100.0 1447
1712196706393 99.0 1448
1712196716572 100.0 1449
1712196726712 100.0 1450
1712196736841 99.0 1451
1712196747051 100.0 1452
1712196757189 100.0 1453
1712196767342 100.0 1454
1712196777502 100.0 1455
1712196787633 100.0 1456
1712196797770 99.0 1457
1712196807909 100.0 1458
1712196818059 100.0 1459
1712196828199 99.0 1460
1712196838339 97.0 1461
1712196848568 100.0 1462
1712196858718 99.0 1463
1712196868857 99.0 1464
1712196878975 100.0 1465
1712196889107 99.0 1466
1712196899246 100.0 1467
1712196909377 100.0 1468
1712196919521 100.0 1469
1712196929657 100.0 1470
1712196939869 100.0 1471
1712196950003 100.0 1472
1712196960144 99.0 1473
1712196970272 100.0 1474
1712196980404 100.0 1475
1712196990547 99.0 1476
1712197000724 100.0 1477
1712197010909 99.0 1478
1712197021046 97.0 1479
1712197031182 99.0 1480
1712197041325 100.0 1481
1712197051450 100.0 1482
1712197061620 99.0 1483
1712197071777 100.0 1484
1712197081946 99.0 1485
1712197092068 100.0 1486
1712197102221 99.0 1487
1712197112380 99.0 1488
1712197122516 100.0 1489
1712197132656 100.0 1490
1712197142804 100.0 1491
1712197152948 99.0 1492
1712197163091 100.0 1493
1712197173229 99.0 1494
1712197183485 100.0 1495
1712197193665 86.0 1496
1712197203809 99.0 1497
1712197213939 98.0 1498
1712197224093 100.0 1499
1712197234267 100.0 1500
1712197244435 97.0 1501
1712197254591 100.0 1502
1712197264771 99.0 1503
1712197274969 99.0 1504
1712197285146 99.0 1505
1712197295326 100.0 1506
1712197305517 100.0 1507
1712197315649 98.0 1508
1712197325782 99.0 1509
1712197335935 99.0 1510
1712197346080 99.0 1511
1712197356242 100.0 1512
1712197366388 100.0 1513
1712197376527 98.0 1514
1712197386656 100.0 1515
1712197396787 99.0 1516
1712197406919 98.0 1517
1712197417065 98.0 1518
1712197427206 100.0 1519
1712197437350 99.0 1520
1712197447507 99.0 1521
1712197457663 100.0 1522
1712197467794 99.0 1523
1712197477937 99.0 1524
1712197488087 99.0 1525
1712197498241 98.0 1526
1712197508394 99.0 1527
1712197518529 98.0 1528
1712197528673 99.0 1529
1712197538816 99.0 1530
1712197548953 99.0 1531
1712197559121 100.0 1532
1712197569257 100.0 1533
1712197579531 100.0 1534
1712197589689 90.0 1535
1712197599853 99.0 1536
1712197609989 99.0 1537
1712197620147 99.0 1538
1712197630294 100.0 1539
1712197640426 100.0 1540
1712197650596 99.0 1541
1712197660746 100.0 1542
1712197670902 99.0 1543
1712197681070 99.0 1544
1712197691318 100.0 1545
1712197701483 99.0 1546
1712197711638 99.0 1547
1712197721797 99.0 1548
1712197731958 100.0 1549
1712197742116 99.0 1550
1712197752264 98.0 1551
1712197762412 99.0 1552
1712197772569 100.0 1553
1712197782730 98.0 1554
1712197792887 100.0 1555
1712197803114 100.0 1556
1712197813260 100.0 1557
1712197823419 99.0 1558
1712197833563 99.0 1559
1712197843744 100.0 1560
1712197853884 100.0 1561
1712197864064 99.0 1562
1712197874218 97.0 1563
1712197884377 100.0 1564
1712197894522 99.0 1565
1712197904784 100.0 1566
1712197914970 100.0 1567
1712197925126 100.0 1568
1712197935281 98.0 1569
1712197945461 99.0 1570
1712197955628 99.0 1571
1712197965764 96.0 1572
1712197975914 99.0 1573
1712197986065 99.0 1574
1712197996214 100.0 1575
1712198006367 100.0 1576
1712198016529 99.0 1577
1712198026713 99.0 1578
1712198036851 100.0 1579
1712198047000 100.0 1580
1712198057135 100.0 1581
1712198067274 100.0 1582
1712198077449 100.0 1583
1712198087607 98.0 1584
1712198097777 100.0 1585
1712198107919 100.0 1586
1712198118164 100.0 1587
1712198128314 100.0 1588
1712198138497 99.0 1589
1712198148636 100.0 1590
1712198158794 100.0 1591
1712198168957 98.0 1592
1712198179142 96.0 1593
1712198189308 100.0 1594
1712198199448 100.0 1595
1712198209534 99.0 1596
1712198219869 99.0 1597
1712198230047 99.0 1598
1712198240175 100.0 1599
1712198250285 99.0 1600
1712198260429 97.0 1601
1712198270544 100.0 1602
1712198280661 99.0 1603
1712198290832 100.0 1604
1712198300945 100.0 1605
1712198311062 99.0 1606
1712198321237 99.0 1607
1712198331384 100.0 1608
1712198341545 99.0 1609
1712198351792 100.0 1610
1712198361946 99.0 1611
1712198372115 100.0 1612
1712198382193 99.0 1613
1712198392391 94.0 1614
1712198402580 79.0 1615
1712198412696 74.0 1616
1712198422890 75.0 1617
1712198433072 71.0 1618
1712198443168 88.0 1619
1712198453451 92.0 1620
1712198463630 95.0 1621
1712198473799 71.0 1622
1712198483955 96.0 1623
1712198494126 73.0 1624
1712198504215 71.0 1625
1712198514409 69.0 1626
1712198524571 75.0 1627
1712198534747 91.0 1628
1712198544904 96.0 1629
1712198555170 74.0 1630
1712198565290 74.0 1631
1712198575464 88.0 1632
1712198585647 72.0 1633
1712198595828 81.0 1634
1712198605974 91.0 1635
1712198616129 100.0 1636
1712198626209 100.0 1637
1712198636392 100.0 1638
1712198646538 100.0 1639
1712198656755 100.0 1640
1712198666884 100.0 1641
1712198677039 99.0 1642
1712198687129 99.0 1643
1712198697301 100.0 1644
1712198707451 99.0 1645
1712198717578 99.0 1646
1712198727708 100.0 1647
1712198737825 99.0 1648
1712198747966 100.0 1649
1712198758102 100.0 1650
1712198768328 100.0 1651
1712198778463 100.0 1652
1712198788599 100.0 1653
1712198798673 100.0 1654
1712198808853 100.0 1655
1712198818980 100.0 1656
1712198829122 100.0 1657
1712198839248 100.0 1658
1712198849401 100.0 1659
1712198859491 100.0 1660
1712198869780 99.0 1661
1712198879935 100.0 1662
1712198890088 98.0 1663
1712198900238 100.0 1664
1712198910379 100.0 1665
1712198920501 100.0 1666
1712198930647 100.0 1667
1712198940782 100.0 1668
1712198950920 100.0 1669
1712198961055 99.0 1670
1712198971205 98.0 1671
1712198981298 100.0 1672
1712198991471 99.0 1673
1712199001646 97.0 1674
1712199011793 100.0 1675
1712199021955 99.0 1676
1712199032116 100.0 1677
1712199042219 100.0 1678
1712199052369 99.0 1679
1712199062510 100.0 1680
1712199072658 100.0 1681
1712199082891 100.0 1682
1712199093024 60.0 1683
1712199103107 100.0 1684
1712199113261 99.0 1685
1712199123407 97.0 1686
1712199133557 100.0 1687
1712199143721 99.0 1688
1712199153868 100.0 1689
1712199163973 100.0 1690
1712199174138 100.0 1691
1712199184280 100.0 1692
1712199194426 100.0 1693
1712199204587 100.0 1694
1712199214727 99.0 1695
1712199224801 100.0 1696
1712199234952 99.0 1697
1712199245088 99.0 1698
1712199255217 100.0 1699
1712199265360 100.0 1700
1712199275507 99.0 1701
1712199285578 100.0 1702
1712199295844 100.0 1703
1712199305977 99.0 1704
1712199316109 100.0 1705
1712199326261 99.0 1706
1712199336391 99.0 1707
1712199346474 100.0 1708
1712199356605 99.0 1709
1712199366753 99.0 1710
1712199376917 100.0 1711
1712199387085 100.0 1712
1712199397315 99.0 1713
1712199407423 100.0 1714
1712199417572 100.0 1715
1712199427708 99.0 1716
1712199437853 100.0 1717
1712199447992 100.0 1718
1712199458066 99.0 1719
1712199468199 100.0 1720
1712199478345 99.0 1721
1712199488488 99.0 1722
1712199498622 100.0 1723
1712199508766 99.0 1724
1712199518841 99.0 1725
1712199528960 100.0 1726
1712199539089 99.0 1727
1712199549222 100.0 1728
1712199559339 100.0 1729
1712199569464 99.0 1730
1712199579539 100.0 1731
1712199589660 99.0 1732
1712199599788 100.0 1733
1712199609908 100.0 1734
1712199620030 99.0 1735
1712199630152 100.0 1736
1712199640236 100.0 1737
1712199650354 99.0 1738
1712199660488 100.0 1739
1712199670620 99.0 1740
1712199680747 99.0 1741
1712199690874 100.0 1742
1712199700936 99.0 1743
1712199711066 100.0 1744
1712199721195 100.0 1745
1712199731315 100.0 1746
1712199741454 100.0 1747
1712199751591 100.0 1748
1712199761657 100.0 1749
1712199771790 100.0 1750
1712199781916 100.0 1751
1712199792036 100.0 1752
1712199802168 100.0 1753
1712199812285 100.0 1754
1712199822365 100.0 1755
1712199832600 99.0 1756
1712199842730 100.0 1757
1712199852849 99.0 1758
1712199862992 100.0 1759
1712199873174 99.0 1760
1712199883245 99.0 1761
1712199893376 100.0 1762
1712199903503 99.0 1763
1712199913622 100.0 1764
1712199923755 100.0 1765
1712199933977 99.0 1766
1712199944048 100.0 1767
1712199954173 100.0 1768
1712199964293 99.0 1769
1712199974412 100.0 1770
1712199984544 99.0 1771
1712199994657 99.0 1772
1712200004726 100.0 1773
1712200014851 100.0 1774
1712200024968 100.0 1775
1712200035090 100.0 1776
1712200045208 100.0 1777
1712200055326 100.0 1778
1712200065411 100.0 1779
1712200075533 100.0 1780
1712200085666 99.0 1781
1712200095801 100.0 1782
1712200105933 100.0 1783
1712200116084 100.0 1784
1712200126151 100.0 1785
1712200136297 100.0 1786
1712200146446 100.0 1787
1712200156595 100.0 1788
1712200166732 100.0 1789
1712200176862 100.0 1790
1712200186925 100.0 1791
1712200197041 100.0 1792
1712200207191 99.0 1793
1712200217318 100.0 1794
1712200227463 100.0 1795
1712200237576 100.0 1796
1712200247733 99.0 1797
1712200257869 100.0 1798
1712200268049 98.0 1799
1712200278216 97.0 1800
1712200288359 100.0 1801
1712200298511 99.0 1802
1712200308783 99.0 1803
1712200318937 99.0 1804
1712200329078 100.0 1805
1712200339219 99.0 1806
1712200349367 100.0 1807
1712200359510 99.0 1808
1712200369645 100.0 1809
1712200379788 99.0 1810
1712200389935 100.0 1811
1712200400075 99.0 1812
1712200410222 100.0 1813
1712200420383 100.0 1814
1712200430552 96.0 1815
1712200440689 100.0 1816
1712200450832 99.0 1817
1712200460978 99.0 1818
1712200471118 100.0 1819
1712200481274 100.0 1820
1712200491429 100.0 1821
1712200501581 99.0 1822
1712200511728 100.0 1823
1712200521861 99.0 1824
1712200532112 99.0 1825
1712200542237 100.0 1826
1712200552373 99.0 1827
1712200562573 100.0 1828
1712200572715 93.0 1829
1712200582871 99.0 1830
1712200593051 100.0 1831
1712200603190 100.0 1832
1712200613330 100.0 1833
1712200623473 99.0 1834
1712200633609 100.0 1835
1712200643755 98.0 1836
1712200653916 99.0 1837
1712200664075 99.0 1838
1712200674225 99.0 1839
1712200684477 100.0 1840
1712200694614 99.0 1841
1712200704744 100.0 1842
1712200714900 99.0 1843
1712200725043 97.0 1844
1712200735189 100.0 1845
1712200745347 99.0 1846
1712200755505 98.0 1847
1712200765652 75.0 1848
1712200775830 62.0 1849
1712200785990 73.0 1850
1712200796151 70.0 1851
1712200806312 75.0 1852
1712200816478 79.0 1853
1712200826634 69.0 1854
1712200836884 71.0 1855
1712200847050 37.0 1856
1712200857198 72.0 1857
1712200867363 72.0 1858
1712200877526 74.0 1859
1712200887687 92.0 1860
1712200897844 69.0 1861
1712200908098 80.0 1862
1712200918260 34.0 1863
1712200928427 67.0 1864
1712200938592 78.0 1865
1712200948753 73.0 1866
1712200958905 92.0 1867
1712200969058 72.0 1868
1712200979302 99.0 1869
1712200989458 100.0 1870
1712200999598 100.0 1871
1712201009751 99.0 1872
1712201019931 100.0 1873
1712201030063 100.0 1874
1712201040215 99.0 1875
1712201050352 99.0 1876
1712201060488 100.0 1877
1712201070627 99.0 1878
1712201080790 100.0 1879
1712201090933 100.0 1880
1712201101098 100.0 1881
1712201111251 99.0 1882
1712201121395 100.0 1883
1712201131553 99.0 1884
1712201141709 100.0 1885
1712201151851 100.0 1886
1712201162001 99.0 1887
1712201172148 100.0 1888
1712201182300 98.0 1889
1712201192459 99.0 1890
1712201202702 100.0 1891
1712201212859 100.0 1892
1712201223006 100.0 1893
1712201233157 99.0 1894
1712201243302 100.0 1895
1712201253437 98.0 1896
1712201263574 99.0 1897
1712201273807 99.0 1898
1712201283954 100.0 1899
1712201294099 100.0 1900
1712201304247 99.0 1901
1712201314389 100.0 1902
1712201324541 97.0 1903
1712201334744 99.0 1904
1712201344899 100.0 1905
1712201355063 99.0 1906
1712201365227 99.0 1907
1712201375374 97.0 1908
1712201385532 100.0 1909
1712201395689 100.0 1910
1712201405829 99.0 1911
1712201415960 100.0 1912
1712201426189 100.0 1913
1712201436350 98.0 1914
1712201446538 100.0 1915
1712201456676 100.0 1916
1712201466829 100.0 1917
1712201476986 100.0 1918
1712201487120 100.0 1919
1712201497358 99.0 1920
1712201507525 99.0 1921
1712201517683 100.0 1922
1712201527826 100.0 1923
1712201537977 99.0 1924
1712201548144 99.0 1925
1712201558284 100.0 1926
1712201568430 100.0 1927
1712201578574 99.0 1928
1712201588713 100.0 1929
1712201598874 99.0 1930
1712201609034 100.0 1931
1712201619172 100.0 1932
1712201629313 100.0 1933
1712201639447 100.0 1934
1712201649679 100.0 1935
1712201659830 100.0 1936
1712201669997 98.0 1937
1712201680145 100.0 1938
1712201690278 99.0 1939
1712201700427 99.0 1940
1712201710613 99.0 1941
1712201720773 98.0 1942
1712201730920 100.0 1943
1712201741083 99.0 1944
1712201751238 100.0 1945
1712201761403 100.0 1946
1712201771560 99.0 1947
1712201781743 100.0 1948
1712201791897 100.0 1949
1712201802136 98.0 1950
1712201812308 97.0 1951
1712201822482 99.0 1952
1712201832655 100.0 1953
1712201842816 98.0 1954
1712201852990 100.0 1955
1712201863137 99.0 1956
1712201873285 100.0 1957
1712201883431 99.0 1958
1712201893578 100.0 1959
1712201903738 100.0 1960
1712201913912 99.0 1961
1712201924085 100.0 1962
1712201934230 98.0 1963
1712201944302 99.0 1964
1712201954511 100.0 1965
1712201964679 98.0 1966
1712201974828 100.0 1967
1712201984961 100.0 1968
1712201995102 100.0 1969
1712202005240 99.0 1970
1712202015369 99.0 1971
1712202025512 100.0 1972
1712202035646 99.0 1973
1712202045796 100.0 1974
1712202055937 99.0 1975
1712202066070 99.0 1976
1712202076198 100.0 1977
1712202086350 100.0 1978
1712202096490 99.0 1979
1712202106696 100.0 1980
1712202116835 100.0 1981
1712202126954 99.0 1982
1712202137082 100.0 1983
1712202147217 100.0 1984
1712202157365 99.0 1985
1712202167497 100.0 1986
1712202177645 99.0 1987
1712202187796 99.0 1988
1712202197928 100.0 1989
1712202208080 99.0 1990
1712202218202 100.0 1991
1712202228335 100.0 1992
1712202238459 99.0 1993
1712202248593 100.0 1994
1712202258839 100.0 1995
1712202268983 100.0 1996
1712202279140 100.0 1997
1712202289261 100.0 1998
1712202299400 99.0 1999
1712202309526 99.0 2000
1712202319667 100.0 2001
1712202329817 99.0 2002
1712202339947 100.0 2003
1712202350089 100.0 2004
1712202360226 99.0 2005
1712202370353 100.0 2006
1712202380480 100.0 2007
1712202390613 99.0 2008
1712202400742 100.0 2009
1712202410914 100.0 2010
1712202421056 100.0 2011
1712202431186 100.0 2012
1712202441263 100.0 2013
1712202451425 100.0 2014
1712202461586 100.0 2015
1712202471734 99.0 2016
1712202482017 100.0 2017
1712202492173 100.0 2018
1712202502332 98.0 2019
1712202512494 100.0 2020
1712202522581 100.0 2021
1712202532724 100.0 2022
1712202542880 100.0 2023
1712202553019 99.0 2024
1712202563199 100.0 2025
1712202573360 99.0 2026
1712202583508 99.0 2027
1712202593655 100.0 2028
1712202603805 100.0 2029
1712202613944 100.0 2030
1712202624094 100.0 2031
1712202634295 99.0 2032
1712202644438 100.0 2033
1712202654571 100.0 2034
1712202664699 100.0 2035
1712202674844 100.0 2036
1712202684968 99.0 2037
1712202695097 100.0 2038
1712202705179 100.0 2039
1712202715316 99.0 2040
1712202725457 100.0 2041
1712202735579 99.0 2042
1712202745743 100.0 2043
1712202755889 99.0 2044
1712202766031 100.0 2045
1712202776181 100.0 2046
1712202786411 99.0 2047
1712202796553 92.0 2048
1712202806690 100.0 2049
1712202816830 99.0 2050
1712202826979 100.0 2051
1712202837117 100.0 2052
1712202847244 100.0 2053
1712202857472 100.0 2054
1712202867634 99.0 2055
1712202877766 100.0 2056
1712202887913 100.0 2057
1712202898042 99.0 2058
1712202908194 100.0 2059
1712202918342 100.0 2060
1712202928514 99.0 2061
1712202938779 100.0 2062
1712202948907 100.0 2063
1712202959067 100.0 2064
1712202969205 99.0 2065
1712202979355 100.0 2066
1712202989497 100.0 2067
1712202999576 100.0 2068
1712203009734 100.0 2069
1712203019907 100.0 2070
1712203030045 99.0 2071
1712203040183 100.0 2072
1712203050316 99.0 2073
1712203060460 100.0 2074
1712203070609 100.0 2075
1712203080769 100.0 2076
1712203091012 100.0 2077
1712203101192 99.0 2078
1712203111365 99.0 2079
1712203121541 75.0 2080
1712203131706 82.0 2081
1712203141876 82.0 2082
1712203152055 70.0 2083
1712203162257 57.0 2084
1712203172533 66.0 2085
1712203182739 78.0 2086
1712203192960 86.0 2087
1712203203156 74.0 2088
1712203213340 88.0 2089
1712203223529 77.0 2090
1712203233782 86.0 2091
1712203244092 65.0 2092
1712203254298 95.0 2093
1712203264490 68.0 2094
1712203274693 67.0 2095
1712203284908 95.0 2096
1712203295173 95.0 2097
1712203305387 10.0 2098
1712203315676 37.0 2099
1712203325861 40.0 2100
1712203336037 74.0 2101
1712203346197 100.0 2102
1712203356336 100.0 2103
1712203366495 100.0 2104
1712203376663 100.0 2105
1712203386745 99.0 2106
1712203396991 100.0 2107
1712203407229 100.0 2108
1712203417373 99.0 2109
1712203427533 99.0 2110
1712203437703 99.0 2111
1712203447863 100.0 2112
1712203458030 100.0 2113
1712203468288 99.0 2114
1712203478455 97.0 2115
1712203488626 100.0 2116
1712203498799 100.0 2117
1712203508931 99.0 2118
1712203519065 100.0 2119
1712203529247 99.0 2120
1712203539401 100.0 2121
1712203549559 100.0 2122
1712203559710 100.0 2123
1712203569869 99.0 2124
1712203580029 100.0 2125
1712203590185 99.0 2126
1712203600328 100.0 2127
1712203610490 100.0 2128
1712203620713 99.0 2129
1712203630873 77.0 2130
1712203641036 99.0 2131
1712203651196 99.0 2132
1712203661361 100.0 2133
1712203671524 100.0 2134
1712203681670 99.0 2135
1712203691893 100.0 2136
1712203702050 99.0 2137
1712203712203 99.0 2138
1712203722339 100.0 2139
1712203732494 100.0 2140
1712203742649 99.0 2141
1712203752900 100.0 2142
1712203763066 100.0 2143
1712203773208 99.0 2144
1712203783356 100.0 2145
1712203793514 100.0 2146
1712203803762 99.0 2147
1712203813930 100.0 2148
1712203824100 100.0 2149
1712203834258 99.0 2150
1712203844416 100.0 2151
1712203854593 100.0 2152
1712203864821 100.0 2153
1712203875059 99.0 2154
1712203885230 100.0 2155
1712203895430 100.0 2156
1712203905584 99.0 2157
1712203915881 99.0 2158
1712203926056 88.0 2159
1712203936238 99.0 2160
1712203946421 99.0 2161
1712203956529 99.0 2162
1712203966665 100.0 2163
1712203977037 100.0 2164
1712203987221 61.0 2165
1712203997409 100.0 2166
1712204007556 98.0 2167
1712204017844 99.0 2168
1712204028039 100.0 2169
1712204038145 99.0 2170
1712204048380 100.0 2171
1712204058512 100.0 2172
1712204068643 99.0 2173
1712204078852 100.0 2174
1712204089086 100.0 2175
1712204099221 99.0 2176
1712204109411 100.0 2177
1712204119553 100.0 2178
1712204129850 100.0 2179
1712204139947 99.0 2180
1712204150103 100.0 2181
1712204160269 100.0 2182
1712204170512 99.0 2183
1712204180665 71.0 2184
1712204190836 98.0 2185
1712204200966 99.0 2186
1712204211103 100.0 2187
1712204221273 100.0 2188
1712204231417 99.0 2189
1712204241566 100.0 2190
1712204251753 100.0 2191
1712204261995 99.0 2192
1712204272141 100.0 2193
1712204282305 100.0 2194
1712204292456 100.0 2195
1712204302714 92.0 2196
1712204312857 99.0 2197
1712204322986 99.0 2198
1712204333161 100.0 2199
1712204343307 100.0 2200
1712204353475 100.0 2201
1712204363634 99.0 2202
1712204373769 100.0 2203
1712204383883 99.0 2204
1712204394163 99.0 2205
1712204404318 100.0 2206
1712204414485 100.0 2207
1712204424640 99.0 2208
1712204434785 100.0 2209
1712204444882 98.0 2210
1712204455077 99.0 2211
1712204465241 100.0 2212
1712204475478 100.0 2213
1712204485649 99.0 2214
1712204495804 99.0 2215
1712204505901 100.0 2216
1712204516226 99.0 2217
1712204526397 99.0 2218
1712204536564 100.0 2219
1712204546718 99.0 2220
1712204556960 99.0 2221
1712204567051 100.0 2222
1712204577257 100.0 2223
1712204587435 99.0 2224
1712204597594 99.0 2225
1712204607822 100.0 2226
1712204617970 100.0 2227
1712204628153 99.0 2228
1712204638300 100.0 2229
1712204648479 100.0 2230
1712204658702 99.0 2231
1712204668852 100.0 2232
1712204679010 100.0 2233
1712204689199 100.0 2234
1712204699441 99.0 2235
1712204709592 100.0 2236
1712204719752 100.0 2237
1712204729903 99.0 2238
1712204740006 100.0 2239
1712204750220 99.0 2240
1712204760382 99.0 2241
1712204770614 100.0 2242
1712204780787 100.0 2243
1712204790952 99.0 2244
1712204801047 100.0 2245
1712204811273 97.0 2246
1712204821441 99.0 2247
1712204831683 97.0 2248
1712204841842 100.0 2249
1712204852013 99.0 2250
1712204862098 100.0 2251
1712204872260 100.0 2252
1712204882587 100.0 2253
1712204892799 99.0 2254
1712204902987 100.0 2255
1712204913159 99.0 2256
1712204923368 100.0 2257
1712204933632 99.0 2258
1712204943904 100.0 2259
1712204954081 80.0 2260
1712204964289 100.0 2261
1712204974438 99.0 2262
1712204984693 99.0 2263
1712204994877 93.0 2264
1712205005098 100.0 2265
1712205015284 94.0 2266
1712205025465 99.0 2267
1712205035634 100.0 2268
1712205045925 99.0 2269
1712205056115 96.0 2270
1712205066298 99.0 2271
1712205076490 100.0 2272
1712205086684 98.0 2273
1712205096958 100.0 2274
1712205107119 100.0 2275
1712205117323 99.0 2276
1712205127514 100.0 2277
1712205137747 100.0 2278
1712205148035 88.0 2279
1712205158211 100.0 2280
1712205168388 99.0 2281
1712205178564 100.0 2282
1712205188744 100.0 2283
1712205198905 99.0 2284
1712205209053 100.0 2285
1712205219222 100.0 2286
1712205229386 99.0 2287
1712205239532 99.0 2288
1712205249707 99.0 2289
1712205259904 98.0 2290
1712205270056 100.0 2291
1712205280214 99.0 2292
1712205290346 99.0 2293
1712205300495 99.0 2294
1712205310649 98.0 2295
1712205320794 99.0 2296
1712205330971 100.0 2297
1712205341117 99.0 2298
1712205351279 94.0 2299
1712205361440 100.0 2300
1712205371599 99.0 2301
1712205381732 99.0 2302
1712205391867 100.0 2303
1712205402028 99.0 2304
1712205412181 100.0 2305
1712205422322 100.0 2306
1712205432475 99.0 2307
1712205442622 100.0 2308
1712205452778 98.0 2309
1712205462942 98.0 2310
1712205473108 100.0 2311
1712205483262 100.0 2312
1712205493438 65.0 2313
1712205503697 81.0 2314
1712205513884 83.0 2315
1712205524061 66.0 2316
1712205534222 54.0 2317
1712205544399 92.0 2318
1712205554594 70.0 2319
1712205564873 48.0 2320
1712205575073 83.0 2321
1712205585255 76.0 2322
1712205595439 70.0 2323
1712205605620 88.0 2324
1712205615891 56.0 2325
1712205626102 70.0 2326
1712205636287 96.0 2327
1712205646471 96.0 2328
1712205656655 69.0 2329
1712205666855 94.0 2330
1712205677038 75.0 2331
1712205687318 94.0 2332
1712205697489 74.0 2333
1712205707674 94.0 2334
1712205717855 78.0 2335
1712205728039 78.0 2336
1712205738224 95.0 2337
1712205748403 82.0 2338
1712205758662 68.0 2339
1712205768855 79.0 2340
1712205779035 77.0 2341
1712205789205 68.0 2342
1712205799486 72.0 2343
1712205809679 68.0 2344
1712205819859 69.0 2345
1712205830032 72.0 2346
1712205840208 71.0 2347
1712205850400 76.0 2348
1712205860678 71.0 2349
1712205870857 78.0 2350
1712205881024 96.0 2351
1712205891198 96.0 2352
1712205901365 93.0 2353
1712205911552 75.0 2354
1712205921761 96.0 2355
1712205931945 83.0 2356
1712205942152 0.0 2357
1712205952342 0.0 2358
1712205962605 0.0 2359
1712205972792 0.0 2360
