1712182080175 0.0 0
1712182090258 0.4203800000004776 1
1712182100326 14.062402999999904 2
1712182110394 18.31674699999985 3
1712182120455 19.228297999999995 4
1712182130516 20.191083000000617 5
1712182140576 28.065899000000172 6
1712182150639 38.59175400000004 7
1712182160736 46.134900000000016 8
1712182170810 54.27306800000042 9
1712182180880 66.409764 10
1712182190956 72.65816200000063 11
1712182201028 72.66376800000035 12
1712182211100 80.58369700000003 13
1712182221174 86.00016400000004 14
1712182231247 88.28591899999992 15
1712182241338 92.68575599999986 16
1712182251408 97.24164400000063 17
1712182261485 97.32344999999987 18
1712182271546 98.38933200000065 19
1712182281629 105.10025000000041 20
1712182291711 113.09972600000037 21
1712182301791 134.0527490000004 22
1712182311868 151.52047500000026 23
1712182321944 167.87060199999996 24
1712182332014 174.00470700000005 25
1712182342095 187.8665719999999 26
1712182352164 187.92610700000023 27
1712182362245 190.22010200000022 28
1712182372316 196.51961500000016 29
1712182382380 204.94410200000038 30
1712182392456 206.84473900000012 31
1712182402535 208.22336300000006 32
1712182412597 215.29709300000013 33
1712182422681 226.49239500000022 34
1712182432751 228.4784669999999 35
1712182442816 231.95111400000042 36
1712182452892 234.0885640000006 37
1712182462972 239.34995400000025 38
1712182473045 248.7218240000002 39
1712182483124 264.8252400000001 40
1712182493191 265.1421 41
1712182503271 266.34260900000027 42
1712182513339 273.5207040000005 43
1712182523425 282.8466410000001 44
1712182533500 283.26668599999994 45
1712182543574 283.5854239999999 46
1712182553670 287.6105070000003 47
1712182563764 288.67471100000057 48
1712182573837 289.2223890000005 49
1712182583915 296.8375820000001 50
1712182594000 300.19284100000004 51
1712182604084 300.19992 52
1712182614155 300.24783600000046 53
1712182624238 300.3092510000006 54
1712182634334 301.489004 55
1712182644420 304.69293500000003 56
1712182654495 307.91351900000063 57
1712182664604 310.0548550000003 58
1712182674690 329.21161500000017 59
1712182684776 334.03371100000004 60
1712182694860 334.97907100000066 61
1712182704931 342.5299640000003 62
1712182715035 357.13465200000064 63
1712182725121 361.9063980000001 64
1712182735214 366.47978200000034 65
1712182745298 379.83080100000006 66
1712182755379 393.43354 67
1712182765479 393.4424660000004 68
1712182775568 393.4561010000007 69
1712182785662 393.4632609999999 70
1712182795747 393.8320739999999 71
1712182805814 395.7149589999999 72
1712182815911 397.1764920000005 73
1712182826006 400.44539200000054 74
1712182836081 402.90750000000025 75
1712182846161 403.644679 76
1712182856230 404.34799100000055 77
1712182866302 405.02442000000065 78
1712182876376 405.62230499999987 79
1712182886463 406.3029510000006 80
1712182896546 406.947142 81
1712182906638 408.23489400000017 82
1712182916712 408.28313400000025 83
1712182926799 408.2870270000003 84
1712182936882 408.30564500000037 85
1712182946961 408.346219 86
1712182957046 408.3929100000005 87
1712182967124 418.037644 88
1712182977190 418.5520640000004 89
1712182987278 418.5718560000005 90
1712182997347 418.59272300000066 91
1712183007418 420.2223090000007 92
1712183017495 420.24156500000026 93
1712183027570 420.2693220000001 94
1712183037641 420.2865609999999 95
1712183047727 420.2914440000004 96
1712183057801 420.2986600000004 97
1712183067888 420.3256790000005 98
1712183077975 420.35589900000014 99
1712183088020 420.40838799999983 100
1712183098055 420.4965060000004 101
1712183108099 420.51370399999996 102
1712183118191 420.7152070000002 103
1712183128235 429.1386250000005 104
1712183138275 430.0615020000005 105
1712183148377 434.8785340000004 106
1712183158416 438.63858100000016 107
1712183168447 438.7642390000001 108
1712183178549 444.6365960000003 109
1712183188592 455.6668210000007 110
1712183198628 455.67966500000057 111
1712183208710 460.3072540000003 112
1712183218746 461.7724440000002 113
1712183228784 462.8228060000001 114
1712183238872 463.16805900000054 115
1712183248913 463.29821300000003 116
1712183258955 467.11905300000035 117
1712183269051 467.1403330000003 118
1712183279083 467.15281400000003 119
1712183289116 467.39519999999993 120
1712183299204 474.41586800000005 121
1712183309239 475.5686080000005 122
1712183319267 476.0207010000004 123
1712183329350 476.0337100000006 124
1712183339395 485.1281090000002 125
1712183349484 489.43421300000045 126
1712183359580 491.9714359999998 127
1712183369680 491.98549600000024 128
1712183379711 492.01542400000017 129
1712183389789 496.30830200000037 130
1712183399880 497.9217830000007 131
1712183409964 497.9270980000001 132
1712183420053 504.8779800000002 133
1712183430130 505.17946500000016 134
1712183440170 508.9600390000005 135
1712183450257 510.9691780000003 136
1712183460334 526.4143119999999 137
1712183470431 534.4536950000002 138
1712183480514 537.3216560000001 139
1712183490604 538.711644 140
1712183500644 539.922133 141
1712183510725 540.913611 142
1712183520809 542.3413140000002 143
1712183530899 543.5875489999999 144
1712183540987 544.7573350000002 145
1712183551093 545.6061810000001 146
1712183561137 546.6609740000004 147
1712183571220 547.8440340000006 148
1712183581311 549.3670060000004 149
1712183591409 551.8634940000002 150
1712183601502 553.8326270000007 151
1712183611608 555.1908300000005 152
1712183621645 556.4346290000003 153
1712183631732 556.4708350000001 154
1712183641841 556.4812339999999 155
1712183651950 556.5322370000004 156
1712183662041 556.5469499999999 157
1712183672135 561.96569 158
1712183682175 563.1922730000006 159
1712183692269 564.3113950000006 160
1712183702351 564.9778230000002 161
1712183712463 567.3745920000001 162
1712183722559 570.6266100000003 163
1712183732641 570.8876360000004 164
1712183742690 570.8983930000004 165
1712183752783 570.9485629999999 166
1712183762884 580.7895560000006 167
1712183772975 585.0759480000006 168
1712183783062 588.572795 169
1712183793137 592.4680509999998 170
1712183803171 598.545908 171
1712183813255 601.2010950000004 172
1712183823340 601.2571870000002 173
1712183833423 601.2633759999999 174
1712183843524 604.7901750000001 175
1712183853619 604.9387910000005 176
1712183863656 610.2514410000003 177
1712183873738 610.2675140000001 178
1712183883820 613.7638560000005 179
1712183893920 623.5703090000006 180
1712183904013 638.1737499999999 181
1712183914099 644.6169420000006 182
1712183924142 658.0578890000006 183
1712183934237 658.372993 184
1712183944335 659.813639 185
1712183954429 661.1593540000003 186
1712183964525 664.461225 187
1712183974618 664.9572760000001 188
1712183984663 665.3143730000002 189
1712183994750 667.3998170000004 190
1712184004842 677.0274829999998 191
1712184014926 697.8403120000003 192
1712184025013 700.483201 193
1712184035095 700.4952830000002 194
1712184045136 710.7072410000001 195
1712184055221 712.8345290000007 196
1712184065300 721.0679070000006 197
1712184075387 721.4445310000001 198
1712184085477 721.9741290000002 199
1712184095573 724.1225080000004 200
1712184105612 727.7870050000001 201
1712184115705 731.521941 202
1712184125803 731.6184380000004 203
1712184135899 731.6725340000003 204
1712184145985 731.6852079999999 205
1712184156069 731.6879260000005 206
1712184166103 731.6974730000002 207
1712184176201 731.7087740000006 208
1712184186300 731.7492499999998 209
1712184196385 731.763371 210
1712184206486 736.440576 211
1712184216574 736.4469990000007 212
1712184226622 736.896232 213
1712184236714 759.3024640000003 214
1712184246803 765.282706 215
1712184256913 769.2685490000003 216
1712184267014 771.7067080000006 217
1712184277113 774.6400739999999 218
1712184287162 776.4572459999999 219
1712184297275 778.3722980000002 220
1712184307388 780.1794920000002 221
1712184317503 783.8141730000007 222
1712184327641 789.9305530000001 223
1712184337691 795.6039680000004 224
1712184347826 795.6475730000002 225
1712184357939 796.8958630000006 226
1712184368031 797.1554560000004 227
1712184378150 797.5740700000006 228
1712184388248 797.981565 229
1712184398289 799.7719120000002 230
1712184408412 800.1618619999999 231
1712184418522 800.9226130000006 232
1712184428621 802.1475610000007 233
1712184438740 802.219505 234
1712184448849 803.4522569999999 235
1712184458896 806.3372280000003 236
1712184468983 807.011477 237
1712184479071 811.3015409999998 238
1712184489170 813.7479549999998 239
1712184499265 815.0896130000001 240
1712184509349 816.3144410000004 241
1712184519398 818.6767180000006 242
1712184529498 821.3134500000006 243
1712184539603 823.334605 244
1712184549709 824.5127750000001 245
1712184559796 826.3919139999998 246
1712184569900 829.2945280000004 247
1712184579939 832.8256230000006 248
1712184590039 834.7116970000006 249
1712184600137 836.3890550000006 250
1712184610235 836.5987290000003 251
1712184620323 838.6466390000005 252
1712184630417 838.6606499999998 253
1712184640453 838.694469 254
1712184650546 838.7345960000002 255
1712184660627 838.7549840000001 256
1712184670721 838.7585570000001 257
1712184680815 838.7625320000006 258
1712184690901 838.7754480000003 259
1712184700948 838.781739 260
1712184711042 838.8070210000005 261
1712184721134 838.8160889999999 262
1712184731219 838.8268760000001 263
1712184741310 838.8363800000006 264
1712184751392 838.8439240000007 265
1712184761438 838.8461870000001 266
1712184771520 838.8701340000007 267
1712184781633 838.8846940000003 268
1712184791731 838.8870230000002 269
1712184801826 838.8895470000007 270
1712184811908 838.8958849999999 271
1712184821945 838.9015570000001 272
1712184832041 838.913286 273
1712184842132 838.9223419999998 274
1712184852213 838.9283759999998 275
1712184862310 838.932288 276
1712184872404 838.936033 277
1712184882448 838.9370920000001 278
1712184892546 838.9464690000004 279
1712184902651 838.9635330000001 280
1712184912743 838.9671589999998 281
1712184922834 838.9691360000006 282
1712184932931 838.9727499999999 283
1712184942968 838.9789559999999 284
1712184953071 838.9937970000001 285
1712184963166 839.0093500000003 286
1712184973254 839.013062 287
1712184983341 839.024136 288
1712184993435 839.0272500000001 289
1712185003479 839.0307110000003 290
1712185013588 839.0599810000003 291
1712185023687 839.0728600000002 292
1712185033782 840.2411550000006 293
1712185043892 841.5912130000006 294
1712185053989 843.1501360000002 295
1712185064031 853.297313 296
1712185074119 853.4135590000005 297
1712185084206 853.4649220000001 298
1712185094299 856.1368910000001 299
1712185104389 864.6902399999999 300
1712185114490 871.230622 301
1712185124544 873.1764360000006 302
1712185134648 877.8660479999999 303
1712185144739 880.3366599999999 304
1712185154845 884.6731 305
1712185164946 888.0271750000002 306
1712185175050 889.6656000000003 307
1712185185088 891.1140100000002 308
1712185195171 893.3856890000006 309
1712185205265 894.7194390000004 310
1712185215365 905.6156799999999 311
1712185225462 916.83428 312
1712185235506 926.7161910000004 313
1712185245554 942.1017190000002 314
1712185255584 950.7055980000005 315
1712185265676 962.305378 316
1712185275726 981.2397150000006 317
1712185285775 990.8064800000002 318
1712185295870 1010.7302490000002 319
1712185305974 1023.5839590000005 320
1712185316099 1025.9221310000003 321
1712185326142 1028.9929149999998 322
1712185336236 1030.3635960000001 323
1712185346318 1031.5682540000007 324
1712185356420 1032.368869 325
1712185366511 1034.566038 326
1712185376610 1036.6561339999998 327
1712185386686 1038.60822 328
1712185396777 1041.3116040000004 329
1712185406878 1044.010502 330
1712185416966 1045.4270800000004 331
1712185427069 1046.5743300000004 332
1712185437162 1047.6291250000004 333
1712185447265 1048.7519270000003 334
1712185457352 1049.4366790000004 335
1712185467440 1051.3896060000006 336
1712185477542 1056.2233390000001 337
1712185487639 1059.1633000000002 338
1712185497749 1061.5778200000004 339
1712185507839 1063.4038380000002 340
1712185517931 1063.7728720000005 341
1712185528028 1064.2979370000003 342
1712185538126 1066.224983 343
1712185548227 1067.0111450000004 344
1712185558313 1067.4435199999998 345
1712185568400 1067.9747780000007 346
1712185578491 1071.7711210000007 347
1712185588586 1073.2308389999998 348
1712185598674 1073.4841740000002 349
1712185608766 1076.691089 350
1712185618849 1077.6274910000002 351
1712185628940 1079.9511229999998 352
1712185639026 1081.7486580000004 353
1712185649125 1085.4589380000007 354
1712185659207 1086.6052630000004 355
1712185669302 1088.9456550000004 356
1712185679409 1095.883175 357
1712185689496 1096.5717250000007 358
1712185699597 1096.5812810000007 359
1712185709686 1096.9478829999998 360
1712185719779 1097.201317 361
1712185729886 1097.2235740000006 362
1712185739973 1107.5378799999999 363
1712185750089 1111.7088220000005 364
1712185760194 1113.8024810000006 365
1712185770300 1115.1478700000007 366
1712185780417 1116.1383190000006 367
1712185790514 1116.6958060000006 368
1712185800611 1116.7106670000003 369
1712185810707 1118.0997910000006 370
1712185820791 1119.1301400000002 371
1712185830875 1120.641517 372
1712185840969 1122.0423500000006 373
1712185851055 1123.044833 374
1712185861148 1124.5552440000001 375
1712185871240 1125.9213150000005 376
1712185881333 1127.9224279999999 377
1712185891428 1129.2995099999998 378
1712185901517 1131.1272589999999 379
1712185911617 1132.5234610000007 380
1712185921658 1132.8854500000007 381
1712185931753 1134.905253 382
1712185941864 1136.2138620000005 383
1712185951965 1138.483483 384
1712185962068 1140.2689090000003 385
1712185972116 1142.0585120000005 386
1712185982213 1143.2828020000006 387
1712185992309 1155.6126000000004 388
1712186002408 1167.6975410000005 389
1712186012509 1169.5278120000003 390
1712186022597 1171.6431900000007 391
1712186032689 1174.527467 392
1712186042785 1179.3469290000003 393
1712186052984 1193.509172 394
1712186063074 1208.7052320000003 395
1712186073170 1213.2976660000004 396
1712186083258 1217.34526 397
1712186093364 1219.8289160000004 398
1712186103454 1221.1231720000005 399
1712186113557 1224.5615610000004 400
1712186123658 1226.9260590000004 401
1712186133753 1227.5546530000001 402
1712186143859 1228.1757310000003 403
1712186153970 1229.9469239999999 404
1712186164073 1230.5132560000002 405
1712186174177 1233.4346370000003 406
1712186184267 1234.7811220000003 407
1712186194366 1237.7549170000002 408
1712186204487 1239.1032850000001 409
1712186214596 1239.4493620000003 410
1712186224694 1241.5276330000006 411
1712186234785 1243.0487190000003 412
1712186244888 1244.6885110000003 413
1712186254992 1246.0376940000006 414
1712186265100 1247.7016730000005 415
1712186275194 1249.6431160000002 416
1712186285292 1253.458028 417
1712186295398 1259.6879720000006 418
1712186305491 1268.0862240000006 419
1712186315614 1269.077682 420
1712186325706 1271.5913740000005 421
1712186335802 1273.2094550000002 422
1712186345947 1276.5759340000004 423
1712186356044 1279.2924010000006 424
1712186366143 1279.8332360000004 425
1712186376247 1282.2876240000005 426
1712186386385 1282.7064220000002 427
1712186396500 1289.44726 428
1712186406692 1299.1439879999998 429
1712186416784 1307.9083610000007 430
1712186426889 1309.2906600000006 431
1712186437001 1311.1648140000007 432
1712186447090 1312.452386 433
1712186457198 1314.0864280000005 434
1712186467298 1314.6397550000002 435
1712186477393 1316.0817390000002 436
1712186487484 1317.2985010000002 437
1712186497583 1320.8449090000004 438
1712186507688 1320.8532100000002 439
1712186517776 1322.3805600000005 440
1712186527823 1323.1282850000007 441
1712186537872 1324.9718940000002 442
1712186547922 1332.7638130000005 443
1712186557968 1350.6296310000007 444
1712186568008 1355.4752480000006 445
1712186578120 1358.3762000000006 446
1712186588160 1360.05681 447
1712186598211 1360.8061370000005 448
1712186608332 1362.2190710000004 449
1712186618382 1364.7877050000006 450
1712186628492 1366.354206 451
1712186638598 1368.1130520000006 452
1712186648704 1369.8538980000003 453
1712186658805 1373.0310800000007 454
1712186668914 1380.404466 455
1712186678968 1384.3115910000006 456
1712186689072 1385.4220460000006 457
1712186699164 1387.6412740000005 458
1712186709276 1390.2582149999998 459
1712186719392 1392.8764090000004 460
1712186729651 1396.408152 461
1712186739725 1397.3168220000007 462
1712186749816 1399.198485 463
1712186759928 1399.8624230000005 464
1712186770030 1401.1486190000005 465
1712186780130 1403.2826270000005 466
1712186790225 1404.7203390000004 467
1712186800271 1406.418307 468
1712186810370 1408.6511300000002 469
1712186820468 1411.0362210000003 470
1712186830564 1413.7762659999999 471
1712186840653 1414.8621389999998 472
1712186850739 1417.1876670000001 473
1712186860778 1419.1174950000004 474
1712186870866 1424.0911450000003 475
1712186880967 1430.2911810000005 476
1712186891056 1434.617112 477
1712186901140 1440.4117590000005 478
1712186911235 1445.9777359999998 479
1712186921267 1447.917579 480
1712186931358 1456.590585 481
1712186941467 1459.7288720000006 482
1712186951551 1462.2985720000006 483
1712186961635 1465.8359420000006 484
1712186971742 1470.9532710000003 485
1712186981787 1475.2623240000003 486
1712186991877 1479.1319240000003 487
1712187001980 1485.2302230000005 488
1712187012074 1489.691839 489
1712187022179 1493.7830440000007 490
1712187032264 1499.1164610000005 491
1712187042315 1500.7833760000003 492
1712187052437 1504.8150260000002 493
1712187062532 1509.194023 494
1712187072634 1511.1064050000004 495
1712187082729 1523.6892160000007 496
1712187092790 1528.333533 497
1712187102861 1541.4228039999998 498
1712187112913 1543.7641570000005 499
1712187123025 1547.367706 500
1712187133078 1548.6996260000005 501
1712187143123 1551.5153300000002 502
1712187153226 1553.2979030000006 503
1712187163279 1554.0164400000003 504
1712187173335 1555.662287 505
1712187183450 1557.2345690000002 506
1712187193565 1557.240793 507
1712187203619 1561.0464430000002 508
1712187213679 1562.332152 509
1712187223781 1565.6302880000003 510
1712187233844 1566.6239720000003 511
1712187243881 1569.124586 512
1712187253971 1573.5852169999998 513
1712187264031 1577.3615260000006 514
1712187274075 1579.2261320000007 515
1712187284180 1582.4796350000006 516
1712187294230 1592.2849720000004 517
1712187304349 1599.5956560000004 518
1712187314402 1606.6294310000003 519
1712187324459 1612.5525050000006 520
1712187334502 1615.7212520000003 521
1712187344607 1617.4043680000004 522
1712187354718 1620.6772840000003 523
1712187364817 1623.445189 524
1712187374917 1632.0091430000002 525
1712187385026 1632.8070950000001 526
1712187395130 1635.0385219999998 527
1712187405191 1641.6081460000005 528
1712187415288 1646.5714870000002 529
1712187425404 1656.111739 530
1712187435530 1658.5732420000004 531
1712187445632 1661.6938030000001 532
1712187455749 1665.4720770000004 533
1712187465814 1667.1997170000004 534
1712187475920 1670.0683399999998 535
1712187486021 1672.5666970000002 536
1712187496128 1677.9455740000003 537
1712187506236 1680.6901670000007 538
1712187516336 1684.1531089999999 539
1712187526397 1695.7759690000003 540
1712187536491 1702.8413010000004 541
1712187546595 1718.2749800000001 542
1712187556697 1731.733526 543
1712187566800 1736.1853420000007 544
1712187576898 1740.3272400000005 545
1712187586956 1741.6647160000002 546
1712187597051 1746.0394070000002 547
1712187607153 1754.068819 548
1712187617252 1760.8789390000002 549
1712187627356 1765.337402 550
1712187637450 1769.8463410000004 551
1712187647570 1783.7964730000003 552
1712187657676 1787.5150050000002 553
1712187667783 1807.2258630000006 554
1712187677887 1809.3993770000006 555
1712187687984 1816.0049720000006 556
1712187698036 1820.721944 557
1712187708130 1827.8646170000002 558
1712187718230 1836.558543 559
1712187728354 1838.4774580000003 560
1712187738459 1840.0110050000003 561
1712187748572 1841.6769880000002 562
1712187758623 1847.046338 563
1712187768730 1849.1928690000004 564
1712187778832 1850.663818 565
1712187788926 1851.885926 566
1712187799038 1853.5533240000004 567
1712187809151 1855.763691 568
1712187819198 1857.7820259999999 569
1712187829311 1859.8573750000005 570
1712187839433 1861.3758230000003 571
1712187849542 1864.9763739999999 572
1712187859647 1866.0374920000004 573
1712187869757 1868.028053 574
1712187879808 1869.313059 575
1712187889922 1874.0690910000003 576
1712187900026 1879.0232130000004 577
1712187910134 1883.291083 578
1712187920253 1886.944278 579
1712187930357 1887.4663920000003 580
1712187940406 1889.4662950000002 581
1712187950504 1891.8337550000006 582
1712187960613 1893.442997 583
1712187970720 1894.7004040000002 584
1712187980825 1895.7380520000006 585
1712187990929 1897.156916 586
1712188000995 1898.7654430000002 587
1712188011098 1901.377458 588
1712188021198 1901.7411090000005 589
1712188031301 1903.239759 590
1712188041413 1909.6605180000006 591
1712188051508 1911.6007740000005 592
1712188061551 1912.2485940000006 593
1712188071602 1914.5277059999999 594
1712188081652 1915.7161450000003 595
1712188091691 1917.0350509999998 596
1712188101743 1917.5484690000003 597
1712188111779 1918.4820550000004 598
1712188121880 1921.1041850000001 599
1712188131923 1923.773599 600
1712188142036 1931.5755399999998 601
1712188152083 1933.950707 602
1712188162199 1937.2465670000001 603
1712188172304 1938.2824760000003 604
1712188182356 1939.92166 605
1712188192406 1942.2971290000005 606
1712188202453 1945.696387 607
1712188212496 1949.1044120000006 608
1712188222663 1949.364665 609
1712188232802 1951.164592 610
1712188242843 1952.1526190000004 611
1712188253003 1954.2552230000001 612
1712188263150 1955.9840370000002 613
1712188273199 1959.128482 614
1712188283241 1962.300284 615
1712188293282 1963.494068 616
1712188303472 1966.7412330000006 617
1712188313513 1968.7035190000006 618
1712188323559 1971.4165300000004 619
1712188333716 1976.495468 620
1712188343861 1979.7314219999998 621
1712188354007 1983.548624 622
1712188364060 1989.1048529999998 623
1712188374221 1997.095467 624
1712188384271 2001.9201220000004 625
1712188394322 2005.0393570000006 626
1712188404467 2012.1717589999998 627
1712188414519 2017.3868160000002 628
1712188424571 2027.068913 629
1712188434717 2035.278217 630
1712188444849 2040.3293170000006 631
1712188454891 2043.3301350000002 632
1712188465022 2053.8554830000003 633
1712188475207 2072.739512 634
1712188485245 2076.693854 635
1712188495350 2077.6121760000005 636
1712188505448 2079.1521630000007 637
1712188515551 2079.6551550000004 638
1712188525657 2080.74424 639
1712188535755 2082.3620850000007 640
1712188545805 2083.316858 641
1712188555891 2088.3971650000003 642
1712188565997 2094.0252140000002 643
1712188576095 2095.872875 644
1712188586195 2096.9345630000007 645
1712188596280 2097.900923 646
1712188606339 2099.618584 647
1712188616433 2102.7837260000006 648
1712188626546 2104.4533630000005 649
1712188636647 2106.0230390000006 650
1712188646748 2109.4842750000007 651
1712188656846 2114.4159040000004 652
1712188666892 2120.0322850000002 653
1712188677006 2122.494374 654
1712188687105 2123.6951230000004 655
1712188697206 2126.7949200000003 656
1712188707312 2129.1692200000007 657
1712188717421 2129.447465 658
1712188727510 2129.483432 659
1712188737604 2131.256295 660
1712188747700 2132.9011140000002 661
1712188757803 2134.6488800000006 662
1712188767906 2137.325062 663
1712188777946 2139.099335 664
1712188788045 2141.375021 665
1712188798139 2142.334943 666
1712188808236 2144.587899 667
1712188818336 2145.9055550000003 668
1712188828454 2147.5632650000007 669
1712188838493 2149.567994 670
1712188848603 2151.5809310000004 671
1712188858697 2153.00195 672
1712188868794 2154.124175 673
1712188878896 2156.4088740000007 674
1712188888994 2160.000868 675
1712188899042 2162.6177230000003 676
1712188909145 2164.7129640000003 677
1712188919243 2165.698896 678
1712188929354 2167.8231700000006 679
1712188939462 2170.7501490000004 680
1712188949560 2172.849553 681
1712188959596 2175.203463 682
1712188969696 2177.40816 683
1712188979811 2179.2014090000002 684
1712188989913 2181.7384730000003 685
1712189000024 2183.5729380000002 686
1712189010125 2184.6896700000007 687
1712189020171 2185.363544 688
1712189030281 2186.743265 689
1712189040390 2188.174495 690
1712189050506 2190.2462240000004 691
1712189060625 2194.9405020000004 692
1712189070744 2197.339312 693
1712189080797 2198.843576 694
1712189090904 2202.3350360000004 695
1712189101010 2204.21273 696
1712189111130 2209.106597 697
1712189121256 2210.031766 698
1712189131369 2210.899416 699
1712189141426 2211.740175 700
1712189151544 2213.4679530000003 701
1712189161653 2215.004965 702
1712189171838 2216.6040010000006 703
1712189181935 2222.1458360000006 704
1712189192031 2224.135104 705
1712189202079 2226.7614600000006 706
1712189212167 2228.302815 707
1712189222274 2229.3136410000006 708
1712189232372 2231.371292 709
1712189242473 2233.2205670000003 710
1712189252589 2234.9095960000004 711
1712189262637 2235.9040060000007 712
1712189272743 2238.1934710000005 713
1712189282831 2240.384989 714
1712189292924 2241.780151 715
1712189303028 2245.474523 716
1712189313131 2250.6682900000005 717
1712189323189 2251.6265220000005 718
1712189333294 2254.5810420000007 719
1712189343413 2256.4829150000005 720
1712189353522 2262.913654 721
1712189363628 2269.6956020000007 722
1712189373732 2274.4125400000003 723
1712189383787 2277.8776900000003 724
1712189393892 2283.590548 725
1712189403996 2289.1269220000004 726
1712189414087 2294.863534 727
1712189424186 2296.940315 728
1712189434291 2300.9598590000005 729
1712189444341 2303.184577 730
1712189454436 2306.1396270000005 731
1712189464531 2308.5342090000004 732
1712189474622 2310.6411610000005 733
1712189484733 2319.5979750000006 734
1712189494846 2322.833495 735
1712189504893 2324.129478 736
1712189514993 2325.402542 737
1712189525100 2326.8883460000006 738
1712189535209 2328.657972 739
1712189545309 2329.4144970000007 740
1712189555403 2331.1966650000004 741
1712189565458 2333.86978 742
1712189575557 2337.3885820000005 743
1712189585657 2340.8867820000005 744
1712189595764 2344.279528 745
1712189605878 2345.542071 746
1712189615981 2348.2476260000003 747
1712189626035 2349.8975820000005 748
1712189636137 2350.279579 749
1712189646252 2350.2856810000003 750
1712189656345 2351.146613 751
1712189666453 2361.22822 752
1712189676555 2366.506012 753
1712189686606 2369.962759 754
1712189696719 2376.92188 755
1712189706811 2379.8017330000002 756
1712189716916 2382.3375610000003 757
1712189727021 2384.9488220000003 758
1712189737123 2388.832238 759
1712189747167 2390.2283370000005 760
1712189757289 2390.8072760000005 761
1712189767403 2393.5173670000004 762
1712189777512 2394.7005230000004 763
1712189787611 2395.7286490000006 764
1712189797671 2397.409539 765
1712189807772 2397.7200730000004 766
1712189817877 2399.2465030000003 767
1712189827978 2400.9762650000002 768
1712189838083 2401.3694800000003 769
1712189848191 2402.2174430000005 770
1712189858236 2402.9725200000003 771
1712189868339 2404.830059 772
1712189878445 2406.7143000000005 773
1712189888547 2407.735847 774
1712189898652 2408.706765 775
1712189908755 2410.173544 776
1712189918798 2412.427874 777
1712189928909 2413.0050220000003 778
1712189939015 2413.8450860000003 779
1712189949114 2420.83839 780
1712189959214 2428.8911260000004 781
1712189969315 2434.602379 782
1712189979356 2436.724496 783
1712189989459 2438.0283610000006 784
1712189999555 2439.5969750000004 785
1712190009652 2443.639516 786
1712190019740 2448.393121 787
1712190029855 2449.4808010000006 788
1712190039898 2449.960113 789
1712190050006 2452.7563930000006 790
1712190060101 2462.123788 791
1712190070188 2475.531887 792
1712190080289 2476.7201270000005 793
1712190090384 2478.4828180000004 794
1712190100438 2479.274848 795
1712190110530 2480.9855610000004 796
1712190120630 2482.1296900000007 797
1712190130728 2483.6885440000005 798
1712190140827 2484.3497500000003 799
1712190150931 2485.6415070000003 800
1712190160991 2487.2836500000003 801
1712190171098 2487.89865 802
1712190181212 2488.7304620000004 803
1712190191396 2490.1504720000003 804
1712190201504 2491.8153900000007 805
1712190211614 2492.9153030000007 806
1712190221657 2507.268094 807
1712190231752 2519.036862 808
1712190241859 2528.4118910000007 809
1712190251950 2546.5135600000003 810
1712190262046 2560.9097660000007 811
1712190272140 2570.5694350000003 812
1712190282181 2574.300204 813
1712190292281 2575.0025640000003 814
1712190302387 2581.4048680000005 815
1712190312492 2592.2854400000006 816
1712190322595 2595.1211780000003 817
1712190332686 2595.67911 818
1712190342738 2597.2625530000005 819
1712190352837 2598.4098350000004 820
1712190362939 2599.603483 821
1712190373035 2603.3081360000006 822
1712190383127 2604.6703290000005 823
1712190393229 2607.2775500000007 824
1712190403290 2608.3640000000005 825
1712190413486 2609.4308090000004 826
1712190423601 2612.7985390000003 827
1712190433707 2614.73239 828
1712190443820 2616.1564020000005 829
1712190453940 2617.510668 830
1712190463993 2618.1019640000004 831
1712190474114 2618.9344200000005 832
1712190484234 2620.388707 833
1712190494339 2621.3206440000004 834
1712190504471 2621.798801 835
1712190514594 2624.017301 836
1712190524646 2625.2569760000006 837
1712190534761 2625.5365220000003 838
1712190544865 2626.491242 839
1712190554972 2629.0865870000007 840
1712190565089 2634.1811240000006 841
1712190575189 2635.962732 842
1712190585235 2637.002122 843
1712190595346 2640.9830900000006 844
1712190605457 2643.9173930000006 845
1712190615559 2645.508828 846
1712190625660 2646.801872 847
1712190635858 2650.2195060000004 848
1712190645913 2651.429814 849
1712190656025 2656.437685 850
1712190666127 2657.553137 851
1712190676182 2660.2097060000006 852
1712190686294 2660.8076950000004 853
1712190696348 2662.9663410000003 854
1712190706404 2665.0607840000002 855
1712190716522 2666.281941 856
1712190726577 2671.2914950000004 857
1712190736630 2672.6876710000006 858
1712190746748 2674.9363670000002 859
1712190756805 2675.717168 860
1712190766853 2676.523395 861
1712190776950 2680.390939 862
1712190786996 2681.631026 863
1712190797064 2682.364947 864
1712190807179 2684.453206 865
1712190817224 2686.8822230000005 866
1712190827278 2689.561535 867
1712190837375 2695.400033 868
1712190847419 2698.024939 869
1712190857480 2701.571763 870
1712190867578 2704.996738 871
1712190877638 2708.513266 872
1712190887698 2710.6944350000003 873
1712190897794 2714.730466 874
1712190907845 2718.2497870000007 875
1712190917940 2722.7915920000005 876
1712190928035 2726.213807 877
1712190938087 2729.3536700000004 878
1712190948184 2730.72491 879
1712190958291 2735.9011490000003 880
1712190968401 2745.21969 881
1712190978514 2756.707942 882
1712190988626 2761.1577580000003 883
1712190998673 2768.48571 884
1712191008774 2771.3927590000003 885
1712191018872 2787.928307 886
1712191028970 2797.6424640000005 887
1712191039070 2816.412413 888
1712191049172 2835.399958 889
1712191059230 2839.3770110000005 890
1712191069329 2844.3064210000002 891
1712191079428 2853.4179060000006 892
1712191089527 2857.1910210000005 893
1712191099617 2861.374785 894
1712191109728 2866.6031250000005 895
1712191119773 2874.0689270000003 896
1712191129884 2876.875648 897
1712191139978 2884.6409670000003 898
1712191150080 2891.2467830000005 899
1712191160190 2898.802837 900
1712191170298 2906.6209910000007 901
1712191180350 2913.0410820000006 902
1712191190445 2917.971646 903
1712191200545 2924.909235 904
1712191210660 2927.709532 905
1712191220759 2931.1509800000003 906
1712191230869 2935.9304140000004 907
1712191240925 2940.3385960000005 908
1712191251020 2944.0718670000006 909
1712191261130 2949.175209 910
1712191271221 2956.3091460000005 911
1712191281325 2958.653708 912
1712191291456 2961.1648890000006 913
1712191301514 2966.1855020000003 914
1712191311703 2986.1240150000003 915
1712191321823 2992.3296360000004 916
1712191331939 2994.8888930000003 917
1712191342060 2996.8168700000006 918
1712191352177 3001.1812230000005 919
1712191362232 3002.3512280000004 920
1712191372360 3003.679048 921
1712191382488 3004.7044890000006 922
1712191392618 3007.257455 923
1712191402743 3009.8957760000003 924
1712191412867 3012.884997 925
1712191422926 3015.3053660000005 926
1712191433035 3018.036081 927
1712191443163 3018.8214240000007 928
1712191453283 3020.5969480000003 929
1712191463415 3022.7657420000005 930
1712191473538 3024.2234050000006 931
1712191483606 3025.446943 932
1712191493744 3027.410333 933
1712191503861 3030.2732560000004 934
1712191514075 3030.856407 935
1712191524198 3032.383369 936
1712191534304 3034.835787 937
1712191544355 3037.473065 938
1712191554474 3039.409533 939
1712191564573 3040.9292540000006 940
1712191574680 3042.0867530000005 941
1712191584779 3047.797869 942
1712191594880 3051.127743 943
1712191604937 3052.6765510000005 944
1712191615047 3056.9936070000003 945
1712191625166 3059.5525940000007 946
1712191635285 3060.189284 947
1712191645389 3062.297036 948
1712191655500 3064.012586 949
1712191665546 3067.818682 950
1712191675665 3072.1056390000003 951
1712191685782 3075.128006 952
1712191695888 3077.6560680000002 953
1712191706012 3079.208286 954
1712191716116 3081.947932 955
1712191726170 3084.6574470000005 956
1712191736294 3086.7106380000005 957
1712191746398 3090.3328760000004 958
1712191756604 3094.0757160000003 959
1712191766728 3096.184257 960
1712191776848 3098.8274380000003 961
1712191786898 3100.309711 962
1712191797048 3102.9665320000004 963
1712191807177 3104.629428 964
1712191817289 3107.67231 965
1712191827419 3110.7348810000003 966
1712191837477 3113.3155580000002 967
1712191847586 3114.6780630000003 968
1712191857705 3116.652311 969
1712191867807 3120.252517 970
1712191877933 3121.5176550000006 971
1712191888046 3122.9373670000004 972
1712191898102 3126.5763960000004 973
1712191908219 3128.408501 974
1712191918318 3131.278196 975
1712191928424 3133.2396820000004 976
1712191938539 3138.5725700000003 977
1712191948644 3140.449606 978
1712191958694 3143.3724 979
1712191968811 3144.3201130000007 980
1712191978919 3148.507007 981
1712191989122 3151.8164350000006 982
1712191999231 3156.7481590000007 983
1712192009340 3160.3949010000006 984
1712192019392 3162.232696 985
1712192029497 3162.9561320000003 986
1712192039613 3164.260418 987
1712192049717 3168.0447130000002 988
1712192059823 3169.407316 989
1712192069942 3174.353583 990
1712192080000 3175.8850350000002 991
1712192090106 3177.714293 992
1712192100203 3179.473535 993
1712192110307 3181.2307630000005 994
1712192120425 3182.0645060000006 995
1712192130530 3183.7801850000005 996
1712192140595 3185.4117640000004 997
1712192150695 3187.1275650000007 998
1712192160799 3190.201594 999
1712192170916 3193.2887360000004 1000
1712192181020 3194.7722160000003 1001
1712192191117 3199.1332900000007 1002
1712192201182 3208.20885 1003
1712192211288 3209.6405780000005 1004
1712192221387 3210.799615 1005
1712192231494 3213.0851840000005 1006
1712192241589 3213.9117020000003 1007
1712192251706 3214.731006 1008
1712192261764 3217.6585780000005 1009
1712192271885 3220.325806 1010
1712192281993 3221.9836910000004 1011
1712192292091 3223.1866330000003 1012
1712192302207 3227.098148 1013
1712192312318 3230.141372 1014
1712192322375 3234.034686 1015
1712192332490 3234.9026910000002 1016
1712192342594 3238.2745210000003 1017
1712192352703 3240.0584660000004 1018
1712192362800 3242.788622 1019
1712192372907 3255.7089960000003 1020
1712192382966 3268.42656 1021
1712192393070 3281.19463 1022
1712192403138 3301.284047 1023
1712192413189 3305.2672820000007 1024
1712192423249 3306.9238890000006 1025
1712192433378 3309.0184870000003 1026
1712192443633 3310.540118 1027
1712192453760 3312.4050830000006 1028
1712192463884 3314.100886 1029
1712192474026 3316.414312 1030
1712192484156 3317.7544640000006 1031
1712192494298 3318.618638 1032
1712192504438 3319.753423 1033
1712192514562 3321.28737 1034
1712192524697 3322.6844380000002 1035
1712192534837 3323.6513760000007 1036
1712192544960 3326.474789 1037
1712192555087 3327.4908780000005 1038
1712192565210 3328.3705330000003 1039
1712192575332 3331.351614 1040
1712192585460 3333.220558 1041
1712192595587 3333.8215170000003 1042
1712192605718 3335.8946770000002 1043
1712192615845 3337.1790260000007 1044
1712192625959 3339.176501 1045
1712192636083 3341.0949440000004 1046
1712192646209 3342.249928 1047
1712192656322 3343.7817940000004 1048
1712192666461 3344.7664750000004 1049
1712192676576 3345.559701 1050
1712192686703 3346.36107 1051
1712192696815 3347.6962220000005 1052
1712192706937 3350.496024 1053
1712192717060 3358.2330220000003 1054
1712192727194 3358.8315890000003 1055
1712192737330 3360.612139 1056
1712192747445 3362.6392480000004 1057
1712192757576 3364.155388 1058
1712192767698 3365.704425 1059
1712192777838 3367.3909430000003 1060
1712192787972 3369.4984600000007 1061
1712192798087 3370.7143260000003 1062
1712192808220 3372.8254510000006 1063
1712192818338 3373.981981 1064
1712192828450 3375.9184620000005 1065
1712192838576 3377.427243 1066
1712192848712 3379.468084 1067
1712192858838 3380.9593220000006 1068
1712192868966 3383.129495 1069
1712192879077 3386.2824580000006 1070
1712192889189 3393.217622 1071
1712192899302 3397.862484 1072
1712192909422 3400.875239 1073
1712192919546 3404.7117980000003 1074
1712192929661 3405.081545 1075
1712192939776 3406.652199 1076
1712192949904 3409.7922120000003 1077
1712192960053 3411.5226970000003 1078
1712192970177 3412.854418 1079
1712192980298 3413.923793 1080
1712192990421 3419.083581 1081
1712193000544 3420.9311430000007 1082
1712193010666 3422.4254440000004 1083
1712193020797 3424.1790740000006 1084
1712193030914 3426.4248880000005 1085
1712193041071 3428.7822300000007 1086
1712193051216 3430.4422990000003 1087
1712193061332 3432.9975970000005 1088
1712193071448 3434.068099 1089
1712193081573 3436.4701130000003 1090
1712193091692 3437.124514 1091
1712193101833 3440.1382760000006 1092
1712193111945 3441.9523440000003 1093
1712193122061 3443.6696410000004 1094
1712193132171 3445.4869210000006 1095
1712193142288 3447.5166800000006 1096
1712193152416 3450.916223 1097
1712193162548 3452.765988 1098
1712193172664 3454.0489740000003 1099
1712193182794 3457.879866 1100
1712193192941 3460.7412940000004 1101
1712193203063 3462.5086420000007 1102
1712193213175 3476.6318380000002 1103
1712193223309 3479.990879 1104
1712193233431 3482.101227 1105
1712193243554 3483.757501 1106
1712193253691 3485.6429550000003 1107
1712193263801 3486.143596 1108
1712193273948 3488.101761 1109
1712193284081 3490.1338700000006 1110
1712193294204 3491.3232690000004 1111
1712193304323 3493.7485580000002 1112
1712193314441 3494.284552 1113
1712193324557 3496.1326420000005 1114
1712193334729 3497.219064 1115
1712193344864 3499.39506 1116
1712193354981 3501.6600040000003 1117
1712193365112 3503.873326 1118
1712193375235 3508.347879 1119
1712193385352 3511.4708600000004 1120
1712193395465 3514.3170370000007 1121
1712193405577 3522.7921610000003 1122
1712193415705 3527.104109 1123
1712193425838 3528.8150720000003 1124
1712193435955 3532.3027380000003 1125
1712193446081 3534.2321380000003 1126
1712193456218 3536.48264 1127
1712193466342 3539.1680590000005 1128
1712193476482 3541.7380000000003 1129
1712193486637 3547.6009700000004 1130
1712193496784 3554.114386 1131
1712193506915 3556.7983650000006 1132
1712193517065 3560.1713150000005 1133
1712193527199 3561.3624010000003 1134
1712193537343 3562.6964850000004 1135
1712193547449 3563.618909 1136
1712193557572 3564.384989 1137
1712193567696 3565.3231880000003 1138
1712193577816 3566.2843780000003 1139
1712193587927 3568.5263000000004 1140
1712193598048 3571.7050690000005 1141
1712193608180 3578.719382 1142
1712193618299 3580.4875730000003 1143
1712193628429 3583.779431 1144
1712193638561 3593.120428 1145
1712193648684 3606.5520800000004 1146
1712193658811 3606.5575830000007 1147
1712193668928 3611.654695 1148
1712193679053 3612.2545040000005 1149
1712193689178 3613.292396 1150
1712193699412 3614.1519160000007 1151
1712193709534 3615.560958 1152
1712193719679 3617.1937820000003 1153
1712193729808 3618.1980780000004 1154
1712193739950 3618.966509 1155
1712193750077 3619.868845 1156
1712193760214 3620.883774 1157
1712193770333 3622.4132720000007 1158
1712193780474 3623.4904850000003 1159
1712193790626 3625.831115 1160
1712193800756 3626.820928 1161
1712193810904 3629.8379030000006 1162
1712193821042 3631.349448 1163
1712193831176 3633.4393230000005 1164
1712193841318 3634.88335 1165
1712193851453 3638.645477 1166
1712193861593 3639.7523470000006 1167
1712193871720 3640.7644980000005 1168
1712193881860 3643.5266580000007 1169
1712193891986 3645.0728550000003 1170
1712193902104 3645.8754790000003 1171
1712193912175 3647.126241 1172
1712193922281 3648.233424 1173
1712193932350 3649.6050650000006 1174
1712193942462 3652.2283130000005 1175
1712193952586 3653.869213 1176
1712193962700 3655.515179 1177
1712193972925 3657.73348 1178
1712193983057 3659.696873 1179
1712193993178 3660.7021350000005 1180
1712194003302 3662.395671 1181
1712194013429 3663.090612 1182
1712194023541 3664.3301950000005 1183
1712194033660 3665.88612 1184
1712194043778 3667.477793 1185
1712194053895 3668.814638 1186
1712194064045 3669.2815310000005 1187
1712194074147 3671.3740900000003 1188
1712194084264 3675.7724020000005 1189
1712194094374 3677.3979200000003 1190
1712194104475 3686.564169 1191
1712194114591 3695.3764090000004 1192
1712194124695 3711.081768 1193
1712194134812 3714.9698930000004 1194
1712194144925 3716.829124 1195
1712194155036 3718.324509 1196
1712194165163 3720.811847 1197
1712194175269 3721.93502 1198
1712194185343 3722.597758 1199
1712194195486 3723.922756 1200
1712194205550 3725.414758 1201
1712194215685 3726.763532 1202
1712194225805 3728.260757 1203
1712194235886 3730.1650610000006 1204
1712194246000 3731.8159180000002 1205
1712194256067 3734.3478560000003 1206
1712194266198 3736.3782550000005 1207
1712194276438 3738.14811 1208
1712194286505 3740.107594 1209
1712194296610 3741.040492 1210
1712194306731 3743.43156 1211
1712194316844 3747.042872 1212
1712194326964 3748.17188 1213
1712194337090 3749.1005970000006 1214
1712194347211 3751.204619 1215
1712194357345 3752.211982 1216
1712194367461 3752.868136 1217
1712194377577 3754.0785830000004 1218
1712194387708 3756.2940280000003 1219
1712194397837 3758.3706540000003 1220
1712194407961 3759.555488 1221
1712194418080 3760.935504 1222
1712194428201 3761.7722170000006 1223
1712194438319 3762.2552610000002 1224
1712194448422 3764.030868 1225
1712194458534 3765.1606540000002 1226
1712194468589 3767.6210440000004 1227
1712194478662 3770.0721270000004 1228
1712194488720 3771.069673 1229
1712194498798 3775.4003350000003 1230
1712194508919 3777.246717 1231
1712194519042 3778.0168300000005 1232
1712194529176 3780.3391810000003 1233
1712194539289 3781.393236 1234
1712194549423 3783.5600140000006 1235
1712194559531 3783.8782070000007 1236
1712194569642 3785.766506 1237
1712194579859 3788.1469700000007 1238
1712194589989 3791.42306 1239
1712194600098 3792.6422460000003 1240
1712194610229 3795.112881 1241
1712194620357 3799.7712 1242
1712194630487 3809.3615020000007 1243
1712194640637 3816.5204080000003 1244
1712194650750 3821.8029990000005 1245
1712194660874 3828.8285590000005 1246
1712194670944 3834.196777 1247
1712194681077 3841.3629950000004 1248
1712194691207 3844.4001560000006 1249
1712194701333 3850.51743 1250
1712194711464 3858.945138 1251
1712194721660 3863.640902 1252
1712194731792 3866.5440830000007 1253
1712194741932 3869.80436 1254
1712194752052 3872.6832830000003 1255
1712194762185 3875.676773000001 1256
1712194772306 3883.1682039999996 1257
1712194782437 3903.8283809999994 1258
1712194792561 3918.1490730000005 1259
1712194802678 3922.209132 1260
1712194812796 3926.4867159999994 1261
1712194822921 3928.387347 1262
1712194833043 3930.4608640000006 1263
1712194843174 3931.099547 1264
1712194853298 3931.6105509999998 1265
1712194863418 3932.7754370000002 1266
1712194873668 3933.7345700000005 1267
1712194883783 3935.1362310000004 1268
1712194893904 3936.360581000001 1269
1712194904033 3936.3792809999995 1270
1712194914154 3936.398961000001 1271
1712194924281 3948.6504829999994 1272
1712194934386 3950.252684000001 1273
1712194944526 3955.5004800000006 1274
1712194954653 3958.0414309999996 1275
1712194964788 3958.58784 1276
1712194974905 3964.708200000001 1277
1712194985022 3979.18599 1278
1712194995125 3986.8024449999994 1279
1712195005251 4005.7939380000007 1280
1712195015473 4005.8407559999996 1281
1712195025586 4008.3186060000007 1282
1712195035711 4010.407792 1283
1712195045826 4016.6454410000006 1284
1712195055940 4019.968361000001 1285
1712195066064 4021.059070000001 1286
1712195076176 4022.635690000001 1287
1712195086296 4023.288128 1288
1712195096413 4023.973962 1289
1712195106538 4031.6782650000005 1290
1712195116664 4037.180499 1291
1712195126805 4040.1215219999995 1292
1712195136929 4044.5795049999997 1293
1712195147057 4047.721882 1294
1712195157173 4053.1974680000003 1295
1712195167298 4056.7224509999996 1296
1712195177419 4061.473645 1297
1712195187540 4063.175454 1298
1712195197651 4064.953034 1299
1712195207753 4064.98063 1300
1712195217868 4069.164855000001 1301
1712195227986 4081.948695000001 1302
1712195238091 4090.3904550000007 1303
1712195248201 4092.781084 1304
1712195258309 4096.454808 1305
1712195268421 4097.383054 1306
1712195278533 4099.883001 1307
1712195288644 4106.305084 1308
1712195298770 4113.219418000001 1309
1712195308978 4117.855202000001 1310
1712195319130 4120.714261000001 1311
1712195329259 4133.085717 1312
1712195339403 4135.404954 1313
1712195349522 4135.406449 1314
1712195359632 4135.476832 1315
1712195369734 4148.083348 1316
1712195379856 4151.40661 1317
1712195389978 4153.721532 1318
1712195400094 4155.771461 1319
1712195410227 4158.716063 1320
1712195420343 4161.4364399999995 1321
1712195430459 4164.039831 1322
1712195440578 4168.215264 1323
1712195450689 4171.125993 1324
1712195460890 4173.156138 1325
1712195471009 4176.094387000001 1326
1712195481109 4178.505182000001 1327
1712195491224 4184.129285999999 1328
1712195501348 4190.652058 1329
1712195511477 4193.445063000001 1330
1712195521599 4198.510305 1331
1712195531733 4201.040582 1332
1712195541869 4202.169373000001 1333
1712195551984 4208.460488000001 1334
1712195562103 4211.491959999999 1335
1712195572213 4214.654525 1336
1712195582325 4216.39306 1337
1712195592434 4218.642581 1338
1712195602547 4221.593208 1339
1712195612676 4223.149497 1340
1712195622782 4226.522053000001 1341
1712195632909 4229.963265 1342
1712195643015 4231.321619 1343
1712195653136 4232.906424000001 1344
1712195663247 4234.7153880000005 1345
1712195673365 4237.593174 1346
1712195683475 4240.917982999999 1347
1712195693588 4244.432216000001 1348
1712195703701 4245.264080000001 1349
1712195713827 4247.713935 1350
1712195723940 4259.877993 1351
1712195734057 4264.202455000001 1352
1712195744175 4266.847871 1353
1712195754286 4274.140642 1354
1712195764404 4276.971240000001 1355
1712195774512 4285.210731000001 1356
1712195784634 4285.841161 1357
1712195794746 4289.661 1358
1712195804855 4297.417278000001 1359
1712195814982 4303.024069000001 1360
1712195825111 4309.61745 1361
1712195835232 4316.67201 1362
1712195845335 4323.146142 1363
1712195855449 4326.873644000001 1364
1712195865567 4331.777817 1365
1712195875677 4338.114744 1366
1712195885793 4340.819813 1367
1712195895928 4344.270936000001 1368
1712195906040 4345.395721000001 1369
1712195916162 4347.405561 1370
1712195926278 4354.52795 1371
1712195936398 4356.206325000001 1372
1712195946523 4358.446919 1373
1712195956642 4360.475423 1374
1712195966756 4361.591550000001 1375
1712195976886 4362.658523 1376
1712195986990 4368.229377 1377
1712195997104 4369.745127 1378
1712196007237 4371.277403 1379
1712196017332 4374.741395000001 1380
1712196027500 4385.925879 1381
1712196037588 4385.970936 1382
1712196047755 4386.004311000001 1383
1712196057894 4386.833284 1384
1712196068033 4391.545365 1385
1712196078182 4393.106045 1386
1712196088288 4396.093057 1387
1712196098435 4397.229565 1388
1712196108589 4401.599171 1389
1712196118727 4409.361150000001 1390
1712196128871 4413.937733000001 1391
1712196139033 4417.257486 1392
1712196149177 4420.530263000001 1393
1712196159333 4422.907358 1394
1712196169492 4424.202497 1395
1712196179645 4426.361288 1396
1712196189777 4430.7767650000005 1397
1712196199921 4434.4046020000005 1398
1712196210064 4435.525541000001 1399
1712196220203 4438.031897000001 1400
1712196230363 4439.847313 1401
1712196240500 4441.060931 1402
1712196250627 4441.831183 1403
1712196260769 4443.663085 1404
1712196270891 4445.851687 1405
1712196281007 4448.80135 1406
1712196291140 4450.178773 1407
1712196301265 4450.786221 1408
1712196311377 4451.614855 1409
1712196321512 4452.586353000001 1410
1712196331636 4455.535644 1411
1712196341771 4457.378522000001 1412
1712196351890 4458.410234000001 1413
1712196362018 4459.196184 1414
1712196372145 4464.647841 1415
1712196382259 4467.358225 1416
1712196392378 4468.375624 1417
1712196402509 4469.832356000001 1418
1712196412624 4472.821272000001 1419
1712196422749 4475.341604000001 1420
1712196432862 4476.926596000001 1421
1712196442998 4479.606124 1422
1712196453118 4481.324842 1423
1712196463234 4486.3909060000005 1424
1712196473349 4495.636928 1425
1712196483480 4501.257097 1426
1712196493616 4501.950072 1427
1712196503740 4504.305539999999 1428
1712196513885 4506.475806 1429
1712196524002 4514.41546 1430
1712196534122 4517.300313 1431
1712196544256 4518.051859000001 1432
1712196554369 4521.157595000001 1433
1712196564495 4522.3529579999995 1434
1712196574615 4525.374845 1435
1712196584731 4527.301194 1436
1712196594866 4528.4059959999995 1437
1712196604983 4531.029500000001 1438
1712196615132 4532.291395 1439
1712196625282 4534.345416 1440
1712196635442 4535.821555 1441
1712196645589 4537.927018 1442
1712196655717 4540.21218 1443
1712196665856 4542.187737 1444
1712196675970 4543.263591000001 1445
1712196686108 4545.609272 1446
1712196696243 4548.09741 1447
1712196706393 4550.403509 1448
1712196716572 4551.44102 1449
1712196726712 4552.991416000001 1450
1712196736841 4555.574483 1451
1712196747051 4558.155208 1452
1712196757189 4561.095977999999 1453
1712196767342 4567.945625 1454
1712196777502 4569.007046000001 1455
1712196787633 4571.485578 1456
1712196797770 4574.407755 1457
1712196807909 4578.031343000001 1458
1712196818059 4579.311766000001 1459
1712196828199 4585.162525 1460
1712196838339 4591.262715000001 1461
1712196848568 4596.068536000001 1462
1712196858718 4600.408737 1463
1712196868857 4609.347162 1464
1712196878975 4613.2646110000005 1465
1712196889107 4616.901932000001 1466
1712196899246 4621.057630000001 1467
1712196909377 4622.272468000001 1468
1712196919521 4624.633124 1469
1712196929657 4627.985638 1470
1712196939869 4628.92988 1471
1712196950003 4631.419868000001 1472
1712196960144 4634.295328 1473
1712196970272 4636.0206259999995 1474
1712196980404 4637.079732 1475
1712196990547 4638.772131 1476
1712197000724 4642.297507000001 1477
1712197010909 4643.502154 1478
1712197021046 4646.110699000001 1479
1712197031182 4649.137490000001 1480
1712197041325 4649.506976000001 1481
1712197051450 4651.149662 1482
1712197061620 4651.4500499999995 1483
1712197071777 4652.697803000001 1484
1712197081946 4653.775826000001 1485
1712197092068 4654.666494000001 1486
1712197102221 4656.43722 1487
1712197112380 4657.220483000001 1488
1712197122516 4659.407442 1489
1712197132656 4660.420367000001 1490
1712197142804 4663.587001 1491
1712197152948 4669.339602 1492
1712197163091 4670.776788000001 1493
1712197173229 4673.388074 1494
1712197183485 4676.337588 1495
1712197193665 4680.609676 1496
1712197203809 4692.0848160000005 1497
1712197213939 4694.461243 1498
1712197224093 4696.679330000001 1499
1712197234267 4698.676716 1500
1712197244435 4701.569574000001 1501
1712197254591 4704.585697 1502
1712197264771 4705.373971000001 1503
1712197274969 4710.278249999999 1504
1712197285146 4713.049554000001 1505
1712197295326 4714.510685000001 1506
1712197305517 4715.562438999999 1507
1712197315649 4716.012683000001 1508
1712197325782 4717.430034999999 1509
1712197335935 4718.383178 1510
1712197346080 4719.276398 1511
1712197356242 4720.412649 1512
1712197366388 4723.600558 1513
1712197376527 4726.6487959999995 1514
1712197386656 4729.568126 1515
1712197396787 4737.108260000001 1516
1712197406919 4740.240933000001 1517
1712197417065 4741.815163000001 1518
1712197427206 4743.691174 1519
1712197437350 4743.773099 1520
1712197447507 4747.880312000001 1521
1712197457663 4749.159001 1522
1712197467794 4750.083619000001 1523
1712197477937 4751.512529 1524
1712197488087 4753.979556 1525
1712197498241 4755.569224000001 1526
1712197508394 4763.0278450000005 1527
1712197518529 4766.6098440000005 1528
1712197528673 4768.725016 1529
1712197538816 4769.455167 1530
1712197548953 4770.420504 1531
1712197559121 4771.351407 1532
1712197569257 4772.796742 1533
1712197579531 4773.866751 1534
1712197589689 4774.475156 1535
1712197599853 4775.765842000001 1536
1712197609989 4778.705908 1537
1712197620147 4780.099357000001 1538
1712197630294 4781.180760000001 1539
1712197640426 4782.0799050000005 1540
1712197650596 4786.840341000001 1541
1712197660746 4791.489423999999 1542
1712197670902 4792.397274000001 1543
1712197681070 4794.555758 1544
1712197691318 4798.021829000001 1545
1712197701483 4799.5681540000005 1546
1712197711638 4800.4832480000005 1547
1712197721797 4802.646472 1548
1712197731958 4804.060038 1549
1712197742116 4806.3996879999995 1550
1712197752264 4807.278758 1551
1712197762412 4808.525634 1552
1712197772569 4810.76785 1553
1712197782730 4813.235057 1554
1712197792887 4815.846957 1555
1712197803114 4817.731211 1556
1712197813260 4822.393478 1557
1712197823419 4826.907024 1558
1712197833563 4828.0479510000005 1559
1712197843744 4828.913266 1560
1712197853884 4830.600828000001 1561
1712197864064 4833.390765 1562
1712197874218 4836.4308519999995 1563
1712197884377 4839.619274000001 1564
1712197894522 4841.254612000001 1565
1712197904784 4842.646386 1566
1712197914970 4844.323183 1567
1712197925126 4845.93115 1568
1712197935281 4847.835649000001 1569
1712197945461 4849.76549 1570
1712197955628 4851.426472000001 1571
1712197965764 4855.381685 1572
1712197975914 4856.371236000001 1573
1712197986065 4857.762559000001 1574
1712197996214 4864.156238 1575
1712198006367 4870.231975000001 1576
1712198016529 4873.391718000001 1577
1712198026713 4874.461544 1578
1712198036851 4878.136511000001 1579
1712198047000 4879.6250199999995 1580
1712198057135 4880.575191 1581
1712198067274 4881.245489000001 1582
1712198077449 4882.536966 1583
1712198087607 4884.576501 1584
1712198097777 4885.941706 1585
1712198107919 4886.613796 1586
1712198118164 4887.307261 1587
1712198128314 4892.574447000001 1588
1712198138497 4897.943838000001 1589
1712198148636 4900.258040000001 1590
1712198158794 4901.887720000001 1591
1712198168957 4902.623181999999 1592
1712198179142 4905.19499 1593
1712198189308 4905.733412 1594
1712198199448 4906.361534 1595
1712198209534 4908.074581000001 1596
1712198219869 4909.802299000001 1597
1712198230047 4910.102828000001 1598
1712198240175 4911.44816 1599
1712198250285 4912.752661 1600
1712198260429 4917.3512200000005 1601
1712198270544 4918.640588 1602
1712198280661 4923.014365999999 1603
1712198290832 4923.987701 1604
1712198300945 4926.091424 1605
1712198311062 4927.602946999999 1606
1712198321237 4929.174741000001 1607
1712198331384 4930.617887 1608
1712198341545 4932.590507000001 1609
1712198351792 4934.051547000001 1610
1712198361946 4936.324069 1611
1712198372115 4938.096699 1612
1712198382193 4939.004015 1613
1712198392391 4940.025473 1614
1712198402580 4940.716898000001 1615
1712198412696 4942.694183 1616
1712198422890 4943.900519000001 1617
1712198433072 4947.266914 1618
1712198443168 4949.036083999999 1619
1712198453451 4950.705677 1620
1712198463630 4954.264544 1621
1712198473799 4958.1639620000005 1622
1712198483955 4960.831410000001 1623
1712198494126 4963.241231 1624
1712198504215 4964.0484830000005 1625
1712198514409 4965.742454000001 1626
1712198524571 4966.269712000001 1627
1712198534747 4970.244553 1628
1712198544904 4974.885957 1629
1712198555170 4975.717665 1630
1712198565290 4977.625384000001 1631
1712198575464 4981.778203 1632
1712198585647 4982.651052000001 1633
1712198595828 4984.13096 1634
1712198605974 4984.628425000001 1635
1712198616129 4985.810364000001 1636
1712198626209 4986.038850000001 1637
1712198636392 4987.999433000001 1638
1712198646538 4988.999646 1639
1712198656755 4989.705787000001 1640
1712198666884 4992.737905 1641
1712198677039 4994.964667 1642
1712198687129 4996.373321000001 1643
1712198697301 4997.690371000001 1644
1712198707451 4999.275011 1645
1712198717578 5000.824179000001 1646
1712198727708 5001.81071 1647
1712198737825 5004.076528 1648
1712198747966 5005.571373000001 1649
1712198758102 5018.239907000001 1650
1712198768328 5025.251649 1651
1712198778463 5027.186863000001 1652
1712198788599 5028.431771 1653
1712198798673 5029.034495 1654
1712198808853 5029.062175000001 1655
1712198818980 5029.342318000001 1656
1712198829122 5030.897484000001 1657
1712198839248 5037.762232000001 1658
1712198849401 5038.989738 1659
1712198859491 5045.266152 1660
1712198869780 5050.463388 1661
1712198879935 5050.519326 1662
1712198890088 5050.565192 1663
1712198900238 5052.843573 1664
1712198910379 5056.5648 1665
1712198920501 5061.280135999999 1666
1712198930647 5061.675854000001 1667
1712198940782 5061.701623000001 1668
1712198950920 5061.729393 1669
1712198961055 5061.796925000001 1670
1712198971205 5061.820778000001 1671
1712198981298 5061.85917 1672
1712198991471 5061.926632000001 1673
1712199001646 5061.951035 1674
1712199011793 5061.993831 1675
1712199021955 5062.019674000001 1676
1712199032116 5062.663128 1677
1712199042219 5064.836378 1678
1712199052369 5064.913219 1679
1712199062510 5065.064641000001 1680
1712199072658 5065.199052 1681
1712199082891 5065.2257150000005 1682
1712199093024 5065.254361000001 1683
1712199103107 5065.2783469999995 1684
1712199113261 5065.307119000001 1685
1712199123407 5068.770732999999 1686
1712199133557 5069.877603000001 1687
1712199143721 5071.766734000001 1688
1712199153868 5071.821877 1689
1712199163973 5071.899507 1690
1712199174138 5071.980549 1691
1712199184280 5073.241451 1692
1712199194426 5074.326676000001 1693
1712199204587 5075.713669000001 1694
1712199214727 5076.743981 1695
1712199224801 5078.720287 1696
1712199234952 5080.480582 1697
1712199245088 5082.155157000001 1698
1712199255217 5083.212380000001 1699
1712199265360 5084.020764000001 1700
1712199275507 5086.276888 1701
1712199285578 5088.69915 1702
1712199295844 5095.496150000001 1703
1712199305977 5106.13639 1704
1712199316109 5118.030931000001 1705
1712199326261 5133.83999 1706
1712199336391 5138.500002000001 1707
1712199346474 5140.582544000001 1708
1712199356605 5142.250097 1709
1712199366753 5144.825536 1710
1712199376917 5146.951468000001 1711
1712199387085 5150.586464 1712
1712199397315 5153.091589 1713
1712199407423 5155.063902 1714
1712199417572 5156.966664 1715
1712199427708 5157.617802000001 1716
1712199437853 5159.517021 1717
1712199447992 5160.230233 1718
1712199458066 5161.956685000001 1719
1712199468199 5164.6574789999995 1720
1712199478345 5166.194189 1721
1712199488488 5167.874417999999 1722
1712199498622 5170.771483 1723
1712199508766 5177.092966 1724
1712199518841 5178.237696 1725
1712199528960 5187.480310000001 1726
1712199539089 5189.036585 1727
1712199549222 5191.355456000001 1728
1712199559339 5192.581846000001 1729
1712199569464 5193.7599979999995 1730
1712199579539 5194.655060000001 1731
1712199589660 5198.331153000001 1732
1712199599788 5199.915392000001 1733
1712199609908 5202.354214000001 1734
1712199620030 5203.232288000001 1735
1712199630152 5204.63061 1736
1712199640236 5207.111722 1737
1712199650354 5208.407545 1738
1712199660488 5211.274309 1739
1712199670620 5212.334647 1740
1712199680747 5217.164558 1741
1712199690874 5217.7240010000005 1742
1712199700936 5220.2981039999995 1743
1712199711066 5222.913429 1744
1712199721195 5224.701835 1745
1712199731315 5226.772932 1746
1712199741454 5227.452311999999 1747
1712199751591 5229.419895999999 1748
1712199761657 5230.327648 1749
1712199771790 5231.817063 1750
1712199781916 5232.528602 1751
1712199792036 5234.317331 1752
1712199802168 5240.3145110000005 1753
1712199812285 5241.178331000001 1754
1712199822365 5242.507960000001 1755
1712199832600 5245.817558000001 1756
1712199842730 5247.157352 1757
1712199852849 5247.878228 1758
1712199862992 5249.426686000001 1759
1712199873174 5250.382622000001 1760
1712199883245 5251.521086000001 1761
1712199893376 5253.676810999999 1762
1712199903503 5257.419131000001 1763
1712199913622 5258.5952369999995 1764
1712199923755 5263.030288 1765
1712199933977 5265.346013 1766
1712199944048 5269.911209 1767
1712199954173 5270.319578000001 1768
1712199964293 5271.812443000001 1769
1712199974412 5272.910039 1770
1712199984544 5274.138482 1771
1712199994657 5277.215325000001 1772
1712200004726 5280.1225699999995 1773
1712200014851 5280.673936000001 1774
1712200024968 5281.4528900000005 1775
1712200035090 5282.804119 1776
1712200045208 5283.668670000001 1777
1712200055326 5286.444424000001 1778
1712200065411 5287.507156 1779
1712200075533 5290.047928 1780
1712200085666 5292.3587609999995 1781
1712200095801 5294.929673000001 1782
1712200105933 5295.4984810000005 1783
1712200116084 5296.208613000001 1784
1712200126151 5298.667460000001 1785
1712200136297 5299.800449 1786
1712200146446 5304.231658000001 1787
1712200156595 5305.293731 1788
1712200166732 5307.033545 1789
1712200176862 5308.295955 1790
1712200186925 5309.460951000001 1791
1712200197041 5310.3529180000005 1792
1712200207191 5311.458266 1793
1712200217318 5311.974873000001 1794
1712200227463 5312.9966970000005 1795
1712200237576 5313.943433 1796
1712200247733 5315.294722000001 1797
1712200257869 5317.762995000001 1798
1712200268049 5317.917592 1799
1712200278216 5317.966021 1800
1712200288359 5317.982511 1801
1712200298511 5318.015233 1802
1712200308783 5318.045907 1803
1712200318937 5320.212297 1804
1712200329078 5321.696755000001 1805
1712200339219 5324.365151 1806
1712200349367 5326.448172 1807
1712200359510 5327.130449 1808
1712200369645 5328.632834 1809
1712200379788 5331.254785000001 1810
1712200389935 5333.946989 1811
1712200400075 5341.703708999999 1812
1712200410222 5344.610649 1813
1712200420383 5347.6933850000005 1814
1712200430552 5350.62542 1815
1712200440689 5353.476208 1816
1712200450832 5358.128483 1817
1712200460978 5360.880247000001 1818
1712200471118 5371.328674 1819
1712200481274 5374.730069000001 1820
1712200491429 5376.192179 1821
1712200501581 5378.787369 1822
1712200511728 5380.206506 1823
1712200521861 5383.232981000001 1824
1712200532112 5385.110905 1825
1712200542237 5397.758182 1826
1712200552373 5406.859825 1827
1712200562573 5416.129514 1828
1712200572715 5427.416841 1829
1712200582871 5431.782328000001 1830
1712200593051 5434.843483000001 1831
1712200603190 5437.9644530000005 1832
1712200613330 5439.396688000001 1833
1712200623473 5440.414681 1834
1712200633609 5443.012446000001 1835
1712200643755 5444.321316 1836
1712200653916 5446.111718 1837
1712200664075 5447.748575 1838
1712200674225 5450.2611400000005 1839
1712200684477 5451.505008 1840
1712200694614 5454.9513719999995 1841
1712200704744 5455.609275000001 1842
1712200714900 5457.540753000001 1843
1712200725043 5459.579469 1844
1712200735189 5461.469996 1845
1712200745347 5463.107017 1846
1712200755505 5463.722202999999 1847
1712200765652 5465.901856 1848
1712200775830 5469.128825 1849
1712200785990 5470.810859000001 1850
1712200796151 5473.136763 1851
1712200806312 5475.480514000001 1852
1712200816478 5476.815044999999 1853
1712200826634 5477.819364999999 1854
1712200836884 5479.100006000001 1855
1712200847050 5489.918706 1856
1712200857198 5491.632259 1857
1712200867363 5493.950495000001 1858
1712200877526 5496.956442000001 1859
1712200887687 5499.077771 1860
1712200897844 5500.806797000001 1861
1712200908098 5501.933724 1862
1712200918260 5505.981157 1863
1712200928427 5509.510746 1864
1712200938592 5510.076940000001 1865
1712200948753 5512.120542000001 1866
1712200958905 5514.607385000001 1867
1712200969058 5515.409355 1868
1712200979302 5517.958430000001 1869
1712200989458 5519.563064 1870
1712200999598 5521.9438979999995 1871
1712201009751 5525.195855 1872
1712201019931 5526.626763 1873
1712201030063 5532.670007000001 1874
1712201040215 5542.64481 1875
1712201050352 5568.784965000001 1876
1712201060488 5577.205835000001 1877
1712201070627 5579.482679000001 1878
1712201080790 5580.167937 1879
1712201090933 5582.655433 1880
1712201101098 5585.611705000001 1881
1712201111251 5586.958560000001 1882
1712201121395 5587.739615 1883
1712201131553 5590.7575400000005 1884
1712201141709 5591.48662 1885
1712201151851 5592.34231 1886
1712201162001 5593.518110999999 1887
1712201172148 5595.638516000001 1888
1712201182300 5597.26288 1889
1712201192459 5600.735406 1890
1712201202702 5601.450537000001 1891
1712201212859 5602.841711000001 1892
1712201223006 5604.7678639999995 1893
1712201233157 5605.677813 1894
1712201243302 5607.476712 1895
1712201253437 5608.847463 1896
1712201263574 5609.787872000001 1897
1712201273807 5613.097419 1898
1712201283954 5613.940700000001 1899
1712201294099 5617.384459000001 1900
1712201304247 5618.738538 1901
1712201314389 5619.570045 1902
1712201324541 5621.349553 1903
1712201334744 5622.462762000001 1904
1712201344899 5624.847447 1905
1712201355063 5625.767366 1906
1712201365227 5627.135708 1907
1712201375374 5629.387097000001 1908
1712201385532 5630.213958 1909
1712201395689 5634.601359 1910
1712201405829 5638.10902 1911
1712201415960 5643.947757 1912
1712201426189 5645.660079000001 1913
1712201436350 5646.55868 1914
1712201446538 5647.607882 1915
1712201456676 5650.717657000001 1916
1712201466829 5652.757528 1917
1712201476986 5653.704275 1918
1712201487120 5655.385933 1919
1712201497358 5656.1160629999995 1920
1712201507525 5666.311439000001 1921
1712201517683 5677.060547000001 1922
1712201527826 5678.014235000001 1923
1712201537977 5680.536438000001 1924
1712201548144 5681.7500820000005 1925
1712201558284 5683.739557000001 1926
1712201568430 5685.564189000001 1927
1712201578574 5687.391128000001 1928
1712201588713 5688.201152 1929
1712201598874 5689.838927000001 1930
1712201609034 5692.239277000001 1931
1712201619172 5694.55278 1932
1712201629313 5699.125291 1933
1712201639447 5700.658100000001 1934
1712201649679 5704.197851000001 1935
1712201659830 5705.761633 1936
1712201669997 5708.739665000001 1937
1712201680145 5712.733158999999 1938
1712201690278 5713.597892 1939
1712201700427 5714.600969000001 1940
1712201710613 5715.609673000001 1941
1712201720773 5716.5310580000005 1942
1712201730920 5721.764758000001 1943
1712201741083 5723.920305 1944
1712201751238 5725.194977000001 1945
1712201761403 5726.834108999999 1946
1712201771560 5727.618085 1947
1712201781743 5727.932406 1948
1712201791897 5727.9474709999995 1949
1712201802136 5728.0141029999995 1950
1712201812308 5732.476189000001 1951
1712201822482 5737.907895 1952
1712201832655 5743.302275 1953
1712201842816 5749.264183000001 1954
1712201852990 5756.961811000001 1955
1712201863137 5763.738419000001 1956
1712201873285 5763.766742 1957
1712201883431 5774.958995000001 1958
1712201893578 5783.77399 1959
1712201903738 5790.400660000001 1960
1712201913912 5799.389243 1961
1712201924085 5806.032902000001 1962
1712201934230 5812.117667 1963
1712201944302 5816.393642000001 1964
1712201954511 5820.865009000001 1965
1712201964679 5833.883514000001 1966
1712201974828 5839.656617000001 1967
1712201984961 5843.217672000001 1968
1712201995102 5844.349755000001 1969
1712202005240 5845.604816000001 1970
1712202015369 5846.862897000001 1971
1712202025512 5848.87852 1972
1712202035646 5848.898617000001 1973
1712202045796 5848.932791000001 1974
1712202055937 5851.6828860000005 1975
1712202066070 5855.723889000001 1976
1712202076198 5856.885259000001 1977
1712202086350 5859.829911000001 1978
1712202096490 5861.520691 1979
1712202106696 5862.46694 1980
1712202116835 5863.668952 1981
1712202126954 5865.224787000001 1982
1712202137082 5866.259685000001 1983
1712202147217 5866.854069999999 1984
1712202157365 5868.652511 1985
1712202167497 5869.764292 1986
1712202177645 5871.009144 1987
1712202187796 5872.0143339999995 1988
1712202197928 5872.90029 1989
1712202208080 5872.933507 1990
1712202218202 5872.9746749999995 1991
1712202228335 5873.024408000001 1992
1712202238459 5873.705876 1993
1712202248593 5875.297063 1994
1712202258839 5875.327266 1995
1712202268983 5875.385289 1996
1712202279140 5875.4197380000005 1997
1712202289261 5875.498861 1998
1712202299400 5876.4727330000005 1999
1712202309526 5877.758100999999 2000
1712202319667 5878.704704 2001
1712202329817 5880.082197 2002
1712202339947 5881.756286 2003
1712202350089 5882.240364000001 2004
1712202360226 5883.396500000001 2005
1712202370353 5885.6587039999995 2006
1712202380480 5887.224023000001 2007
1712202390613 5888.886193 2008
1712202400742 5890.054697 2009
1712202410914 5892.237553000001 2010
1712202421056 5892.779783 2011
1712202431186 5893.560807 2012
1712202441263 5894.905865000001 2013
1712202451425 5896.727804 2014
1712202461586 5898.0245749999995 2015
1712202471734 5898.769759000001 2016
1712202482017 5900.958411 2017
1712202492173 5901.494823000001 2018
1712202502332 5903.223531 2019
1712202512494 5904.4106919999995 2020
1712202522581 5906.438523000001 2021
1712202532724 5907.872300000001 2022
1712202542880 5909.597501 2023
1712202553019 5912.300242000001 2024
1712202563199 5913.141683 2025
1712202573360 5913.888513 2026
1712202583508 5924.561425 2027
1712202593655 5927.439629 2028
1712202603805 5927.834014 2029
1712202613944 5932.486723 2030
1712202624094 5934.543281 2031
1712202634295 5942.109843 2032
1712202644438 5949.165848000001 2033
1712202654571 5954.222255000001 2034
1712202664699 5959.508656 2035
1712202674844 5963.719940000001 2036
1712202684968 5968.836118000001 2037
1712202695097 5971.534460000001 2038
1712202705179 5973.279723 2039
1712202715316 5974.427102 2040
1712202725457 5978.947862999999 2041
1712202735579 5981.199809 2042
1712202745743 5981.875854 2043
1712202755889 5983.688862999999 2044
1712202766031 5987.494129000001 2045
1712202776181 5989.808755 2046
1712202786411 5993.49523 2047
1712202796553 5998.655561 2048
1712202806690 6004.97709 2049
1712202816830 6008.169569 2050
1712202826979 6012.150167 2051
1712202837117 6014.452861 2052
1712202847244 6017.144022 2053
1712202857472 6018.8320220000005 2054
1712202867634 6023.554024000001 2055
1712202877766 6024.551622999999 2056
1712202887913 6028.127549000001 2057
1712202898042 6030.398431 2058
1712202908194 6032.448066000001 2059
1712202918342 6041.646089 2060
1712202928514 6043.253415000001 2061
1712202938779 6045.4182980000005 2062
1712202948907 6046.817234 2063
1712202959067 6050.866662 2064
1712202969205 6053.328276 2065
1712202979355 6056.08433 2066
1712202989497 6064.682043000001 2067
1712202999576 6068.4149099999995 2068
1712203009734 6076.446911999999 2069
1712203019907 6083.4522560000005 2070
1712203030045 6089.893726 2071
1712203040183 6093.677543 2072
1712203050316 6096.069819 2073
1712203060460 6098.511541 2074
1712203070609 6099.809331 2075
1712203080769 6103.7223699999995 2076
1712203091012 6107.9891800000005 2077
1712203101192 6111.094151000001 2078
1712203111365 6112.865408 2079
1712203121541 6116.990734000001 2080
1712203131706 6120.406083 2081
1712203141876 6123.062594000001 2082
1712203152055 6132.258959000001 2083
1712203162257 6135.14366 2084
1712203172533 6138.437676 2085
1712203182739 6146.406437 2086
1712203192960 6150.836283000001 2087
1712203203156 6154.34914 2088
1712203213340 6157.697083999999 2089
1712203223529 6160.595424000001 2090
1712203233782 6166.277263 2091
1712203244092 6171.200699999999 2092
1712203254298 6172.415798 2093
1712203264490 6174.997574999999 2094
1712203274693 6180.630128000001 2095
1712203284908 6187.498307 2096
1712203295173 6192.872831000001 2097
1712203305387 6209.922657000001 2098
1712203315676 6217.961096000001 2099
1712203325861 6223.620790000001 2100
1712203336037 6229.627307000001 2101
1712203346197 6241.174741000001 2102
1712203356336 6245.648512 2103
1712203366495 6252.0014009999995 2104
1712203376663 6257.458407 2105
1712203386745 6263.315657000001 2106
1712203396991 6266.065326 2107
1712203407229 6272.1363 2108
1712203417373 6280.594375000001 2109
1712203427533 6287.635615000001 2110
1712203437703 6296.049703000001 2111
1712203447863 6299.340606 2112
1712203458030 6302.266586 2113
1712203468288 6303.649160999999 2114
1712203478455 6308.451988000001 2115
1712203488626 6309.899896000001 2116
1712203498799 6313.310797 2117
1712203508931 6317.519303000001 2118
1712203519065 6320.637436999999 2119
1712203529247 6321.692077 2120
1712203539401 6323.7117 2121
1712203549559 6325.71321 2122
1712203559710 6331.918733 2123
1712203569869 6334.6386170000005 2124
1712203580029 6338.021515 2125
1712203590185 6344.169274 2126
1712203600328 6350.547199000001 2127
1712203610490 6351.534416 2128
1712203620713 6356.942042000001 2129
1712203630873 6360.7948369999995 2130
1712203641036 6361.6557649999995 2131
1712203651196 6363.887759000001 2132
1712203661361 6367.28781 2133
1712203671524 6371.579169000001 2134
1712203681670 6375.449527000001 2135
1712203691893 6380.686541000001 2136
1712203702050 6383.426986 2137
1712203712203 6387.264580999999 2138
1712203722339 6389.939832 2139
1712203732494 6392.946448000001 2140
1712203742649 6397.092602000001 2141
1712203752900 6404.2362539999995 2142
1712203763066 6408.648475 2143
1712203773208 6415.321386 2144
1712203783356 6417.063065 2145
1712203793514 6425.243505 2146
1712203803762 6429.661425 2147
1712203813930 6439.271438 2148
1712203824100 6444.177487999999 2149
1712203834258 6447.24057 2150
1712203844416 6450.307959 2151
1712203854593 6458.652296 2152
1712203864821 6462.213653000001 2153
1712203875059 6470.638225000001 2154
1712203885230 6478.3964209999995 2155
1712203895430 6480.845853000001 2156
1712203905584 6489.7474139999995 2157
1712203915881 6495.6271400000005 2158
1712203926056 6499.976775000001 2159
1712203936238 6506.235962000001 2160
1712203946421 6513.184450000001 2161
1712203956529 6515.024670000001 2162
1712203966665 6515.652797000001 2163
1712203977037 6517.810792 2164
1712203987221 6518.624809000001 2165
1712203997409 6519.729791 2166
1712204007556 6521.876216000001 2167
1712204017844 6524.778537 2168
1712204028039 6528.243539000001 2169
1712204038145 6531.698661 2170
1712204048380 6532.7612690000005 2171
1712204058512 6535.4746 2172
1712204068643 6536.433115 2173
1712204078852 6540.456518999999 2174
1712204089086 6541.330833 2175
1712204099221 6542.389660000001 2176
1712204109411 6543.317309 2177
1712204119553 6544.531315 2178
1712204129850 6549.758652 2179
1712204139947 6553.897961000001 2180
1712204150103 6555.116496000001 2181
1712204160269 6557.8461480000005 2182
1712204170512 6562.821288000001 2183
1712204180665 6567.438475000001 2184
1712204190836 6569.655554000001 2185
1712204200966 6573.224174999999 2186
1712204211103 6576.2419310000005 2187
1712204221273 6578.902532 2188
1712204231417 6580.812689 2189
1712204241566 6587.3855889999995 2190
1712204251753 6593.484178000001 2191
1712204261995 6597.487585000001 2192
1712204272141 6599.703401000001 2193
1712204282305 6609.264228 2194
1712204292456 6614.647866000001 2195
1712204302714 6621.705736 2196
1712204312857 6623.684882 2197
1712204322986 6625.626636999999 2198
1712204333161 6630.054389000001 2199
1712204343307 6633.758481000001 2200
1712204353475 6635.593934 2201
1712204363634 6636.901353000001 2202
1712204373769 6638.821997000001 2203
1712204383883 6642.432429 2204
1712204394163 6646.297190000001 2205
1712204404318 6650.450664 2206
1712204414485 6664.926068000001 2207
1712204424640 6684.655255 2208
1712204434785 6702.149108 2209
1712204444882 6703.877992 2210
1712204455077 6705.566345000001 2211
1712204465241 6705.621689 2212
1712204475478 6705.688251 2213
1712204485649 6705.722887 2214
1712204495804 6706.081704 2215
1712204505901 6721.366386 2216
1712204516226 6724.598260000001 2217
1712204526397 6729.679773 2218
1712204536564 6733.233877000001 2219
1712204546718 6734.436883 2220
1712204556960 6735.039423 2221
1712204567051 6737.600468000001 2222
1712204577257 6740.683575000001 2223
1712204587435 6741.743558 2224
1712204597594 6743.863069999999 2225
1712204607822 6745.236375 2226
1712204617970 6747.174747000001 2227
1712204628153 6749.654562 2228
1712204638300 6751.44947 2229
1712204648479 6753.788565000001 2230
1712204658702 6754.930846000001 2231
1712204668852 6756.567000000001 2232
1712204679010 6761.104168 2233
1712204689199 6767.395766 2234
1712204699441 6770.362520000001 2235
1712204709592 6773.096861 2236
1712204719752 6776.16453 2237
1712204729903 6784.224770000001 2238
1712204740006 6787.486997 2239
1712204750220 6792.5117310000005 2240
1712204760382 6796.554092 2241
1712204770614 6798.812953000001 2242
1712204780787 6802.491388 2243
1712204790952 6802.972896000001 2244
1712204801047 6809.2093 2245
1712204811273 6818.819531000001 2246
1712204821441 6822.59389 2247
1712204831683 6829.441360000001 2248
1712204841842 6831.1088469999995 2249
1712204852013 6832.709975 2250
1712204862098 6838.558922 2251
1712204872260 6839.766647 2252
1712204882587 6841.608133 2253
1712204892799 6843.116223000001 2254
1712204902987 6844.0158630000005 2255
1712204913159 6846.275926 2256
1712204923368 6847.774108 2257
1712204933632 6850.256092 2258
1712204943904 6850.673816 2259
1712204954081 6852.474317 2260
1712204964289 6855.453127000001 2261
1712204974438 6857.05752 2262
1712204984693 6861.239332000001 2263
1712204994877 6868.605556 2264
1712205005098 6876.231526 2265
1712205015284 6879.07667 2266
1712205025465 6886.2321790000005 2267
1712205035634 6889.335828000001 2268
1712205045925 6890.763473000001 2269
1712205056115 6896.7101299999995 2270
1712205066298 6899.71803 2271
1712205076490 6905.472613 2272
1712205086684 6906.952924000001 2273
1712205096958 6908.07264 2274
1712205107119 6912.514723 2275
1712205117323 6917.281466 2276
1712205127514 6920.947156 2277
1712205137747 6924.638261 2278
1712205148035 6925.3049790000005 2279
1712205158211 6928.496081000001 2280
1712205168388 6930.602395 2281
1712205178564 6932.980172 2282
1712205188744 6936.158257000001 2283
1712205198905 6938.637036 2284
1712205209053 6945.70918 2285
1712205219222 6950.410984 2286
1712205229386 6957.518623 2287
1712205239532 6960.745459 2288
1712205249707 6967.554215 2289
1712205259904 6975.661233000001 2290
1712205270056 6976.749118 2291
1712205280214 6977.473542 2292
1712205290346 6985.631278000001 2293
1712205300495 6989.921489 2294
1712205310649 6995.221658 2295
1712205320794 6998.824036 2296
1712205330971 7000.206496000001 2297
1712205341117 7000.890872 2298
1712205351279 7003.467648 2299
1712205361440 7006.389616 2300
1712205371599 7011.354326000001 2301
1712205381732 7015.927191000001 2302
1712205391867 7021.887506000001 2303
1712205402028 7028.883005 2304
1712205412181 7035.580878000001 2305
1712205422322 7037.055392 2306
1712205432475 7038.139245 2307
1712205442622 7039.278973 2308
1712205452778 7042.844343000001 2309
1712205462942 7045.278157000001 2310
1712205473108 7048.027205 2311
1712205483262 7051.213808 2312
1712205493438 7058.230485 2313
1712205503697 7070.578160999999 2314
1712205513884 7071.561223000001 2315
1712205524061 7077.220818 2316
1712205534222 7083.214519000001 2317
1712205544399 7084.965456 2318
1712205554594 7090.112316000001 2319
1712205564873 7092.415365000001 2320
1712205575073 7098.873041000001 2321
1712205585255 7108.558599 2322
1712205595439 7113.522228 2323
1712205605620 7120.920136000001 2324
1712205615891 7129.067222 2325
1712205626102 7131.983638 2326
1712205636287 7140.157171000001 2327
1712205646471 7143.923862 2328
1712205656655 7147.158389 2329
1712205666855 7151.551593 2330
1712205677038 7157.389107000001 2331
1712205687318 7173.185648000001 2332
1712205697489 7173.9858349999995 2333
1712205707674 7193.581355 2334
1712205717855 7196.060588 2335
1712205728039 7197.555808000001 2336
1712205738224 7199.652298999999 2337
1712205748403 7202.41468 2338
1712205758662 7205.331912 2339
1712205768855 7207.779673000001 2340
1712205779035 7213.257749 2341
1712205789205 7214.348401000001 2342
1712205799486 7217.331645 2343
1712205809679 7225.180989 2344
1712205819859 7225.916755 2345
1712205830032 7227.128697 2346
1712205840208 7228.145159 2347
1712205850400 7229.641712000001 2348
1712205860678 7231.285169000001 2349
1712205870857 7232.97133 2350
1712205881024 7233.947069 2351
1712205891198 7241.272083 2352
1712205901365 7244.8589360000005 2353
1712205911552 7250.955347000001 2354
1712205921761 7254.283235000001 2355
1712205931945 7258.315541 2356
1712205942152 7265.727167999999 2357
1712205952342 7269.808427 2358
1712205962605 7271.99476 2359
1712205972792 7274.213589999999 2360
