1712182080175 0.0 0
1712182090258 0.4087850000000799 1
1712182100326 14.048923999999715 2
1712182110394 18.301884999999857 3
1712182120455 19.207736999999725 4
1712182130516 20.16918200000009 5
1712182140576 28.04438600000003 6
1712182150639 38.564434999999776 7
1712182160736 46.10969799999975 8
1712182170810 54.247656000000006 9
1712182180880 66.37622899999997 10
1712182190956 72.62114299999985 11
1712182201028 72.6264769999998 12
1712182211100 80.54560899999979 13
1712182221174 85.96287499999971 14
1712182231247 88.24723899999981 15
1712182241338 92.64544799999976 16
1712182251408 97.19549199999983 17
1712182261485 97.2076619999998 18
1712182271546 98.2650209999997 19
1712182281629 104.97314800000004 20
1712182291711 112.97123999999985 21
1712182301791 133.86443199999985 22
1712182311868 151.37337799999978 23
1712182321944 167.72361 24
1712182332014 173.85838399999966 25
1712182342095 187.71970699999974 26
1712182352164 187.77613900000006 27
1712182362245 190.06864399999995 28
1712182372316 196.3627919999999 29
1712182382380 204.78688599999987 30
1712182392456 206.6864489999998 31
1712182402535 208.0646529999999 32
1712182412597 215.11731400000008 33
1712182422681 226.3319160000001 34
1712182432751 228.30457399999977 35
1712182442816 231.78445699999975 36
1712182452892 233.8879139999999 37
1712182462972 239.1492149999999 38
1712182473045 248.51460099999986 39
1712182483124 264.45710199999985 40
1712182493191 264.76895399999967 41
1712182503271 265.9665649999997 42
1712182513339 273.1255299999998 43
1712182523425 282.4690780000001 44
1712182533500 282.88662099999965 45
1712182543574 283.2037620000001 46
1712182553670 287.20764099999997 47
1712182563764 288.275854 48
1712182573837 288.823535 49
1712182583915 296.4373849999997 50
1712182594000 299.7926809999999 51
1712182604084 299.796793 52
1712182614155 299.82102399999985 53
1712182624238 299.86712199999965 54
1712182634334 301.04417399999966 55
1712182644420 304.2406969999997 56
1712182654495 307.45265900000004 57
1712182664604 309.58993299999975 58
1712182674690 328.73838499999965 59
1712182684776 333.551829 60
1712182694860 334.4950180000001 61
1712182704931 342.04293199999984 62
1712182715035 356.652959 63
1712182725121 361.4262100000001 64
1712182735214 366.00073699999984 65
1712182745298 379.29790699999967 66
1712182755379 392.944254 67
1712182765479 392.9534319999998 68
1712182775568 392.9656259999997 69
1712182785662 392.969012 70
1712182795747 393.3369819999998 71
1712182805814 395.205469 72
1712182815911 396.66438100000005 73
1712182826006 399.934174 74
1712182836081 402.39708100000007 75
1712182846161 403.13375399999995 76
1712182856230 403.82710799999995 77
1712182866302 404.50158699999974 78
1712182876376 405.09623699999975 79
1712182886463 405.77611899999965 80
1712182896546 406.41630399999985 81
1712182906638 407.701869 82
1712182916712 407.73825899999974 83
1712182926799 407.7402159999997 84
1712182936882 407.75418599999966 85
1712182946961 407.7881819999998 86
1712182957046 407.83156800000006 87
1712182967124 417.47534399999995 88
1712182977190 417.9910679999998 89
1712182987278 418.00954 90
1712182997347 418.0327689999999 91
1712183007418 419.6585829999999 92
1712183017495 419.6731679999998 93
1712183027570 419.69772699999976 94
1712183037641 419.7141499999998 95
1712183047727 419.7165219999997 96
1712183057801 419.7236250000001 97
1712183067888 419.7258139999999 98
1712183077975 419.7470370000001 99
1712183088020 419.801097 100
1712183098055 419.88158799999974 101
1712183108099 419.89058399999976 102
1712183118191 420.08479099999977 103
1712183128235 428.5083319999999 104
1712183138275 429.4264330000001 105
1712183148377 434.1676379999999 106
1712183158416 437.9912049999998 107
1712183168447 438.1161699999998 108
1712183178549 443.989227 109
1712183188592 455.01416599999993 110
1712183198628 455.0265409999997 111
1712183208710 459.63380199999983 112
1712183218746 461.095417 113
1712183228784 462.13623199999984 114
1712183238872 462.4814269999997 115
1712183248913 462.60826700000007 116
1712183258955 466.4267030000001 117
1712183269051 466.45089899999994 118
1712183279083 466.4589249999999 119
1712183289116 466.69972499999994 120
1712183299204 473.71685899999966 121
1712183309239 474.8661739999998 122
1712183319267 475.3186209999999 123
1712183329350 475.33132099999966 124
1712183339395 484.4016139999999 125
1712183349484 488.7273660000001 126
1712183359580 491.2638750000001 127
1712183369680 491.2754970000001 128
1712183379711 491.30351999999993 129
1712183389789 495.593922 130
1712183399880 497.20489599999974 131
1712183409964 497.20821099999966 132
1712183420053 504.15985599999976 133
1712183430130 504.45003099999985 134
1712183440170 508.22836099999995 135
1712183450257 510.2180049999997 136
1712183460334 523.8839699999999 137
1712183470431 531.9066239999997 138
1712183480514 534.7710579999998 139
1712183490604 536.149727 140
1712183500644 537.360878 141
1712183510725 538.3387479999997 142
1712183520809 539.7328689999999 143
1712183530899 540.9788429999999 144
1712183540987 542.1490019999997 145
1712183551093 542.9934969999999 146
1712183561137 544.046585 147
1712183571220 545.2314799999999 148
1712183581311 546.7223369999997 149
1712183591409 549.2241169999998 150
1712183601502 551.212763 151
1712183611608 552.5650659999997 152
1712183621645 553.8067029999997 153
1712183631732 553.83358 154
1712183641841 553.8401589999999 155
1712183651950 553.889471 156
1712183662041 553.9059609999999 157
1712183672135 559.3189459999999 158
1712183682175 560.5434499999997 159
1712183692269 561.663325 160
1712183702351 562.3279389999998 161
1712183712463 564.718484 162
1712183722559 567.9683639999998 163
1712183732641 568.2300969999997 164
1712183742690 568.2335760000001 165
1712183752783 568.271909 166
1712183762884 578.1073539999998 167
1712183772975 582.3946639999999 168
1712183783062 585.8892649999998 169
1712183793137 589.7832439999997 170
1712183803171 595.8466599999997 171
1712183813255 598.4975089999998 172
1712183823340 598.5502879999999 173
1712183833423 598.5519859999999 174
1712183843524 602.0790279999997 175
1712183853619 602.2244729999998 176
1712183863656 607.5312079999999 177
1712183873738 607.5411609999996 178
1712183883820 611.0347549999997 179
1712183893920 620.817693 180
1712183904013 635.4426410000001 181
1712183914099 641.8845899999997 182
1712183924142 655.30753 183
1712183934237 655.6221219999998 184
1712183944335 657.0617459999999 185
1712183954429 658.4045679999999 186
1712183964525 661.7045159999998 187
1712183974618 662.1973229999999 188
1712183984663 662.5472049999998 189
1712183994750 664.6200759999997 190
1712184004842 674.2323039999997 191
1712184014926 695.0584019999997 192
1712184025013 697.6969879999997 193
1712184035095 697.7054979999998 194
1712184045136 707.8542849999999 195
1712184055221 710.0267610000001 196
1712184065300 718.2503999999999 197
1712184075387 718.6214909999999 198
1712184085477 719.147978 199
1712184095573 721.2924469999998 200
1712184105612 724.9520600000001 201
1712184115705 728.6753239999998 202
1712184125803 728.7698029999997 203
1712184135899 728.8232939999998 204
1712184145985 728.833009 205
1712184156069 728.8348759999999 206
1712184166103 728.841269 207
1712184176201 728.8540049999997 208
1712184186300 728.893626 209
1712184196385 728.9066039999998 210
1712184206486 733.5817389999997 211
1712184216574 733.5844669999997 212
1712184226622 734.0278979999998 213
1712184236714 756.4316399999998 214
1712184246803 762.4055679999997 215
1712184256913 766.3876559999999 216
1712184267014 768.8200029999998 217
1712184277113 771.752966 218
1712184287162 773.5640859999999 219
1712184297275 775.4777129999998 220
1712184307388 777.265762 221
1712184317503 780.9091979999998 222
1712184327641 787.0234459999997 223
1712184337691 792.6893799999998 224
1712184347826 792.7241220000001 225
1712184357939 793.9633749999998 226
1712184368031 794.219724 227
1712184378150 794.6387089999998 228
1712184388248 795.0442499999999 229
1712184398289 796.8330619999997 230
1712184408412 797.200578 231
1712184418522 797.9589229999997 232
1712184428621 799.1833799999999 233
1712184438740 799.2528499999999 234
1712184448849 800.4772639999996 235
1712184458896 803.3691079999999 236
1712184468983 804.044285 237
1712184479071 808.3288709999997 238
1712184489170 810.7727999999997 239
1712184499265 812.1135139999997 240
1712184509349 813.3195299999998 241
1712184519398 815.7029819999998 242
1712184529498 818.3413350000001 243
1712184539603 820.360162 244
1712184549709 821.5371499999997 245
1712184559796 823.4157700000001 246
1712184569900 826.3172079999999 247
1712184579939 829.8436619999998 248
1712184590039 831.730853 249
1712184600137 833.400419 250
1712184610235 833.6077150000001 251
1712184620323 835.6557600000001 252
1712184630417 835.6688139999997 253
1712184640453 835.7019959999998 254
1712184650546 835.7389199999998 255
1712184660627 835.7469889999998 256
1712184670721 835.74813 257
1712184680815 835.749742 258
1712184690901 835.7581499999997 259
1712184700948 835.7625559999997 260
1712184711042 835.7763580000001 261
1712184721134 835.780612 262
1712184731219 835.7882279999999 263
1712184741310 835.7942619999999 264
1712184751392 835.7987029999999 265
1712184761438 835.8001679999998 266
1712184771520 835.8190879999997 267
1712184781633 835.833063 268
1712184791731 835.8346469999997 269
1712184801826 835.8352259999997 270
1712184811908 835.8366109999997 271
1712184821945 835.838354 272
1712184832041 835.8492649999998 273
1712184842132 835.8523679999998 274
1712184852213 835.8552 275
1712184862310 835.856291 276
1712184872404 835.8573289999999 277
1712184882448 835.8579999999997 278
1712184892546 835.8652279999997 279
1712184902651 835.874527 280
1712184912743 835.875501 281
1712184922834 835.876777 282
1712184932931 835.877786 283
1712184942968 835.8787090000001 284
1712184953071 835.888038 285
1712184963166 835.8914 286
1712184973254 835.8936409999997 287
1712184983341 835.8942569999999 288
1712184993435 835.894984 289
1712185003479 835.8954039999999 290
1712185013588 835.9155470000001 291
1712185023687 835.9192049999997 292
1712185033782 837.085176 293
1712185043892 838.4288929999998 294
1712185053989 839.9879689999998 295
1712185064031 850.1319089999997 296
1712185074119 850.2477519999998 297
1712185084206 850.2944659999998 298
1712185094299 852.9684189999998 299
1712185104389 861.4124259999999 300
1712185114490 868.059045 301
1712185124544 870.003099 302
1712185134648 874.694849 303
1712185144739 877.1236319999998 304
1712185154845 881.4905509999999 305
1712185164946 884.8094139999998 306
1712185175050 886.445882 307
1712185185088 887.8899929999998 308
1712185195171 890.1561219999999 309
1712185205265 891.4821109999998 310
1712185215365 902.3731669999997 311
1712185225462 913.5370069999999 312
1712185235506 923.4659189999998 313
1712185245554 938.848923 314
1712185255584 947.4410749999997 315
1712185265676 959.0337199999999 316
1712185275726 977.9601210000001 317
1712185285775 987.5048320000001 318
1712185295870 1007.2744909999997 319
1712185305974 1020.2874029999998 320
1712185316099 1022.6095109999997 321
1712185326142 1025.674039 322
1712185336236 1027.0427289999998 323
1712185346318 1028.247812 324
1712185356420 1029.04756 325
1712185366511 1031.242816 326
1712185376610 1033.3357069999997 327
1712185386686 1035.2871169999999 328
1712185396777 1037.985796 329
1712185406878 1040.6823089999998 330
1712185416966 1042.093946 331
1712185427069 1043.234065 332
1712185437162 1044.287972 333
1712185447265 1045.408856 334
1712185457352 1046.092154 335
1712185467440 1048.046061 336
1712185477542 1052.8778419999999 337
1712185487639 1055.8186919999998 338
1712185497749 1058.1948429999998 339
1712185507839 1060.0531019999999 340
1712185517931 1060.4078909999998 341
1712185528028 1060.9316909999998 342
1712185538126 1062.854977 343
1712185548227 1063.633436 344
1712185558313 1064.055894 345
1712185568400 1064.58219 346
1712185578491 1068.372225 347
1712185588586 1069.8273089999998 348
1712185598674 1070.076121 349
1712185608766 1073.273064 350
1712185618849 1074.1954689999998 351
1712185628940 1076.515876 352
1712185639026 1078.3069689999998 353
1712185649125 1082.015575 354
1712185659207 1083.14887 355
1712185669302 1085.4966559999998 356
1712185679409 1092.4278019999997 357
1712185689496 1093.1140540000001 358
1712185699597 1093.11973 359
1712185709686 1093.4837569999995 360
1712185719779 1093.7329050000003 361
1712185729886 1093.7568509999996 362
1712185739973 1104.0718460000003 363
1712185750089 1108.1677379999996 364
1712185760194 1110.320072 365
1712185770300 1111.6614439999998 366
1712185780417 1112.5744719999998 367
1712185790514 1113.2005100000001 368
1712185800611 1113.2151950000002 369
1712185810707 1114.5962939999995 370
1712185820791 1115.6219479999995 371
1712185830875 1117.1318589999996 372
1712185840969 1118.5308380000001 373
1712185851055 1119.5278720000001 374
1712185861148 1121.0299869999994 375
1712185871240 1122.3881740000002 376
1712185881333 1124.3857670000002 377
1712185891428 1125.757368 378
1712185901517 1127.5813139999996 379
1712185911617 1128.9667029999996 380
1712185921658 1129.320228 381
1712185931753 1131.3287509999996 382
1712185941864 1132.626092 383
1712185951965 1134.894326 384
1712185962068 1136.6747250000003 385
1712185972116 1138.4636489999998 386
1712185982213 1139.6822799999995 387
1712185992309 1152.011621 388
1712186002408 1164.0935679999998 389
1712186012509 1165.9224600000002 390
1712186022597 1168.03145 391
1712186032689 1170.9012419999995 392
1712186042785 1175.7205399999998 393
1712186052984 1189.7009359999997 394
1712186063074 1204.988645 395
1712186073170 1209.5742619999996 396
1712186083258 1213.5518669999997 397
1712186093364 1216.0378729999998 398
1712186103454 1217.328183 399
1712186113557 1220.7639919999997 400
1712186123658 1223.123994 401
1712186133753 1223.7474939999997 402
1712186143859 1224.36555 403
1712186153970 1226.129034 404
1712186164073 1226.6826509999996 405
1712186174177 1229.603396 406
1712186184267 1230.9497809999998 407
1712186194366 1233.9184419999997 408
1712186204487 1235.2616139999996 409
1712186214596 1235.5915559999999 410
1712186224694 1237.6642470000002 411
1712186234785 1239.181776 412
1712186244888 1240.8226760000002 413
1712186254992 1242.1637960000003 414
1712186265100 1243.824779 415
1712186275194 1245.7115529999996 416
1712186285292 1249.4825839999999 417
1712186295398 1255.659368 418
1712186305491 1264.101862 419
1712186315614 1265.0946680000002 420
1712186325706 1267.603192 421
1712186335802 1269.2191200000002 422
1712186345947 1272.5820369999997 423
1712186356044 1275.295826 424
1712186366143 1275.8342939999998 425
1712186376247 1278.282611 426
1712186386385 1278.698535 427
1712186396500 1285.4399689999996 428
1712186406692 1294.9369629999997 429
1712186416784 1303.893861 430
1712186426889 1305.2732149999997 431
1712186437001 1307.1428810000002 432
1712186447090 1308.4240370000002 433
1712186457198 1310.0509029999998 434
1712186467298 1310.5790540000003 435
1712186477393 1312.042731 436
1712186487484 1313.2592199999995 437
1712186497583 1316.796436 438
1712186507688 1316.8075109999995 439
1712186517776 1318.3178979999998 440
1712186527823 1319.063791 441
1712186537872 1320.8960679999996 442
1712186547922 1328.5897899999995 443
1712186557968 1346.5412030000002 444
1712186568008 1351.3758780000003 445
1712186578120 1354.270814 446
1712186588160 1355.9456969999997 447
1712186598211 1356.6947919999998 448
1712186608332 1358.1066619999997 449
1712186618382 1360.6665289999996 450
1712186628492 1362.2311029999996 451
1712186638598 1363.9840440000003 452
1712186648704 1365.7215019999999 453
1712186658805 1368.8942030000003 454
1712186668914 1376.2624970000002 455
1712186678968 1380.1594039999995 456
1712186689072 1381.2641120000003 457
1712186699164 1383.479672 458
1712186709276 1386.0948709999998 459
1712186719392 1388.7068869999998 460
1712186729651 1392.2329619999996 461
1712186739725 1393.1319849999995 462
1712186749816 1394.9973409999998 463
1712186759928 1395.6436319999998 464
1712186770030 1396.9275320000002 465
1712186780130 1399.060954 466
1712186790225 1400.4965959999995 467
1712186800271 1402.1643849999996 468
1712186810370 1404.3714569999997 469
1712186820468 1406.7625219999995 470
1712186830564 1409.4985039999997 471
1712186840653 1410.5820250000002 472
1712186850739 1412.9008149999995 473
1712186860778 1414.8124329999996 474
1712186870866 1419.7939849999998 475
1712186880967 1425.9865340000001 476
1712186891056 1430.3110139999994 477
1712186901140 1436.1048909999995 478
1712186911235 1441.6685649999995 479
1712186921267 1443.6015670000002 480
1712186931358 1452.273944 481
1712186941467 1455.4083999999998 482
1712186951551 1457.9743889999995 483
1712186961635 1461.5081960000002 484
1712186971742 1466.6187159999995 485
1712186981787 1470.9193609999998 486
1712186991877 1474.7880929999997 487
1712187001980 1480.8747520000002 488
1712187012074 1485.2797029999997 489
1712187022179 1489.3656989999995 490
1712187032264 1494.7442539999997 491
1712187042315 1496.4022609999997 492
1712187052437 1499.875834 493
1712187062532 1502.1551750000003 494
1712187072634 1504.037358 495
1712187082729 1516.6030500000002 496
1712187092790 1521.2465120000002 497
1712187102861 1534.3351339999995 498
1712187112913 1536.4063620000002 499
1712187123025 1540.221368 500
1712187133078 1541.551981 501
1712187143123 1544.3658709999995 502
1712187153226 1546.143681 503
1712187163279 1546.858624 504
1712187173335 1548.4996779999997 505
1712187183450 1550.0668819999996 506
1712187193565 1550.06857 507
1712187203619 1553.8701269999997 508
1712187213679 1555.1514460000003 509
1712187223781 1558.446942 510
1712187233844 1559.43439 511
1712187243881 1561.9302999999995 512
1712187253971 1565.8443039999997 513
1712187264031 1569.564301 514
1712187274075 1571.4696989999998 515
1712187284180 1574.7175089999996 516
1712187294230 1584.5190989999996 517
1712187304349 1591.8208870000003 518
1712187314402 1598.8459230000003 519
1712187324459 1604.767649 520
1712187334502 1607.8640209999999 521
1712187344607 1609.6137459999995 522
1712187354718 1612.8539329999999 523
1712187364817 1615.6157959999996 524
1712187374917 1624.181422 525
1712187385026 1624.9548479999999 526
1712187395130 1627.1810769999997 527
1712187405191 1633.7478589999996 528
1712187415288 1638.6989879999996 529
1712187425404 1648.235126 530
1712187435530 1650.694817 531
1712187445632 1653.8119439999996 532
1712187455749 1657.5849109999995 533
1712187465814 1659.3075290000002 534
1712187475920 1662.171863 535
1712187486021 1664.6631119999997 536
1712187496128 1670.0400139999997 537
1712187506236 1672.780276 538
1712187516336 1676.2380120000003 539
1712187526397 1687.8580639999996 540
1712187536491 1694.920345 541
1712187546595 1710.2385289999997 542
1712187556697 1723.804737 543
1712187566800 1728.2547220000001 544
1712187576898 1732.3927099999996 545
1712187586956 1733.7100919999998 546
1712187597051 1738.07904 547
1712187607153 1746.09607 548
1712187617252 1752.8996279999997 549
1712187627356 1757.350728 550
1712187637450 1761.8498789999999 551
1712187647570 1775.7894259999998 552
1712187657676 1779.4812699999998 553
1712187667783 1799.1808209999995 554
1712187677887 1801.3470160000002 555
1712187687984 1807.9489689999996 556
1712187698036 1812.654567 557
1712187708130 1819.7919930000003 558
1712187718230 1828.471134 559
1712187728354 1830.37372 560
1712187738459 1831.90368 561
1712187748572 1833.5637569999994 562
1712187758623 1838.927303 563
1712187768730 1841.0673890000003 564
1712187778832 1842.5347379999998 565
1712187788926 1843.7452309999994 566
1712187799038 1845.4069679999998 567
1712187809151 1847.613723 568
1712187819198 1849.6240599999996 569
1712187829311 1851.6934669999996 570
1712187839433 1853.2060669999996 571
1712187849542 1856.7982230000002 572
1712187859647 1857.850121 573
1712187869757 1859.8293229999995 574
1712187879808 1861.0962749999994 575
1712187889922 1865.861453 576
1712187900026 1870.8013299999998 577
1712187910134 1875.056959 578
1712187920253 1878.7006740000002 579
1712187930357 1879.2192469999995 580
1712187940406 1881.2129279999995 581
1712187950504 1883.5716369999996 582
1712187960613 1885.1441789999994 583
1712187970720 1886.3910579999997 584
1712187980825 1887.4074459999997 585
1712187990929 1888.8369669999997 586
1712188000995 1890.4377529999997 587
1712188011098 1893.034897 588
1712188021198 1893.3918760000001 589
1712188031301 1894.8816460000003 590
1712188041413 1901.29794 591
1712188051508 1903.2335170000001 592
1712188061551 1903.8775920000003 593
1712188071602 1906.1520809999997 594
1712188081652 1907.3348759999994 595
1712188091691 1908.624636 596
1712188101743 1909.1280940000001 597
1712188111779 1910.042997 598
1712188121880 1912.6681729999996 599
1712188131923 1915.3338399999998 600
1712188142036 1923.1251029999999 601
1712188152083 1925.4908609999998 602
1712188162199 1928.778377 603
1712188172304 1929.8035480000003 604
1712188182356 1931.4376879999995 605
1712188192406 1933.8095440000002 606
1712188202453 1937.1957559999996 607
1712188212496 1940.5849130000001 608
1712188222663 1940.8371919999995 609
1712188232802 1942.6299939999994 610
1712188242843 1943.6118069999998 611
1712188253003 1945.7026410000003 612
1712188263150 1947.424015 613
1712188273199 1950.5654410000002 614
1712188283241 1953.726177 615
1712188293282 1954.914233 616
1712188303472 1958.153871 617
1712188313513 1960.1025439999999 618
1712188323559 1962.8064479999998 619
1712188333716 1967.8758789999997 620
1712188343861 1971.0999850000003 621
1712188354007 1974.910931 622
1712188364060 1980.4638549999995 623
1712188374221 1988.4497889999998 624
1712188384271 1993.268536 625
1712188394322 1996.3354480000003 626
1712188404467 2003.4881289999998 627
1712188414519 2008.6699619999995 628
1712188424571 2018.3481189999998 629
1712188434717 2026.5508050000003 630
1712188444849 2031.594775 631
1712188454891 2034.5919559999998 632
1712188465022 2045.0034920000003 633
1712188475207 2063.985765 634
1712188485245 2067.931473 635
1712188495350 2068.8419280000003 636
1712188505448 2070.363782 637
1712188515551 2070.8606699999996 638
1712188525657 2071.9441009999996 639
1712188535755 2073.557117 640
1712188545805 2074.507817 641
1712188555891 2079.5605069999997 642
1712188565997 2085.1768349999998 643
1712188576095 2087.0056659999996 644
1712188586195 2088.045146 645
1712188596280 2089.0002719999998 646
1712188606339 2090.6603250000003 647
1712188616433 2093.8570919999997 648
1712188626546 2095.5180129999994 649
1712188636647 2097.081259 650
1712188646748 2100.528863 651
1712188656846 2105.453465 652
1712188666892 2111.0597629999997 653
1712188677006 2113.5159309999995 654
1712188687105 2114.6984019999995 655
1712188697206 2117.780144 656
1712188707312 2119.081533 657
1712188717421 2119.134488 658
1712188727510 2119.1630680000003 659
1712188737604 2120.932717 660
1712188747700 2122.569016 661
1712188757803 2124.2677819999994 662
1712188767906 2126.9335020000003 663
1712188777946 2128.7043019999996 664
1712188788045 2130.964928 665
1712188798139 2131.920329 666
1712188808236 2134.158745 667
1712188818336 2135.4558709999997 668
1712188828454 2137.0895379999997 669
1712188838493 2139.0845409999997 670
1712188848603 2141.0848009999995 671
1712188858697 2142.4939790000003 672
1712188868794 2143.598735 673
1712188878896 2145.878747 674
1712188888994 2149.4377499999996 675
1712188899042 2152.0695760000003 676
1712188909145 2154.157057 677
1712188919243 2155.128397 678
1712188929354 2157.2422629999996 679
1712188939462 2160.165391 680
1712188949560 2162.2570259999998 681
1712188959596 2164.606048 682
1712188969696 2166.8045500000003 683
1712188979811 2168.5843279999995 684
1712188989913 2171.114693 685
1712189000024 2172.9436519999995 686
1712189010125 2174.051696 687
1712189020171 2174.7148949999996 688
1712189030281 2176.0878740000003 689
1712189040390 2177.5092769999997 690
1712189050506 2179.570469 691
1712189060625 2184.253682 692
1712189070744 2186.633789 693
1712189080797 2188.122127 694
1712189090904 2191.607393 695
1712189101010 2193.4762399999995 696
1712189111130 2198.3646139999996 697
1712189121256 2199.2800030000003 698
1712189131369 2200.142816 699
1712189141426 2200.974715 700
1712189151544 2202.6936570000003 701
1712189161653 2204.22175 702
1712189171838 2205.8124759999996 703
1712189181935 2211.3438039999996 704
1712189192031 2213.3244579999996 705
1712189202079 2215.9449799999998 706
1712189212167 2217.466444 707
1712189222274 2218.47758 708
1712189232372 2220.531848 709
1712189242473 2222.377215 710
1712189252589 2224.060642 711
1712189262637 2225.0438819999995 712
1712189272743 2227.330012 713
1712189282831 2229.5114900000003 714
1712189292924 2230.9061909999996 715
1712189303028 2234.5968479999997 716
1712189313131 2239.788481 717
1712189323189 2240.7372769999997 718
1712189333294 2243.688823 719
1712189343413 2245.578855 720
1712189353522 2252.0025249999994 721
1712189363628 2258.7653399999995 722
1712189373732 2263.4703400000003 723
1712189383787 2266.926572 724
1712189393892 2272.6378769999997 725
1712189403996 2278.1562979999994 726
1712189414087 2283.877615 727
1712189424186 2285.9495169999996 728
1712189434291 2289.9624280000003 729
1712189444341 2292.177212 730
1712189454436 2295.1273699999997 731
1712189464531 2297.480741 732
1712189474622 2299.582309 733
1712189484733 2308.5303849999996 734
1712189494846 2311.757679 735
1712189504893 2313.0495859999996 736
1712189514993 2314.311652 737
1712189525100 2315.7894069999998 738
1712189535209 2317.548819 739
1712189545309 2318.296635 740
1712189555403 2320.0743230000003 741
1712189565458 2322.741111 742
1712189575557 2326.260237 743
1712189585657 2329.739209 744
1712189595764 2333.1233689999995 745
1712189605878 2334.38017 746
1712189615981 2337.0787669999995 747
1712189626035 2338.721209 748
1712189636137 2339.0949129999995 749
1712189646252 2339.096078 750
1712189656345 2339.9109000000003 751
1712189666453 2350.0173529999997 752
1712189676555 2355.293284 753
1712189686606 2358.580964 754
1712189696719 2365.5418059999997 755
1712189706811 2368.413534 756
1712189716916 2370.940451 757
1712189727021 2373.552551 758
1712189737123 2377.433861 759
1712189747167 2378.8162319999997 760
1712189757289 2379.392427 761
1712189767403 2382.101327 762
1712189777512 2383.283613 763
1712189787611 2384.310132 764
1712189797671 2385.989011 765
1712189807772 2386.292839 766
1712189817877 2387.807959 767
1712189827978 2389.5334230000003 768
1712189838083 2389.919474 769
1712189848191 2390.763464 770
1712189858236 2391.5104209999995 771
1712189868339 2393.363071 772
1712189878445 2395.243347 773
1712189888547 2396.2624629999996 774
1712189898652 2397.232834 775
1712189908755 2398.6957939999998 776
1712189918798 2400.9537429999996 777
1712189928909 2401.522993 778
1712189939015 2402.35947 779
1712189949114 2409.340522 780
1712189959214 2417.3871919999997 781
1712189969315 2423.0899750000003 782
1712189979356 2425.2039279999995 783
1712189989459 2426.499118 784
1712189999555 2428.0606190000003 785
1712190009652 2432.090992 786
1712190019740 2436.8415039999995 787
1712190029855 2437.9275569999995 788
1712190039898 2438.404051 789
1712190050006 2441.19191 790
1712190060101 2450.539644 791
1712190070188 2463.956756 792
1712190080289 2465.1390879999994 793
1712190090384 2466.898656 794
1712190100438 2467.684914 795
1712190110530 2469.395814 796
1712190120630 2470.408269 797
1712190130728 2472.073232 798
1712190140827 2472.7299909999997 799
1712190150931 2474.0003789999996 800
1712190160991 2475.6413559999996 801
1712190171098 2476.256847 802
1712190181212 2477.07058 803
1712190191396 2478.478901 804
1712190201504 2480.1409049999997 805
1712190211614 2481.236665 806
1712190221657 2495.5863729999996 807
1712190231752 2507.3536520000002 808
1712190241859 2516.7227609999995 809
1712190251950 2534.821321 810
1712190262046 2549.2125329999994 811
1712190272140 2558.8673699999995 812
1712190282181 2562.5957729999996 813
1712190292281 2563.298873 814
1712190302387 2569.663712 815
1712190312492 2580.569761 816
1712190322595 2583.398793 817
1712190332686 2583.951104 818
1712190342738 2585.5325589999998 819
1712190352837 2586.6747819999996 820
1712190362939 2587.857045 821
1712190373035 2591.5602569999996 822
1712190383127 2592.9182639999995 823
1712190393229 2595.518995 824
1712190403290 2596.597375 825
1712190413486 2597.648651 826
1712190423601 2601.0053350000003 827
1712190433707 2602.9379830000003 828
1712190443820 2604.3564650000003 829
1712190453940 2605.7045590000002 830
1712190463993 2606.2943819999996 831
1712190474114 2607.118733 832
1712190484234 2608.562429 833
1712190494339 2609.4810569999995 834
1712190504471 2609.950278 835
1712190514594 2612.165788 836
1712190524646 2613.4010089999997 837
1712190534761 2613.6798029999995 838
1712190544865 2614.6201779999997 839
1712190554972 2617.2115719999997 840
1712190565089 2622.2816289999996 841
1712190575189 2624.0819479999996 842
1712190585235 2625.11961 843
1712190595346 2629.101977 844
1712190605457 2632.02878 845
1712190615559 2633.6154629999996 846
1712190625660 2634.910552 847
1712190635858 2638.323172 848
1712190645913 2639.527378 849
1712190656025 2641.982045 850
1712190666127 2643.0528369999997 851
1712190676182 2645.686601 852
1712190686294 2646.268606 853
1712190696348 2648.416006 854
1712190706404 2650.5069769999996 855
1712190716522 2651.678139 856
1712190726577 2656.6880269999997 857
1712190736630 2658.081439 858
1712190746748 2660.329384 859
1712190756805 2661.108114 860
1712190766853 2661.912546 861
1712190776950 2665.780652 862
1712190786996 2667.002363 863
1712190797064 2667.7314460000002 864
1712190807179 2669.816501 865
1712190817224 2672.241815 866
1712190827278 2674.919453 867
1712190837375 2680.7552650000002 868
1712190847419 2683.363285 869
1712190857480 2686.8956160000002 870
1712190867578 2690.317788 871
1712190877638 2693.833429 872
1712190887698 2696.0097629999996 873
1712190897794 2700.0389039999995 874
1712190907845 2703.545517 875
1712190917940 2708.0741889999995 876
1712190928035 2711.491802 877
1712190938087 2714.626089 878
1712190948184 2715.990523 879
1712190958291 2721.1405039999995 880
1712190968401 2730.449274 881
1712190978514 2741.9402509999995 882
1712190988626 2746.38607 883
1712190998673 2753.711997 884
1712191008774 2756.6194849999997 885
1712191018872 2773.1426989999995 886
1712191028970 2782.8509369999997 887
1712191039070 2801.510689 888
1712191049172 2820.5773830000003 889
1712191059230 2824.5489469999998 890
1712191069329 2829.4747919999995 891
1712191079428 2838.5813359999997 892
1712191089527 2842.352776 893
1712191099617 2846.529835 894
1712191109728 2851.754877 895
1712191119773 2859.219799 896
1712191129884 2862.013028 897
1712191139978 2869.7895349999994 898
1712191150080 2876.3670769999994 899
1712191160190 2883.915947 900
1712191170298 2891.721669 901
1712191180350 2898.144979 902
1712191190445 2903.073275 903
1712191200545 2910.0038549999995 904
1712191210660 2912.7997170000003 905
1712191220759 2916.2337759999996 906
1712191230869 2921.0092279999994 907
1712191240925 2925.415684 908
1712191251020 2929.135057 909
1712191261130 2934.2399069999997 910
1712191271221 2941.367825 911
1712191281325 2943.6919270000003 912
1712191291456 2946.2085899999997 913
1712191301514 2951.1917799999997 914
1712191311703 2971.152906 915
1712191321823 2977.345519 916
1712191331939 2979.9022950000003 917
1712191342060 2981.8257989999997 918
1712191352177 2986.1827710000002 919
1712191362232 2987.349799 920
1712191372360 2988.677424 921
1712191382488 2989.699926 922
1712191392618 2992.246971 923
1712191402743 2994.8707499999996 924
1712191412867 2997.859118 925
1712191422926 3000.2556870000003 926
1712191433035 3002.9811219999997 927
1712191443163 3003.7624069999997 928
1712191453283 3005.5361069999994 929
1712191463415 3007.6991780000003 930
1712191473538 3009.1520299999997 931
1712191483606 3010.36875 932
1712191493744 3012.33463 933
1712191503861 3015.1942830000003 934
1712191514075 3015.770202 935
1712191524198 3017.2904189999995 936
1712191534304 3019.7373110000003 937
1712191544355 3022.371836 938
1712191554474 3024.141798 939
1712191564573 3025.8136929999996 940
1712191574680 3026.9668349999997 941
1712191584779 3032.672389 942
1712191594880 3035.997551 943
1712191604937 3037.5412739999997 944
1712191615047 3041.845871 945
1712191625166 3044.399678 946
1712191635285 3045.031227 947
1712191645389 3047.137661 948
1712191655500 3048.8454509999997 949
1712191665546 3052.6077099999998 950
1712191675665 3056.9266279999997 951
1712191685782 3059.9376239999997 952
1712191695888 3062.463897 953
1712191706012 3064.015368 954
1712191716116 3066.7490969999994 955
1712191726170 3069.455668 956
1712191736294 3071.5081779999996 957
1712191746398 3075.1255699999997 958
1712191756604 3078.866904 959
1712191766728 3080.9743409999996 960
1712191776848 3083.6086330000003 961
1712191786898 3085.0869069999994 962
1712191797048 3087.740657 963
1712191807177 3089.389766 964
1712191817289 3092.432668 965
1712191827419 3095.491751 966
1712191837477 3098.065838 967
1712191847586 3099.4221949999996 968
1712191857705 3101.397391 969
1712191867807 3104.9944259999997 970
1712191877933 3106.25441 971
1712191888046 3107.669122 972
1712191898102 3111.301134 973
1712191908219 3113.1360739999996 974
1712191918318 3115.824301 975
1712191928424 3117.9532569999997 976
1712191938539 3123.274591 977
1712191948644 3125.1423229999996 978
1712191958694 3128.0605499999997 979
1712191968811 3129.005001 980
1712191978919 3133.188036 981
1712191989122 3136.4933779999997 982
1712191999231 3141.4217670000003 983
1712192009340 3145.0644429999998 984
1712192019392 3146.8925539999996 985
1712192029497 3147.603665 986
1712192039613 3148.9052609999994 987
1712192049717 3152.665515 988
1712192059823 3154.0306829999995 989
1712192069942 3158.9740829999996 990
1712192080000 3160.5000379999997 991
1712192090106 3162.3238879999994 992
1712192100203 3164.041734 993
1712192110307 3165.828809 994
1712192120425 3166.6522439999994 995
1712192130530 3168.366278 996
1712192140595 3169.9868169999995 997
1712192150695 3171.6984179999995 998
1712192160799 3174.770338 999
1712192170916 3177.848412 1000
1712192181020 3179.3274049999995 1001
1712192191117 3183.6861459999996 1002
1712192201182 3192.7554809999997 1003
1712192211288 3194.1861539999995 1004
1712192221387 3195.326794 1005
1712192231494 3197.6096809999995 1006
1712192241589 3198.4284519999997 1007
1712192251706 3199.242696 1008
1712192261764 3202.163362 1009
1712192271885 3204.8286919999996 1010
1712192281993 3206.483366 1011
1712192292091 3207.684788 1012
1712192302207 3211.5074680000002 1013
1712192312318 3214.635809 1014
1712192322375 3218.521419 1015
1712192332490 3219.3393229999997 1016
1712192342594 3222.7554210000003 1017
1712192352703 3224.5364999999997 1018
1712192362800 3227.2247299999995 1019
1712192372907 3240.140807 1020
1712192382966 3252.8524949999996 1021
1712192393070 3265.6127999999994 1022
1712192403138 3285.7070639999997 1023
1712192413189 3289.6897839999997 1024
1712192423249 3291.340294 1025
1712192433378 3293.4360110000002 1026
1712192443633 3294.9552470000003 1027
1712192453760 3296.8079279999997 1028
1712192463884 3298.4998009999995 1029
1712192474026 3300.804641 1030
1712192484156 3302.135202 1031
1712192494298 3302.9857609999995 1032
1712192504438 3304.1223880000002 1033
1712192514562 3305.638389 1034
1712192524697 3307.034878 1035
1712192534837 3308.0019849999994 1036
1712192544960 3310.8213679999994 1037
1712192555087 3311.8340679999997 1038
1712192565210 3312.7095939999995 1039
1712192575332 3315.685852 1040
1712192585460 3317.546645 1041
1712192595587 3318.1472289999997 1042
1712192605718 3320.2193169999996 1043
1712192615845 3321.497274 1044
1712192625959 3323.489491 1045
1712192636083 3325.395578 1046
1712192646209 3326.5469529999996 1047
1712192656322 3328.074733 1048
1712192666461 3329.0551419999997 1049
1712192676576 3329.845557 1050
1712192686703 3330.643321 1051
1712192696815 3331.9736929999995 1052
1712192706937 3334.7695499999995 1053
1712192717060 3342.5044350000003 1054
1712192727194 3343.101338 1055
1712192737330 3344.8780839999995 1056
1712192747445 3346.9139499999997 1057
1712192757576 3348.4248039999998 1058
1712192767698 3349.9721669999994 1059
1712192777838 3351.663569 1060
1712192787972 3353.765379 1061
1712192798087 3354.972526 1062
1712192808220 3357.087795 1063
1712192818338 3358.241514 1064
1712192828450 3360.159429 1065
1712192838576 3361.6643449999997 1066
1712192848712 3363.701788 1067
1712192858838 3365.1857370000002 1068
1712192868966 3367.3597429999995 1069
1712192879077 3370.511809 1070
1712192889189 3377.442036 1071
1712192899302 3382.084974 1072
1712192909422 3385.093722 1073
1712192919546 3388.9124239999996 1074
1712192929661 3389.2747649999997 1075
1712192939776 3390.826259 1076
1712192949904 3393.947606 1077
1712192960053 3395.6737149999994 1078
1712192970177 3396.9972679999996 1079
1712192980298 3398.061848 1080
1712192990421 3403.217499 1081
1712193000544 3405.058313 1082
1712193010666 3406.5498869999997 1083
1712193020797 3408.2975899999997 1084
1712193030914 3410.5392319999996 1085
1712193041071 3412.8919389999996 1086
1712193051216 3414.5492069999996 1087
1712193061332 3417.0999420000003 1088
1712193071448 3418.167651 1089
1712193081573 3420.5599930000003 1090
1712193091692 3421.2100210000003 1091
1712193101833 3424.219805 1092
1712193111945 3426.036399 1093
1712193122061 3427.723566 1094
1712193132171 3429.541417 1095
1712193142288 3431.571499 1096
1712193152416 3434.9697329999995 1097
1712193162548 3436.813963 1098
1712193172664 3438.0916460000003 1099
1712193182794 3441.9216279999996 1100
1712193192941 3444.783377 1101
1712193203063 3446.5426119999997 1102
1712193213175 3460.669055 1103
1712193223309 3464.0264890000003 1104
1712193233431 3466.1375139999996 1105
1712193243554 3467.7870230000003 1106
1712193253691 3469.590519 1107
1712193263801 3470.0893089999995 1108
1712193273948 3472.039556 1109
1712193284081 3474.013015 1110
1712193294204 3475.202447 1111
1712193304323 3477.6185119999996 1112
1712193314441 3478.150999 1113
1712193324557 3479.9973640000003 1114
1712193334729 3481.078803 1115
1712193344864 3483.2516949999995 1116
1712193354981 3485.5144290000003 1117
1712193365112 3487.6928270000003 1118
1712193375235 3492.167839 1119
1712193385352 3495.2899329999996 1120
1712193395465 3498.1334739999998 1121
1712193405577 3506.6027179999996 1122
1712193415705 3510.9200639999995 1123
1712193425838 3512.613388 1124
1712193435955 3516.095994 1125
1712193446081 3518.0158909999996 1126
1712193456218 3520.259646 1127
1712193466342 3522.9417339999995 1128
1712193476482 3525.507774 1129
1712193486637 3531.307623 1130
1712193496784 3537.8304489999996 1131
1712193506915 3540.4530849999996 1132
1712193517065 3543.883606 1133
1712193527199 3545.06896 1134
1712193537343 3546.4012369999996 1135
1712193547449 3547.3148189999997 1136
1712193557572 3548.0777999999996 1137
1712193567696 3549.012927 1138
1712193577816 3549.9629869999994 1139
1712193587927 3552.2053140000003 1140
1712193598048 3555.380597 1141
1712193608180 3562.3892389999996 1142
1712193618299 3564.158524 1143
1712193628429 3567.443947 1144
1712193638561 3576.779272 1145
1712193648684 3590.206485 1146
1712193658811 3590.211304 1147
1712193668928 3595.302177 1148
1712193679053 3595.896829 1149
1712193689178 3596.932142 1150
1712193699412 3597.7847509999997 1151
1712193709534 3599.1819789999995 1152
1712193719679 3600.811075 1153
1712193729808 3601.79859 1154
1712193739950 3602.5576770000002 1155
1712193750077 3603.457224 1156
1712193760214 3604.4677589999997 1157
1712193770333 3605.9903369999997 1158
1712193780474 3607.0649719999997 1159
1712193790626 3609.404186 1160
1712193800756 3610.383451 1161
1712193810904 3613.3976749999997 1162
1712193821042 3614.90475 1163
1712193831176 3616.986523 1164
1712193841318 3618.4261249999995 1165
1712193851453 3622.186634 1166
1712193861593 3623.2870799999996 1167
1712193871720 3624.2980459999994 1168
1712193881860 3627.0565739999997 1169
1712193891986 3628.602171 1170
1712193902104 3629.401149 1171
1712193912175 3630.6499339999996 1172
1712193922281 3631.7452879999996 1173
1712193932350 3633.1145059999994 1174
1712193942462 3635.7274009999996 1175
1712193952586 3637.352948 1176
1712193962700 3638.9991539999996 1177
1712193972925 3641.2122239999994 1178
1712193983057 3642.8579990000003 1179
1712193993178 3643.9850629999996 1180
1712194003302 3645.6730679999996 1181
1712194013429 3646.3670099999995 1182
1712194023541 3647.581366 1183
1712194033660 3649.132663 1184
1712194043778 3650.7200179999995 1185
1712194053895 3652.0524279999995 1186
1712194064045 3652.5137 1187
1712194074147 3654.601188 1188
1712194084264 3658.994883 1189
1712194094374 3660.62153 1190
1712194104475 3669.776295 1191
1712194114591 3678.584692 1192
1712194124695 3694.2633089999995 1193
1712194134812 3698.167212 1194
1712194144925 3700.02317 1195
1712194155036 3701.512144 1196
1712194165163 3703.9923409999997 1197
1712194175269 3705.1135899999995 1198
1712194185343 3705.591986 1199
1712194195486 3706.9166629999995 1200
1712194205550 3708.3966989999994 1201
1712194215685 3709.732641 1202
1712194225805 3711.2164470000002 1203
1712194235886 3713.119714 1204
1712194246000 3714.762 1205
1712194256067 3716.407552 1206
1712194266198 3717.547121 1207
1712194276438 3719.2985809999996 1208
1712194286505 3720.9542879999995 1209
1712194296610 3721.8865759999994 1210
1712194306731 3724.282098 1211
1712194316844 3725.483508 1212
1712194326964 3726.5989560000003 1213
1712194337090 3727.517646 1214
1712194347211 3729.6144209999998 1215
1712194357345 3730.6208030000003 1216
1712194367461 3731.2648969999996 1217
1712194377577 3732.4752359999998 1218
1712194387708 3734.6774389999996 1219
1712194397837 3736.749126 1220
1712194407961 3737.9245459999997 1221
1712194418080 3739.300581 1222
1712194428201 3740.1205290000003 1223
1712194438319 3740.595035 1224
1712194448422 3742.3629889999997 1225
1712194458534 3743.488009 1226
1712194468589 3745.9393589999995 1227
1712194478662 3748.3862539999996 1228
1712194488720 3749.3515620000003 1229
1712194498798 3753.3754519999998 1230
1712194508919 3755.224533 1231
1712194519042 3755.9884340000003 1232
1712194529176 3758.306261 1233
1712194539289 3759.3593269999997 1234
1712194549423 3761.520169 1235
1712194559531 3761.8158849999995 1236
1712194569642 3763.7032059999997 1237
1712194579859 3766.081012 1238
1712194589989 3769.3339359999995 1239
1712194600098 3770.546145 1240
1712194610229 3773.0112679999997 1241
1712194620357 3777.6671380000003 1242
1712194630487 3787.2390119999995 1243
1712194640637 3794.401091 1244
1712194650750 3799.6803459999996 1245
1712194660874 3806.6985819999995 1246
1712194670944 3812.06443 1247
1712194681077 3819.226255 1248
1712194691207 3822.2627319999997 1249
1712194701333 3828.3772169999997 1250
1712194711464 3836.773433 1251
1712194721660 3841.4900169999996 1252
1712194731792 3844.3867569999998 1253
1712194741932 3847.6462529999994 1254
1712194752052 3850.522523 1255
1712194762185 3853.509609 1256
1712194772306 3860.9917629999995 1257
1712194782437 3881.630941 1258
1712194792561 3895.9533239999996 1259
1712194802678 3900.0134809999995 1260
1712194812796 3904.2884119999994 1261
1712194822921 3906.184791 1262
1712194833043 3908.2509269999996 1263
1712194843174 3908.8863699999997 1264
1712194853298 3909.3962340000003 1265
1712194863418 3910.5591179999997 1266
1712194873668 3911.5160339999998 1267
1712194883783 3912.9139499999997 1268
1712194893904 3914.1298620000002 1269
1712194904033 3914.141535 1270
1712194914154 3914.165745 1271
1712194924281 3926.4033649999997 1272
1712194934386 3928.0078209999997 1273
1712194944526 3933.2519049999996 1274
1712194954653 3935.7891219999997 1275
1712194964788 3936.329663 1276
1712194974905 3942.4521419999996 1277
1712194985022 3956.927961 1278
1712194995125 3964.531724 1279
1712195005251 3983.5330010000002 1280
1712195015473 3983.559602 1281
1712195025586 3986.019121 1282
1712195035711 3988.103864 1283
1712195045826 3994.3101199999996 1284
1712195055940 3997.659024 1285
1712195066064 3998.735389 1286
1712195076176 4000.303466 1287
1712195086296 4000.9478050000002 1288
1712195096413 4001.6357729999995 1289
1712195106538 4009.337338 1290
1712195116664 4014.828554 1291
1712195126805 4017.765924 1292
1712195136929 4022.2157409999995 1293
1712195147057 4025.344571 1294
1712195157173 4030.8163309999995 1295
1712195167298 4034.3360470000002 1296
1712195177419 4039.078634 1297
1712195187540 4040.769229 1298
1712195197651 4042.543577 1299
1712195207753 4042.568737 1300
1712195217868 4046.7531379999996 1301
1712195227986 4059.52454 1302
1712195238091 4067.9621380000003 1303
1712195248201 4070.3483279999996 1304
1712195258309 4074.01719 1305
1712195268421 4074.9410569999995 1306
1712195278533 4077.4362669999996 1307
1712195288644 4083.84812 1308
1712195298770 4090.76387 1309
1712195308978 4095.3978869999996 1310
1712195319130 4098.254215999999 1311
1712195329259 4110.622518 1312
1712195339403 4112.937443999999 1313
1712195349522 4112.938716999999 1314
1712195359632 4113.004633999999 1315
1712195369734 4125.609759999999 1316
1712195379856 4128.927374000001 1317
1712195389978 4131.239012 1318
1712195400094 4133.2788820000005 1319
1712195410227 4136.2214650000005 1320
1712195420343 4138.941118999999 1321
1712195430459 4141.540878 1322
1712195440578 4145.71284 1323
1712195450689 4148.619368 1324
1712195460890 4150.643124 1325
1712195471009 4153.574060999999 1326
1712195481109 4155.983979999999 1327
1712195491224 4161.605132999999 1328
1712195501348 4168.122051 1329
1712195511477 4170.913978999999 1330
1712195521599 4175.959993 1331
1712195531733 4178.48444 1332
1712195541869 4179.607652000001 1333
1712195551984 4185.891969 1334
1712195562103 4188.913118 1335
1712195572213 4192.075897000001 1336
1712195582325 4193.808749 1337
1712195592434 4196.054157999999 1338
1712195602547 4198.997948 1339
1712195612676 4200.520511999999 1340
1712195622782 4203.890195 1341
1712195632909 4207.328516 1342
1712195643015 4208.680774 1343
1712195653136 4210.263655000001 1344
1712195663247 4212.0635330000005 1345
1712195673365 4214.935432 1346
1712195683475 4218.256948 1347
1712195693588 4221.765848999999 1348
1712195703701 4222.569674 1349
1712195713827 4225.009311 1350
1712195723940 4237.149115 1351
1712195734057 4241.466025 1352
1712195744175 4244.103141 1353
1712195754286 4251.391339 1354
1712195764404 4254.211701 1355
1712195774512 4262.447770000001 1356
1712195784634 4263.069057000001 1357
1712195794746 4266.886209 1358
1712195804855 4274.636386 1359
1712195814982 4279.705427999999 1360
1712195825111 4286.278267 1361
1712195835232 4293.308225000001 1362
1712195845335 4299.796648 1363
1712195855449 4303.519983 1364
1712195865567 4308.422057 1365
1712195875677 4314.755057 1366
1712195885793 4317.448885 1367
1712195895928 4320.892619 1368
1712195906040 4322.009018000001 1369
1712195916162 4324.011694000001 1370
1712195926278 4331.129412 1371
1712195936398 4332.757484 1372
1712195946523 4335.0417529999995 1373
1712195956642 4337.020914999999 1374
1712195966756 4338.132145 1375
1712195976886 4339.184099 1376
1712195986990 4344.748948 1377
1712195997104 4346.265015999999 1378
1712196007237 4347.789225 1379
1712196017332 4351.233673999999 1380
1712196027500 4362.410554 1381
1712196037588 4362.44707 1382
1712196047755 4362.468510999999 1383
1712196057894 4363.208842 1384
1712196068033 4368.002957000001 1385
1712196078182 4369.545348 1386
1712196088288 4372.52341 1387
1712196098435 4373.652064 1388
1712196108589 4378.004397999999 1389
1712196118727 4385.759593000001 1390
1712196128871 4390.319538 1391
1712196139033 4393.625216 1392
1712196149177 4396.8879799999995 1393
1712196159333 4399.258684 1394
1712196169492 4400.546909000001 1395
1712196179645 4402.695025999999 1396
1712196189777 4407.103471 1397
1712196199921 4410.720716 1398
1712196210064 4411.824785999999 1399
1712196220203 4414.311186999999 1400
1712196230363 4416.117152000001 1401
1712196240500 4417.320916000001 1402
1712196250627 4418.087528 1403
1712196260769 4419.906697 1404
1712196270891 4422.084057 1405
1712196281007 4425.005348000001 1406
1712196291140 4426.376317 1407
1712196301265 4426.972603 1408
1712196311377 4427.783699 1409
1712196321512 4428.752887000001 1410
1712196331636 4431.691497 1411
1712196341771 4433.529065000001 1412
1712196351890 4434.549231999999 1413
1712196362018 4435.3293269999995 1414
1712196372145 4440.775712000001 1415
1712196382259 4443.478623999999 1416
1712196392378 4444.492827 1417
1712196402509 4445.944793000001 1418
1712196412624 4448.926541000001 1419
1712196422749 4451.441336 1420
1712196432862 4453.009840000001 1421
1712196442998 4455.674268999999 1422
1712196453118 4457.385802999999 1423
1712196463234 4462.4437450000005 1424
1712196473349 4471.6504669999995 1425
1712196483480 4477.292732 1426
1712196493616 4477.980824 1427
1712196503740 4480.322269 1428
1712196513885 4482.486604 1429
1712196524002 4490.421768 1430
1712196534122 4493.297562 1431
1712196544256 4494.040139999999 1432
1712196554369 4497.14025 1433
1712196564495 4498.324425000001 1434
1712196574615 4501.339856999999 1435
1712196584731 4503.250711000001 1436
1712196594866 4504.352526999999 1437
1712196604983 4506.9682649999995 1438
1712196615132 4508.195981999999 1439
1712196625282 4510.153869 1440
1712196635442 4511.697544000001 1441
1712196645589 4513.796194999999 1442
1712196655717 4516.078283000001 1443
1712196665856 4518.0440849999995 1444
1712196675970 4519.093976 1445
1712196686108 4521.071733999999 1446
1712196696243 4523.530006999999 1447
1712196706393 4525.810242 1448
1712196716572 4526.834086000001 1449
1712196726712 4528.361325 1450
1712196736841 4530.939388000001 1451
1712196747051 4533.508516 1452
1712196757189 4536.441543999999 1453
1712196767342 4543.287023000001 1454
1712196777502 4544.343231000001 1455
1712196787633 4546.813618 1456
1712196797770 4549.72818 1457
1712196807909 4553.339786999999 1458
1712196818059 4554.605111999999 1459
1712196828199 4560.436008000001 1460
1712196838339 4566.531365999999 1461
1712196848568 4571.322275 1462
1712196858718 4575.568697999999 1463
1712196868857 4584.495177999999 1464
1712196878975 4588.242361999999 1465
1712196889107 4591.877564 1466
1712196899246 4596.027399999999 1467
1712196909377 4597.232157 1468
1712196919521 4599.5829570000005 1469
1712196929657 4602.9264889999995 1470
1712196939869 4603.8594809999995 1471
1712196950003 4606.336625 1472
1712196960144 4609.210911 1473
1712196970272 4610.929770000001 1474
1712196980404 4611.979175 1475
1712196990547 4613.663519 1476
1712197000724 4617.175501 1477
1712197010909 4618.344096999999 1478
1712197021046 4620.937276000001 1479
1712197031182 4623.944073000001 1480
1712197041325 4624.302016 1481
1712197051450 4625.940004 1482
1712197061620 4626.224957 1483
1712197071777 4627.458058 1484
1712197081946 4628.523192999999 1485
1712197092068 4629.402282999999 1486
1712197102221 4631.158192000001 1487
1712197112380 4631.93002 1488
1712197122516 4634.0925179999995 1489
1712197132656 4635.093503 1490
1712197142804 4638.247726 1491
1712197152948 4643.910961 1492
1712197163091 4645.4175780000005 1493
1712197173229 4648.0221440000005 1494
1712197183485 4650.9571510000005 1495
1712197193665 4655.213761999999 1496
1712197203809 4666.680652999999 1497
1712197213939 4669.037354 1498
1712197224093 4671.243219 1499
1712197234267 4673.232201000001 1500
1712197244435 4676.113765 1501
1712197254591 4679.122621 1502
1712197264771 4679.8933529999995 1503
1712197274969 4684.790434999999 1504
1712197285146 4687.552759 1505
1712197295326 4689.009604999999 1506
1712197305517 4690.050197999999 1507
1712197315649 4690.491526 1508
1712197325782 4691.889363 1509
1712197335935 4692.8338650000005 1510
1712197346080 4693.714185999999 1511
1712197356242 4694.847242 1512
1712197366388 4698.028891 1513
1712197376527 4701.073313000001 1514
1712197386656 4703.984143 1515
1712197396787 4711.5137429999995 1516
1712197406919 4714.640685 1517
1712197417065 4716.206781000001 1518
1712197427206 4718.063177 1519
1712197437350 4718.13363 1520
1712197447507 4722.225404999999 1521
1712197457663 4723.492474999999 1522
1712197467794 4724.403415000001 1523
1712197477937 4725.826273000001 1524
1712197488087 4728.282152 1525
1712197498241 4729.843316 1526
1712197508394 4737.317843000001 1527
1712197518529 4740.889836 1528
1712197528673 4742.999252 1529
1712197538816 4743.720966000001 1530
1712197548953 4744.668470999999 1531
1712197559121 4745.586165999999 1532
1712197569257 4747.023574000001 1533
1712197579531 4748.0895550000005 1534
1712197589689 4748.688789 1535
1712197599853 4749.966418 1536
1712197609989 4752.898082 1537
1712197620147 4754.284802 1538
1712197630294 4755.348566999999 1539
1712197640426 4756.236566 1540
1712197650596 4760.981636 1541
1712197660746 4765.6092100000005 1542
1712197670902 4766.504940000001 1543
1712197681070 4768.656622 1544
1712197691318 4772.118544999999 1545
1712197701483 4773.661093999999 1546
1712197711638 4774.569562999999 1547
1712197721797 4776.72134 1548
1712197731958 4778.119344999999 1549
1712197742116 4780.456534999999 1550
1712197752264 4781.330764 1551
1712197762412 4782.568563000001 1552
1712197772569 4784.7996459999995 1553
1712197782730 4787.248883 1554
1712197792887 4789.848190999999 1555
1712197803114 4791.709658 1556
1712197813260 4796.345751000001 1557
1712197823419 4800.867059 1558
1712197833563 4802.004793 1559
1712197843744 4802.854115 1560
1712197853884 4803.948683999999 1561
1712197864064 4805.561904 1562
1712197874218 4808.5969079999995 1563
1712197884377 4811.746857 1564
1712197894522 4813.380727 1565
1712197904784 4814.766019999999 1566
1712197914970 4816.4387050000005 1567
1712197925126 4818.032003 1568
1712197935281 4819.930784 1569
1712197945461 4821.8466690000005 1570
1712197955628 4823.4982199999995 1571
1712197965764 4827.441537000001 1572
1712197975914 4828.4262180000005 1573
1712197986065 4829.810573999999 1574
1712197996214 4836.043884999999 1575
1712198006367 4842.23436 1576
1712198016529 4845.3731210000005 1577
1712198026713 4846.431216999999 1578
1712198036851 4850.089919 1579
1712198047000 4851.560772999999 1580
1712198057135 4852.5059519999995 1581
1712198067274 4853.1697349999995 1582
1712198077449 4854.457071000001 1583
1712198087607 4856.489890000001 1584
1712198097777 4857.843435000001 1585
1712198107919 4858.510620999999 1586
1712198118164 4859.197119 1587
1712198128314 4864.457737000001 1588
1712198138497 4869.816790000001 1589
1712198148636 4872.099983 1590
1712198158794 4873.681247 1591
1712198168957 4874.409809999999 1592
1712198179142 4876.975774999999 1593
1712198189308 4877.505084 1594
1712198199448 4878.128927 1595
1712198209534 4879.837539 1596
1712198219869 4881.553518000001 1597
1712198230047 4881.837632999999 1598
1712198240175 4883.175268999999 1599
1712198250285 4884.472137999999 1600
1712198260429 4889.057053 1601
1712198270544 4890.339392 1602
1712198280661 4892.059526999999 1603
1712198290832 4892.982816 1604
1712198300945 4895.077056 1605
1712198311062 4896.574903000001 1606
1712198321237 4898.1382300000005 1607
1712198331384 4899.581224 1608
1712198341545 4901.5233769999995 1609
1712198351792 4902.977487 1610
1712198361946 4905.240696999999 1611
1712198372115 4907.005625 1612
1712198382193 4907.899293 1613
1712198392391 4908.91005 1614
1712198402580 4909.585053999999 1615
1712198412696 4911.558475 1616
1712198422890 4912.760480999999 1617
1712198433072 4916.122938 1618
1712198443168 4917.886903999999 1619
1712198453451 4919.523504000001 1620
1712198463630 4923.064858 1621
1712198473799 4926.952036999999 1622
1712198483955 4929.609554000001 1623
1712198494126 4932.012183999999 1624
1712198504215 4932.806903999999 1625
1712198514409 4934.490889000001 1626
1712198524571 4935.008438000001 1627
1712198534747 4938.952278000001 1628
1712198544904 4943.5798589999995 1629
1712198555170 4944.4098890000005 1630
1712198565290 4946.308271 1631
1712198575464 4950.456036 1632
1712198585647 4951.312785 1633
1712198595828 4952.7822510000005 1634
1712198605974 4953.259813000001 1635
1712198616129 4954.396677000001 1636
1712198626209 4954.64372 1637
1712198636392 4956.594424999999 1638
1712198646538 4957.576997 1639
1712198656755 4958.271766 1640
1712198666884 4961.288939 1641
1712198677039 4963.493028000001 1642
1712198687129 4964.881044 1643
1712198697301 4966.194518 1644
1712198707451 4967.7664540000005 1645
1712198717578 4969.30176 1646
1712198727708 4970.274942 1647
1712198737825 4972.530384 1648
1712198747966 4974.006517 1649
1712198758102 4986.611004 1650
1712198768328 4993.660384000001 1651
1712198778463 4995.590779 1652
1712198788599 4996.826384 1653
1712198798673 4997.419094999999 1654
1712198808853 4997.440723 1655
1712198818980 4997.712614 1656
1712198829122 4999.244922 1657
1712198839248 5006.088877 1658
1712198849401 5007.3087510000005 1659
1712198859491 5013.541450000001 1660
1712198869780 5018.751213 1661
1712198879935 5018.7986980000005 1662
1712198890088 5018.831828 1663
1712198900238 5021.0958900000005 1664
1712198910379 5024.8065320000005 1665
1712198920501 5029.514241999999 1666
1712198930647 5029.901936 1667
1712198940782 5029.913925000001 1668
1712198950920 5029.929679000001 1669
1712198961055 5029.982602 1670
1712198971205 5029.995198999999 1671
1712198981298 5030.019994 1672
1712198991471 5030.082135000001 1673
1712199001646 5030.094078 1674
1712199011793 5030.119298 1675
1712199021955 5030.135531 1676
1712199032116 5030.7709589999995 1677
1712199042219 5032.9313870000005 1678
1712199052369 5032.989807 1679
1712199062510 5033.127613999999 1680
1712199072658 5033.256079999999 1681
1712199082891 5033.269795 1682
1712199093024 5033.279103999999 1683
1712199103107 5033.293554 1684
1712199113261 5033.313764 1685
1712199123407 5036.766325999999 1686
1712199133557 5037.851623999999 1687
1712199143721 5039.721459 1688
1712199153868 5039.766732 1689
1712199163973 5039.838236 1690
1712199174138 5039.914167999999 1691
1712199184280 5041.166391999999 1692
1712199194426 5042.2381829999995 1693
1712199204587 5043.6140319999995 1694
1712199214727 5044.632581 1695
1712199224801 5046.600441999999 1696
1712199234952 5048.349869 1697
1712199245088 5050.01785 1698
1712199255217 5051.066397999999 1699
1712199265360 5051.855211 1700
1712199275507 5054.099028999999 1701
1712199285578 5056.516522 1702
1712199295844 5063.304155 1703
1712199305977 5073.8782630000005 1704
1712199316109 5085.812330999999 1705
1712199326261 5101.610085 1706
1712199336391 5106.258791 1707
1712199346474 5108.331439 1708
1712199356605 5109.983317 1709
1712199366753 5112.55084 1710
1712199376917 5114.66295 1711
1712199387085 5118.268016 1712
1712199397315 5120.766613 1713
1712199407423 5122.727491 1714
1712199417572 5124.618745 1715
1712199427708 5125.251044999999 1716
1712199437853 5127.139721 1717
1712199447992 5127.83994 1718
1712199458066 5129.559923999999 1719
1712199468199 5132.2592700000005 1720
1712199478345 5133.790070999999 1721
1712199488488 5135.465854 1722
1712199498622 5138.357404 1723
1712199508766 5144.661260000001 1724
1712199518841 5145.797208 1725
1712199528960 5155.02693 1726
1712199539089 5156.572849 1727
1712199549222 5158.885797999999 1728
1712199559339 5160.057752000001 1729
1712199569464 5161.22183 1730
1712199579539 5162.105459 1731
1712199589660 5165.776013000001 1732
1712199599788 5167.352489999999 1733
1712199609908 5169.778815 1734
1712199620030 5170.652348 1735
1712199630152 5172.055641999999 1736
1712199640236 5174.526823 1737
1712199650354 5175.802207999999 1738
1712199660488 5178.664397999999 1739
1712199670620 5179.712175000001 1740
1712199680747 5184.533868 1741
1712199690874 5185.077272 1742
1712199700936 5187.637531 1743
1712199711066 5190.234413 1744
1712199721195 5192.022685 1745
1712199731315 5194.073271000001 1746
1712199741454 5194.744806000001 1747
1712199751591 5196.70514 1748
1712199761657 5197.603121 1749
1712199771790 5199.080610000001 1750
1712199781916 5199.779639 1751
1712199792036 5201.555937000001 1752
1712199802168 5207.540314 1753
1712199812285 5208.393813000001 1754
1712199822365 5209.709242000001 1755
1712199832600 5213.013307000001 1756
1712199842730 5214.343763000001 1757
1712199852849 5215.055153000001 1758
1712199862992 5216.591961 1759
1712199873174 5217.530846 1760
1712199883245 5218.614756000001 1761
1712199893376 5220.761915000001 1762
1712199903503 5224.49921 1763
1712199913622 5225.667002 1764
1712199923755 5230.087487000001 1765
1712199933977 5232.395071000001 1766
1712199944048 5236.948975000001 1767
1712199954173 5237.349371 1768
1712199964293 5238.829547000001 1769
1712199974412 5239.9204549999995 1770
1712199984544 5241.082076000001 1771
1712199994657 5244.206128 1772
1712200004726 5247.099611 1773
1712200014851 5247.647017000001 1774
1712200024968 5248.417497 1775
1712200035090 5249.750840000001 1776
1712200045208 5250.603453 1777
1712200055326 5253.367002000001 1778
1712200065411 5254.416003 1779
1712200075533 5256.953292 1780
1712200085666 5259.253304 1781
1712200095801 5261.810872 1782
1712200105933 5262.363464 1783
1712200116084 5263.0613570000005 1784
1712200126151 5265.503251 1785
1712200136297 5266.627644 1786
1712200146446 5271.046634 1787
1712200156595 5272.098513000001 1788
1712200166732 5273.825805 1789
1712200176862 5275.074993 1790
1712200186925 5276.2309669999995 1791
1712200197041 5277.115064 1792
1712200207191 5278.215237 1793
1712200217318 5278.728134000001 1794
1712200227463 5279.737730000001 1795
1712200237576 5280.678661 1796
1712200247733 5282.010341000001 1797
1712200257869 5284.462963 1798
1712200268049 5284.606718999999 1799
1712200278216 5284.638958 1800
1712200288359 5284.65035 1801
1712200298511 5284.671603000001 1802
1712200308783 5284.6925439999995 1803
1712200318937 5286.847516 1804
1712200329078 5288.307022000001 1805
1712200339219 5290.969858 1806
1712200349367 5293.0421719999995 1807
1712200359510 5293.714729000001 1808
1712200369645 5295.20419 1809
1712200379788 5297.817796000001 1810
1712200389935 5300.504449 1811
1712200400075 5308.25426 1812
1712200410222 5311.151999 1813
1712200420383 5314.221852000001 1814
1712200430552 5317.142889000001 1815
1712200440689 5319.929410000001 1816
1712200450832 5324.538537 1817
1712200460978 5327.289492 1818
1712200471118 5337.731557000001 1819
1712200481274 5341.062296 1820
1712200491429 5342.423645000001 1821
1712200501581 5345.093393000001 1822
1712200511728 5346.508325000001 1823
1712200521861 5349.524401000001 1824
1712200532112 5351.400247 1825
1712200542237 5364.039382000001 1826
1712200552373 5373.064356000001 1827
1712200562573 5382.3847430000005 1828
1712200572715 5393.670059 1829
1712200582871 5398.0260880000005 1830
1712200593051 5401.079677 1831
1712200603190 5404.177178 1832
1712200613330 5405.605893 1833
1712200623473 5406.614292 1834
1712200633609 5409.194955000001 1835
1712200643755 5410.494225 1836
1712200653916 5412.275167 1837
1712200664075 5413.9012569999995 1838
1712200674225 5416.398214000001 1839
1712200684477 5417.630806000001 1840
1712200694614 5421.072540000001 1841
1712200704744 5421.722552000001 1842
1712200714900 5423.647753000001 1843
1712200725043 5425.675804 1844
1712200735189 5427.5590090000005 1845
1712200745347 5429.185461000001 1846
1712200755505 5429.786659000001 1847
1712200765652 5431.9539540000005 1848
1712200775830 5435.16863 1849
1712200785990 5436.840685000001 1850
1712200796151 5439.153282000001 1851
1712200806312 5441.487134000001 1852
1712200816478 5442.81755 1853
1712200826634 5443.816377000001 1854
1712200836884 5445.090399000001 1855
1712200847050 5455.894775000001 1856
1712200857198 5457.58639 1857
1712200867363 5459.894739000001 1858
1712200877526 5462.871094 1859
1712200887687 5464.981108 1860
1712200897844 5466.694039 1861
1712200908098 5467.809918000001 1862
1712200918260 5471.840969000001 1863
1712200928427 5475.351035 1864
1712200938592 5475.9065310000005 1865
1712200948753 5477.929839 1866
1712200958905 5480.403025 1867
1712200969058 5481.183637 1868
1712200979302 5483.717279 1869
1712200989458 5485.308783 1870
1712200999598 5487.676338000001 1871
1712201009751 5490.916041 1872
1712201019931 5492.310265 1873
1712201030063 5498.339385000001 1874
1712201040215 5508.289732000001 1875
1712201050352 5534.367352000001 1876
1712201060488 5542.836925 1877
1712201070627 5545.105526000001 1878
1712201080790 5545.783939000001 1879
1712201090933 5548.239143000001 1880
1712201101098 5551.177303 1881
1712201111251 5552.5165830000005 1882
1712201121395 5553.283093 1883
1712201131553 5556.286045000001 1884
1712201141709 5557.004542000001 1885
1712201151851 5557.8469939999995 1886
1712201162001 5559.008931 1887
1712201172148 5561.109623 1888
1712201182300 5562.718379 1889
1712201192459 5566.185225000001 1890
1712201202702 5566.889383 1891
1712201212859 5568.251633 1892
1712201223006 5570.187023 1893
1712201233157 5571.068096000001 1894
1712201243302 5572.860848 1895
1712201253437 5574.225061000001 1896
1712201263574 5575.153626000001 1897
1712201273807 5578.447585 1898
1712201283954 5579.280934 1899
1712201294099 5582.715400000001 1900
1712201304247 5584.058993000001 1901
1712201314389 5584.878992 1902
1712201324541 5586.646367000001 1903
1712201334744 5587.750791 1904
1712201344899 5590.09555 1905
1712201355063 5591.000092 1906
1712201365227 5592.354732 1907
1712201375374 5594.592972 1908
1712201385532 5595.411538 1909
1712201395689 5599.794457 1910
1712201405829 5603.296701000001 1911
1712201415960 5609.122467000001 1912
1712201426189 5610.829408 1913
1712201436350 5611.730138000001 1914
1712201446538 5612.7571100000005 1915
1712201456676 5614.7208709999995 1916
1712201466829 5616.107968 1917
1712201476986 5617.036617 1918
1712201487120 5618.6801049999995 1919
1712201497358 5619.405235 1920
1712201507525 5629.597958 1921
1712201517683 5640.335544 1922
1712201527826 5641.281942 1923
1712201537977 5643.795638 1924
1712201548144 5645.000265000001 1925
1712201558284 5646.979119 1926
1712201568430 5648.792324 1927
1712201578574 5650.605407000001 1928
1712201588713 5651.365781 1929
1712201598874 5653.004049000001 1930
1712201609034 5655.301841 1931
1712201619172 5657.659524000001 1932
1712201629313 5662.222915 1933
1712201639447 5663.743928 1934
1712201649679 5666.878386 1935
1712201659830 5668.818174 1936
1712201669997 5671.509429 1937
1712201680145 5675.773106000001 1938
1712201690278 5676.620902000001 1939
1712201700427 5677.606008000001 1940
1712201710613 5678.606101000001 1941
1712201720773 5679.5127840000005 1942
1712201730920 5684.739257000001 1943
1712201741083 5686.822292000001 1944
1712201751238 5688.151496 1945
1712201761403 5689.767668 1946
1712201771560 5690.547688000001 1947
1712201781743 5690.848286 1948
1712201791897 5690.857239000001 1949
1712201802136 5690.917025000001 1950
1712201812308 5695.360317000001 1951
1712201822482 5700.7894799999995 1952
1712201832655 5706.036334 1953
1712201842816 5712.088766000001 1954
1712201852990 5719.625462 1955
1712201863137 5726.537722000001 1956
1712201873285 5726.563409 1957
1712201883431 5737.7482199999995 1958
1712201893578 5746.554724 1959
1712201903738 5753.156905 1960
1712201913912 5761.783303 1961
1712201924085 5768.755305000001 1962
1712201934230 5774.743812000001 1963
1712201944302 5779.103875000001 1964
1712201954511 5783.561337000001 1965
1712201964679 5796.553485 1966
1712201974828 5802.328667 1967
1712201984961 5805.857480000001 1968
1712201995102 5806.978014 1969
1712202005240 5808.197040000001 1970
1712202015369 5809.443436 1971
1712202025512 5811.446611000001 1972
1712202035646 5811.459654 1973
1712202045796 5811.482156 1974
1712202055937 5814.089749000001 1975
1712202066070 5818.237822000001 1976
1712202076198 5819.304255999999 1977
1712202086350 5822.267261000001 1978
1712202096490 5823.9726709999995 1979
1712202106696 5824.906266 1980
1712202116835 5826.101005 1981
1712202126954 5827.6520120000005 1982
1712202137082 5828.671910999999 1983
1712202147217 5829.226684000001 1984
1712202157365 5831.016145 1985
1712202167497 5832.116582000001 1986
1712202177645 5833.338586 1987
1712202187796 5834.348693 1988
1712202197928 5835.2235089999995 1989
1712202208080 5835.244558 1990
1712202218202 5835.258545000001 1991
1712202228335 5835.293043 1992
1712202238459 5835.961614 1993
1712202248593 5837.538766 1994
1712202258839 5837.558734 1995
1712202268983 5837.59758 1996
1712202279140 5837.6178629999995 1997
1712202289261 5837.670346000001 1998
1712202299400 5838.606899 1999
1712202309526 5839.856734000001 2000
1712202319667 5840.784370000001 2001
1712202329817 5842.142922000001 2002
1712202339947 5843.801358000001 2003
1712202350089 5844.275874000001 2004
1712202360226 5845.413136000001 2005
1712202370353 5847.666911 2006
1712202380480 5849.226558 2007
1712202390613 5850.872853000001 2008
1712202400742 5852.028224 2009
1712202410914 5854.198410000001 2010
1712202421056 5854.730713000001 2011
1712202431186 5855.491400000001 2012
1712202441263 5856.823722000001 2013
1712202451425 5858.623933000001 2014
1712202461586 5859.9034329999995 2015
1712202471734 5860.642175000001 2016
1712202482017 5862.8096160000005 2017
1712202492173 5863.315430000001 2018
1712202502332 5865.026435 2019
1712202512494 5866.186334 2020
1712202522581 5868.163996000001 2021
1712202532724 5869.572407 2022
1712202542880 5871.441391 2023
1712202553019 5874.162343 2024
1712202563199 5874.992706999999 2025
1712202573360 5875.641618 2026
1712202583508 5877.9605759999995 2027
1712202593655 5880.365404 2028
1712202603805 5880.744424 2029
1712202613944 5885.303957 2030
1712202624094 5887.295676 2031
1712202634295 5890.88026 2032
1712202644438 5894.944527 2033
1712202654571 5899.992235 2034
1712202664699 5905.275820000001 2035
1712202674844 5909.472415 2036
1712202684968 5914.582516 2037
1712202695097 5917.288012000001 2038
1712202705179 5919.038055000001 2039
1712202715316 5920.192343000001 2040
1712202725457 5924.7281060000005 2041
1712202735579 5926.962157 2042
1712202745743 5927.635038 2043
1712202755889 5929.409093 2044
1712202766031 5933.155141000001 2045
1712202776181 5935.466415000001 2046
1712202786411 5939.1127369999995 2047
1712202796553 5944.317595 2048
1712202806690 5950.652605000001 2049
1712202816830 5953.8177749999995 2050
1712202826979 5957.786581 2051
1712202837117 5960.091607 2052
1712202847244 5962.781675 2053
1712202857472 5964.465539000001 2054
1712202867634 5969.191510000001 2055
1712202877766 5969.994178000001 2056
1712202887913 5973.574910000001 2057
1712202898042 5975.781068 2058
1712202908194 5977.868861000001 2059
1712202918342 5980.120777 2060
1712202928514 5981.716831 2061
1712202938779 5983.875264 2062
1712202948907 5985.275010000001 2063
1712202959067 5989.331691000001 2064
1712202969205 5991.989716 2065
1712202979355 5994.752531 2066
1712202989497 6003.162612 2067
1712202999576 6006.887285000001 2068
1712203009734 6009.2536359999995 2069
1712203019907 6011.108055000001 2070
1712203030045 6017.096113 2071
1712203040183 6020.250065 2072
1712203050316 6021.966645 2073
1712203060460 6024.402086 2074
1712203070609 6025.707901 2075
1712203080769 6029.608822 2076
1712203091012 6033.868062 2077
1712203101192 6036.977889 2078
1712203111365 6038.744936000001 2079
1712203121541 6042.875506 2080
1712203131706 6046.137013 2081
1712203141876 6048.797050000001 2082
1712203152055 6058.0001950000005 2083
1712203162257 6060.269761 2084
1712203172533 6063.329508000001 2085
1712203182739 6070.941063 2086
1712203192960 6075.208104000001 2087
1712203203156 6078.3514159999995 2088
1712203213340 6081.5957 2089
1712203223529 6084.499279 2090
1712203233782 6090.182782 2091
1712203244092 6093.713586 2092
1712203254298 6094.81753 2093
1712203264490 6096.469124000001 2094
1712203274693 6104.563652000001 2095
1712203284908 6111.440224 2096
1712203295173 6116.810516 2097
1712203305387 6133.397905 2098
1712203315676 6141.270904000001 2099
1712203325861 6146.827711 2100
1712203336037 6152.823792000001 2101
1712203346197 6164.483190000001 2102
1712203356336 6168.96371 2103
1712203366495 6175.303223000001 2104
1712203376663 6180.768575 2105
1712203386745 6186.605342000001 2106
1712203396991 6189.360712 2107
1712203407229 6195.433226000001 2108
1712203417373 6203.904333 2109
1712203427533 6210.724032 2110
1712203437703 6219.352409000001 2111
1712203447863 6222.621356 2112
1712203458030 6225.423458000001 2113
1712203468288 6226.934723 2114
1712203478455 6231.729207 2115
1712203488626 6233.169501 2116
1712203498799 6236.579362 2117
1712203508931 6240.787368000001 2118
1712203519065 6243.895128 2119
1712203529247 6244.930529000001 2120
1712203539401 6246.946148000001 2121
1712203549559 6248.937621000001 2122
1712203559710 6255.14393 2123
1712203569869 6257.863944000001 2124
1712203580029 6261.253296000001 2125
1712203590185 6267.372403000001 2126
1712203600328 6273.8855060000005 2127
1712203610490 6274.881735000001 2128
1712203620713 6280.286633 2129
1712203630873 6284.112547000001 2130
1712203641036 6284.968091000001 2131
1712203651196 6287.188923 2132
1712203661361 6290.582975000001 2133
1712203671524 6294.857314000001 2134
1712203681670 6298.729289000001 2135
1712203691893 6303.971042000001 2136
1712203702050 6306.725684000001 2137
1712203712203 6310.570546000001 2138
1712203722339 6313.24948 2139
1712203732494 6316.257066 2140
1712203742649 6320.401223000001 2141
1712203752900 6327.549275000001 2142
1712203763066 6331.965610000001 2143
1712203773208 6338.5843700000005 2144
1712203783356 6340.38248 2145
1712203793514 6348.5682130000005 2146
1712203803762 6352.992944 2147
1712203813930 6362.598666 2148
1712203824100 6367.500111000001 2149
1712203834258 6370.569652 2150
1712203844416 6373.646401 2151
1712203854593 6381.938321 2152
1712203864821 6385.55537 2153
1712203875059 6393.981177 2154
1712203885230 6401.734687 2155
1712203895430 6404.191368 2156
1712203905584 6413.065089 2157
1712203915881 6418.976936999999 2158
1712203926056 6423.334491 2159
1712203936238 6429.284074000001 2160
1712203946421 6436.477580000001 2161
1712203956529 6438.395849 2162
1712203966665 6439.026836000001 2163
1712203977037 6441.179852000001 2164
1712203987221 6441.98763 2165
1712203997409 6443.096307 2166
1712204007556 6445.247302 2167
1712204017844 6448.147253000001 2168
1712204028039 6451.607182 2169
1712204038145 6455.061219000001 2170
1712204048380 6456.1186290000005 2171
1712204058512 6458.748486 2172
1712204068643 6459.715597 2173
1712204078852 6463.570586 2174
1712204089086 6464.4449779999995 2175
1712204099221 6465.506901000001 2176
1712204109411 6466.434079000001 2177
1712204119553 6467.648505000001 2178
1712204129850 6472.871148 2179
1712204139947 6477.012581000001 2180
1712204150103 6478.235226000001 2181
1712204160269 6480.964009000001 2182
1712204170512 6485.938118 2183
1712204180665 6490.523532000001 2184
1712204190836 6492.767442 2185
1712204200966 6496.338924 2186
1712204211103 6499.361913000001 2187
1712204221273 6501.992645 2188
1712204231417 6503.888858 2189
1712204241566 6510.441777 2190
1712204251753 6516.541064000001 2191
1712204261995 6520.543389 2192
1712204272141 6522.739238 2193
1712204282305 6532.311312 2194
1712204292456 6537.629885 2195
1712204302714 6544.758698 2196
1712204312857 6546.739036000001 2197
1712204322986 6548.69527 2198
1712204333161 6553.130781 2199
1712204343307 6556.842719 2200
1712204353475 6558.67721 2201
1712204363634 6559.979724000001 2202
1712204373769 6561.348311 2203
1712204383883 6564.964894000001 2204
1712204394163 6568.828573000001 2205
1712204404318 6572.984308000001 2206
1712204414485 6587.466261 2207
1712204424640 6607.1947199999995 2208
1712204434785 6624.684996 2209
1712204444882 6626.418036000001 2210
1712204455077 6628.100628 2211
1712204465241 6628.146876000001 2212
1712204475478 6628.212783000001 2213
1712204485649 6628.244885 2214
1712204495804 6628.601771 2215
1712204505901 6643.886622 2216
1712204516226 6647.121046 2217
1712204526397 6652.2076529999995 2218
1712204536564 6655.7477930000005 2219
1712204546718 6656.940531 2220
1712204556960 6657.54674 2221
1712204567051 6660.105234000001 2222
1712204577257 6663.1966489999995 2223
1712204587435 6664.24993 2224
1712204597594 6666.358707000001 2225
1712204607822 6667.727763000001 2226
1712204617970 6669.610007000001 2227
1712204628153 6672.155111 2228
1712204638300 6673.834145000001 2229
1712204648479 6676.293317 2230
1712204658702 6677.438562000001 2231
1712204668852 6679.064079 2232
1712204679010 6683.603182000001 2233
1712204689199 6689.8799 2234
1712204699441 6692.861441999999 2235
1712204709592 6695.593332 2236
1712204719752 6698.660081 2237
1712204729903 6706.622576 2238
1712204740006 6709.884257 2239
1712204750220 6714.916263000001 2240
1712204760382 6718.942570000001 2241
1712204770614 6721.194514000001 2242
1712204780787 6724.867898 2243
1712204790952 6725.338328 2244
1712204801047 6731.5649809999995 2245
1712204811273 6741.184128000001 2246
1712204821441 6744.961967000001 2247
1712204831683 6751.7977900000005 2248
1712204841842 6753.469716 2249
1712204852013 6755.066519 2250
1712204862098 6760.918138999999 2251
1712204872260 6762.127189000001 2252
1712204882587 6763.9712230000005 2253
1712204892799 6765.481595000001 2254
1712204902987 6766.380577 2255
1712204913159 6768.646052 2256
1712204923368 6770.135658000001 2257
1712204933632 6772.61838 2258
1712204943904 6773.039177000001 2259
1712204954081 6774.833045000001 2260
1712204964289 6777.805759000001 2261
1712204974438 6779.413340000001 2262
1712204984693 6783.600649 2263
1712204994877 6790.975654 2264
1712205005098 6798.608035000001 2265
1712205015284 6801.462136 2266
1712205025465 6808.621529 2267
1712205035634 6811.74632 2268
1712205045925 6813.178336000001 2269
1712205056115 6819.002221000001 2270
1712205066298 6820.289271 2271
1712205076490 6826.035539 2272
1712205086684 6827.479010000001 2273
1712205096958 6828.5945790000005 2274
1712205107119 6833.034176000001 2275
1712205117323 6837.874414 2276
1712205127514 6841.620649 2277
1712205137747 6845.308508 2278
1712205148035 6845.980284000001 2279
1712205158211 6849.175475 2280
1712205168388 6851.298570000001 2281
1712205178564 6853.678696000001 2282
1712205188744 6856.854492 2283
1712205198905 6859.338423000001 2284
1712205209053 6866.416160000001 2285
1712205219222 6871.102495000001 2286
1712205229386 6878.214546000001 2287
1712205239532 6881.2667519999995 2288
1712205249707 6888.1478050000005 2289
1712205259904 6896.259767 2290
1712205270056 6897.331552 2291
1712205280214 6898.058026000001 2292
1712205290346 6906.22884 2293
1712205300495 6910.522875000001 2294
1712205310649 6915.82243 2295
1712205320794 6919.432958000001 2296
1712205330971 6920.822606 2297
1712205341117 6921.5111799999995 2298
1712205351279 6924.0859390000005 2299
1712205361440 6926.993379 2300
1712205371599 6931.965883000001 2301
1712205381732 6936.542349000001 2302
1712205391867 6942.510505 2303
1712205402028 6949.498030000001 2304
1712205412181 6956.187301 2305
1712205422322 6957.669383 2306
1712205432475 6958.738635 2307
1712205442622 6959.883863999999 2308
1712205452778 6963.191403000001 2309
1712205462942 6965.864546000001 2310
1712205473108 6968.621174 2311
1712205483262 6971.812067000001 2312
1712205493438 6978.819165000001 2313
1712205503697 6991.164925000001 2314
1712205513884 6992.1544269999995 2315
1712205524061 6997.813826 2316
1712205534222 7003.8146959999995 2317
1712205544399 7005.560332999999 2318
1712205554594 7010.703090000001 2319
1712205564873 7013.004850000001 2320
1712205575073 7019.23308 2321
1712205585255 7029.137422 2322
1712205595439 7034.089966 2323
1712205605620 7041.392328 2324
1712205615891 7049.554254000001 2325
1712205626102 7052.332744000001 2326
1712205636287 7060.636551 2327
1712205646471 7064.406738 2328
1712205656655 7067.635615000001 2329
1712205666855 7072.030195000001 2330
1712205677038 7077.873533 2331
1712205687318 7093.675000000001 2332
1712205697489 7094.478647 2333
1712205707674 7114.066818000001 2334
1712205717855 7116.525864000001 2335
1712205728039 7118.0248169999995 2336
1712205738224 7120.120566 2337
1712205748403 7122.879395 2338
1712205758662 7125.810737 2339
1712205768855 7128.268969000001 2340
1712205779035 7133.750746 2341
1712205789205 7134.835094 2342
1712205799486 7137.819804000001 2343
1712205809679 7145.665479000001 2344
1712205819859 7146.399957 2345
1712205830032 7147.612392000001 2346
1712205840208 7148.624871 2347
1712205850400 7150.127726000001 2348
1712205860678 7151.7768 2349
1712205870857 7153.470604 2350
1712205881024 7154.455005 2351
1712205891198 7161.7772860000005 2352
1712205901365 7165.362720000001 2353
1712205911552 7171.470150000001 2354
1712205921761 7174.805912 2355
1712205931945 7178.849204 2356
1712205942152 7186.2520700000005 2357
1712205952342 7190.343759000001 2358
1712205962605 7192.521453000001 2359
1712205972792 7194.750393 2360
