1712182080175 65.9 0
1712182090258 87.8 1
1712182100326 78.8 2
1712182110394 78.8 3
1712182120455 78.8 4
1712182130516 78.8 5
1712182140576 78.8 6
1712182150639 78.9 7
1712182160736 78.8 8
1712182170810 78.8 9
1712182180880 78.8 10
1712182190956 78.8 11
1712182201028 78.8 12
1712182211100 78.9 13
1712182221174 78.9 14
1712182231247 78.9 15
1712182241338 78.8 16
1712182251408 78.9 17
1712182261485 78.7 18
1712182271546 78.7 19
1712182281629 78.7 20
1712182291711 78.7 21
1712182301791 78.6 22
1712182311868 78.7 23
1712182321944 72.5 24
1712182332014 75.9 25
1712182342095 76.1 26
1712182352164 76.1 27
1712182362245 76.1 28
1712182372316 76.1 29
1712182382380 76.1 30
1712182392456 76.2 31
1712182402535 76.2 32
1712182412597 76.2 33
1712182422681 76.1 34
1712182432751 76.2 35
1712182442816 76.2 36
1712182452892 76.4 37
1712182462972 76.4 38
1712182473045 76.4 39
1712182483124 76.5 40
1712182493191 76.4 41
1712182503271 76.5 42
1712182513339 76.5 43
1712182523425 76.5 44
1712182533500 75.7 45
1712182543574 75.7 46
1712182553670 75.9 47
1712182563764 75.8 48
1712182573837 75.9 49
1712182583915 75.8 50
1712182594000 75.8 51
1712182604084 75.8 52
1712182614155 76.2 53
1712182624238 76.5 54
1712182634334 76.5 55
1712182644420 76.5 56
1712182654495 76.4 57
1712182664604 76.4 58
1712182674690 76.5 59
1712182684776 76.5 60
1712182694860 76.4 61
1712182704931 76.4 62
1712182715035 76.4 63
1712182725121 76.4 64
1712182735214 76.4 65
1712182745298 76.6 66
1712182755379 76.5 67
1712182765479 76.5 68
1712182775568 76.4 69
1712182785662 76.4 70
1712182795747 76.5 71
1712182805814 76.7 72
1712182815911 76.7 73
1712182826006 76.7 74
1712182836081 76.6 75
1712182846161 76.6 76
1712182856230 76.8 77
1712182866302 76.6 78
1712182876376 76.6 79
1712182886463 76.5 80
1712182896546 76.4 81
1712182906638 76.4 82
1712182916712 76.5 83
1712182926799 76.6 84
1712182936882 76.6 85
1712182946961 76.6 86
1712182957046 76.5 87
1712182967124 76.5 88
1712182977190 76.6 89
1712182987278 76.6 90
1712182997347 76.6 91
1712183007418 76.6 92
1712183017495 76.6 93
1712183027570 76.6 94
1712183037641 76.6 95
1712183047727 76.7 96
1712183057801 76.9 97
1712183067888 76.7 98
1712183077975 76.7 99
1712183088020 77.7 100
1712183098055 78.8 101
1712183108099 78.9 102
1712183118191 78.9 103
1712183128235 78.4 104
1712183138275 78.3 105
1712183148377 78.6 106
1712183158416 78.6 107
1712183168447 78.6 108
1712183178549 78.7 109
1712183188592 78.6 110
1712183198628 78.6 111
1712183208710 78.7 112
1712183218746 78.6 113
1712183228784 78.6 114
1712183238872 78.6 115
1712183248913 78.7 116
1712183258955 78.6 117
1712183269051 78.6 118
1712183279083 78.6 119
1712183289116 78.7 120
1712183299204 78.9 121
1712183309239 78.8 122
1712183319267 78.8 123
1712183329350 78.8 124
1712183339395 78.8 125
1712183349484 75.8 126
1712183359580 77.7 127
1712183369680 77.6 128
1712183379711 77.5 129
1712183389789 77.7 130
1712183399880 77.6 131
1712183409964 77.7 132
1712183420053 77.7 133
1712183430130 77.6 134
1712183440170 77.6 135
1712183450257 77.7 136
1712183460334 78.9 137
1712183470431 78.8 138
1712183480514 78.8 139
1712183490604 78.7 140
1712183500644 78.7 141
1712183510725 78.7 142
1712183520809 79.0 143
1712183530899 79.0 144
1712183540987 78.9 145
1712183551093 78.9 146
1712183561137 78.9 147
1712183571220 78.9 148
1712183581311 79.0 149
1712183591409 79.0 150
1712183601502 79.0 151
1712183611608 79.0 152
1712183621645 78.9 153
1712183631732 78.9 154
1712183641841 78.1 155
1712183651950 78.2 156
1712183662041 78.2 157
1712183672135 78.2 158
1712183682175 78.2 159
1712183692269 78.2 160
1712183702351 78.1 161
1712183712463 78.2 162
1712183722559 78.2 163
1712183732641 78.2 164
1712183742690 78.2 165
1712183752783 78.4 166
1712183762884 78.3 167
1712183772975 78.4 168
1712183783062 78.4 169
1712183793137 78.4 170
1712183803171 78.3 171
1712183813255 78.4 172
1712183823340 78.4 173
1712183833423 78.5 174
1712183843524 78.4 175
1712183853619 78.4 176
1712183863656 78.4 177
1712183873738 78.4 178
1712183883820 78.5 179
1712183893920 78.5 180
1712183904013 78.5 181
1712183914099 78.5 182
1712183924142 78.5 183
1712183934237 78.5 184
1712183944335 78.7 185
1712183954429 78.6 186
1712183964525 78.6 187
1712183974618 78.6 188
1712183984663 78.5 189
1712183994750 78.7 190
1712184004842 78.7 191
1712184014926 78.7 192
1712184025013 78.7 193
1712184035095 78.7 194
1712184045136 78.7 195
1712184055221 78.9 196
1712184065300 78.8 197
1712184075387 78.8 198
1712184085477 78.8 199
1712184095573 78.7 200
1712184105612 78.7 201
1712184115705 78.8 202
1712184125803 78.9 203
1712184135899 78.9 204
1712184145985 78.9 205
1712184156069 78.9 206
1712184166103 78.8 207
1712184176201 78.8 208
1712184186300 78.9 209
1712184196385 78.9 210
1712184206486 78.8 211
1712184216574 78.8 212
1712184226622 78.8 213
1712184236714 78.9 214
1712184246803 79.5 215
1712184256913 76.5 216
1712184267014 76.4 217
1712184277113 76.4 218
1712184287162 76.4 219
1712184297275 76.6 220
1712184307388 76.6 221
1712184317503 76.7 222
1712184327641 76.7 223
1712184337691 76.7 224
1712184347826 77.0 225
1712184357939 77.0 226
1712184368031 77.1 227
1712184378150 77.2 228
1712184388248 77.2 229
1712184398289 77.2 230
1712184408412 77.3 231
1712184418522 77.4 232
1712184428621 77.5 233
1712184438740 77.5 234
1712184448849 77.6 235
1712184458896 77.6 236
1712184468983 77.8 237
1712184479071 79.1 238
1712184489170 79.3 239
1712184499265 79.3 240
1712184509349 79.3 241
1712184519398 79.3 242
1712184529498 79.4 243
1712184539603 79.3 244
1712184549709 79.4 245
1712184559796 79.6 246
1712184569900 79.4 247
1712184579939 79.4 248
1712184590039 79.4 249
1712184600137 79.4 250
1712184610235 79.5 251
1712184620323 79.5 252
1712184630417 79.5 253
1712184640453 79.5 254
1712184650546 79.6 255
1712184660627 79.7 256
1712184670721 79.7 257
1712184680815 79.7 258
1712184690901 79.7 259
1712184700948 79.7 260
1712184711042 79.7 261
1712184721134 79.7 262
1712184731219 79.8 263
1712184741310 79.7 264
1712184751392 79.7 265
1712184761438 79.7 266
1712184771520 79.7 267
1712184781633 79.7 268
1712184791731 79.8 269
1712184801826 79.8 270
1712184811908 79.8 271
1712184821945 79.8 272
1712184832041 79.8 273
1712184842132 79.8 274
1712184852213 79.9 275
1712184862310 79.9 276
1712184872404 79.9 277
1712184882448 79.9 278
1712184892546 79.9 279
1712184902651 79.9 280
1712184912743 79.9 281
1712184922834 79.9 282
1712184932931 79.9 283
1712184942968 79.9 284
1712184953071 80.1 285
1712184963166 80.0 286
1712184973254 80.0 287
1712184983341 80.0 288
1712184993435 80.0 289
1712185003479 80.0 290
1712185013588 79.7 291
1712185023687 79.7 292
1712185033782 79.8 293
1712185043892 79.8 294
1712185053989 79.8 295
1712185064031 79.7 296
1712185074119 79.8 297
1712185084206 79.8 298
1712185094299 79.8 299
1712185104389 79.9 300
1712185114490 79.8 301
1712185124544 79.8 302
1712185134648 79.9 303
1712185144739 79.9 304
1712185154845 76.6 305
1712185164946 78.2 306
1712185175050 78.4 307
1712185185088 78.4 308
1712185195171 78.5 309
1712185205265 78.6 310
1712185215365 78.6 311
1712185225462 78.6 312
1712185235506 78.6 313
1712185245554 80.4 314
1712185255584 81.1 315
1712185265676 81.0 316
1712185275726 80.4 317
1712185285775 80.8 318
1712185295870 81.2 319
1712185305974 80.9 320
1712185316099 80.7 321
1712185326142 80.6 322
1712185336236 80.9 323
1712185346318 80.7 324
1712185356420 80.5 325
1712185366511 80.5 326
1712185376610 80.6 327
1712185386686 80.5 328
1712185396777 80.6 329
1712185406878 80.5 330
1712185416966 80.6 331
1712185427069 80.6 332
1712185437162 80.6 333
1712185447265 80.6 334
1712185457352 80.9 335
1712185467440 80.7 336
1712185477542 80.5 337
1712185487639 80.5 338
1712185497749 80.2 339
1712185507839 80.6 340
1712185517931 80.6 341
1712185528028 80.6 342
1712185538126 80.6 343
1712185548227 80.8 344
1712185558313 80.8 345
1712185568400 80.8 346
1712185578491 80.7 347
1712185588586 80.6 348
1712185598674 80.6 349
1712185608766 80.6 350
1712185618849 80.6 351
1712185628940 80.7 352
1712185639026 80.7 353
1712185649125 80.6 354
1712185659207 80.6 355
1712185669302 80.7 356
1712185679409 80.6 357
1712185689496 80.7 358
1712185699597 80.7 359
1712185709686 80.7 360
1712185719779 80.7 361
1712185729886 80.7 362
1712185739973 80.1 363
1712185750089 80.1 364
1712185760194 80.3 365
1712185770300 80.3 366
1712185780417 80.1 367
1712185790514 80.2 368
1712185800611 80.2 369
1712185810707 80.2 370
1712185820791 80.2 371
1712185830875 80.2 372
1712185840969 80.2 373
1712185851055 80.3 374
1712185861148 80.4 375
1712185871240 80.4 376
1712185881333 81.2 377
1712185891428 81.1 378
1712185901517 81.1 379
1712185911617 81.1 380
1712185921658 81.1 381
1712185931753 82.2 382
1712185941864 81.8 383
1712185951965 81.8 384
1712185962068 81.4 385
1712185972116 81.3 386
1712185982213 82.0 387
1712185992309 81.7 388
1712186002408 81.6 389
1712186012509 81.4 390
1712186022597 81.3 391
1712186032689 81.3 392
1712186042785 81.3 393
1712186052984 81.5 394
1712186063074 81.6 395
1712186073170 81.7 396
1712186083258 81.4 397
1712186093364 81.5 398
1712186103454 81.6 399
1712186113557 81.6 400
1712186123658 81.3 401
1712186133753 81.2 402
1712186143859 81.3 403
1712186153970 81.6 404
1712186164073 81.5 405
1712186174177 76.3 406
1712186184267 79.6 407
1712186194366 80.1 408
1712186204487 80.2 409
1712186214596 80.3 410
1712186224694 80.4 411
1712186234785 80.4 412
1712186244888 80.4 413
1712186254992 80.4 414
1712186265100 80.4 415
1712186275194 80.4 416
1712186285292 80.5 417
1712186295398 80.5 418
1712186305491 80.4 419
1712186315614 80.4 420
1712186325706 80.4 421
1712186335802 80.4 422
1712186345947 80.4 423
1712186356044 80.5 424
1712186366143 80.5 425
1712186376247 80.4 426
1712186386385 80.4 427
1712186396500 80.2 428
1712186406692 80.2 429
1712186416784 80.2 430
1712186426889 80.2 431
1712186437001 80.2 432
1712186447090 80.2 433
1712186457198 80.3 434
1712186467298 80.3 435
1712186477393 80.3 436
1712186487484 80.3 437
1712186497583 80.3 438
1712186507688 80.3 439
1712186517776 80.4 440
1712186527823 81.3 441
1712186537872 82.2 442
1712186547922 82.6 443
1712186557968 83.1 444
1712186568008 82.3 445
1712186578120 81.9 446
1712186588160 81.8 447
1712186598211 81.8 448
1712186608332 81.8 449
1712186618382 81.9 450
1712186628492 79.4 451
1712186638598 79.4 452
1712186648704 79.4 453
1712186658805 79.7 454
1712186668914 79.5 455
1712186678968 79.5 456
1712186689072 79.7 457
1712186699164 79.7 458
1712186709276 79.8 459
1712186719392 79.9 460
1712186729651 79.9 461
1712186739725 79.9 462
1712186749816 80.1 463
1712186759928 79.9 464
1712186770030 80.1 465
1712186780130 80.1 466
1712186790225 80.3 467
1712186800271 79.9 468
1712186810370 80.1 469
1712186820468 80.0 470
1712186830564 80.0 471
1712186840653 80.0 472
1712186850739 80.1 473
1712186860778 80.0 474
1712186870866 80.0 475
1712186880967 80.1 476
1712186891056 80.2 477
1712186901140 80.1 478
1712186911235 80.1 479
1712186921267 80.0 480
1712186931358 80.1 481
1712186941467 80.1 482
1712186951551 80.2 483
1712186961635 80.2 484
1712186971742 80.1 485
1712186981787 80.1 486
1712186991877 80.1 487
1712187001980 80.1 488
1712187012074 80.2 489
1712187022179 80.2 490
1712187032264 80.2 491
1712187042315 80.1 492
1712187052437 81.0 493
1712187062532 81.4 494
1712187072634 81.3 495
1712187082729 76.7 496
1712187092790 79.0 497
1712187102861 80.4 498
1712187112913 81.0 499
1712187123025 80.6 500
1712187133078 80.3 501
1712187143123 80.1 502
1712187153226 80.1 503
1712187163279 80.0 504
1712187173335 80.1 505
1712187183450 80.2 506
1712187193565 80.2 507
1712187203619 80.2 508
1712187213679 80.2 509
1712187223781 80.2 510
1712187233844 80.3 511
1712187243881 80.3 512
1712187253971 80.3 513
1712187264031 80.3 514
1712187274075 80.2 515
1712187284180 80.2 516
1712187294230 80.1 517
1712187304349 80.1 518
1712187314402 80.1 519
1712187324459 80.0 520
1712187334502 80.0 521
1712187344607 80.0 522
1712187354718 80.3 523
1712187364817 80.1 524
1712187374917 80.1 525
1712187385026 80.0 526
1712187395130 80.0 527
1712187405191 80.0 528
1712187415288 80.0 529
1712187425404 80.1 530
1712187435530 80.1 531
1712187445632 80.0 532
1712187455749 80.0 533
1712187465814 79.9 534
1712187475920 79.7 535
1712187486021 79.8 536
1712187496128 79.8 537
1712187506236 79.8 538
1712187516336 79.7 539
1712187526397 79.7 540
1712187536491 79.7 541
1712187546595 78.2 542
1712187556697 78.4 543
1712187566800 78.3 544
1712187576898 78.3 545
1712187586956 78.3 546
1712187597051 78.3 547
1712187607153 78.3 548
1712187617252 78.3 549
1712187627356 78.3 550
1712187637450 78.3 551
1712187647570 78.3 552
1712187657676 78.5 553
1712187667783 78.5 554
1712187677887 78.4 555
1712187687984 78.5 556
1712187698036 78.5 557
1712187708130 78.5 558
1712187718230 78.5 559
1712187728354 78.6 560
1712187738459 78.6 561
1712187748572 78.6 562
1712187758623 78.6 563
1712187768730 78.6 564
1712187778832 78.6 565
1712187788926 78.7 566
1712187799038 78.7 567
1712187809151 78.7 568
1712187819198 78.7 569
1712187829311 78.7 570
1712187839433 78.7 571
1712187849542 78.7 572
1712187859647 78.9 573
1712187869757 78.8 574
1712187879808 78.7 575
1712187889922 78.7 576
1712187900026 78.7 577
1712187910134 78.8 578
1712187920253 78.8 579
1712187930357 78.8 580
1712187940406 78.8 581
1712187950504 78.8 582
1712187960613 78.9 583
1712187970720 78.8 584
1712187980825 76.0 585
1712187990929 77.2 586
1712188000995 77.6 587
1712188011098 77.7 588
1712188021198 77.7 589
1712188031301 77.9 590
1712188041413 77.8 591
1712188051508 77.8 592
1712188061551 77.8 593
1712188071602 77.8 594
1712188081652 79.9 595
1712188091691 81.3 596
1712188101743 80.8 597
1712188111779 80.4 598
1712188121880 80.3 599
1712188131923 80.2 600
1712188142036 80.1 601
1712188152083 80.3 602
1712188162199 80.3 603
1712188172304 80.3 604
1712188182356 80.1 605
1712188192406 80.1 606
1712188202453 81.5 607
1712188212496 82.1 608
1712188222663 81.7 609
1712188232802 81.6 610
1712188242843 81.4 611
1712188253003 81.7 612
1712188263150 81.1 613
1712188273199 81.1 614
1712188283241 81.9 615
1712188293282 81.5 616
1712188303472 81.1 617
1712188313513 81.0 618
1712188323559 81.0 619
1712188333716 81.2 620
1712188343861 81.0 621
1712188354007 80.9 622
1712188364060 81.0 623
1712188374221 82.1 624
1712188384271 82.1 625
1712188394322 82.0 626
1712188404467 81.1 627
1712188414519 80.9 628
1712188424571 81.0 629
1712188434717 80.9 630
1712188444849 78.8 631
1712188454891 78.9 632
1712188465022 78.5 633
1712188475207 78.5 634
1712188485245 78.5 635
1712188495350 78.5 636
1712188505448 78.5 637
1712188515551 78.6 638
1712188525657 78.5 639
1712188535755 78.5 640
1712188545805 78.5 641
1712188555891 78.7 642
1712188565997 78.6 643
1712188576095 78.6 644
1712188586195 78.5 645
1712188596280 78.5 646
1712188606339 78.5 647
1712188616433 78.5 648
1712188626546 78.6 649
1712188636647 78.6 650
1712188646748 78.5 651
1712188656846 78.5 652
1712188666892 78.5 653
1712188677006 78.5 654
1712188687105 78.6 655
1712188697206 78.6 656
1712188707312 79.2 657
1712188717421 79.2 658
1712188727510 79.1 659
1712188737604 79.1 660
1712188747700 77.7 661
1712188757803 77.9 662
1712188767906 77.8 663
1712188777946 77.8 664
1712188788045 77.8 665
1712188798139 77.8 666
1712188808236 77.8 667
1712188818336 77.8 668
1712188828454 77.8 669
1712188838493 77.8 670
1712188848603 77.8 671
1712188858697 77.9 672
1712188868794 77.9 673
1712188878896 77.9 674
1712188888994 75.0 675
1712188899042 76.2 676
1712188909145 76.4 677
1712188919243 76.1 678
1712188929354 76.2 679
1712188939462 76.3 680
1712188949560 76.3 681
1712188959596 76.3 682
1712188969696 76.3 683
1712188979811 75.2 684
1712188989913 75.2 685
1712189000024 75.2 686
1712189010125 75.3 687
1712189020171 75.4 688
1712189030281 75.5 689
1712189040390 75.5 690
1712189050506 75.6 691
1712189060625 75.7 692
1712189070744 75.9 693
1712189080797 75.8 694
1712189090904 76.1 695
1712189101010 76.2 696
1712189111130 76.2 697
1712189121256 76.2 698
1712189131369 76.2 699
1712189141426 76.3 700
1712189151544 76.5 701
1712189161653 76.5 702
1712189171838 76.7 703
1712189181935 76.7 704
1712189192031 76.7 705
1712189202079 76.7 706
1712189212167 76.8 707
1712189222274 76.8 708
1712189232372 76.8 709
1712189242473 76.7 710
1712189252589 76.7 711
1712189262637 76.7 712
1712189272743 76.7 713
1712189282831 76.7 714
1712189292924 76.8 715
1712189303028 76.7 716
1712189313131 76.7 717
1712189323189 76.7 718
1712189333294 76.7 719
1712189343413 76.8 720
1712189353522 76.8 721
1712189363628 76.8 722
1712189373732 76.7 723
1712189383787 76.7 724
1712189393892 76.8 725
1712189403996 76.8 726
1712189414087 76.9 727
1712189424186 76.9 728
1712189434291 76.9 729
1712189444341 76.9 730
1712189454436 77.1 731
1712189464531 77.2 732
1712189474622 77.0 733
1712189484733 77.0 734
1712189494846 77.0 735
1712189504893 77.0 736
1712189514993 77.0 737
1712189525100 77.0 738
1712189535209 77.0 739
1712189545309 76.9 740
1712189555403 77.0 741
1712189565458 76.9 742
1712189575557 77.0 743
1712189585657 77.1 744
1712189595764 77.1 745
1712189605878 77.1 746
1712189615981 77.1 747
1712189626035 77.1 748
1712189636137 77.2 749
1712189646252 77.2 750
1712189656345 77.3 751
1712189666453 77.2 752
1712189676555 77.2 753
1712189686606 77.2 754
1712189696719 77.3 755
1712189706811 77.3 756
1712189716916 77.5 757
1712189727021 77.3 758
1712189737123 77.3 759
1712189747167 77.3 760
1712189757289 77.5 761
1712189767403 77.5 762
1712189777512 77.5 763
1712189787611 71.8 764
1712189797671 75.2 765
1712189807772 75.6 766
1712189817877 75.7 767
1712189827978 75.9 768
1712189838083 75.9 769
1712189848191 75.9 770
1712189858236 75.9 771
1712189868339 75.9 772
1712189878445 75.9 773
1712189888547 75.4 774
1712189898652 75.5 775
1712189908755 75.4 776
1712189918798 75.4 777
1712189928909 75.5 778
1712189939015 75.5 779
1712189949114 75.5 780
1712189959214 75.8 781
1712189969315 75.6 782
1712189979356 75.6 783
1712189989459 75.6 784
1712189999555 75.6 785
1712190009652 75.9 786
1712190019740 75.9 787
1712190029855 75.9 788
1712190039898 75.9 789
1712190050006 75.9 790
1712190060101 76.0 791
1712190070188 76.0 792
1712190080289 76.0 793
1712190090384 75.9 794
1712190100438 75.9 795
1712190110530 76.0 796
1712190120630 75.9 797
1712190130728 76.0 798
1712190140827 76.0 799
1712190150931 75.9 800
1712190160991 75.9 801
1712190171098 76.1 802
1712190181212 76.0 803
1712190191396 76.1 804
1712190201504 76.1 805
1712190211614 76.1 806
1712190221657 76.0 807
1712190231752 76.1 808
1712190241859 76.1 809
1712190251950 76.2 810
1712190262046 76.2 811
1712190272140 76.2 812
1712190282181 76.2 813
1712190292281 76.2 814
1712190302387 76.2 815
1712190312492 76.2 816
1712190322595 76.2 817
1712190332686 76.2 818
1712190342738 76.1 819
1712190352837 76.4 820
1712190362939 76.3 821
1712190373035 76.3 822
1712190383127 76.3 823
1712190393229 76.3 824
1712190403290 76.2 825
1712190413486 76.3 826
1712190423601 76.3 827
1712190433707 76.3 828
1712190443820 76.3 829
1712190453940 76.2 830
1712190463993 76.2 831
1712190474114 76.3 832
1712190484234 76.3 833
1712190494339 76.4 834
1712190504471 76.3 835
1712190514594 76.3 836
1712190524646 76.3 837
1712190534761 76.3 838
1712190544865 76.4 839
1712190554972 76.4 840
1712190565089 76.5 841
1712190575189 76.4 842
1712190585235 76.4 843
1712190595346 76.5 844
1712190605457 76.5 845
1712190615559 76.5 846
1712190625660 76.5 847
1712190635858 76.5 848
1712190645913 76.5 849
1712190656025 77.7 850
1712190666127 77.8 851
1712190676182 78.7 852
1712190686294 78.7 853
1712190696348 78.7 854
1712190706404 78.7 855
1712190716522 79.2 856
1712190726577 79.2 857
1712190736630 79.2 858
1712190746748 79.2 859
1712190756805 79.1 860
1712190766853 79.1 861
1712190776950 79.2 862
1712190786996 79.3 863
1712190797064 79.3 864
1712190807179 79.3 865
1712190817224 79.2 866
1712190827278 79.2 867
1712190837375 79.2 868
1712190847419 79.3 869
1712190857480 79.7 870
1712190867578 79.5 871
1712190877638 77.3 872
1712190887698 78.1 873
1712190897794 77.5 874
1712190907845 77.8 875
1712190917940 77.8 876
1712190928035 77.8 877
1712190938087 77.8 878
1712190948184 77.9 879
1712190958291 78.0 880
1712190968401 78.0 881
1712190978514 78.0 882
1712190988626 78.0 883
1712190998673 77.9 884
1712191008774 78.1 885
1712191018872 78.0 886
1712191028970 78.0 887
1712191039070 78.0 888
1712191049172 78.0 889
1712191059230 78.0 890
1712191069329 78.0 891
1712191079428 78.0 892
1712191089527 78.1 893
1712191099617 78.1 894
1712191109728 78.1 895
1712191119773 78.1 896
1712191129884 78.1 897
1712191139978 78.1 898
1712191150080 77.5 899
1712191160190 77.7 900
1712191170298 77.5 901
1712191180350 77.5 902
1712191190445 77.6 903
1712191200545 77.6 904
1712191210660 77.6 905
1712191220759 77.7 906
1712191230869 77.6 907
1712191240925 77.6 908
1712191251020 77.7 909
1712191261130 77.7 910
1712191271221 77.8 911
1712191281325 77.7 912
1712191291456 77.7 913
1712191301514 77.7 914
1712191311703 77.8 915
1712191321823 75.7 916
1712191331939 76.0 917
1712191342060 76.0 918
1712191352177 76.1 919
1712191362232 76.1 920
1712191372360 76.2 921
1712191382488 76.2 922
1712191392618 76.4 923
1712191402743 76.4 924
1712191412867 76.5 925
1712191422926 76.5 926
1712191433035 76.6 927
1712191443163 76.7 928
1712191453283 76.9 929
1712191463415 76.9 930
1712191473538 76.9 931
1712191483606 76.9 932
1712191493744 77.0 933
1712191503861 77.2 934
1712191514075 77.3 935
1712191524198 77.4 936
1712191534304 77.5 937
1712191544355 77.4 938
1712191554474 77.7 939
1712191564573 77.6 940
1712191574680 77.6 941
1712191584779 77.5 942
1712191594880 77.4 943
1712191604937 77.4 944
1712191615047 77.5 945
1712191625166 77.6 946
1712191635285 77.6 947
1712191645389 77.1 948
1712191655500 77.1 949
1712191665546 77.0 950
1712191675665 77.1 951
1712191685782 77.2 952
1712191695888 77.2 953
1712191706012 77.1 954
1712191716116 77.1 955
1712191726170 77.1 956
1712191736294 77.1 957
1712191746398 77.2 958
1712191756604 77.4 959
1712191766728 77.2 960
1712191776848 73.4 961
1712191786898 75.0 962
1712191797048 75.2 963
1712191807177 75.5 964
1712191817289 75.5 965
1712191827419 75.5 966
1712191837477 75.5 967
1712191847586 75.5 968
1712191857705 75.6 969
1712191867807 75.6 970
1712191877933 75.5 971
1712191888046 76.0 972
1712191898102 75.9 973
1712191908219 76.0 974
1712191918318 75.9 975
1712191928424 76.0 976
1712191938539 76.0 977
1712191948644 76.0 978
1712191958694 75.9 979
1712191968811 76.0 980
1712191978919 76.0 981
1712191989122 76.0 982
1712191999231 76.0 983
1712192009340 76.0 984
1712192019392 75.9 985
1712192029497 76.1 986
1712192039613 76.0 987
1712192049717 76.1 988
1712192059823 76.3 989
1712192069942 76.1 990
1712192080000 76.0 991
1712192090106 76.1 992
1712192100203 76.1 993
1712192110307 76.2 994
1712192120425 76.2 995
1712192130530 76.2 996
1712192140595 76.1 997
1712192150695 76.2 998
1712192160799 76.2 999
1712192170916 76.3 1000
1712192181020 76.2 1001
1712192191117 76.3 1002
1712192201182 76.2 1003
1712192211288 76.3 1004
1712192221387 76.3 1005
1712192231494 76.3 1006
1712192241589 76.3 1007
1712192251706 76.2 1008
1712192261764 76.2 1009
1712192271885 76.3 1010
1712192281993 76.3 1011
1712192292091 76.4 1012
1712192302207 76.3 1013
1712192312318 76.3 1014
1712192322375 76.3 1015
1712192332490 76.3 1016
1712192342594 76.4 1017
1712192352703 76.5 1018
1712192362800 76.4 1019
1712192372907 76.4 1020
1712192382966 76.4 1021
1712192393070 76.5 1022
1712192403138 76.5 1023
1712192413189 78.0 1024
1712192423249 77.9 1025
1712192433378 78.8 1026
1712192443633 79.4 1027
1712192453760 79.2 1028
1712192463884 78.5 1029
1712192474026 78.4 1030
1712192484156 78.4 1031
1712192494298 78.4 1032
1712192504438 78.3 1033
1712192514562 78.4 1034
1712192524697 78.4 1035
1712192534837 78.4 1036
1712192544960 78.3 1037
1712192555087 78.3 1038
1712192565210 78.3 1039
1712192575332 78.3 1040
1712192585460 78.3 1041
1712192595587 78.4 1042
1712192605718 77.9 1043
1712192615845 77.8 1044
1712192625959 77.8 1045
1712192636083 77.8 1046
1712192646209 77.9 1047
1712192656322 78.0 1048
1712192666461 78.0 1049
1712192676576 77.9 1050
1712192686703 78.0 1051
1712192696815 78.0 1052
1712192706937 78.1 1053
1712192717060 78.5 1054
1712192727194 78.3 1055
1712192737330 73.9 1056
1712192747445 77.2 1057
1712192757576 77.6 1058
1712192767698 77.7 1059
1712192777838 77.7 1060
1712192787972 77.6 1061
1712192798087 77.6 1062
1712192808220 77.6 1063
1712192818338 77.5 1064
1712192828450 77.6 1065
1712192838576 77.6 1066
1712192848712 77.6 1067
1712192858838 77.6 1068
1712192868966 77.6 1069
1712192879077 77.2 1070
1712192889189 77.3 1071
1712192899302 77.2 1072
1712192909422 77.2 1073
1712192919546 77.2 1074
1712192929661 77.2 1075
1712192939776 77.3 1076
1712192949904 77.3 1077
1712192960053 77.5 1078
1712192970177 77.3 1079
1712192980298 77.3 1080
1712192990421 77.3 1081
1712193000544 77.3 1082
1712193010666 77.4 1083
1712193020797 77.4 1084
1712193030914 77.4 1085
1712193041071 77.4 1086
1712193051216 77.4 1087
1712193061332 77.4 1088
1712193071448 77.6 1089
1712193081573 77.5 1090
1712193091692 77.5 1091
1712193101833 77.5 1092
1712193111945 77.5 1093
1712193122061 77.5 1094
1712193132171 77.7 1095
1712193142288 77.6 1096
1712193152416 77.6 1097
1712193162548 77.5 1098
1712193172664 77.6 1099
1712193182794 77.6 1100
1712193192941 77.7 1101
1712193203063 77.7 1102
1712193213175 77.6 1103
1712193223309 77.6 1104
1712193233431 77.7 1105
1712193243554 77.7 1106
1712193253691 77.8 1107
1712193263801 77.8 1108
1712193273948 77.8 1109
1712193284081 77.7 1110
1712193294204 77.8 1111
1712193304323 77.8 1112
1712193314441 78.0 1113
1712193324557 77.8 1114
1712193334729 77.8 1115
1712193344864 77.3 1116
1712193354981 77.6 1117
1712193365112 77.5 1118
1712193375235 77.7 1119
1712193385352 77.7 1120
1712193395465 77.7 1121
1712193405577 77.7 1122
1712193415705 77.7 1123
1712193425838 77.9 1124
1712193435955 77.9 1125
1712193446081 77.8 1126
1712193456218 77.8 1127
1712193466342 77.8 1128
1712193476482 77.9 1129
1712193486637 78.1 1130
1712193496784 78.1 1131
1712193506915 78.1 1132
1712193517065 77.9 1133
1712193527199 77.9 1134
1712193537343 78.0 1135
1712193547449 78.0 1136
1712193557572 78.2 1137
1712193567696 78.0 1138
1712193577816 78.1 1139
1712193587927 78.1 1140
1712193598048 78.1 1141
1712193608180 78.3 1142
1712193618299 78.3 1143
1712193628429 78.3 1144
1712193638561 72.4 1145
1712193648684 77.2 1146
1712193658811 77.7 1147
1712193668928 77.8 1148
1712193679053 76.0 1149
1712193689178 76.0 1150
1712193699412 76.0 1151
1712193709534 76.1 1152
1712193719679 76.2 1153
1712193729808 76.3 1154
1712193739950 76.3 1155
1712193750077 76.3 1156
1712193760214 76.3 1157
1712193770333 76.5 1158
1712193780474 76.5 1159
1712193790626 76.6 1160
1712193800756 76.7 1161
1712193810904 76.7 1162
1712193821042 76.7 1163
1712193831176 77.0 1164
1712193841318 76.9 1165
1712193851453 77.0 1166
1712193861593 77.1 1167
1712193871720 77.1 1168
1712193881860 77.1 1169
1712193891986 77.3 1170
1712193902104 77.3 1171
1712193912175 77.4 1172
1712193922281 79.0 1173
1712193932350 78.9 1174
1712193942462 79.3 1175
1712193952586 79.4 1176
1712193962700 79.7 1177
1712193972925 80.1 1178
1712193983057 80.2 1179
1712193993178 80.3 1180
1712194003302 81.4 1181
1712194013429 81.3 1182
1712194023541 81.2 1183
1712194033660 81.3 1184
1712194043778 81.1 1185
1712194053895 81.0 1186
1712194064045 81.0 1187
1712194074147 81.0 1188
1712194084264 81.1 1189
1712194094374 81.1 1190
1712194104475 81.0 1191
1712194114591 81.0 1192
1712194124695 80.9 1193
1712194134812 80.5 1194
1712194144925 80.5 1195
1712194155036 80.5 1196
1712194165163 80.5 1197
1712194175269 80.2 1198
1712194185343 79.8 1199
1712194195486 80.6 1200
1712194205550 82.2 1201
1712194215685 82.5 1202
1712194225805 81.7 1203
1712194235886 81.0 1204
1712194246000 81.0 1205
1712194256067 81.9 1206
1712194266198 82.4 1207
1712194276438 82.7 1208
1712194286505 85.9 1209
1712194296610 82.3 1210
1712194306731 81.8 1211
1712194316844 82.0 1212
1712194326964 81.9 1213
1712194337090 81.8 1214
1712194347211 81.4 1215
1712194357345 81.2 1216
1712194367461 81.1 1217
1712194377577 81.2 1218
1712194387708 81.4 1219
1712194397837 81.4 1220
1712194407961 81.3 1221
1712194418080 81.2 1222
1712194428201 81.3 1223
1712194438319 80.7 1224
1712194448422 80.7 1225
1712194458534 80.8 1226
1712194468589 81.2 1227
1712194478662 81.2 1228
1712194488720 82.6 1229
1712194498798 84.1 1230
1712194508919 82.9 1231
1712194519042 81.9 1232
1712194529176 81.9 1233
1712194539289 81.8 1234
1712194549423 81.3 1235
1712194559531 81.5 1236
1712194569642 81.4 1237
1712194579859 81.3 1238
1712194589989 81.3 1239
1712194600098 81.2 1240
1712194610229 81.2 1241
1712194620357 81.1 1242
1712194630487 80.9 1243
1712194640637 80.9 1244
1712194650750 80.9 1245
1712194660874 80.9 1246
1712194670944 82.2 1247
1712194681077 80.8 1248
1712194691207 81.2 1249
1712194701333 80.5 1250
1712194711464 80.3 1251
1712194721660 80.1 1252
1712194731792 80.1 1253
1712194741932 80.1 1254
1712194752052 80.2 1255
1712194762185 80.2 1256
1712194772306 80.2 1257
1712194782437 80.2 1258
1712194792561 80.2 1259
1712194802678 80.2 1260
1712194812796 80.2 1261
1712194822921 80.1 1262
1712194833043 80.1 1263
1712194843174 80.1 1264
1712194853298 79.8 1265
1712194863418 79.7 1266
1712194873668 79.7 1267
1712194883783 79.9 1268
1712194893904 79.8 1269
1712194904033 73.2 1270
1712194914154 77.6 1271
1712194924281 78.0 1272
1712194934386 78.0 1273
1712194944526 77.8 1274
1712194954653 77.9 1275
1712194964788 77.9 1276
1712194974905 77.9 1277
1712194985022 78.0 1278
1712194995125 78.0 1279
1712195005251 78.0 1280
1712195015473 77.9 1281
1712195025586 77.9 1282
1712195035711 78.0 1283
1712195045826 78.0 1284
1712195055940 78.0 1285
1712195066064 78.0 1286
1712195076176 78.0 1287
1712195086296 78.0 1288
1712195096413 78.0 1289
1712195106538 78.1 1290
1712195116664 78.1 1291
1712195126805 78.1 1292
1712195136929 78.0 1293
1712195147057 78.0 1294
1712195157173 78.2 1295
1712195167298 78.3 1296
1712195177419 78.2 1297
1712195187540 78.2 1298
1712195197651 78.1 1299
1712195207753 78.2 1300
1712195217868 78.1 1301
1712195227986 78.2 1302
1712195238091 78.1 1303
1712195248201 78.2 1304
1712195258309 78.2 1305
1712195268421 78.3 1306
1712195278533 78.3 1307
1712195288644 78.5 1308
1712195298770 78.5 1309
1712195308978 78.5 1310
1712195319130 78.5 1311
1712195329259 78.5 1312
1712195339403 78.5 1313
1712195349522 78.5 1314
1712195359632 78.6 1315
1712195369734 78.5 1316
1712195379856 78.1 1317
1712195389978 78.2 1318
1712195400094 78.2 1319
1712195410227 78.3 1320
1712195420343 78.2 1321
1712195430459 78.3 1322
1712195440578 78.2 1323
1712195450689 78.3 1324
1712195460890 78.3 1325
1712195471009 78.4 1326
1712195481109 78.3 1327
1712195491224 78.3 1328
1712195501348 78.3 1329
1712195511477 78.3 1330
1712195521599 78.3 1331
1712195531733 78.5 1332
1712195541869 78.4 1333
1712195551984 78.3 1334
1712195562103 78.3 1335
1712195572213 78.4 1336
1712195582325 78.4 1337
1712195592434 78.4 1338
1712195602547 78.4 1339
1712195612676 78.3 1340
1712195622782 78.4 1341
1712195632909 78.4 1342
1712195643015 78.4 1343
1712195653136 78.4 1344
1712195663247 78.5 1345
1712195673365 78.5 1346
1712195683475 78.4 1347
1712195693588 78.5 1348
1712195703701 78.6 1349
1712195713827 78.6 1350
1712195723940 78.5 1351
1712195734057 78.5 1352
1712195744175 78.5 1353
1712195754286 78.7 1354
1712195764404 78.6 1355
1712195774512 78.6 1356
1712195784634 78.5 1357
1712195794746 78.5 1358
1712195804855 78.9 1359
1712195814982 77.8 1360
1712195825111 78.4 1361
1712195835232 78.5 1362
1712195845335 78.4 1363
1712195855449 78.4 1364
1712195865567 78.4 1365
1712195875677 78.4 1366
1712195885793 78.5 1367
1712195895928 78.5 1368
1712195906040 78.5 1369
1712195916162 78.5 1370
1712195926278 78.5 1371
1712195936398 78.5 1372
1712195946523 78.6 1373
1712195956642 78.8 1374
1712195966756 78.6 1375
1712195976886 78.6 1376
1712195986990 78.6 1377
1712195997104 78.6 1378
1712196007237 78.7 1379
1712196017332 80.0 1380
1712196027500 80.9 1381
1712196037588 79.6 1382
1712196047755 79.5 1383
1712196057894 79.0 1384
1712196068033 78.9 1385
1712196078182 78.6 1386
1712196088288 78.9 1387
1712196098435 78.8 1388
1712196108589 79.0 1389
1712196118727 79.0 1390
1712196128871 79.0 1391
1712196139033 79.1 1392
1712196149177 79.1 1393
1712196159333 78.8 1394
1712196169492 78.8 1395
1712196179645 78.9 1396
1712196189777 78.9 1397
1712196199921 79.0 1398
1712196210064 78.9 1399
1712196220203 78.9 1400
1712196230363 79.0 1401
1712196240500 78.6 1402
1712196250627 78.7 1403
1712196260769 78.8 1404
1712196270891 78.8 1405
1712196281007 78.9 1406
1712196291140 79.0 1407
1712196301265 78.5 1408
1712196311377 78.8 1409
1712196321512 78.8 1410
1712196331636 78.8 1411
1712196341771 78.7 1412
1712196351890 78.8 1413
1712196362018 78.8 1414
1712196372145 78.9 1415
1712196382259 78.9 1416
1712196392378 78.8 1417
1712196402509 78.8 1418
1712196412624 78.8 1419
1712196422749 78.9 1420
1712196432862 78.9 1421
1712196442998 79.0 1422
1712196453118 78.8 1423
1712196463234 78.8 1424
1712196473349 78.8 1425
1712196483480 78.9 1426
1712196493616 78.8 1427
1712196503740 78.8 1428
1712196513885 78.8 1429
1712196524002 78.8 1430
1712196534122 78.8 1431
1712196544256 78.8 1432
1712196554369 78.9 1433
1712196564495 78.8 1434
1712196574615 78.7 1435
1712196584731 78.8 1436
1712196594866 78.8 1437
1712196604983 78.9 1438
1712196615132 78.9 1439
1712196625282 79.0 1440
1712196635442 78.9 1441
1712196645589 78.9 1442
1712196655717 79.1 1443
1712196665856 79.0 1444
1712196675970 79.1 1445
1712196686108 80.9 1446
1712196696243 81.5 1447
1712196706393 82.4 1448
1712196716572 82.4 1449
1712196726712 82.7 1450
1712196736841 82.8 1451
1712196747051 82.5 1452
1712196757189 82.4 1453
1712196767342 82.4 1454
1712196777502 82.4 1455
1712196787633 82.4 1456
1712196797770 82.4 1457
1712196807909 82.4 1458
1712196818059 82.3 1459
1712196828199 82.3 1460
1712196838339 82.3 1461
1712196848568 82.3 1462
1712196858718 82.6 1463
1712196868857 82.4 1464
1712196878975 82.2 1465
1712196889107 82.2 1466
1712196899246 82.2 1467
1712196909377 82.3 1468
1712196919521 82.3 1469
1712196929657 81.9 1470
1712196939869 81.6 1471
1712196950003 81.6 1472
1712196960144 81.6 1473
1712196970272 81.7 1474
1712196980404 81.7 1475
1712196990547 81.5 1476
1712197000724 81.5 1477
1712197010909 82.9 1478
1712197021046 82.8 1479
1712197031182 82.7 1480
1712197041325 81.0 1481
1712197051450 80.9 1482
1712197061620 80.8 1483
1712197071777 80.9 1484
1712197081946 80.8 1485
1712197092068 80.9 1486
1712197102221 80.8 1487
1712197112380 80.8 1488
1712197122516 80.7 1489
1712197132656 80.8 1490
1712197142804 80.8 1491
1712197152948 80.9 1492
1712197163091 80.5 1493
1712197173229 80.5 1494
1712197183485 80.5 1495
1712197193665 80.5 1496
1712197203809 80.5 1497
1712197213939 80.7 1498
1712197224093 81.4 1499
1712197234267 81.2 1500
1712197244435 81.3 1501
1712197254591 81.4 1502
1712197264771 81.4 1503
1712197274969 81.4 1504
1712197285146 81.3 1505
1712197295326 81.2 1506
1712197305517 81.2 1507
1712197315649 81.3 1508
1712197325782 81.3 1509
1712197335935 81.3 1510
1712197346080 81.3 1511
1712197356242 81.2 1512
1712197366388 81.2 1513
1712197376527 81.3 1514
1712197386656 81.3 1515
1712197396787 81.3 1516
1712197406919 81.3 1517
1712197417065 81.3 1518
1712197427206 81.3 1519
1712197437350 77.2 1520
1712197447507 79.0 1521
1712197457663 78.8 1522
1712197467794 78.0 1523
1712197477937 78.1 1524
1712197488087 78.2 1525
1712197498241 78.1 1526
1712197508394 78.2 1527
1712197518529 78.2 1528
1712197528673 78.2 1529
1712197538816 78.9 1530
1712197548953 78.9 1531
1712197559121 78.9 1532
1712197569257 78.9 1533
1712197579531 78.9 1534
1712197589689 79.0 1535
1712197599853 78.9 1536
1712197609989 79.0 1537
1712197620147 79.0 1538
1712197630294 79.2 1539
1712197640426 79.1 1540
1712197650596 79.2 1541
1712197660746 79.1 1542
1712197670902 79.1 1543
1712197681070 79.1 1544
1712197691318 79.2 1545
1712197701483 79.2 1546
1712197711638 79.3 1547
1712197721797 79.1 1548
1712197731958 79.1 1549
1712197742116 78.7 1550
1712197752264 78.8 1551
1712197762412 77.5 1552
1712197772569 77.5 1553
1712197782730 77.5 1554
1712197792887 77.5 1555
1712197803114 77.5 1556
1712197813260 77.6 1557
1712197823419 77.5 1558
1712197833563 77.5 1559
1712197843744 77.6 1560
1712197853884 78.5 1561
1712197864064 78.9 1562
1712197874218 78.8 1563
1712197884377 78.8 1564
1712197894522 78.7 1565
1712197904784 78.8 1566
1712197914970 79.2 1567
1712197925126 79.1 1568
1712197935281 79.1 1569
1712197945461 79.1 1570
1712197955628 79.1 1571
1712197965764 79.0 1572
1712197975914 79.1 1573
1712197986065 79.1 1574
1712197996214 79.1 1575
1712198006367 79.1 1576
1712198016529 79.1 1577
1712198026713 79.1 1578
1712198036851 79.2 1579
1712198047000 79.2 1580
1712198057135 78.7 1581
1712198067274 78.5 1582
1712198077449 78.5 1583
1712198087607 78.5 1584
1712198097777 78.5 1585
1712198107919 78.6 1586
1712198118164 78.6 1587
1712198128314 78.6 1588
1712198138497 78.6 1589
1712198148636 78.6 1590
1712198158794 78.7 1591
1712198168957 78.7 1592
1712198179142 78.7 1593
1712198189308 78.7 1594
1712198199448 78.7 1595
1712198209534 80.2 1596
1712198219869 81.2 1597
1712198230047 80.9 1598
1712198240175 80.6 1599
1712198250285 80.9 1600
1712198260429 80.7 1601
1712198270544 80.6 1602
1712198280661 83.8 1603
1712198290832 83.6 1604
1712198300945 83.4 1605
1712198311062 82.3 1606
1712198321237 82.0 1607
1712198331384 82.1 1608
1712198341545 82.1 1609
1712198351792 81.9 1610
1712198361946 81.9 1611
1712198372115 81.9 1612
1712198382193 81.5 1613
1712198392391 81.5 1614
1712198402580 80.7 1615
1712198412696 80.7 1616
1712198422890 81.0 1617
1712198433072 80.6 1618
1712198443168 80.3 1619
1712198453451 81.0 1620
1712198463630 81.0 1621
1712198473799 81.0 1622
1712198483955 81.0 1623
1712198494126 81.0 1624
1712198504215 81.0 1625
1712198514409 81.0 1626
1712198524571 81.1 1627
1712198534747 81.1 1628
1712198544904 81.1 1629
1712198555170 81.1 1630
1712198565290 81.2 1631
1712198575464 81.3 1632
1712198585647 81.4 1633
1712198595828 81.6 1634
1712198605974 81.7 1635
1712198616129 81.7 1636
1712198626209 81.7 1637
1712198636392 81.7 1638
1712198646538 76.9 1639
1712198656755 77.8 1640
1712198666884 77.2 1641
1712198677039 77.3 1642
1712198687129 77.2 1643
1712198697301 77.2 1644
1712198707451 77.2 1645
1712198717578 77.2 1646
1712198727708 77.2 1647
1712198737825 77.1 1648
1712198747966 77.2 1649
1712198758102 77.2 1650
1712198768328 77.2 1651
1712198778463 77.2 1652
1712198788599 77.2 1653
1712198798673 77.2 1654
1712198808853 77.3 1655
1712198818980 77.2 1656
1712198829122 77.2 1657
1712198839248 77.1 1658
1712198849401 77.1 1659
1712198859491 77.1 1660
1712198869780 77.2 1661
1712198879935 77.2 1662
1712198890088 77.3 1663
1712198900238 77.3 1664
1712198910379 77.2 1665
1712198920501 77.2 1666
1712198930647 77.2 1667
1712198940782 77.2 1668
1712198950920 77.8 1669
1712198961055 76.4 1670
1712198971205 76.5 1671
1712198981298 76.4 1672
1712198991471 76.4 1673
1712199001646 76.6 1674
1712199011793 76.6 1675
1712199021955 76.7 1676
1712199032116 76.8 1677
1712199042219 76.7 1678
1712199052369 76.8 1679
1712199062510 76.9 1680
1712199072658 76.9 1681
1712199082891 76.8 1682
1712199093024 76.8 1683
1712199103107 76.7 1684
1712199113261 76.8 1685
1712199123407 76.8 1686
1712199133557 76.8 1687
1712199143721 76.8 1688
1712199153868 76.8 1689
1712199163973 76.8 1690
1712199174138 76.9 1691
1712199184280 76.9 1692
1712199194426 76.9 1693
1712199204587 76.8 1694
1712199214727 76.9 1695
1712199224801 76.9 1696
1712199234952 76.9 1697
1712199245088 76.9 1698
1712199255217 76.9 1699
1712199265360 76.9 1700
1712199275507 76.9 1701
1712199285578 76.9 1702
1712199295844 77.0 1703
1712199305977 77.0 1704
1712199316109 77.0 1705
1712199326261 77.0 1706
1712199336391 77.0 1707
1712199346474 76.9 1708
1712199356605 77.3 1709
1712199366753 77.3 1710
1712199376917 77.3 1711
1712199387085 77.2 1712
1712199397315 77.9 1713
1712199407423 77.8 1714
1712199417572 77.9 1715
1712199427708 77.9 1716
1712199437853 77.9 1717
1712199447992 77.9 1718
1712199458066 77.9 1719
1712199468199 77.9 1720
1712199478345 77.9 1721
1712199488488 77.9 1722
1712199498622 77.9 1723
1712199508766 77.9 1724
1712199518841 77.9 1725
1712199528960 78.0 1726
1712199539089 78.0 1727
1712199549222 78.0 1728
1712199559339 78.1 1729
1712199569464 78.0 1730
1712199579539 78.1 1731
1712199589660 78.2 1732
1712199599788 78.7 1733
1712199609908 77.2 1734
1712199620030 77.6 1735
1712199630152 77.3 1736
1712199640236 77.2 1737
1712199650354 77.4 1738
1712199660488 77.4 1739
1712199670620 77.5 1740
1712199680747 77.4 1741
1712199690874 77.4 1742
1712199700936 77.4 1743
1712199711066 77.5 1744
1712199721195 77.4 1745
1712199731315 77.6 1746
1712199741454 77.5 1747
1712199751591 77.4 1748
1712199761657 77.4 1749
1712199771790 77.5 1750
1712199781916 77.5 1751
1712199792036 77.6 1752
1712199802168 77.5 1753
1712199812285 77.6 1754
1712199822365 77.5 1755
1712199832600 77.6 1756
1712199842730 77.6 1757
1712199852849 77.7 1758
1712199862992 76.4 1759
1712199873174 76.5 1760
1712199883245 76.9 1761
1712199893376 76.9 1762
1712199903503 76.9 1763
1712199913622 77.0 1764
1712199923755 76.9 1765
1712199933977 76.9 1766
1712199944048 76.8 1767
1712199954173 77.0 1768
1712199964293 76.9 1769
1712199974412 76.9 1770
1712199984544 76.9 1771
1712199994657 76.9 1772
1712200004726 76.9 1773
1712200014851 77.0 1774
1712200024968 77.0 1775
1712200035090 77.0 1776
1712200045208 77.0 1777
1712200055326 76.9 1778
1712200065411 76.8 1779
1712200075533 76.8 1780
1712200085666 77.0 1781
1712200095801 77.0 1782
1712200105933 77.0 1783
1712200116084 77.0 1784
1712200126151 77.0 1785
1712200136297 77.0 1786
1712200146446 77.0 1787
1712200156595 77.2 1788
1712200166732 77.1 1789
1712200176862 77.1 1790
1712200186925 76.9 1791
1712200197041 77.0 1792
1712200207191 77.1 1793
1712200217318 77.2 1794
1712200227463 77.2 1795
1712200237576 78.7 1796
1712200247733 79.8 1797
1712200257869 79.3 1798
1712200268049 79.2 1799
1712200278216 78.6 1800
1712200288359 78.5 1801
1712200298511 78.5 1802
1712200308783 78.6 1803
1712200318937 78.5 1804
1712200329078 78.6 1805
1712200339219 78.6 1806
1712200349367 78.6 1807
1712200359510 78.5 1808
1712200369645 78.6 1809
1712200379788 78.6 1810
1712200389935 78.6 1811
1712200400075 78.6 1812
1712200410222 78.7 1813
1712200420383 78.6 1814
1712200430552 78.8 1815
1712200440689 78.0 1816
1712200450832 78.0 1817
1712200460978 78.1 1818
1712200471118 78.1 1819
1712200481274 78.1 1820
1712200491429 78.2 1821
1712200501581 78.5 1822
1712200511728 76.5 1823
1712200521861 77.2 1824
1712200532112 77.2 1825
1712200542237 77.2 1826
1712200552373 77.3 1827
1712200562573 77.3 1828
1712200572715 77.4 1829
1712200582871 77.3 1830
1712200593051 77.3 1831
1712200603190 77.3 1832
1712200613330 77.4 1833
1712200623473 77.4 1834
1712200633609 77.5 1835
1712200643755 77.4 1836
1712200653916 77.3 1837
1712200664075 77.3 1838
1712200674225 77.4 1839
1712200684477 77.5 1840
1712200694614 77.5 1841
1712200704744 77.4 1842
1712200714900 77.4 1843
1712200725043 77.4 1844
1712200735189 77.5 1845
1712200745347 77.5 1846
1712200755505 76.9 1847
1712200765652 77.1 1848
1712200775830 77.1 1849
1712200785990 76.7 1850
1712200796151 76.9 1851
1712200806312 77.0 1852
1712200816478 77.2 1853
1712200826634 77.2 1854
1712200836884 77.2 1855
1712200847050 77.3 1856
1712200857198 77.4 1857
1712200867363 77.5 1858
1712200877526 77.5 1859
1712200887687 77.6 1860
1712200897844 77.6 1861
1712200908098 77.7 1862
1712200918260 77.7 1863
1712200928427 77.9 1864
1712200938592 77.9 1865
1712200948753 77.9 1866
1712200958905 77.9 1867
1712200969058 78.0 1868
1712200979302 78.1 1869
1712200989458 78.1 1870
1712200999598 78.1 1871
1712201009751 78.1 1872
1712201019931 78.1 1873
1712201030063 78.2 1874
1712201040215 78.1 1875
1712201050352 78.2 1876
1712201060488 78.2 1877
1712201070627 78.2 1878
1712201080790 78.1 1879
1712201090933 78.1 1880
1712201101098 78.1 1881
1712201111251 78.2 1882
1712201121395 78.1 1883
1712201131553 78.1 1884
1712201141709 78.1 1885
1712201151851 78.2 1886
1712201162001 78.2 1887
1712201172148 78.3 1888
1712201182300 78.2 1889
1712201192459 78.2 1890
1712201202702 78.1 1891
1712201212859 78.2 1892
1712201223006 78.2 1893
1712201233157 78.3 1894
1712201243302 78.2 1895
1712201253437 78.2 1896
1712201263574 78.1 1897
1712201273807 78.3 1898
1712201283954 78.4 1899
1712201294099 78.4 1900
1712201304247 78.3 1901
1712201314389 78.3 1902
1712201324541 78.3 1903
1712201334744 78.3 1904
1712201344899 78.4 1905
1712201355063 78.5 1906
1712201365227 78.5 1907
1712201375374 78.1 1908
1712201385532 78.1 1909
1712201395689 78.1 1910
1712201405829 78.5 1911
1712201415960 75.9 1912
1712201426189 76.4 1913
1712201436350 76.4 1914
1712201446538 76.5 1915
1712201456676 77.6 1916
1712201466829 77.7 1917
1712201476986 77.6 1918
1712201487120 77.5 1919
1712201497358 77.5 1920
1712201507525 77.6 1921
1712201517683 77.9 1922
1712201527826 77.8 1923
1712201537977 77.8 1924
1712201548144 77.8 1925
1712201558284 77.8 1926
1712201568430 77.8 1927
1712201578574 77.8 1928
1712201588713 77.9 1929
1712201598874 77.9 1930
1712201609034 77.8 1931
1712201619172 77.7 1932
1712201629313 77.8 1933
1712201639447 77.8 1934
1712201649679 77.9 1935
1712201659830 78.1 1936
1712201669997 77.9 1937
1712201680145 77.9 1938
1712201690278 77.9 1939
1712201700427 77.9 1940
1712201710613 78.0 1941
1712201720773 78.0 1942
1712201730920 77.9 1943
1712201741083 77.9 1944
1712201751238 78.0 1945
1712201761403 78.0 1946
1712201771560 78.1 1947
1712201781743 78.0 1948
1712201791897 78.0 1949
1712201802136 77.9 1950
1712201812308 78.1 1951
1712201822482 78.1 1952
1712201832655 78.3 1953
1712201842816 78.4 1954
1712201852990 78.3 1955
1712201863137 78.3 1956
1712201873285 78.5 1957
1712201883431 78.5 1958
1712201893578 78.6 1959
1712201903738 78.4 1960
1712201913912 78.5 1961
1712201924085 78.3 1962
1712201934230 78.6 1963
1712201944302 80.3 1964
1712201954511 80.3 1965
1712201964679 80.5 1966
1712201974828 80.0 1967
1712201984961 80.2 1968
1712201995102 80.1 1969
1712202005240 80.1 1970
1712202015369 80.3 1971
1712202025512 80.2 1972
1712202035646 80.2 1973
1712202045796 80.1 1974
1712202055937 80.1 1975
1712202066070 80.3 1976
1712202076198 80.1 1977
1712202086350 80.0 1978
1712202096490 79.9 1979
1712202106696 79.9 1980
1712202116835 80.0 1981
1712202126954 80.0 1982
1712202137082 80.2 1983
1712202147217 79.7 1984
1712202157365 79.7 1985
1712202167497 79.9 1986
1712202177645 79.8 1987
1712202187796 80.0 1988
1712202197928 79.9 1989
1712202208080 80.0 1990
1712202218202 80.0 1991
1712202228335 79.9 1992
1712202238459 80.0 1993
1712202248593 79.9 1994
1712202258839 80.0 1995
1712202268983 79.1 1996
1712202279140 79.3 1997
1712202289261 79.2 1998
1712202299400 79.4 1999
1712202309526 80.0 2000
1712202319667 80.1 2001
1712202329817 80.1 2002
1712202339947 79.9 2003
1712202350089 80.0 2004
1712202360226 80.0 2005
1712202370353 80.0 2006
1712202380480 80.0 2007
1712202390613 79.9 2008
1712202400742 79.9 2009
1712202410914 80.0 2010
1712202421056 81.0 2011
1712202431186 81.7 2012
1712202441263 81.3 2013
1712202451425 81.2 2014
1712202461586 81.4 2015
1712202471734 81.8 2016
1712202482017 81.6 2017
1712202492173 81.6 2018
1712202502332 81.1 2019
1712202512494 81.1 2020
1712202522581 81.6 2021
1712202532724 82.7 2022
1712202542880 83.3 2023
1712202553019 82.0 2024
1712202563199 81.1 2025
1712202573360 81.7 2026
1712202583508 85.4 2027
1712202593655 85.2 2028
1712202603805 85.0 2029
1712202613944 83.9 2030
1712202624094 83.4 2031
1712202634295 85.9 2032
1712202644438 86.9 2033
1712202654571 86.6 2034
1712202664699 84.8 2035
1712202674844 83.8 2036
1712202684968 83.8 2037
1712202695097 83.8 2038
1712202705179 83.7 2039
1712202715316 84.6 2040
1712202725457 84.4 2041
1712202735579 83.6 2042
1712202745743 83.6 2043
1712202755889 84.4 2044
1712202766031 85.1 2045
1712202776181 84.5 2046
1712202786411 84.4 2047
1712202796553 84.3 2048
1712202806690 84.1 2049
1712202816830 84.2 2050
1712202826979 84.2 2051
1712202837117 84.2 2052
1712202847244 84.3 2053
1712202857472 84.4 2054
1712202867634 83.4 2055
1712202877766 83.3 2056
1712202887913 83.3 2057
1712202898042 83.1 2058
1712202908194 83.5 2059
1712202918342 86.8 2060
1712202928514 87.8 2061
1712202938779 86.9 2062
1712202948907 86.8 2063
1712202959067 87.6 2064
1712202969205 88.2 2065
1712202979355 86.0 2066
1712202989497 86.1 2067
1712202999576 85.8 2068
1712203009734 88.0 2069
1712203019907 89.5 2070
1712203030045 85.6 2071
1712203040183 85.0 2072
1712203050316 84.7 2073
1712203060460 84.2 2074
1712203070609 84.0 2075
1712203080769 83.2 2076
1712203091012 83.7 2077
1712203101192 83.0 2078
1712203111365 83.7 2079
1712203121541 82.3 2080
1712203131706 82.5 2081
1712203141876 81.8 2082
1712203152055 82.0 2083
1712203162257 82.4 2084
1712203172533 82.2 2085
1712203182739 81.3 2086
1712203192960 81.2 2087
1712203203156 81.7 2088
1712203213340 81.3 2089
1712203223529 81.2 2090
1712203233782 81.1 2091
1712203244092 82.3 2092
1712203254298 82.4 2093
1712203264490 82.5 2094
1712203274693 82.8 2095
1712203284908 82.1 2096
1712203295173 82.6 2097
1712203305387 83.7 2098
1712203315676 84.9 2099
1712203325861 84.0 2100
1712203336037 83.4 2101
1712203346197 83.3 2102
1712203356336 83.2 2103
1712203366495 83.1 2104
1712203376663 83.4 2105
1712203386745 84.9 2106
1712203396991 83.6 2107
1712203407229 84.9 2108
1712203417373 84.1 2109
1712203427533 84.1 2110
1712203437703 83.7 2111
1712203447863 83.7 2112
1712203458030 83.9 2113
1712203468288 83.7 2114
1712203478455 83.7 2115
1712203488626 83.7 2116
1712203498799 83.3 2117
1712203508931 83.2 2118
1712203519065 83.3 2119
1712203529247 83.3 2120
1712203539401 83.2 2121
1712203549559 83.2 2122
1712203559710 83.2 2123
1712203569869 83.4 2124
1712203580029 83.5 2125
1712203590185 83.1 2126
1712203600328 83.0 2127
1712203610490 82.6 2128
1712203620713 82.4 2129
1712203630873 82.5 2130
1712203641036 82.4 2131
1712203651196 82.4 2132
1712203661361 82.4 2133
1712203671524 82.4 2134
1712203681670 82.4 2135
1712203691893 82.5 2136
1712203702050 82.4 2137
1712203712203 82.4 2138
1712203722339 82.6 2139
1712203732494 82.6 2140
1712203742649 82.6 2141
1712203752900 82.6 2142
1712203763066 77.4 2143
1712203773208 78.3 2144
1712203783356 78.3 2145
1712203793514 78.4 2146
1712203803762 78.4 2147
1712203813930 78.6 2148
1712203824100 78.6 2149
1712203834258 78.5 2150
1712203844416 78.7 2151
1712203854593 78.8 2152
1712203864821 79.9 2153
1712203875059 80.6 2154
1712203885230 80.3 2155
1712203895430 79.8 2156
1712203905584 79.6 2157
1712203915881 79.6 2158
1712203926056 79.7 2159
1712203936238 79.7 2160
1712203946421 79.6 2161
1712203956529 79.6 2162
1712203966665 80.7 2163
1712203977037 80.8 2164
1712203987221 80.9 2165
1712203997409 80.3 2166
1712204007556 80.8 2167
1712204017844 81.0 2168
1712204028039 80.6 2169
1712204038145 80.6 2170
1712204048380 80.4 2171
1712204058512 80.4 2172
1712204068643 79.2 2173
1712204078852 79.3 2174
1712204089086 79.5 2175
1712204099221 79.4 2176
1712204109411 79.4 2177
1712204119553 79.3 2178
1712204129850 78.9 2179
1712204139947 78.9 2180
1712204150103 78.9 2181
1712204160269 79.0 2182
1712204170512 79.0 2183
1712204180665 79.0 2184
1712204190836 79.0 2185
1712204200966 79.1 2186
1712204211103 79.0 2187
1712204221273 79.3 2188
1712204231417 79.3 2189
1712204241566 79.3 2190
1712204251753 79.3 2191
1712204261995 79.8 2192
1712204272141 79.5 2193
1712204282305 79.4 2194
1712204292456 79.5 2195
1712204302714 79.4 2196
1712204312857 78.9 2197
1712204322986 78.8 2198
1712204333161 78.8 2199
1712204343307 79.0 2200
1712204353475 78.9 2201
1712204363634 79.0 2202
1712204373769 77.3 2203
1712204383883 77.1 2204
1712204394163 77.1 2205
1712204404318 77.2 2206
1712204414485 77.4 2207
1712204424640 77.4 2208
1712204434785 77.4 2209
1712204444882 77.4 2210
1712204455077 77.8 2211
1712204465241 77.7 2212
1712204475478 77.6 2213
1712204485649 77.7 2214
1712204495804 77.6 2215
1712204505901 77.5 2216
1712204516226 77.6 2217
1712204526397 77.7 2218
1712204536564 77.7 2219
1712204546718 77.7 2220
1712204556960 77.6 2221
1712204567051 77.6 2222
1712204577257 77.7 2223
1712204587435 77.8 2224
1712204597594 77.7 2225
1712204607822 77.7 2226
1712204617970 77.7 2227
1712204628153 77.8 2228
1712204638300 77.8 2229
1712204648479 77.8 2230
1712204658702 78.6 2231
1712204668852 75.8 2232
1712204679010 74.9 2233
1712204689199 75.1 2234
1712204699441 75.2 2235
1712204709592 75.2 2236
1712204719752 75.2 2237
1712204729903 75.2 2238
1712204740006 75.2 2239
1712204750220 75.4 2240
1712204760382 75.4 2241
1712204770614 75.4 2242
1712204780787 75.4 2243
1712204790952 75.3 2244
1712204801047 75.3 2245
1712204811273 75.4 2246
1712204821441 75.4 2247
1712204831683 75.4 2248
1712204841842 75.4 2249
1712204852013 75.4 2250
1712204862098 75.3 2251
1712204872260 75.5 2252
1712204882587 77.8 2253
1712204892799 77.4 2254
1712204902987 77.5 2255
1712204913159 77.3 2256
1712204923368 77.1 2257
1712204933632 77.0 2258
1712204943904 77.2 2259
1712204954081 77.2 2260
1712204964289 77.1 2261
1712204974438 77.1 2262
1712204984693 77.2 2263
1712204994877 77.2 2264
1712205005098 77.2 2265
1712205015284 77.2 2266
1712205025465 77.1 2267
1712205035634 77.1 2268
1712205045925 77.3 2269
1712205056115 78.1 2270
1712205066298 78.9 2271
1712205076490 78.8 2272
1712205086684 78.8 2273
1712205096958 78.7 2274
1712205107119 78.9 2275
1712205117323 79.0 2276
1712205127514 79.1 2277
1712205137747 79.1 2278
1712205148035 79.2 2279
1712205158211 79.4 2280
1712205168388 79.5 2281
1712205178564 79.5 2282
1712205188744 79.5 2283
1712205198905 79.5 2284
1712205209053 79.5 2285
1712205219222 79.4 2286
1712205229386 79.5 2287
1712205239532 79.6 2288
1712205249707 79.7 2289
1712205259904 79.8 2290
1712205270056 79.7 2291
1712205280214 77.9 2292
1712205290346 77.8 2293
1712205300495 77.8 2294
1712205310649 77.8 2295
1712205320794 77.8 2296
1712205330971 78.0 2297
1712205341117 78.0 2298
1712205351279 78.1 2299
1712205361440 78.1 2300
1712205371599 78.1 2301
1712205381732 78.1 2302
1712205391867 78.1 2303
1712205402028 78.0 2304
1712205412181 78.1 2305
1712205422322 78.2 2306
1712205432475 78.2 2307
1712205442622 78.2 2308
1712205452778 78.1 2309
1712205462942 77.7 2310
1712205473108 77.7 2311
1712205483262 77.8 2312
1712205493438 78.4 2313
1712205503697 78.4 2314
1712205513884 78.4 2315
1712205524061 78.5 2316
1712205534222 78.7 2317
1712205544399 78.9 2318
1712205554594 78.9 2319
1712205564873 71.4 2320
1712205575073 69.8 2321
1712205585255 69.9 2322
1712205595439 70.1 2323
1712205605620 70.3 2324
1712205615891 70.5 2325
1712205626102 70.5 2326
1712205636287 70.7 2327
1712205646471 70.8 2328
1712205656655 71.1 2329
1712205666855 71.1 2330
1712205677038 71.3 2331
1712205687318 71.4 2332
1712205697489 71.5 2333
1712205707674 71.6 2334
1712205717855 71.6 2335
1712205728039 71.7 2336
1712205738224 71.7 2337
1712205748403 71.8 2338
1712205758662 71.8 2339
1712205768855 72.0 2340
1712205779035 72.1 2341
1712205789205 72.2 2342
1712205799486 72.3 2343
1712205809679 72.4 2344
1712205819859 72.3 2345
1712205830032 72.3 2346
1712205840208 72.3 2347
1712205850400 72.3 2348
1712205860678 72.4 2349
1712205870857 72.3 2350
1712205881024 72.3 2351
1712205891198 72.3 2352
1712205901365 72.5 2353
1712205911552 72.4 2354
1712205921761 72.4 2355
1712205931945 72.3 2356
1712205942152 72.3 2357
1712205952342 72.4 2358
1712205962605 72.3 2359
1712205972792 72.4 2360
