1712182080175 11108.6 0
1712182090258 14813.7 1
1712182100326 13286.0 2
1712182110394 13292.2 3
1712182120455 13284.2 4
1712182130516 13295.2 5
1712182140576 13293.4 6
1712182150639 13299.6 7
1712182160736 13289.7 8
1712182170810 13291.0 9
1712182180880 13287.3 10
1712182190956 13299.3 11
1712182201028 13296.2 12
1712182211100 13315.6 13
1712182221174 13304.3 14
1712182231247 13300.0 15
1712182241338 13297.5 16
1712182251408 13308.8 17
1712182261485 13275.0 18
1712182271546 13280.6 19
1712182281629 13274.1 20
1712182291711 13266.7 21
1712182301791 13261.4 22
1712182311868 13270.1 23
1712182321944 12232.2 24
1712182332014 12800.8 25
1712182342095 12830.0 26
1712182352164 12842.6 27
1712182362245 12834.0 28
1712182372316 12840.7 29
1712182382380 12842.4 30
1712182392456 12856.1 31
1712182402535 12848.5 32
1712182412597 12851.6 33
1712182422681 12843.2 34
1712182432751 12857.0 35
1712182442816 12860.1 36
1712182452892 12888.2 37
1712182462972 12884.4 38
1712182473045 12881.3 39
1712182483124 12899.6 40
1712182493191 12883.4 41
1712182503271 12896.6 42
1712182513339 12897.5 43
1712182523425 12901.8 44
1712182533500 12776.0 45
1712182543574 12760.7 46
1712182553670 12801.9 47
1712182563764 12787.7 48
1712182573837 12798.8 49
1712182583915 12788.5 50
1712182594000 12787.2 51
1712182604084 12780.7 52
1712182614155 12857.3 53
1712182624238 12909.3 54
1712182634334 12899.5 55
1712182644420 12900.4 56
1712182654495 12889.5 57
1712182664604 12885.2 58
1712182674690 12895.3 59
1712182684776 12896.4 60
1712182694860 12889.3 61
1712182704931 12888.8 62
1712182715035 12890.7 63
1712182725121 12885.5 64
1712182735214 12894.3 65
1712182745298 12916.6 66
1712182755379 12899.0 67
1712182765479 12901.8 68
1712182775568 12891.2 69
1712182785662 12890.4 70
1712182795747 12896.3 71
1712182805814 12933.6 72
1712182815911 12938.0 73
1712182826006 12930.7 74
1712182836081 12928.4 75
1712182846161 12926.1 76
1712182856230 12952.9 77
1712182866302 12918.5 78
1712182876376 12912.9 79
1712182886463 12905.4 80
1712182896546 12892.4 81
1712182906638 12894.3 82
1712182916712 12903.8 83
1712182926799 12919.5 84
1712182936882 12921.5 85
1712182946961 12913.8 86
1712182957046 12905.1 87
1712182967124 12904.5 88
1712182977190 12916.3 89
1712182987278 12925.2 90
1712182997347 12925.4 91
1712183007418 12921.2 92
1712183017495 12913.5 93
1712183027570 12925.9 94
1712183037641 12927.4 95
1712183047727 12938.6 96
1712183057801 12967.5 97
1712183067888 12944.5 98
1712183077975 12932.3 99
1712183088020 13113.6 100
1712183098055 13293.7 101
1712183108099 13311.8 102
1712183118191 13315.0 103
1712183128235 13226.1 104
1712183138275 13203.9 105
1712183148377 13263.4 106
1712183158416 13258.2 107
1712183168447 13262.8 108
1712183178549 13268.6 109
1712183188592 13262.1 110
1712183198628 13252.8 111
1712183208710 13270.8 112
1712183218746 13256.5 113
1712183228784 13265.1 114
1712183238872 13256.0 115
1712183248913 13266.1 116
1712183258955 13262.4 117
1712183269051 13263.2 118
1712183279083 13261.7 119
1712183289116 13271.0 120
1712183299204 13302.9 121
1712183309239 13290.2 122
1712183319267 13283.1 123
1712183329350 13287.0 124
1712183339395 13285.8 125
1712183349484 12790.1 126
1712183359580 13098.7 127
1712183369680 13082.1 128
1712183379711 13075.8 129
1712183389789 13105.6 130
1712183399880 13090.5 131
1712183409964 13108.5 132
1712183420053 13101.4 133
1712183430130 13096.9 134
1712183440170 13092.9 135
1712183450257 13112.5 136
1712183460334 13305.6 137
1712183470431 13290.6 138
1712183480514 13283.8 139
1712183490604 13270.0 140
1712183500644 13267.4 141
1712183510725 13281.6 142
1712183520809 13316.7 143
1712183530899 13319.5 144
1712183540987 13315.5 145
1712183551093 13311.2 146
1712183561137 13304.9 147
1712183571220 13309.8 148
1712183581311 13317.0 149
1712183591409 13328.6 150
1712183601502 13320.0 151
1712183611608 13318.4 152
1712183621645 13300.5 153
1712183631732 13314.7 154
1712183641841 13165.8 155
1712183651950 13189.9 156
1712183662041 13191.0 157
1712183672135 13186.1 158
1712183682175 13182.7 159
1712183692269 13182.6 160
1712183702351 13175.3 161
1712183712463 13196.0 162
1712183722559 13190.3 163
1712183732641 13185.5 164
1712183742690 13186.5 165
1712183752783 13224.4 166
1712183762884 13203.5 167
1712183772975 13229.5 168
1712183783062 13219.0 169
1712183793137 13221.8 170
1712183803171 13213.0 171
1712183813255 13222.6 172
1712183823340 13231.3 173
1712183833423 13234.2 174
1712183843524 13228.7 175
1712183853619 13225.9 176
1712183863656 13222.6 177
1712183873738 13229.6 178
1712183883820 13240.8 179
1712183893920 13246.2 180
1712183904013 13240.4 181
1712183914099 13237.3 182
1712183924142 13236.6 183
1712183934237 13246.7 184
1712183944335 13267.0 185
1712183954429 13263.2 186
1712183964525 13254.7 187
1712183974618 13249.7 188
1712183984663 13248.5 189
1712183994750 13270.1 190
1712184004842 13277.3 191
1712184014926 13280.6 192
1712184025013 13273.2 193
1712184035095 13267.4 194
1712184045136 13266.5 195
1712184055221 13311.7 196
1712184065300 13295.6 197
1712184075387 13295.1 198
1712184085477 13287.6 199
1712184095573 13275.2 200
1712184105612 13275.3 201
1712184115705 13299.2 202
1712184125803 13309.8 203
1712184135899 13312.6 204
1712184145985 13305.6 205
1712184156069 13300.0 206
1712184166103 13298.2 207
1712184176201 13298.1 208
1712184186300 13309.2 209
1712184196385 13306.4 210
1712184206486 13296.1 211
1712184216574 13289.7 212
1712184226622 13293.4 213
1712184236714 13305.3 214
1712184246803 13403.0 215
1712184256913 12904.1 216
1712184267014 12889.8 217
1712184277113 12879.7 218
1712184287162 12892.7 219
1712184297275 12911.8 220
1712184307388 12924.8 221
1712184317503 12929.6 222
1712184327641 12940.2 223
1712184337691 12944.8 224
1712184347826 12980.0 225
1712184357939 12985.3 226
1712184368031 13006.1 227
1712184378150 13020.3 228
1712184388248 13018.2 229
1712184398289 13022.0 230
1712184408412 13042.9 231
1712184418522 13052.1 232
1712184428621 13070.2 233
1712184438740 13074.8 234
1712184448849 13081.1 235
1712184458896 13090.3 236
1712184468983 13114.0 237
1712184479071 13338.5 238
1712184489170 13379.6 239
1712184499265 13377.4 240
1712184509349 13375.0 241
1712184519398 13369.6 242
1712184529498 13388.3 243
1712184539603 13382.2 244
1712184549709 13392.7 245
1712184559796 13420.4 246
1712184569900 13390.8 247
1712184579939 13388.4 248
1712184590039 13399.0 249
1712184600137 13400.3 250
1712184610235 13411.4 251
1712184620323 13411.0 252
1712184630417 13406.2 253
1712184640453 13414.0 254
1712184650546 13425.8 255
1712184660627 13438.3 256
1712184670721 13445.0 257
1712184680815 13438.3 258
1712184690901 13436.9 259
1712184700948 13438.1 260
1712184711042 13443.8 261
1712184721134 13446.9 262
1712184731219 13457.0 263
1712184741310 13449.8 264
1712184751392 13450.6 265
1712184761438 13445.4 266
1712184771520 13448.4 267
1712184781633 13447.5 268
1712184791731 13457.4 269
1712184801826 13453.4 270
1712184811908 13454.7 271
1712184821945 13453.0 272
1712184832041 13457.1 273
1712184842132 13458.0 274
1712184852213 13474.6 275
1712184862310 13476.7 276
1712184872404 13474.8 277
1712184882448 13470.9 278
1712184892546 13474.0 279
1712184902651 13474.7 280
1712184912743 13482.6 281
1712184922834 13480.8 282
1712184932931 13481.3 283
1712184942968 13477.0 284
1712184953071 13514.4 285
1712184963166 13491.9 286
1712184973254 13500.5 287
1712184983341 13496.8 288
1712184993435 13495.8 289
1712185003479 13493.5 290
1712185013588 13436.1 291
1712185023687 13437.7 292
1712185033782 13455.2 293
1712185043892 13452.2 294
1712185053989 13452.9 295
1712185064031 13446.7 296
1712185074119 13453.4 297
1712185084206 13465.2 298
1712185094299 13467.0 299
1712185104389 13469.8 300
1712185114490 13467.4 301
1712185124544 13460.9 302
1712185134648 13468.9 303
1712185144739 13481.7 304
1712185154845 12917.1 305
1712185164946 13198.1 306
1712185175050 13220.8 307
1712185185088 13219.5 308
1712185195171 13236.5 309
1712185205265 13255.4 310
1712185215365 13259.5 311
1712185225462 13257.9 312
1712185235506 13250.2 313
1712185245554 13569.1 314
1712185255584 13679.1 315
1712185265676 13665.5 316
1712185275726 13565.9 317
1712185285775 13626.9 318
1712185295870 13693.5 319
1712185305974 13651.2 320
1712185316099 13617.1 321
1712185326142 13600.9 322
1712185336236 13651.8 323
1712185346318 13615.7 324
1712185356420 13582.8 325
1712185366511 13583.4 326
1712185376610 13587.8 327
1712185386686 13572.9 328
1712185396777 13591.8 329
1712185406878 13585.5 330
1712185416966 13587.5 331
1712185427069 13587.2 332
1712185437162 13588.6 333
1712185447265 13596.6 334
1712185457352 13640.9 335
1712185467440 13617.3 336
1712185477542 13576.4 337
1712185487639 13579.6 338
1712185497749 13534.7 339
1712185507839 13599.2 340
1712185517931 13596.1 341
1712185528028 13600.4 342
1712185538126 13599.0 343
1712185548227 13634.1 344
1712185558313 13633.5 345
1712185568400 13632.6 346
1712185578491 13607.7 347
1712185588586 13597.2 348
1712185598674 13598.6 349
1712185608766 13600.2 350
1712185618849 13592.2 351
1712185628940 13607.3 352
1712185639026 13603.2 353
1712185649125 13597.5 354
1712185659207 13594.2 355
1712185669302 13607.5 356
1712185679409 13602.2 357
1712185689496 13616.8 358
1712185699597 13613.4 359
1712185709686 13604.7 360
1712185719779 13607.3 361
1712185729886 13614.3 362
1712185739973 13513.4 363
1712185750089 13517.7 364
1712185760194 13550.0 365
1712185770300 13541.5 366
1712185780417 13508.8 367
1712185790514 13521.3 368
1712185800611 13520.2 369
1712185810707 13525.4 370
1712185820791 13528.9 371
1712185830875 13527.5 372
1712185840969 13534.1 373
1712185851055 13537.1 374
1712185861148 13552.9 375
1712185871240 13558.9 376
1712185881333 13704.2 377
1712185891428 13682.4 378
1712185901517 13679.5 379
1712185911617 13680.9 380
1712185921658 13678.6 381
1712185931753 13856.2 382
1712185941864 13802.4 383
1712185951965 13795.5 384
1712185962068 13737.8 385
1712185972116 13709.1 386
1712185982213 13838.8 387
1712185992309 13779.4 388
1712186002408 13767.0 389
1712186012509 13737.5 390
1712186022597 13705.5 391
1712186032689 13715.8 392
1712186042785 13714.5 393
1712186052984 13741.1 394
1712186063074 13759.5 395
1712186073170 13778.1 396
1712186083258 13736.7 397
1712186093364 13746.4 398
1712186103454 13756.2 399
1712186113557 13771.5 400
1712186123658 13714.0 401
1712186133753 13700.2 402
1712186143859 13705.0 403
1712186153970 13769.2 404
1712186164073 13752.8 405
1712186174177 12866.4 406
1712186184267 13429.9 407
1712186194366 13517.3 408
1712186204487 13529.4 409
1712186214596 13536.8 410
1712186224694 13569.3 411
1712186234785 13567.0 412
1712186244888 13561.7 413
1712186254992 13559.7 414
1712186265100 13557.9 415
1712186275194 13565.6 416
1712186285292 13571.2 417
1712186295398 13574.5 418
1712186305491 13566.6 419
1712186315614 13561.8 420
1712186325706 13560.8 421
1712186335802 13564.5 422
1712186345947 13565.0 423
1712186356044 13575.2 424
1712186366143 13574.3 425
1712186376247 13560.8 426
1712186386385 13561.8 427
1712186396500 13519.3 428
1712186406692 13522.8 429
1712186416784 13530.1 430
1712186426889 13528.6 431
1712186437001 13524.8 432
1712186447090 13525.6 433
1712186457198 13545.4 434
1712186467298 13549.9 435
1712186477393 13548.9 436
1712186487484 13548.5 437
1712186497583 13543.2 438
1712186507688 13547.2 439
1712186517776 13555.2 440
1712186527823 13706.6 441
1712186537872 13865.2 442
1712186547922 13924.8 443
1712186557968 14015.4 444
1712186568008 13880.9 445
1712186578120 13814.1 446
1712186588160 13799.5 447
1712186598211 13799.0 448
1712186608332 13795.1 449
1712186618382 13805.6 450
1712186628492 13396.3 451
1712186638598 13391.6 452
1712186648704 13399.4 453
1712186658805 13435.8 454
1712186668914 13411.1 455
1712186678968 13416.3 456
1712186689072 13435.5 457
1712186699164 13445.4 458
1712186709276 13463.1 459
1712186719392 13469.3 460
1712186729651 13477.8 461
1712186739725 13480.1 462
1712186749816 13513.3 463
1712186759928 13480.8 464
1712186770030 13505.9 465
1712186780130 13515.4 466
1712186790225 13540.2 467
1712186800271 13476.6 468
1712186810370 13503.1 469
1712186820468 13498.7 470
1712186830564 13499.1 471
1712186840653 13501.5 472
1712186850739 13504.7 473
1712186860778 13501.1 474
1712186870866 13501.8 475
1712186880967 13505.7 476
1712186891056 13522.3 477
1712186901140 13511.1 478
1712186911235 13508.8 479
1712186921267 13498.7 480
1712186931358 13508.4 481
1712186941467 13505.4 482
1712186951551 13520.6 483
1712186961635 13524.2 484
1712186971742 13515.6 485
1712186981787 13509.1 486
1712186991877 13513.9 487
1712187001980 13516.7 488
1712187012074 13529.4 489
1712187022179 13521.1 490
1712187032264 13524.5 491
1712187042315 13508.0 492
1712187052437 13659.2 493
1712187062532 13723.9 494
1712187072634 13715.2 495
1712187082729 12941.6 496
1712187092790 13324.5 497
1712187102861 13555.9 498
1712187112913 13668.1 499
1712187123025 13593.6 500
1712187133078 13551.2 501
1712187143123 13502.9 502
1712187153226 13505.8 503
1712187163279 13496.5 504
1712187173335 13503.8 505
1712187183450 13522.3 506
1712187193565 13529.4 507
1712187203619 13530.8 508
1712187213679 13525.2 509
1712187223781 13525.5 510
1712187233844 13536.1 511
1712187243881 13536.9 512
1712187253971 13547.8 513
1712187264031 13548.7 514
1712187274075 13527.4 515
1712187284180 13525.8 516
1712187294230 13507.8 517
1712187304349 13508.1 518
1712187314402 13506.3 519
1712187324459 13500.0 520
1712187334502 13490.4 521
1712187344607 13496.2 522
1712187354718 13541.8 523
1712187364817 13506.1 524
1712187374917 13508.6 525
1712187385026 13499.5 526
1712187395130 13489.7 527
1712187405191 13487.9 528
1712187415288 13500.6 529
1712187425404 13512.9 530
1712187435530 13513.8 531
1712187445632 13499.6 532
1712187455749 13485.3 533
1712187465814 13484.4 534
1712187475920 13444.3 535
1712187486021 13461.0 536
1712187496128 13463.0 537
1712187506236 13454.4 538
1712187516336 13437.0 539
1712187526397 13438.7 540
1712187536491 13446.7 541
1712187546595 13195.3 542
1712187556697 13229.1 543
1712187566800 13207.5 544
1712187576898 13201.9 545
1712187586956 13200.2 546
1712187597051 13209.5 547
1712187607153 13211.3 548
1712187617252 13212.1 549
1712187627356 13212.3 550
1712187637450 13209.6 551
1712187647570 13214.8 552
1712187657676 13234.4 553
1712187667783 13237.4 554
1712187677887 13224.9 555
1712187687984 13233.4 556
1712187698036 13232.6 557
1712187708130 13242.5 558
1712187718230 13242.8 559
1712187728354 13251.7 560
1712187738459 13254.9 561
1712187748572 13254.6 562
1712187758623 13250.7 563
1712187768730 13261.1 564
1712187778832 13258.3 565
1712187788926 13265.9 566
1712187799038 13267.3 567
1712187809151 13266.2 568
1712187819198 13266.4 569
1712187829311 13268.2 570
1712187839433 13269.2 571
1712187849542 13277.6 572
1712187859647 13313.3 573
1712187869757 13284.3 574
1712187879808 13278.1 575
1712187889922 13266.7 576
1712187900026 13274.8 577
1712187910134 13292.0 578
1712187920253 13291.6 579
1712187930357 13293.2 580
1712187940406 13289.2 581
1712187950504 13294.2 582
1712187960613 13301.4 583
1712187970720 13299.2 584
1712187980825 12814.1 585
1712187990929 13014.0 586
1712188000995 13084.5 587
1712188011098 13110.9 588
1712188021198 13106.0 589
1712188031301 13131.6 590
1712188041413 13119.9 591
1712188051508 13114.2 592
1712188061551 13116.3 593
1712188071602 13128.4 594
1712188081652 13478.2 595
1712188091691 13720.0 596
1712188101743 13635.0 597
1712188111779 13556.7 598
1712188121880 13539.1 599
1712188131923 13522.2 600
1712188142036 13517.6 601
1712188152083 13537.3 602
1712188162199 13538.4 603
1712188172304 13540.0 604
1712188182356 13514.3 605
1712188192406 13516.8 606
1712188202453 13747.9 607
1712188212496 13841.4 608
1712188222663 13788.5 609
1712188232802 13765.7 610
1712188242843 13737.1 611
1712188253003 13778.4 612
1712188263150 13674.3 613
1712188273199 13685.8 614
1712188283241 13818.1 615
1712188293282 13743.9 616
1712188303472 13678.3 617
1712188313513 13655.7 618
1712188323559 13659.9 619
1712188333716 13690.8 620
1712188343861 13661.8 621
1712188354007 13653.4 622
1712188364060 13658.7 623
1712188374221 13841.6 624
1712188384271 13840.9 625
1712188394322 13822.6 626
1712188404467 13685.2 627
1712188414519 13648.6 628
1712188424571 13655.7 629
1712188434717 13649.1 630
1712188444849 13285.2 631
1712188454891 13310.9 632
1712188465022 13246.6 633
1712188475207 13245.7 634
1712188485245 13239.5 635
1712188495350 13243.9 636
1712188505448 13247.9 637
1712188515551 13261.2 638
1712188525657 13242.0 639
1712188535755 13235.9 640
1712188545805 13233.3 641
1712188555891 13268.8 642
1712188565997 13257.1 643
1712188576095 13258.9 644
1712188586195 13247.4 645
1712188596280 13239.7 646
1712188606339 13242.7 647
1712188616433 13234.7 648
1712188626546 13252.4 649
1712188636647 13249.5 650
1712188646748 13243.4 651
1712188656846 13238.9 652
1712188666892 13240.9 653
1712188677006 13240.3 654
1712188687105 13252.5 655
1712188697206 13250.0 656
1712188707312 13365.9 657
1712188717421 13354.9 658
1712188727510 13336.4 659
1712188737604 13336.1 660
1712188747700 13107.1 661
1712188757803 13139.0 662
1712188767906 13119.3 663
1712188777946 13127.2 664
1712188788045 13125.9 665
1712188798139 13121.9 666
1712188808236 13127.3 667
1712188818336 13129.0 668
1712188828454 13122.6 669
1712188838493 13119.2 670
1712188848603 13129.4 671
1712188858697 13131.8 672
1712188868794 13146.5 673
1712188878896 13143.5 674
1712188888994 12645.9 675
1712188899042 12849.9 676
1712188909145 12880.9 677
1712188919243 12832.9 678
1712188929354 12856.3 679
1712188939462 12870.8 680
1712188949560 12870.0 681
1712188959596 12862.0 682
1712188969696 12870.2 683
1712188979811 12679.1 684
1712188989913 12686.7 685
1712189000024 12689.4 686
1712189010125 12706.6 687
1712189020171 12715.9 688
1712189030281 12733.5 689
1712189040390 12734.8 690
1712189050506 12749.2 691
1712189060625 12764.5 692
1712189070744 12795.2 693
1712189080797 12791.8 694
1712189090904 12836.8 695
1712189101010 12854.5 696
1712189111130 12850.8 697
1712189121256 12855.4 698
1712189131369 12860.1 699
1712189141426 12866.1 700
1712189151544 12894.8 701
1712189161653 12907.2 702
1712189171838 12932.8 703
1712189181935 12931.3 704
1712189192031 12942.5 705
1712189202079 12936.6 706
1712189212167 12945.4 707
1712189222274 12947.8 708
1712189232372 12951.8 709
1712189242473 12939.7 710
1712189252589 12938.5 711
1712189262637 12930.0 712
1712189272743 12936.9 713
1712189282831 12934.9 714
1712189292924 12949.2 715
1712189303028 12937.7 716
1712189313131 12938.8 717
1712189323189 12933.1 718
1712189333294 12944.5 719
1712189343413 12955.4 720
1712189353522 12956.7 721
1712189363628 12954.4 722
1712189373732 12944.9 723
1712189383787 12937.9 724
1712189393892 12957.0 725
1712189403996 12956.3 726
1712189414087 12970.9 727
1712189424186 12976.6 728
1712189434291 12970.8 729
1712189444341 12962.4 730
1712189454436 13007.7 731
1712189464531 13020.2 732
1712189474622 12989.0 733
1712189484733 12981.6 734
1712189494846 12980.2 735
1712189504893 12980.6 736
1712189514993 12979.7 737
1712189525100 12994.3 738
1712189535209 12987.6 739
1712189545309 12978.5 740
1712189555403 12981.5 741
1712189565458 12975.0 742
1712189575557 12988.4 743
1712189585657 12996.6 744
1712189595764 13009.5 745
1712189605878 13002.3 746
1712189615981 13001.8 747
1712189626035 13005.4 748
1712189636137 13015.0 749
1712189646252 13022.6 750
1712189656345 13034.5 751
1712189666453 13025.4 752
1712189676555 13018.9 753
1712189686606 13022.7 754
1712189696719 13030.7 755
1712189706811 13041.1 756
1712189716916 13070.4 757
1712189727021 13042.2 758
1712189737123 13040.2 759
1712189747167 13040.7 760
1712189757289 13066.6 761
1712189767403 13068.4 762
1712189777512 13064.6 763
1712189787611 12107.8 764
1712189797671 12680.0 765
1712189807772 12757.5 766
1712189817877 12768.7 767
1712189827978 12795.9 768
1712189838083 12803.8 769
1712189848191 12802.4 770
1712189858236 12801.1 771
1712189868339 12805.9 772
1712189878445 12800.8 773
1712189888547 12721.2 774
1712189898652 12727.2 775
1712189908755 12726.0 776
1712189918798 12722.0 777
1712189928909 12729.1 778
1712189939015 12727.1 779
1712189949114 12738.2 780
1712189959214 12777.1 781
1712189969315 12756.4 782
1712189979356 12744.8 783
1712189989459 12758.7 784
1712189999555 12755.7 785
1712190009652 12795.8 786
1712190019740 12802.7 787
1712190029855 12800.2 788
1712190039898 12801.3 789
1712190050006 12808.8 790
1712190060101 12824.5 791
1712190070188 12812.7 792
1712190080289 12816.8 793
1712190090384 12810.1 794
1712190100438 12803.7 795
1712190110530 12815.6 796
1712190120630 12805.7 797
1712190130728 12817.9 798
1712190140827 12814.1 799
1712190150931 12809.6 800
1712190160991 12809.8 801
1712190171098 12831.6 802
1712190181212 12824.9 803
1712190191396 12831.0 804
1712190201504 12827.8 805
1712190211614 12827.4 806
1712190221657 12822.7 807
1712190231752 12834.7 808
1712190241859 12836.0 809
1712190251950 12844.4 810
1712190262046 12855.4 811
1712190272140 12852.2 812
1712190282181 12846.7 813
1712190292281 12849.0 814
1712190302387 12852.4 815
1712190312492 12860.3 816
1712190322595 12848.9 817
1712190332686 12847.3 818
1712190342738 12841.0 819
1712190352837 12878.5 820
1712190362939 12866.4 821
1712190373035 12868.3 822
1712190383127 12863.8 823
1712190393229 12862.1 824
1712190403290 12851.4 825
1712190413486 12866.0 826
1712190423601 12872.6 827
1712190433707 12862.1 828
1712190443820 12863.3 829
1712190453940 12853.1 830
1712190463993 12860.6 831
1712190474114 12868.1 832
1712190484234 12877.5 833
1712190494339 12878.8 834
1712190504471 12871.7 835
1712190514594 12868.0 836
1712190524646 12867.4 837
1712190534761 12871.1 838
1712190544865 12885.4 839
1712190554972 12888.0 840
1712190565089 12895.9 841
1712190575189 12889.6 842
1712190585235 12886.7 843
1712190595346 12900.1 844
1712190605457 12906.8 845
1712190615559 12907.7 846
1712190625660 12905.7 847
1712190635858 12902.2 848
1712190645913 12899.3 849
1712190656025 13107.0 850
1712190666127 13127.4 851
1712190676182 13280.3 852
1712190686294 13271.3 853
1712190696348 13275.4 854
1712190706404 13281.3 855
1712190716522 13354.9 856
1712190726577 13353.5 857
1712190736630 13354.7 858
1712190746748 13352.4 859
1712190756805 13345.9 860
1712190766853 13340.4 861
1712190776950 13351.1 862
1712190786996 13381.8 863
1712190797064 13381.9 864
1712190807179 13368.2 865
1712190817224 13365.0 866
1712190827278 13358.5 867
1712190837375 13362.9 868
1712190847419 13373.9 869
1712190857480 13443.6 870
1712190867578 13410.4 871
1712190877638 13029.7 872
1712190887698 13172.2 873
1712190897794 13080.0 874
1712190907845 13122.7 875
1712190917940 13124.9 876
1712190928035 13129.2 877
1712190938087 13120.5 878
1712190948184 13138.9 879
1712190958291 13155.2 880
1712190968401 13154.7 881
1712190978514 13157.9 882
1712190988626 13148.6 883
1712190998673 13144.4 884
1712191008774 13166.3 885
1712191018872 13150.4 886
1712191028970 13163.0 887
1712191039070 13161.5 888
1712191049172 13161.7 889
1712191059230 13153.3 890
1712191069329 13162.9 891
1712191079428 13161.7 892
1712191089527 13171.1 893
1712191099617 13174.8 894
1712191109728 13175.5 895
1712191119773 13167.3 896
1712191129884 13179.9 897
1712191139978 13179.3 898
1712191150080 13074.2 899
1712191160190 13109.1 900
1712191170298 13078.7 901
1712191180350 13073.9 902
1712191190445 13092.9 903
1712191200545 13081.8 904
1712191210660 13092.4 905
1712191220759 13099.5 906
1712191230869 13096.6 907
1712191240925 13090.1 908
1712191251020 13100.2 909
1712191261130 13107.1 910
1712191271221 13114.4 911
1712191281325 13110.1 912
1712191291456 13108.8 913
1712191301514 13103.3 914
1712191311703 13114.8 915
1712191321823 12776.0 916
1712191331939 12816.0 917
1712191342060 12812.1 918
1712191352177 12827.6 919
1712191362232 12832.8 920
1712191372360 12848.8 921
1712191382488 12859.2 922
1712191392618 12881.2 923
1712191402743 12882.3 924
1712191412867 12900.3 925
1712191422926 12899.2 926
1712191433035 12919.2 927
1712191443163 12933.2 928
1712191453283 12962.4 929
1712191463415 12968.6 930
1712191473538 12971.1 931
1712191483606 12978.5 932
1712191493744 12994.8 933
1712191503861 13022.9 934
1712191514075 13044.1 935
1712191524198 13057.9 936
1712191534304 13064.8 937
1712191544355 13061.4 938
1712191554474 13103.8 939
1712191564573 13087.4 940
1712191574680 13083.3 941
1712191584779 13067.9 942
1712191594880 13063.0 943
1712191604937 13055.8 944
1712191615047 13064.6 945
1712191625166 13084.1 946
1712191635285 13081.1 947
1712191645389 13000.3 948
1712191655500 12999.5 949
1712191665546 12994.7 950
1712191675665 13006.6 951
1712191685782 13013.5 952
1712191695888 13019.4 953
1712191706012 13001.5 954
1712191716116 13004.4 955
1712191726170 13004.6 956
1712191736294 13011.6 957
1712191746398 13023.0 958
1712191756604 13056.0 959
1712191766728 13015.3 960
1712191776848 12375.5 961
1712191786898 12648.1 962
1712191797048 12682.2 963
1712191807177 12736.7 964
1712191817289 12737.7 965
1712191827419 12736.2 966
1712191837477 12736.1 967
1712191847586 12737.6 968
1712191857705 12751.6 969
1712191867807 12750.4 970
1712191877933 12741.5 971
1712191888046 12817.3 972
1712191898102 12803.9 973
1712191908219 12813.7 974
1712191918318 12809.6 975
1712191928424 12813.8 976
1712191938539 12815.2 977
1712191948644 12813.0 978
1712191958694 12801.9 979
1712191968811 12820.6 980
1712191978919 12817.3 981
1712191989122 12818.4 982
1712191999231 12821.2 983
1712192009340 12819.3 984
1712192019392 12809.2 985
1712192029497 12827.7 986
1712192039613 12822.2 987
1712192049717 12835.6 988
1712192059823 12869.6 989
1712192069942 12828.0 990
1712192080000 12820.9 991
1712192090106 12840.3 992
1712192100203 12842.8 993
1712192110307 12850.8 994
1712192120425 12848.3 995
1712192130530 12847.4 996
1712192140595 12839.5 997
1712192150695 12850.6 998
1712192160799 12859.1 999
1712192170916 12872.1 1000
1712192181020 12859.6 1001
1712192191117 12862.9 1002
1712192201182 12855.0 1003
1712192211288 12864.1 1004
1712192221387 12863.4 1005
1712192231494 12874.6 1006
1712192241589 12867.1 1007
1712192251706 12860.4 1008
1712192261764 12851.4 1009
1712192271885 12862.2 1010
1712192281993 12861.0 1011
1712192292091 12884.7 1012
1712192302207 12871.8 1013
1712192312318 12875.9 1014
1712192322375 12873.8 1015
1712192332490 12873.0 1016
1712192342594 12879.1 1017
1712192352703 12896.7 1018
1712192362800 12890.9 1019
1712192372907 12893.8 1020
1712192382966 12887.6 1021
1712192393070 12898.7 1022
1712192403138 12906.0 1023
1712192413189 13153.2 1024
1712192423249 13132.1 1025
1712192433378 13290.9 1026
1712192443633 13393.4 1027
1712192453760 13353.5 1028
1712192463884 13238.8 1029
1712192474026 13227.0 1030
1712192484156 13220.5 1031
1712192494298 13218.8 1032
1712192504438 13209.0 1033
1712192514562 13218.9 1034
1712192524697 13226.6 1035
1712192534837 13220.0 1036
1712192544960 13212.6 1037
1712192555087 13209.0 1038
1712192565210 13207.4 1039
1712192575332 13209.6 1040
1712192585460 13207.2 1041
1712192595587 13230.3 1042
1712192605718 13136.1 1043
1712192615845 13116.1 1044
1712192625959 13118.5 1045
1712192636083 13122.1 1046
1712192646209 13134.5 1047
1712192656322 13158.5 1048
1712192666461 13161.7 1049
1712192676576 13145.5 1050
1712192686703 13152.1 1051
1712192696815 13149.7 1052
1712192706937 13165.9 1053
1712192717060 13247.5 1054
1712192727194 13212.6 1055
1712192737330 12461.7 1056
1712192747445 13026.3 1057
1712192757576 13093.6 1058
1712192767698 13101.4 1059
1712192777838 13101.1 1060
1712192787972 13093.3 1061
1712192798087 13088.2 1062
1712192808220 13081.6 1063
1712192818338 13079.8 1064
1712192828450 13097.0 1065
1712192838576 13085.4 1066
1712192848712 13091.0 1067
1712192858838 13083.0 1068
1712192868966 13086.2 1069
1712192879077 13028.9 1070
1712192889189 13040.1 1071
1712192899302 13027.6 1072
1712192909422 13025.3 1073
1712192919546 13016.8 1074
1712192929661 13027.9 1075
1712192939776 13031.8 1076
1712192949904 13037.6 1077
1712192960053 13068.6 1078
1712192970177 13040.5 1079
1712192980298 13033.2 1080
1712192990421 13043.4 1081
1712193000544 13044.5 1082
1712193010666 13054.0 1083
1712193020797 13050.9 1084
1712193030914 13058.0 1085
1712193041071 13050.4 1086
1712193051216 13063.0 1087
1712193061332 13062.9 1088
1712193071448 13082.0 1089
1712193081573 13075.1 1090
1712193091692 13066.6 1091
1712193101833 13064.3 1092
1712193111945 13071.4 1093
1712193122061 13064.9 1094
1712193132171 13106.2 1095
1712193142288 13091.0 1096
1712193152416 13087.6 1097
1712193162548 13076.6 1098
1712193172664 13085.3 1099
1712193182794 13087.8 1100
1712193192941 13105.4 1101
1712193203063 13098.3 1102
1712193213175 13096.2 1103
1712193223309 13090.5 1104
1712193233431 13102.0 1105
1712193243554 13108.5 1106
1712193253691 13127.3 1107
1712193263801 13126.8 1108
1712193273948 13114.0 1109
1712193284081 13112.7 1110
1712193294204 13125.1 1111
1712193304323 13130.0 1112
1712193314441 13149.1 1113
1712193324557 13119.9 1114
1712193334729 13118.9 1115
1712193344864 13035.6 1116
1712193354981 13084.9 1117
1712193365112 13078.6 1118
1712193375235 13108.4 1119
1712193385352 13100.5 1120
1712193395465 13099.1 1121
1712193405577 13098.3 1122
1712193415705 13105.7 1123
1712193425838 13136.1 1124
1712193435955 13133.0 1125
1712193446081 13125.9 1126
1712193456218 13129.6 1127
1712193466342 13130.2 1128
1712193476482 13136.5 1129
1712193486637 13164.7 1130
1712193496784 13168.3 1131
1712193506915 13167.3 1132
1712193517065 13138.6 1133
1712193527199 13142.6 1134
1712193537343 13152.0 1135
1712193547449 13154.8 1136
1712193557572 13186.2 1137
1712193567696 13152.8 1138
1712193577816 13168.4 1139
1712193587927 13173.4 1140
1712193598048 13178.9 1141
1712193608180 13214.1 1142
1712193618299 13212.1 1143
1712193628429 13210.7 1144
1712193638561 12218.7 1145
1712193648684 13016.0 1146
1712193658811 13104.7 1147
1712193668928 13126.1 1148
1712193679053 12815.9 1149
1712193689178 12817.7 1150
1712193699412 12815.4 1151
1712193709534 12831.1 1152
1712193719679 12845.1 1153
1712193729808 12861.7 1154
1712193739950 12866.5 1155
1712193750077 12869.7 1156
1712193760214 12876.7 1157
1712193770333 12895.1 1158
1712193780474 12902.3 1159
1712193790626 12922.0 1160
1712193800756 12929.3 1161
1712193810904 12933.9 1162
1712193821042 12936.4 1163
1712193831176 12981.2 1164
1712193841318 12973.3 1165
1712193851453 12993.3 1166
1712193861593 13010.3 1167
1712193871720 13008.7 1168
1712193881860 13008.2 1169
1712193891986 13030.1 1170
1712193902104 13042.6 1171
1712193912175 13055.1 1172
1712193922281 13323.3 1173
1712193932350 13316.1 1174
1712193942462 13374.1 1175
1712193952586 13392.7 1176
1712193962700 13437.8 1177
1712193972925 13509.9 1178
1712193983057 13528.5 1179
1712193993178 13539.2 1180
1712194003302 13729.7 1181
1712194013429 13708.0 1182
1712194023541 13690.4 1183
1712194033660 13717.4 1184
1712194043778 13681.7 1185
1712194053895 13667.8 1186
1712194064045 13664.1 1187
1712194074147 13663.8 1188
1712194084264 13679.3 1189
1712194094374 13677.0 1190
1712194104475 13666.9 1191
1712194114591 13659.3 1192
1712194124695 13650.3 1193
1712194134812 13574.1 1194
1712194144925 13582.5 1195
1712194155036 13585.3 1196
1712194165163 13571.5 1197
1712194175269 13519.7 1198
1712194185343 13464.6 1199
1712194195486 13593.6 1200
1712194205550 13862.2 1201
1712194215685 13907.5 1202
1712194225805 13781.1 1203
1712194235886 13655.7 1204
1712194246000 13667.1 1205
1712194256067 13814.4 1206
1712194266198 13901.7 1207
1712194276438 13944.7 1208
1712194286505 14486.9 1209
1712194296610 13882.9 1210
1712194306731 13791.8 1211
1712194316844 13831.9 1212
1712194326964 13819.9 1213
1712194337090 13801.6 1214
1712194347211 13725.0 1215
1712194357345 13693.5 1216
1712194367461 13687.2 1217
1712194377577 13703.4 1218
1712194387708 13735.4 1219
1712194397837 13722.5 1220
1712194407961 13712.6 1221
1712194418080 13696.4 1222
1712194428201 13712.7 1223
1712194438319 13613.9 1224
1712194448422 13607.6 1225
1712194458534 13621.7 1226
1712194468589 13699.1 1227
1712194478662 13697.0 1228
1712194488720 13930.8 1229
1712194498798 14179.4 1230
1712194508919 13975.5 1231
1712194519042 13821.2 1232
1712194529176 13809.5 1233
1712194539289 13804.1 1234
1712194549423 13710.7 1235
1712194559531 13740.4 1236
1712194569642 13731.7 1237
1712194579859 13720.6 1238
1712194589989 13713.4 1239
1712194600098 13695.6 1240
1712194610229 13693.6 1241
1712194620357 13683.8 1242
1712194630487 13642.4 1243
1712194640637 13645.0 1244
1712194650750 13638.7 1245
1712194660874 13640.9 1246
1712194670944 13861.2 1247
1712194681077 13632.5 1248
1712194691207 13696.2 1249
1712194701333 13580.8 1250
1712194711464 13538.4 1251
1712194721660 13511.6 1252
1712194731792 13515.5 1253
1712194741932 13508.9 1254
1712194752052 13519.2 1255
1712194762185 13530.4 1256
1712194772306 13523.6 1257
1712194782437 13519.2 1258
1712194792561 13522.9 1259
1712194802678 13521.7 1260
1712194812796 13521.9 1261
1712194822921 13513.6 1262
1712194833043 13515.3 1263
1712194843174 13511.7 1264
1712194853298 13460.0 1265
1712194863418 13439.6 1266
1712194873668 13434.7 1267
1712194883783 13471.9 1268
1712194893904 13452.0 1269
1712194904033 12352.9 1270
1712194914154 13089.4 1271
1712194924281 13164.0 1272
1712194934386 13156.1 1273
1712194944526 13130.5 1274
1712194954653 13133.0 1275
1712194964788 13132.8 1276
1712194974905 13142.3 1277
1712194985022 13148.7 1278
1712194995125 13150.1 1279
1712195005251 13150.3 1280
1712195015473 13142.3 1281
1712195025586 13144.4 1282
1712195035711 13148.6 1283
1712195045826 13154.9 1284
1712195055940 13160.1 1285
1712195066064 13155.1 1286
1712195076176 13149.2 1287
1712195086296 13151.7 1288
1712195096413 13161.7 1289
1712195106538 13165.6 1290
1712195116664 13172.9 1291
1712195126805 13168.1 1292
1712195136929 13158.6 1293
1712195147057 13163.0 1294
1712195157173 13182.4 1295
1712195167298 13200.4 1296
1712195177419 13186.0 1297
1712195187540 13185.0 1298
1712195197651 13176.9 1299
1712195207753 13184.7 1300
1712195217868 13180.5 1301
1712195227986 13185.5 1302
1712195238091 13180.6 1303
1712195248201 13185.8 1304
1712195258309 13182.3 1305
1712195268421 13212.1 1306
1712195278533 13203.6 1307
1712195288644 13240.6 1308
1712195298770 13244.3 1309
1712195308978 13243.3 1310
1712195319130 13238.1 1311
1712195329259 13244.9 1312
1712195339403 13245.1 1313
1712195349522 13237.7 1314
1712195359632 13259.8 1315
1712195369734 13241.0 1316
1712195379856 13175.9 1317
1712195389978 13183.2 1318
1712195400094 13184.9 1319
1712195410227 13203.9 1320
1712195420343 13192.0 1321
1712195430459 13202.7 1322
1712195440578 13192.1 1323
1712195450689 13205.8 1324
1712195460890 13208.9 1325
1712195471009 13217.6 1326
1712195481109 13203.6 1327
1712195491224 13207.7 1328
1712195501348 13204.4 1329
1712195511477 13211.6 1330
1712195521599 13212.3 1331
1712195531733 13243.2 1332
1712195541869 13218.6 1333
1712195551984 13214.6 1334
1712195562103 13204.7 1335
1712195572213 13218.6 1336
1712195582325 13220.6 1337
1712195592434 13230.1 1338
1712195602547 13221.7 1339
1712195612676 13214.6 1340
1712195622782 13215.3 1341
1712195632909 13226.9 1342
1712195643015 13225.1 1343
1712195653136 13228.3 1344
1712195663247 13240.0 1345
1712195673365 13233.8 1346
1712195683475 13229.8 1347
1712195693588 13237.2 1348
1712195703701 13263.5 1349
1712195713827 13261.6 1350
1712195723940 13240.7 1351
1712195734057 13232.8 1352
1712195744175 13233.9 1353
1712195754286 13265.9 1354
1712195764404 13265.1 1355
1712195774512 13259.6 1356
1712195784634 13247.6 1357
1712195794746 13246.6 1358
1712195804855 13308.7 1359
1712195814982 13125.4 1360
1712195825111 13217.3 1361
1712195835232 13232.2 1362
1712195845335 13225.8 1363
1712195855449 13219.4 1364
1712195865567 13219.8 1365
1712195875677 13230.8 1366
1712195885793 13237.6 1367
1712195895928 13245.1 1368
1712195906040 13233.8 1369
1712195916162 13239.1 1370
1712195926278 13239.7 1371
1712195936398 13248.6 1372
1712195946523 13261.8 1373
1712195956642 13292.5 1374
1712195966756 13257.1 1375
1712195976886 13256.3 1376
1712195986990 13251.1 1377
1712195997104 13260.1 1378
1712196007237 13277.3 1379
1712196017332 13495.3 1380
1712196027500 13651.6 1381
1712196037588 13420.3 1382
1712196047755 13409.8 1383
1712196057894 13318.8 1384
1712196068033 13308.6 1385
1712196078182 13259.0 1386
1712196088288 13299.8 1387
1712196098435 13297.1 1388
1712196108589 13322.6 1389
1712196118727 13323.8 1390
1712196128871 13329.1 1391
1712196139033 13340.7 1392
1712196149177 13343.7 1393
1712196159333 13296.2 1394
1712196169492 13299.1 1395
1712196179645 13304.9 1396
1712196189777 13315.9 1397
1712196199921 13324.3 1398
1712196210064 13300.5 1399
1712196220203 13303.4 1400
1712196230363 13320.6 1401
1712196240500 13257.5 1402
1712196250627 13281.6 1403
1712196260769 13297.2 1404
1712196270891 13296.9 1405
1712196281007 13312.2 1406
1712196291140 13317.3 1407
1712196301265 13241.2 1408
1712196311377 13294.8 1409
1712196321512 13294.5 1410
1712196331636 13291.3 1411
1712196341771 13282.3 1412
1712196351890 13290.8 1413
1712196362018 13283.5 1414
1712196372145 13300.8 1415
1712196382259 13300.7 1416
1712196392378 13296.6 1417
1712196402509 13291.6 1418
1712196412624 13297.1 1419
1712196422749 13305.7 1420
1712196432862 13310.8 1421
1712196442998 13317.4 1422
1712196453118 13290.0 1423
1712196463234 13285.7 1424
1712196473349 13296.3 1425
1712196483480 13303.6 1426
1712196493616 13299.4 1427
1712196503740 13295.4 1428
1712196513885 13286.1 1429
1712196524002 13284.3 1430
1712196534122 13294.5 1431
1712196544256 13297.5 1432
1712196554369 13306.5 1433
1712196564495 13287.8 1434
1712196574615 13281.8 1435
1712196584731 13290.1 1436
1712196594866 13298.5 1437
1712196604983 13307.8 1438
1712196615132 13299.8 1439
1712196625282 13316.5 1440
1712196635442 13309.8 1441
1712196645589 13302.5 1442
1712196655717 13334.2 1443
1712196665856 13325.3 1444
1712196675970 13338.6 1445
1712196686108 13642.1 1446
1712196696243 13740.7 1447
1712196706393 13905.7 1448
1712196716572 13890.0 1449
1712196726712 13955.6 1450
1712196736841 13964.1 1451
1712196747051 13907.6 1452
1712196757189 13899.4 1453
1712196767342 13898.8 1454
1712196777502 13903.7 1455
1712196787633 13906.6 1456
1712196797770 13899.1 1457
1712196807909 13901.4 1458
1712196818059 13887.2 1459
1712196828199 13875.3 1460
1712196838339 13881.2 1461
1712196848568 13889.7 1462
1712196858718 13928.3 1463
1712196868857 13898.4 1464
1712196878975 13859.2 1465
1712196889107 13866.3 1466
1712196899246 13859.7 1467
1712196909377 13878.7 1468
1712196919521 13882.5 1469
1712196929657 13810.9 1470
1712196939869 13759.4 1471
1712196950003 13763.8 1472
1712196960144 13770.6 1473
1712196970272 13778.0 1474
1712196980404 13780.2 1475
1712196990547 13748.7 1476
1712197000724 13739.6 1477
1712197010909 13981.5 1478
1712197021046 13967.2 1479
1712197031182 13951.9 1480
1712197041325 13668.4 1481
1712197051450 13648.7 1482
1712197061620 13636.4 1483
1712197071777 13638.1 1484
1712197081946 13628.7 1485
1712197092068 13642.8 1486
1712197102221 13626.8 1487
1712197112380 13625.2 1488
1712197122516 13618.6 1489
1712197132656 13626.0 1490
1712197142804 13627.3 1491
1712197152948 13643.3 1492
1712197163091 13585.6 1493
1712197173229 13582.5 1494
1712197183485 13571.9 1495
1712197193665 13573.1 1496
1712197203809 13582.2 1497
1712197213939 13605.5 1498
1712197224093 13724.8 1499
1712197234267 13694.0 1500
1712197244435 13708.8 1501
1712197254591 13736.4 1502
1712197264771 13722.6 1503
1712197274969 13724.0 1504
1712197285146 13708.8 1505
1712197295326 13697.5 1506
1712197305517 13701.7 1507
1712197315649 13706.9 1508
1712197325782 13713.7 1509
1712197335935 13717.2 1510
1712197346080 13709.2 1511
1712197356242 13702.7 1512
1712197366388 13692.1 1513
1712197376527 13705.4 1514
1712197386656 13715.0 1515
1712197396787 13710.5 1516
1712197406919 13718.9 1517
1712197417065 13706.2 1518
1712197427206 13706.3 1519
1712197437350 13020.4 1520
1712197447507 13321.7 1521
1712197457663 13283.7 1522
1712197467794 13162.2 1523
1712197477937 13167.4 1524
1712197488087 13184.7 1525
1712197498241 13177.0 1526
1712197508394 13188.6 1527
1712197518529 13190.3 1528
1712197528673 13187.2 1529
1712197538816 13306.0 1530
1712197548953 13307.3 1531
1712197559121 13305.8 1532
1712197569257 13311.2 1533
1712197579531 13309.0 1534
1712197589689 13319.0 1535
1712197599853 13312.8 1536
1712197609989 13324.8 1537
1712197620147 13328.0 1538
1712197630294 13357.8 1539
1712197640426 13349.6 1540
1712197650596 13350.6 1541
1712197660746 13340.3 1542
1712197670902 13347.5 1543
1712197681070 13347.2 1544
1712197691318 13358.6 1545
1712197701483 13356.6 1546
1712197711638 13371.3 1547
1712197721797 13344.5 1548
1712197731958 13348.0 1549
1712197742116 13276.9 1550
1712197752264 13287.2 1551
1712197762412 13078.7 1552
1712197772569 13077.1 1553
1712197782730 13064.4 1554
1712197792887 13076.7 1555
1712197803114 13076.2 1556
1712197813260 13087.4 1557
1712197823419 13079.4 1558
1712197833563 13079.4 1559
1712197843744 13082.9 1560
1712197853884 13248.6 1561
1712197864064 13311.9 1562
1712197874218 13297.2 1563
1712197884377 13284.2 1564
1712197894522 13266.0 1565
1712197904784 13283.6 1566
1712197914970 13350.8 1567
1712197925126 13342.0 1568
1712197935281 13342.0 1569
1712197945461 13334.9 1570
1712197955628 13333.7 1571
1712197965764 13329.0 1572
1712197975914 13336.9 1573
1712197986065 13350.0 1574
1712197996214 13349.8 1575
1712198006367 13345.9 1576
1712198016529 13340.9 1577
1712198026713 13345.8 1578
1712198036851 13353.6 1579
1712198047000 13363.3 1580
1712198057135 13278.9 1581
1712198067274 13242.8 1582
1712198077449 13242.9 1583
1712198087607 13242.3 1584
1712198097777 13235.1 1585
1712198107919 13255.1 1586
1712198118164 13249.1 1587
1712198128314 13255.3 1588
1712198138497 13250.7 1589
1712198148636 13259.6 1590
1712198158794 13275.4 1591
1712198168957 13277.4 1592
1712198179142 13275.7 1593
1712198189308 13274.5 1594
1712198199448 13266.8 1595
1712198209534 13525.8 1596
1712198219869 13690.9 1597
1712198230047 13646.4 1598
1712198240175 13600.6 1599
1712198250285 13651.0 1600
1712198260429 13613.6 1601
1712198270544 13586.9 1602
1712198280661 14135.6 1603
1712198290832 14107.0 1604
1712198300945 14062.5 1605
1712198311062 13884.3 1606
1712198321237 13834.8 1607
1712198331384 13842.6 1608
1712198341545 13853.1 1609
1712198351792 13809.1 1610
1712198361946 13814.1 1611
1712198372115 13810.7 1612
1712198382193 13748.9 1613
1712198392391 13754.8 1614
1712198402580 13612.8 1615
1712198412696 13606.9 1616
1712198422890 13661.7 1617
1712198433072 13601.3 1618
1712198443168 13548.9 1619
1712198453451 13665.0 1620
1712198463630 13654.5 1621
1712198473799 13660.8 1622
1712198483955 13658.1 1623
1712198494126 13667.9 1624
1712198504215 13662.0 1625
1712198514409 13665.8 1626
1712198524571 13673.4 1627
1712198534747 13685.4 1628
1712198544904 13686.3 1629
1712198555170 13686.0 1630
1712198565290 13688.5 1631
1712198575464 13708.7 1632
1712198585647 13732.6 1633
1712198595828 13762.7 1634
1712198605974 13772.0 1635
1712198616129 13780.0 1636
1712198626209 13779.0 1637
1712198636392 13784.7 1638
1712198646538 12973.5 1639
1712198656755 13115.2 1640
1712198666884 13028.3 1641
1712198677039 13039.5 1642
1712198687129 13013.8 1643
1712198697301 13019.1 1644
1712198707451 13023.1 1645
1712198717578 13025.2 1646
1712198727708 13017.9 1647
1712198737825 13001.9 1648
1712198747966 13023.5 1649
1712198758102 13022.1 1650
1712198768328 13016.5 1651
1712198778463 13026.9 1652
1712198788599 13024.8 1653
1712198798673 13018.4 1654
1712198808853 13030.3 1655
1712198818980 13017.9 1656
1712198829122 13019.9 1657
1712198839248 13010.4 1658
1712198849401 13008.4 1659
1712198859491 13003.6 1660
1712198869780 13023.8 1661
1712198879935 13025.5 1662
1712198890088 13030.7 1663
1712198900238 13034.0 1664
1712198910379 13019.9 1665
1712198920501 13014.2 1666
1712198930647 13024.9 1667
1712198940782 13022.0 1668
1712198950920 13127.5 1669
1712198961055 12882.2 1670
1712198971205 12911.0 1671
1712198981298 12892.6 1672
1712198991471 12894.5 1673
1712199001646 12916.0 1674
1712199011793 12923.3 1675
1712199021955 12935.7 1676
1712199032116 12953.4 1677
1712199042219 12934.7 1678
1712199052369 12956.5 1679
1712199062510 12962.6 1680
1712199072658 12963.1 1681
1712199082891 12956.0 1682
1712199093024 12955.6 1683
1712199103107 12942.0 1684
1712199113261 12952.8 1685
1712199123407 12958.5 1686
1712199133557 12960.0 1687
1712199143721 12957.4 1688
1712199153868 12949.5 1689
1712199163973 12950.3 1690
1712199174138 12968.0 1691
1712199184280 12969.4 1692
1712199194426 12972.6 1693
1712199204587 12959.2 1694
1712199214727 12967.2 1695
1712199224801 12967.4 1696
1712199234952 12967.4 1697
1712199245088 12977.7 1698
1712199255217 12978.4 1699
1712199265360 12977.3 1700
1712199275507 12979.0 1701
1712199285578 12978.5 1702
1712199295844 12983.8 1703
1712199305977 12989.3 1704
1712199316109 12988.4 1705
1712199326261 12983.5 1706
1712199336391 12981.5 1707
1712199346474 12979.0 1708
1712199356605 13046.4 1709
1712199366753 13036.7 1710
1712199376917 13034.4 1711
1712199387085 13026.7 1712
1712199397315 13136.0 1713
1712199407423 13127.4 1714
1712199417572 13133.7 1715
1712199427708 13139.3 1716
1712199437853 13135.9 1717
1712199447992 13135.6 1718
1712199458066 13131.6 1719
1712199468199 13136.8 1720
1712199478345 13138.0 1721
1712199488488 13141.2 1722
1712199498622 13140.8 1723
1712199508766 13139.5 1724
1712199518841 13135.7 1725
1712199528960 13161.0 1726
1712199539089 13148.5 1727
1712199549222 13154.4 1728
1712199559339 13179.7 1729
1712199569464 13157.8 1730
1712199579539 13167.6 1731
1712199589660 13196.0 1732
1712199599788 13281.7 1733
1712199609908 13025.2 1734
1712199620030 13092.4 1735
1712199630152 13045.0 1736
1712199640236 13028.5 1737
1712199650354 13053.6 1738
1712199660488 13053.6 1739
1712199670620 13064.7 1740
1712199680747 13054.9 1741
1712199690874 13058.4 1742
1712199700936 13047.9 1743
1712199711066 13068.9 1744
1712199721195 13057.3 1745
1712199731315 13080.9 1746
1712199741454 13064.3 1747
1712199751591 13057.8 1748
1712199761657 13060.6 1749
1712199771790 13068.9 1750
1712199781916 13073.4 1751
1712199792036 13089.5 1752
1712199802168 13077.5 1753
1712199812285 13084.4 1754
1712199822365 13078.9 1755
1712199832600 13087.6 1756
1712199842730 13089.1 1757
1712199852849 13098.6 1758
1712199862992 12894.2 1759
1712199873174 12910.5 1760
1712199883245 12964.1 1761
1712199893376 12963.7 1762
1712199903503 12970.3 1763
1712199913622 12989.7 1764
1712199923755 12969.6 1765
1712199933977 12969.2 1766
1712199944048 12946.9 1767
1712199954173 12988.3 1768
1712199964293 12974.5 1769
1712199974412 12978.1 1770
1712199984544 12977.4 1771
1712199994657 12977.5 1772
1712200004726 12977.2 1773
1712200014851 12979.8 1774
1712200024968 12983.6 1775
1712200035090 12984.2 1776
1712200045208 12981.5 1777
1712200055326 12978.6 1778
1712200065411 12948.5 1779
1712200075533 12960.7 1780
1712200085666 12987.1 1781
1712200095801 12988.2 1782
1712200105933 12986.8 1783
1712200116084 12986.4 1784
1712200126151 12983.3 1785
1712200136297 12986.3 1786
1712200146446 12986.7 1787
1712200156595 13021.1 1788
1712200166732 13005.8 1789
1712200176862 13004.5 1790
1712200186925 12978.3 1791
1712200197041 12990.6 1792
1712200207191 12999.2 1793
1712200217318 13016.3 1794
1712200227463 13015.7 1795
1712200237576 13275.9 1796
1712200247733 13459.1 1797
1712200257869 13383.3 1798
1712200268049 13358.2 1799
1712200278216 13254.0 1800
1712200288359 13246.3 1801
1712200298511 13235.8 1802
1712200308783 13251.3 1803
1712200318937 13245.9 1804
1712200329078 13257.3 1805
1712200339219 13255.5 1806
1712200349367 13251.5 1807
1712200359510 13244.8 1808
1712200369645 13255.3 1809
1712200379788 13253.2 1810
1712200389935 13262.7 1811
1712200400075 13261.2 1812
1712200410222 13266.7 1813
1712200420383 13258.1 1814
1712200430552 13285.9 1815
1712200440689 13149.7 1816
1712200450832 13162.3 1817
1712200460978 13173.6 1818
1712200471118 13174.1 1819
1712200481274 13169.4 1820
1712200491429 13191.9 1821
1712200501581 13234.1 1822
1712200511728 12906.7 1823
1712200521861 13015.2 1824
1712200532112 13024.4 1825
1712200542237 13022.5 1826
1712200552373 13035.7 1827
1712200562573 13042.3 1828
1712200572715 13055.1 1829
1712200582871 13041.7 1830
1712200593051 13038.6 1831
1712200603190 13041.0 1832
1712200613330 13052.1 1833
1712200623473 13057.9 1834
1712200633609 13065.2 1835
1712200643755 13047.8 1836
1712200653916 13038.4 1837
1712200664075 13039.8 1838
1712200674225 13047.7 1839
1712200684477 13073.4 1840
1712200694614 13072.0 1841
1712200704744 13059.7 1842
1712200714900 13055.9 1843
1712200725043 13051.5 1844
1712200735189 13067.6 1845
1712200745347 13070.2 1846
1712200755505 12978.0 1847
1712200765652 12998.7 1848
1712200775830 13003.5 1849
1712200785990 12943.5 1850
1712200796151 12964.2 1851
1712200806312 12982.6 1852
1712200816478 13015.5 1853
1712200826634 13020.7 1854
1712200836884 13023.3 1855
1712200847050 13031.0 1856
1712200857198 13056.8 1857
1712200867363 13074.9 1858
1712200877526 13077.2 1859
1712200887687 13083.3 1860
1712200897844 13082.3 1861
1712200908098 13100.3 1862
1712200918260 13108.3 1863
1712200928427 13133.8 1864
1712200938592 13131.4 1865
1712200948753 13133.0 1866
1712200958905 13138.9 1867
1712200969058 13162.5 1868
1712200979302 13171.3 1869
1712200989458 13173.9 1870
1712200999598 13176.0 1871
1712201009751 13167.9 1872
1712201019931 13167.7 1873
1712201030063 13188.2 1874
1712201040215 13178.6 1875
1712201050352 13188.4 1876
1712201060488 13184.8 1877
1712201070627 13182.0 1878
1712201080790 13174.0 1879
1712201090933 13175.3 1880
1712201101098 13180.3 1881
1712201111251 13192.2 1882
1712201121395 13177.0 1883
1712201131553 13180.8 1884
1712201141709 13175.7 1885
1712201151851 13192.2 1886
1712201162001 13191.5 1887
1712201172148 13205.7 1888
1712201182300 13193.5 1889
1712201192459 13191.2 1890
1712201202702 13181.4 1891
1712201212859 13194.4 1892
1712201223006 13194.1 1893
1712201233157 13203.9 1894
1712201243302 13188.9 1895
1712201253437 13187.1 1896
1712201263574 13179.3 1897
1712201273807 13207.9 1898
1712201283954 13222.5 1899
1712201294099 13225.4 1900
1712201304247 13210.1 1901
1712201314389 13213.4 1902
1712201324541 13202.6 1903
1712201334744 13212.1 1904
1712201344899 13225.4 1905
1712201355063 13235.2 1906
1712201365227 13237.7 1907
1712201375374 13174.1 1908
1712201385532 13174.6 1909
1712201395689 13180.4 1910
1712201405829 13234.2 1911
1712201415960 12805.4 1912
1712201426189 12886.3 1913
1712201436350 12893.8 1914
1712201446538 12899.5 1915
1712201456676 13097.0 1916
1712201466829 13109.8 1917
1712201476986 13083.7 1918
1712201487120 13074.7 1919
1712201497358 13070.7 1920
1712201507525 13089.2 1921
1712201517683 13139.4 1922
1712201527826 13129.9 1923
1712201537977 13126.4 1924
1712201548144 13119.5 1925
1712201558284 13114.2 1926
1712201568430 13127.2 1927
1712201578574 13129.9 1928
1712201588713 13143.2 1929
1712201598874 13137.6 1930
1712201609034 13122.9 1931
1712201619172 13113.1 1932
1712201629313 13114.3 1933
1712201639447 13125.5 1934
1712201649679 13132.5 1935
1712201659830 13175.9 1936
1712201669997 13137.6 1937
1712201680145 13137.5 1938
1712201690278 13147.6 1939
1712201700427 13136.5 1940
1712201710613 13158.1 1941
1712201720773 13148.8 1942
1712201730920 13138.9 1943
1712201741083 13136.2 1944
1712201751238 13149.2 1945
1712201761403 13156.9 1946
1712201771560 13171.2 1947
1712201781743 13161.7 1948
1712201791897 13159.0 1949
1712201802136 13142.7 1950
1712201812308 13166.4 1951
1712201822482 13167.3 1952
1712201832655 13208.9 1953
1712201842816 13220.0 1954
1712201852990 13208.7 1955
1712201863137 13200.4 1956
1712201873285 13235.2 1957
1712201883431 13237.0 1958
1712201893578 13249.1 1959
1712201903738 13217.3 1960
1712201913912 13238.5 1961
1712201924085 13214.3 1962
1712201934230 13253.4 1963
1712201944302 13541.7 1964
1712201954511 13545.6 1965
1712201964679 13577.5 1966
1712201974828 13492.6 1967
1712201984961 13529.0 1968
1712201995102 13513.6 1969
1712202005240 13518.8 1970
1712202015369 13540.5 1971
1712202025512 13529.4 1972
1712202035646 13528.1 1973
1712202045796 13511.1 1974
1712202055937 13511.4 1975
1712202066070 13549.0 1976
1712202076198 13508.3 1977
1712202086350 13491.7 1978
1712202096490 13480.8 1979
1712202106696 13483.2 1980
1712202116835 13494.7 1981
1712202126954 13501.9 1982
1712202137082 13519.3 1983
1712202147217 13440.3 1984
1712202157365 13437.6 1985
1712202167497 13472.9 1986
1712202177645 13455.2 1987
1712202187796 13492.1 1988
1712202197928 13484.6 1989
1712202208080 13489.9 1990
1712202218202 13485.7 1991
1712202228335 13478.5 1992
1712202238459 13488.0 1993
1712202248593 13476.3 1994
1712202258839 13499.5 1995
1712202268983 13350.1 1996
1712202279140 13370.0 1997
1712202289261 13360.9 1998
1712202299400 13386.6 1999
1712202309526 13496.5 2000
1712202319667 13512.7 2001
1712202329817 13510.2 2002
1712202339947 13479.8 2003
1712202350089 13492.5 2004
1712202360226 13496.5 2005
1712202370353 13501.1 2006
1712202380480 13489.8 2007
1712202390613 13479.2 2008
1712202400742 13473.9 2009
1712202410914 13495.6 2010
1712202421056 13664.7 2011
1712202431186 13781.1 2012
1712202441263 13720.0 2013
1712202451425 13694.1 2014
1712202461586 13730.7 2015
1712202471734 13791.2 2016
1712202482017 13758.9 2017
1712202492173 13771.5 2018
1712202502332 13679.7 2019
1712202512494 13685.6 2020
1712202522581 13758.1 2021
1712202532724 13953.4 2022
1712202542880 14048.3 2023
1712202553019 13827.8 2024
1712202563199 13675.4 2025
1712202573360 13786.0 2026
1712202583508 14398.1 2027
1712202593655 14366.8 2028
1712202603805 14342.7 2029
1712202613944 14153.6 2030
1712202624094 14064.0 2031
1712202634295 14480.7 2032
1712202644438 14661.5 2033
1712202654571 14600.2 2034
1712202664699 14298.7 2035
1712202674844 14142.1 2036
1712202684968 14132.9 2037
1712202695097 14126.7 2038
1712202705179 14121.1 2039
1712202715316 14262.7 2040
1712202725457 14237.3 2041
1712202735579 14094.2 2042
1712202745743 14102.8 2043
1712202755889 14237.7 2044
1712202766031 14346.8 2045
1712202776181 14252.9 2046
1712202786411 14239.9 2047
1712202796553 14212.8 2048
1712202806690 14192.7 2049
1712202816830 14210.3 2050
1712202826979 14201.8 2051
1712202837117 14205.0 2052
1712202847244 14210.5 2053
1712202857472 14238.6 2054
1712202867634 14066.1 2055
1712202877766 14041.9 2056
1712202887913 14052.4 2057
1712202898042 14024.8 2058
1712202908194 14077.5 2059
1712202918342 14637.7 2060
1712202928514 14810.5 2061
1712202938779 14656.2 2062
1712202948907 14638.8 2063
1712202959067 14774.6 2064
1712202969205 14871.0 2065
1712202979355 14502.4 2066
1712202989497 14522.1 2067
1712202999576 14463.9 2068
1712203009734 14845.4 2069
1712203019907 15097.1 2070
1712203030045 14437.7 2071
1712203040183 14331.9 2072
1712203050316 14287.3 2073
1712203060460 14198.5 2074
1712203070609 14170.7 2075
1712203080769 14027.6 2076
1712203091012 14118.4 2077
1712203101192 13998.2 2078
1712203111365 14122.0 2079
1712203121541 13876.6 2080
1712203131706 13918.7 2081
1712203141876 13790.5 2082
1712203152055 13837.6 2083
1712203162257 13896.8 2084
1712203172533 13867.9 2085
1712203182739 13719.0 2086
1712203192960 13700.9 2087
1712203203156 13785.2 2088
1712203213340 13708.9 2089
1712203223529 13690.5 2090
1712203233782 13677.3 2091
1712203244092 13882.0 2092
1712203254298 13898.6 2093
1712203264490 13918.6 2094
1712203274693 13971.8 2095
1712203284908 13841.5 2096
1712203295173 13939.7 2097
1712203305387 14119.6 2098
1712203315676 14323.5 2099
1712203325861 14175.0 2100
1712203336037 14061.4 2101
1712203346197 14054.8 2102
1712203356336 14040.7 2103
1712203366495 14010.6 2104
1712203376663 14060.1 2105
1712203386745 14324.3 2106
1712203396991 14097.5 2107
1712203407229 14316.6 2108
1712203417373 14190.4 2109
1712203427533 14181.8 2110
1712203437703 14117.2 2111
1712203447863 14121.7 2112
1712203458030 14148.4 2113
1712203468288 14115.9 2114
1712203478455 14122.3 2115
1712203488626 14118.4 2116
1712203498799 14052.5 2117
1712203508931 14041.6 2118
1712203519065 14045.1 2119
1712203529247 14044.2 2120
1712203539401 14040.5 2121
1712203549559 14041.4 2122
1712203559710 14036.7 2123
1712203569869 14069.3 2124
1712203580029 14087.9 2125
1712203590185 14018.6 2126
1712203600328 14005.5 2127
1712203610490 13937.6 2128
1712203620713 13897.6 2129
1712203630873 13910.1 2130
1712203641036 13906.2 2131
1712203651196 13896.7 2132
1712203661361 13892.5 2133
1712203671524 13898.0 2134
1712203681670 13898.3 2135
1712203691893 13916.2 2136
1712203702050 13905.6 2137
1712203712203 13904.2 2138
1712203722339 13934.8 2139
1712203732494 13925.4 2140
1712203742649 13926.0 2141
1712203752900 13933.8 2142
1712203763066 13054.7 2143
1712203773208 13199.2 2144
1712203783356 13212.3 2145
1712203793514 13225.6 2146
1712203803762 13231.5 2147
1712203813930 13257.9 2148
1712203824100 13250.1 2149
1712203834258 13246.9 2150
1712203844416 13267.4 2151
1712203854593 13282.8 2152
1712203864821 13476.0 2153
1712203875059 13602.6 2154
1712203885230 13550.9 2155
1712203895430 13467.4 2156
1712203905584 13423.4 2157
1712203915881 13430.3 2158
1712203926056 13443.5 2159
1712203936238 13435.2 2160
1712203946421 13430.7 2161
1712203956529 13423.5 2162
1712203966665 13617.3 2163
1712203977037 13623.5 2164
1712203987221 13650.6 2165
1712203997409 13548.6 2166
1712204007556 13622.0 2167
1712204017844 13654.4 2168
1712204028039 13592.4 2169
1712204038145 13598.4 2170
1712204048380 13568.2 2171
1712204058512 13559.2 2172
1712204068643 13357.7 2173
1712204078852 13369.3 2174
1712204089086 13407.9 2175
1712204099221 13393.4 2176
1712204109411 13389.4 2177
1712204119553 13369.6 2178
1712204129850 13313.8 2179
1712204139947 13301.2 2180
1712204150103 13310.4 2181
1712204160269 13321.3 2182
1712204170512 13331.3 2183
1712204180665 13326.4 2184
1712204190836 13320.0 2185
1712204200966 13336.1 2186
1712204211103 13316.8 2187
1712204221273 13371.1 2188
1712204231417 13383.3 2189
1712204241566 13377.3 2190
1712204251753 13381.6 2191
1712204261995 13454.1 2192
1712204272141 13410.1 2193
1712204282305 13397.6 2194
1712204292456 13402.0 2195
1712204302714 13397.6 2196
1712204312857 13314.8 2197
1712204322986 13297.8 2198
1712204333161 13292.4 2199
1712204343307 13320.9 2200
1712204353475 13316.3 2201
1712204363634 13319.1 2202
1712204373769 13032.6 2203
1712204383883 13006.2 2204
1712204394163 13012.3 2205
1712204404318 13026.1 2206
1712204414485 13053.9 2207
1712204424640 13048.3 2208
1712204434785 13047.3 2209
1712204444882 13060.9 2210
1712204455077 13118.5 2211
1712204465241 13113.0 2212
1712204475478 13095.3 2213
1712204485649 13102.3 2214
1712204495804 13090.7 2215
1712204505901 13080.2 2216
1712204516226 13096.2 2217
1712204526397 13111.2 2218
1712204536564 13110.1 2219
1712204546718 13100.2 2220
1712204556960 13094.5 2221
1712204567051 13096.7 2222
1712204577257 13102.4 2223
1712204587435 13114.6 2224
1712204597594 13110.8 2225
1712204607822 13111.0 2226
1712204617970 13111.6 2227
1712204628153 13117.7 2228
1712204638300 13118.1 2229
1712204648479 13127.4 2230
1712204658702 13250.6 2231
1712204668852 12789.8 2232
1712204679010 12639.1 2233
1712204689199 12668.1 2234
1712204699441 12678.5 2235
1712204709592 12686.3 2236
1712204719752 12687.5 2237
1712204729903 12685.9 2238
1712204740006 12679.4 2239
1712204750220 12713.9 2240
1712204760382 12722.9 2241
1712204770614 12723.8 2242
1712204780787 12711.0 2243
1712204790952 12703.5 2244
1712204801047 12695.7 2245
1712204811273 12710.0 2246
1712204821441 12710.8 2247
1712204831683 12723.6 2248
1712204841842 12722.6 2249
1712204852013 12717.0 2250
1712204862098 12708.7 2251
1712204872260 12727.7 2252
1712204882587 13118.2 2253
1712204892799 13061.0 2254
1712204902987 13070.8 2255
1712204913159 13030.3 2256
1712204923368 13003.9 2257
1712204933632 12990.7 2258
1712204943904 13017.3 2259
1712204954081 13026.8 2260
1712204964289 13012.0 2261
1712204974438 13004.4 2262
1712204984693 13027.7 2263
1712204994877 13021.3 2264
1712205005098 13028.3 2265
1712205015284 13028.4 2266
1712205025465 13009.2 2267
1712205035634 13005.5 2268
1712205045925 13041.0 2269
1712205056115 13179.7 2270
1712205066298 13314.2 2271
1712205076490 13291.9 2272
1712205086684 13294.5 2273
1712205096958 13277.9 2274
1712205107119 13303.5 2275
1712205117323 13318.6 2276
1712205127514 13334.6 2277
1712205137747 13341.6 2278
1712205148035 13353.7 2279
1712205158211 13384.8 2280
1712205168388 13402.7 2281
1712205178564 13410.0 2282
1712205188744 13412.8 2283
1712205198905 13405.8 2284
1712205209053 13412.0 2285
1712205219222 13391.3 2286
1712205229386 13400.9 2287
1712205239532 13425.4 2288
1712205249707 13435.3 2289
1712205259904 13466.1 2290
1712205270056 13438.9 2291
1712205280214 13134.9 2292
1712205290346 13122.2 2293
1712205300495 13116.5 2294
1712205310649 13116.9 2295
1712205320794 13117.4 2296
1712205330971 13154.7 2297
1712205341117 13159.8 2298
1712205351279 13167.1 2299
1712205361440 13167.5 2300
1712205371599 13177.2 2301
1712205381732 13177.6 2302
1712205391867 13175.3 2303
1712205402028 13162.8 2304
1712205412181 13181.2 2305
1712205422322 13186.4 2306
1712205432475 13194.6 2307
1712205442622 13190.8 2308
1712205452778 13166.8 2309
1712205462942 13106.7 2310
1712205473108 13112.7 2311
1712205483262 13121.4 2312
1712205493438 13228.5 2313
1712205503697 13229.7 2314
1712205513884 13224.4 2315
1712205524061 13247.6 2316
1712205534222 13271.1 2317
1712205544399 13307.3 2318
1712205554594 13307.5 2319
1712205564873 12044.8 2320
1712205575073 11767.4 2321
1712205585255 11791.0 2322
1712205595439 11831.0 2323
1712205605620 11859.5 2324
1712205615891 11887.1 2325
1712205626102 11898.6 2326
1712205636287 11916.5 2327
1712205646471 11944.2 2328
1712205656655 11991.4 2329
1712205666855 11992.3 2330
1712205677038 12023.6 2331
1712205687318 12044.1 2332
1712205697489 12062.1 2333
1712205707674 12082.2 2334
1712205717855 12083.9 2335
1712205728039 12088.9 2336
1712205738224 12100.4 2337
1712205748403 12112.7 2338
1712205758662 12118.2 2339
1712205768855 12146.6 2340
1712205779035 12159.1 2341
1712205789205 12171.9 2342
1712205799486 12188.6 2343
1712205809679 12206.1 2344
1712205819859 12189.0 2345
1712205830032 12187.9 2346
1712205840208 12190.8 2347
1712205850400 12202.5 2348
1712205860678 12210.5 2349
1712205870857 12197.1 2350
1712205881024 12189.9 2351
1712205891198 12197.2 2352
1712205901365 12226.2 2353
1712205911552 12215.5 2354
1712205921761 12206.4 2355
1712205931945 12197.5 2356
1712205942152 12199.8 2357
1712205952342 12219.6 2358
1712205962605 12198.7 2359
1712205972792 12211.2 2360
