1712162635893 0.0 0
1712162645972 8.7 1
1712162656056 5.5 2
1712162666136 4.9 3
1712162676213 4.9 4
1712162686299 4.9 5
1712162696365 4.8 6
1712162706443 5.0 7
1712162716528 4.8 8
1712162726602 5.4 9
1712162736687 4.5 10
1712162746765 5.1 11
1712162756847 6.1 12
1712162766926 5.9 13
1712162777008 5.4 14
1712162787084 4.7 15
1712162797164 5.5 16
1712162807252 4.6 17
1712162817330 4.6 18
1712162827405 4.5 19
1712162837437 4.5 20
1712162847528 7.9 21
1712162857616 4.9 22
1712162867709 5.0 23
1712162877788 4.9 24
1712162887880 4.7 25
