1712162635893 150995.1 0
1712162645972 150995.1 1
1712162656056 150995.1 2
1712162666136 150995.1 3
1712162676213 150995.1 4
1712162686299 150995.1 5
1712162696365 150995.1 6
1712162706443 150995.1 7
1712162716528 150995.1 8
1712162726602 150995.1 9
1712162736687 150995.1 10
1712162746765 150995.1 11
1712162756847 150995.1 12
1712162766926 150995.1 13
1712162777008 150995.1 14
1712162787084 150995.1 15
1712162797164 150995.1 16
1712162807252 150995.1 17
1712162817330 150995.1 18
1712162827405 150995.1 19
1712162837437 150995.1 20
1712162847528 150995.1 21
1712162857616 150995.1 22
1712162867709 150995.1 23
1712162877788 150995.1 24
1712162887880 150995.1 25
