1712162635893 54.7 0
1712162645972 54.7 1
1712162656056 54.7 2
1712162666136 54.7 3
1712162676213 54.7 4
1712162686299 54.7 5
1712162696365 54.7 6
1712162706443 54.7 7
1712162716528 54.7 8
1712162726602 54.7 9
1712162736687 54.7 10
1712162746765 54.7 11
1712162756847 54.7 12
1712162766926 54.7 13
1712162777008 54.7 14
1712162787084 54.7 15
1712162797164 54.7 16
1712162807252 54.7 17
1712162817330 54.7 18
1712162827405 54.7 19
1712162837437 54.7 20
1712162847528 54.7 21
1712162857616 54.7 22
1712162867709 54.7 23
1712162877788 54.7 24
1712162887880 54.7 25
