1712162635893 125152.7 0
1712162645972 125152.7 1
1712162656056 125152.7 2
1712162666136 125152.7 3
1712162676213 125152.7 4
1712162686299 125152.7 5
1712162696365 125152.7 6
1712162706443 125152.7 7
1712162716528 125152.7 8
1712162726602 125152.7 9
1712162736687 125152.7 10
1712162746765 125152.7 11
1712162756847 125152.7 12
1712162766926 125152.7 13
1712162777008 125152.7 14
1712162787084 125152.7 15
1712162797164 125152.7 16
1712162807252 125152.7 17
1712162817330 125152.7 18
1712162827405 125152.7 19
1712162837437 125152.7 20
1712162847528 125152.7 21
1712162857616 125152.7 22
1712162867709 125152.7 23
1712162877788 125152.7 24
1712162887880 125152.7 25
