1712162635893 391.6 0
1712162645972 1257.8 1
1712162656056 1257.8 2
1712162666136 1257.8 3
1712162676213 1257.8 4
1712162686299 1257.8 5
1712162696365 1257.8 6
1712162706443 1257.8 7
1712162716528 1257.8 8
1712162726602 1257.8 9
1712162736687 1257.8 10
1712162746765 1257.8 11
1712162756847 1257.8 12
1712162766926 1257.8 13
1712162777008 1257.8 14
1712162787084 1257.8 15
1712162797164 1257.8 16
1712162807252 1257.8 17
1712162817330 1257.8 18
1712162827405 1257.8 19
1712162837437 1257.8 20
1712162847528 1257.8 21
1712162857616 1257.8 22
1712162867709 1257.8 23
1712162877788 1257.8 24
1712162887880 1257.8 25
