1712162635893 9.1 0
1712162645972 29.3 1
1712162656056 29.3 2
1712162666136 29.3 3
1712162676213 29.3 4
1712162686299 29.3 5
1712162696365 29.3 6
1712162706443 29.3 7
1712162716528 29.3 8
1712162726602 29.3 9
1712162736687 29.3 10
1712162746765 29.3 11
1712162756847 29.3 12
1712162766926 29.3 13
1712162777008 29.3 14
1712162787084 29.3 15
1712162797164 29.3 16
1712162807252 29.3 17
1712162817330 29.3 18
1712162827405 29.3 19
1712162837437 29.3 20
1712162847528 29.3 21
1712162857616 29.3 22
1712162867709 29.3 23
1712162877788 29.3 24
1712162887880 29.3 25
