1712162635893 1.0 0
1712162645972 93.0 1
1712162656056 94.0 2
1712162666136 93.0 3
1712162676213 93.0 4
1712162686299 90.0 5
1712162696365 95.0 6
1712162706443 94.0 7
1712162716528 94.0 8
1712162726602 93.0 9
1712162736687 90.0 10
1712162746765 91.0 11
1712162756847 90.0 12
1712162766926 93.0 13
1712162777008 91.0 14
1712162787084 94.0 15
1712162797164 89.0 16
1712162807252 95.0 17
1712162817330 94.0 18
1712162827405 95.0 19
1712162837437 90.0 20
1712162847528 89.0 21
1712162857616 91.0 22
1712162867709 92.0 23
1712162877788 91.0 24
1712162887880 92.0 25
