1712162635893 0.00010299999985363684 0
1712162645972 0.0828919999999016 1
1712162656056 1.0903370000000905 2
1712162666136 2.281974999999875 3
1712162676213 2.974948999999924 4
1712162686299 4.260133999999653 5
1712162696365 5.2121250000000146 6
1712162706443 5.792398000000048 7
1712162716528 7.091724999999769 8
1712162726602 7.980999999999767 9
1712162736687 8.612775000000056 10
1712162746765 10.000708999999915 11
1712162756847 11.014541000000008 12
1712162766926 11.609997000000021 13
1712162777008 12.059331999999813 14
1712162787084 12.434641999999712 15
1712162797164 12.877191999999923 16
1712162807252 13.271065999999792 17
1712162817330 13.673949999999877 18
1712162827405 14.085385999999744 19
1712162837437 14.22627199999988 20
1712162847528 14.41051299999981 21
1712162857616 14.573513999999705 22
1712162867709 14.693031999999675 23
1712162877788 14.847222999999758 24
1712162887880 15.027529999999842 25
