1712162635893 0.0 0
1712162645972 0.06553200000007564 1
1712162656056 0.2418910000001233 2
1712162666136 0.4411810000001424 3
1712162676213 0.6000140000001011 4
1712162686299 0.7878960000000461 5
1712162696365 0.9149429999999938 6
1712162706443 0.9992130000000543 7
1712162716528 1.1279560000000401 8
1712162726602 1.2475389999999607 9
1712162736687 1.417701999999963 10
1712162746765 1.6169549999999617 11
1712162756847 1.7718590000001768 12
1712162766926 1.8970150000000103 13
1712162777008 2.018880000000081 14
1712162787084 2.1304280000001654 15
1712162797164 2.278528000000051 16
1712162807252 2.4248620000000756 17
1712162817330 2.5840460000001713 18
1712162827405 2.7159209999999803 19
1712162837437 2.8156840000001466 20
1712162847528 2.9418980000000374 21
1712162857616 3.0686749999999847 22
1712162867709 3.150581000000102 23
1712162877788 3.275949999999966 24
1712162887880 3.4204389999999876 25
