1712162635893 79.2 0
1712162645972 81.9 1
1712162656056 82.7 2
1712162666136 82.8 3
1712162676213 82.9 4
1712162686299 83.1 5
1712162696365 83.1 6
1712162706443 83.4 7
1712162716528 84.5 8
1712162726602 84.4 9
1712162736687 84.3 10
1712162746765 84.6 11
1712162756847 84.7 12
1712162766926 85.0 13
1712162777008 85.5 14
1712162787084 85.7 15
1712162797164 85.5 16
1712162807252 85.8 17
1712162817330 85.9 18
1712162827405 86.2 19
1712162837437 86.2 20
1712162847528 88.4 21
1712162857616 88.3 22
1712162867709 88.4 23
1712162877788 88.5 24
1712162887880 88.7 25
