1712162635893 13362.9 0
1712162645972 13815.6 1
1712162656056 13943.1 2
1712162666136 13960.7 3
1712162676213 13982.0 4
1712162686299 14023.4 5
1712162696365 14022.1 6
1712162706443 14068.3 7
1712162716528 14252.5 8
1712162726602 14238.7 9
1712162736687 14217.5 10
1712162746765 14275.9 11
1712162756847 14291.6 12
1712162766926 14333.1 13
1712162777008 14417.7 14
1712162787084 14459.6 15
1712162797164 14425.7 16
1712162807252 14463.7 17
1712162817330 14493.8 18
1712162827405 14535.2 19
1712162837437 14540.6 20
1712162847528 14911.1 21
1712162857616 14901.1 22
1712162867709 14907.0 23
1712162877788 14932.9 24
1712162887880 14961.5 25
