1712163712791 0.0 0
1712163722864 7.4 1
1712163732931 17.6 2
1712163743006 23.7 3
1712163753074 23.6 4
1712163763145 23.3 5
1712163773213 22.8 6
1712163783282 23.3 7
1712163793359 23.7 8
1712163803435 23.1 9
1712163813511 22.6 10
1712163823574 23.5 11
1712163833663 24.7 12
1712163843741 22.8 13
1712163853818 22.3 14
1712163863893 22.8 15
1712163873964 23.5 16
1712163884037 22.2 17
1712163894110 22.6 18
1712163904192 24.0 19
1712163914270 23.0 20
1712163924356 22.6 21
1712163934426 22.2 22
1712163944501 22.5 23
1712163954580 23.3 24
1712163964653 23.0 25
1712163974728 23.4 26
1712163984805 24.0 27
1712163994879 24.9 28
1712164004962 25.1 29
1712164015054 24.6 30
1712164025135 25.3 31
1712164035203 24.9 32
1712164045239 24.8 33
1712164055320 28.3 34
1712164065387 27.0 35
1712164075482 26.8 36
1712164085594 27.1 37
1712164095669 27.2 38
1712164105756 27.4 39
1712164115820 28.0 40
1712164125891 27.2 41
1712164135973 27.3 42
1712164146061 27.7 43
1712164156137 27.3 44
1712164166219 27.2 45
1712164176311 27.3 46
1712164186377 27.5 47
1712164196452 27.5 48
1712164206517 27.7 49
1712164216596 27.2 50
1712164226681 27.2 51
1712164236778 28.4 52
1712164246852 27.7 53
1712164256925 29.1 54
1712164267004 27.1 55
1712164277075 27.2 56
1712164287149 27.4 57
1712164297234 29.3 58
1712164307308 27.8 59
1712164317378 27.8 60
1712164327455 27.2 61
1712164337527 26.9 62
1712164347613 27.2 63
1712164357646 26.3 64
1712164367681 27.4 65
1712164377726 28.0 66
1712164387813 26.2 67
1712164397890 25.6 68
1712164407935 25.6 69
1712164417974 25.6 70
1712164428009 24.8 71
1712164438045 26.2 72
1712164448088 27.7 73
1712164458167 25.9 74
1712164468195 26.4 75
1712164478225 26.8 76
1712164488311 26.5 77
1712164498341 26.4 78
1712164508375 26.6 79
1712164518443 26.2 80
1712164528476 26.7 81
1712164538509 27.8 82
1712164548596 28.8 83
1712164558627 26.7 84
1712164568657 26.4 85
1712164578737 26.4 86
1712164588767 26.8 87
1712164598807 26.3 88
1712164608888 25.8 89
1712164618925 27.4 90
1712164628953 26.4 91
1712164639031 26.8 92
1712164649061 26.3 93
1712164659094 26.7 94
1712164669166 26.3 95
1712164679248 26.7 96
1712164689362 25.6 97
1712164699457 26.5 98
1712164709556 26.3 99
1712164719584 26.7 100
1712164729668 25.6 101
1712164739754 26.5 102
1712164749843 26.3 103
1712164759915 26.6 104
1712164769990 25.8 105
1712164780022 26.5 106
1712164790096 26.5 107
1712164800180 26.5 108
1712164810261 26.4 109
1712164820344 26.8 110
1712164830433 26.2 111
1712164840468 26.6 112
1712164850508 26.9 113
1712164860536 24.9 114
1712164870618 26.5 115
1712164880659 26.6 116
1712164890689 26.0 117
1712164900788 25.7 118
1712164910827 26.5 119
1712164920868 27.3 120
1712164930969 26.6 121
1712164941011 26.1 122
1712164951042 26.3 123
1712164961123 27.1 124
1712164971165 26.3 125
1712164981206 26.6 126
1712164991292 26.4 127
1712165001344 26.0 128
1712165011377 26.5 129
1712165021455 26.9 130
1712165031501 27.0 131
1712165041545 26.7 132
1712165051641 28.0 133
1712165061681 26.8 134
1712165071717 27.0 135
1712165081824 27.0 136
1712165091863 26.6 137
1712165101898 26.9 138
1712165111987 27.1 139
1712165122077 27.3 140
1712165132178 27.4 141
1712165142241 28.0 142
1712165152323 28.1 143
1712165162406 27.3 144
1712165172495 27.4 145
1712165182586 26.6 146
1712165192676 28.7 147
1712165202712 27.0 148
1712165212820 26.4 149
1712165222912 26.3 150
1712165233031 25.8 151
1712165243131 26.2 152
1712165253247 26.7 153
1712165263283 26.4 154
1712165273371 27.0 155
1712165283465 26.4 156
1712165293552 26.4 157
1712165303647 26.7 158
1712165313736 26.5 159
1712165323776 26.4 160
1712165333864 26.4 161
1712165343960 26.5 162
1712165354057 27.0 163
1712165364156 27.2 164
1712165374235 26.9 165
1712165384278 28.2 166
1712165394364 26.9 167
1712165404447 27.2 168
1712165414529 27.2 169
1712165424622 26.7 170
1712165434712 27.4 171
1712165444754 27.0 172
1712165454848 28.2 173
1712165464942 25.5 174
1712165475020 27.3 175
1712165485107 26.8 176
1712165495193 27.2 177
1712165505236 26.8 178
1712165515332 26.6 179
1712165525367 26.7 180
1712165535414 26.5 181
1712165545465 25.2 182
1712165555554 26.4 183
1712165565588 27.4 184
1712165575626 27.1 185
1712165585709 27.1 186
1712165595754 26.8 187
1712165605793 27.8 188
1712165615875 27.8 189
1712165625919 27.7 190
1712165635953 27.7 191
1712165646034 27.7 192
1712165656074 25.5 193
1712165666104 27.3 194
1712165676192 27.6 195
1712165686236 27.6 196
1712165696271 27.0 197
1712165706365 28.2 198
1712165716403 27.4 199
1712165726434 28.0 200
1712165736520 27.5 201
1712165746558 28.3 202
1712165756596 26.9 203
1712165766672 27.0 204
1712165776716 27.5 205
1712165786803 28.0 206
1712165796890 27.3 207
1712165806929 27.8 208
1712165817011 27.2 209
1712165827113 27.4 210
1712165837208 27.5 211
1712165847298 27.1 212
1712165857392 28.2 213
1712165867494 27.6 214
1712165877585 27.7 215
1712165887681 27.7 216
1712165897757 27.2 217
1712165907848 27.4 218
1712165917877 28.3 219
1712165927977 27.8 220
1712165938063 27.6 221
1712165948155 27.8 222
1712165958249 27.7 223
1712165968341 27.3 224
1712165978377 27.3 225
