1712163712791 54.7 0
1712163722864 54.7 1
1712163732931 54.7 2
1712163743006 54.7 3
1712163753074 54.7 4
1712163763145 54.7 5
1712163773213 54.7 6
1712163783282 54.7 7
1712163793359 54.7 8
1712163803435 54.7 9
1712163813511 54.7 10
1712163823574 54.7 11
1712163833663 54.7 12
1712163843741 54.7 13
1712163853818 54.7 14
1712163863893 54.7 15
1712163873964 54.7 16
1712163884037 54.7 17
1712163894110 54.7 18
1712163904192 54.7 19
1712163914270 54.7 20
1712163924356 54.7 21
1712163934426 54.7 22
1712163944501 54.7 23
1712163954580 54.7 24
1712163964653 54.7 25
1712163974728 54.7 26
1712163984805 54.7 27
1712163994879 54.7 28
1712164004962 54.7 29
1712164015054 54.7 30
1712164025135 54.7 31
1712164035203 54.7 32
1712164045239 54.7 33
1712164055320 54.7 34
1712164065387 54.7 35
1712164075482 54.7 36
1712164085594 54.7 37
1712164095669 54.7 38
1712164105756 54.7 39
1712164115820 54.7 40
1712164125891 54.7 41
1712164135973 54.7 42
1712164146061 54.7 43
1712164156137 54.7 44
1712164166219 54.7 45
1712164176311 54.7 46
1712164186377 54.7 47
1712164196452 54.7 48
1712164206517 54.7 49
1712164216596 54.7 50
1712164226681 54.7 51
1712164236778 54.7 52
1712164246852 54.7 53
1712164256925 54.7 54
1712164267004 54.7 55
1712164277075 54.7 56
1712164287149 54.7 57
1712164297234 54.7 58
1712164307308 54.7 59
1712164317378 54.7 60
1712164327455 54.7 61
1712164337527 54.7 62
1712164347613 54.7 63
1712164357646 54.7 64
1712164367681 54.7 65
1712164377726 55.3 66
1712164387813 55.7 67
1712164397890 55.7 68
1712164407935 55.7 69
1712164417974 55.7 70
1712164428009 55.7 71
1712164438045 55.7 72
1712164448088 55.7 73
1712164458167 55.7 74
1712164468195 55.7 75
1712164478225 55.7 76
1712164488311 55.7 77
1712164498341 55.7 78
1712164508375 55.7 79
1712164518443 55.7 80
1712164528476 55.7 81
1712164538509 55.7 82
1712164548596 55.7 83
1712164558627 55.7 84
1712164568657 55.7 85
1712164578737 55.7 86
1712164588767 55.7 87
1712164598807 55.7 88
1712164608888 55.7 89
1712164618925 55.7 90
1712164628953 55.7 91
1712164639031 55.7 92
1712164649061 55.7 93
1712164659094 55.7 94
1712164669166 55.7 95
1712164679248 55.7 96
1712164689362 55.7 97
1712164699457 55.7 98
1712164709556 55.7 99
1712164719584 55.7 100
1712164729668 55.7 101
1712164739754 55.7 102
1712164749843 55.7 103
1712164759915 55.7 104
1712164769990 55.7 105
1712164780022 55.7 106
1712164790096 55.7 107
1712164800180 55.7 108
1712164810261 55.7 109
1712164820344 55.7 110
1712164830433 55.7 111
1712164840468 55.7 112
1712164850508 55.7 113
1712164860536 55.7 114
1712164870618 55.7 115
1712164880659 55.7 116
1712164890689 55.7 117
1712164900788 55.7 118
1712164910827 55.7 119
1712164920868 55.7 120
1712164930969 55.7 121
1712164941011 55.7 122
1712164951042 55.7 123
1712164961123 55.7 124
1712164971165 55.7 125
1712164981206 55.7 126
1712164991292 55.7 127
1712165001344 55.7 128
1712165011377 55.7 129
1712165021455 55.7 130
1712165031501 55.7 131
1712165041545 55.7 132
1712165051641 55.7 133
1712165061681 55.7 134
1712165071717 55.7 135
1712165081824 55.7 136
1712165091863 55.7 137
1712165101898 55.7 138
1712165111987 55.7 139
1712165122077 55.7 140
1712165132178 55.7 141
1712165142241 55.7 142
1712165152323 55.7 143
1712165162406 55.7 144
1712165172495 55.7 145
1712165182586 55.7 146
1712165192676 55.7 147
1712165202712 55.7 148
1712165212820 55.7 149
1712165222912 55.7 150
1712165233031 55.7 151
1712165243131 55.7 152
1712165253247 55.7 153
1712165263283 55.7 154
1712165273371 55.7 155
1712165283465 55.7 156
1712165293552 55.7 157
1712165303647 55.7 158
1712165313736 55.7 159
1712165323776 55.7 160
1712165333864 55.7 161
1712165343960 55.7 162
1712165354057 55.7 163
1712165364156 55.7 164
1712165374235 55.7 165
1712165384278 55.7 166
1712165394364 55.7 167
1712165404447 55.7 168
1712165414529 55.7 169
1712165424622 55.7 170
1712165434712 55.7 171
1712165444754 55.7 172
1712165454848 55.7 173
1712165464942 55.7 174
1712165475020 55.7 175
1712165485107 55.7 176
1712165495193 55.7 177
1712165505236 55.7 178
1712165515332 55.7 179
1712165525367 55.7 180
1712165535414 55.7 181
1712165545465 55.7 182
1712165555554 55.7 183
1712165565588 55.7 184
1712165575626 55.7 185
1712165585709 55.7 186
1712165595754 55.7 187
1712165605793 55.7 188
1712165615875 55.7 189
1712165625919 55.7 190
1712165635953 55.7 191
1712165646034 55.7 192
1712165656074 55.7 193
1712165666104 55.7 194
1712165676192 55.7 195
1712165686236 55.7 196
1712165696271 55.7 197
1712165706365 55.7 198
1712165716403 55.7 199
1712165726434 55.7 200
1712165736520 55.7 201
1712165746558 55.7 202
1712165756596 55.7 203
1712165766672 55.7 204
1712165776716 55.7 205
1712165786803 55.7 206
1712165796890 55.7 207
1712165806929 55.7 208
1712165817011 55.7 209
1712165827113 55.7 210
1712165837208 55.7 211
1712165847298 55.7 212
1712165857392 55.7 213
1712165867494 55.7 214
1712165877585 55.7 215
1712165887681 55.7 216
1712165897757 55.7 217
1712165907848 55.7 218
1712165917877 55.7 219
1712165927977 55.7 220
1712165938063 55.7 221
1712165948155 55.7 222
1712165958249 55.7 223
1712165968341 55.7 224
1712165978377 55.7 225
