1712163712791 150995.6 0
1712163722864 150995.6 1
1712163732931 150995.6 2
1712163743006 150995.6 3
1712163753074 150995.6 4
1712163763145 150995.6 5
1712163773213 150995.6 6
1712163783282 150995.6 7
1712163793359 150995.6 8
1712163803435 150995.6 9
1712163813511 150995.6 10
1712163823574 150995.6 11
1712163833663 150995.6 12
1712163843741 150995.6 13
1712163853818 150995.6 14
1712163863893 150995.6 15
1712163873964 150995.6 16
1712163884037 150995.6 17
1712163894110 150995.6 18
1712163904192 150995.6 19
1712163914270 150995.7 20
1712163924356 150995.7 21
1712163934426 150995.7 22
1712163944501 150995.7 23
1712163954580 150995.7 24
1712163964653 150995.7 25
1712163974728 150995.7 26
1712163984805 150995.7 27
1712163994879 150995.7 28
1712164004962 150995.7 29
1712164015054 150995.7 30
1712164025135 150995.7 31
1712164035203 150995.7 32
1712164045239 150995.7 33
1712164055320 150995.7 34
1712164065387 150995.7 35
1712164075482 150995.7 36
1712164085594 150995.7 37
1712164095669 150995.7 38
1712164105756 150995.7 39
1712164115820 150995.7 40
1712164125891 150995.7 41
1712164135973 150995.7 42
1712164146061 150995.7 43
1712164156137 150995.7 44
1712164166219 150995.7 45
1712164176311 150995.7 46
1712164186377 150995.7 47
1712164196452 150995.7 48
1712164206517 150995.7 49
1712164216596 150995.7 50
1712164226681 150995.7 51
1712164236778 150995.7 52
1712164246852 150995.7 53
1712164256925 150995.7 54
1712164267004 150995.7 55
1712164277075 150995.7 56
1712164287149 150995.7 57
1712164297234 150995.7 58
1712164307308 150995.7 59
1712164317378 150995.7 60
1712164327455 150995.7 61
1712164337527 150995.7 62
1712164347613 150995.7 63
1712164357646 150995.7 64
1712164367681 150995.7 65
1712164377726 152689.2 66
1712164387813 153748.5 67
1712164397890 153748.5 68
1712164407935 153748.5 69
1712164417974 153748.5 70
1712164428009 153748.5 71
1712164438045 153748.5 72
1712164448088 153748.5 73
1712164458167 153748.5 74
1712164468195 153748.5 75
1712164478225 153748.5 76
1712164488311 153748.5 77
1712164498341 153748.5 78
1712164508375 153748.5 79
1712164518443 153748.5 80
1712164528476 153748.5 81
1712164538509 153748.5 82
1712164548596 153748.5 83
1712164558627 153748.5 84
1712164568657 153748.5 85
1712164578737 153748.5 86
1712164588767 153748.5 87
1712164598807 153749.1 88
1712164608888 153749.1 89
1712164618925 153749.1 90
1712164628953 153749.1 91
1712164639031 153749.1 92
1712164649061 153749.1 93
1712164659094 153749.1 94
1712164669166 153749.1 95
1712164679248 153749.1 96
1712164689362 153749.1 97
1712164699457 153749.1 98
1712164709556 153749.1 99
1712164719584 153749.1 100
1712164729668 153749.1 101
1712164739754 153749.1 102
1712164749843 153749.1 103
1712164759915 153749.1 104
1712164769990 153749.1 105
1712164780022 153749.1 106
1712164790096 153749.1 107
1712164800180 153749.1 108
1712164810261 153749.1 109
1712164820344 153749.1 110
1712164830433 153749.1 111
1712164840468 153749.1 112
1712164850508 153749.1 113
1712164860536 153749.1 114
1712164870618 153749.1 115
1712164880659 153749.1 116
1712164890689 153749.1 117
1712164900788 153749.1 118
1712164910827 153749.1 119
1712164920868 153749.1 120
1712164930969 153749.1 121
1712164941011 153749.1 122
1712164951042 153749.1 123
1712164961123 153749.1 124
1712164971165 153749.1 125
1712164981206 153749.1 126
1712164991292 153749.1 127
1712165001344 153749.1 128
1712165011377 153749.1 129
1712165021455 153749.1 130
1712165031501 153749.1 131
1712165041545 153749.1 132
1712165051641 153749.1 133
1712165061681 153749.1 134
1712165071717 153749.1 135
1712165081824 153749.1 136
1712165091863 153749.1 137
1712165101898 153749.1 138
1712165111987 153749.1 139
1712165122077 153749.1 140
1712165132178 153749.1 141
1712165142241 153749.1 142
1712165152323 153749.1 143
1712165162406 153749.1 144
1712165172495 153749.1 145
1712165182586 153749.1 146
1712165192676 153749.1 147
1712165202712 153749.1 148
1712165212820 153749.1 149
1712165222912 153749.1 150
1712165233031 153749.1 151
1712165243131 153749.1 152
1712165253247 153749.1 153
1712165263283 153749.1 154
1712165273371 153749.1 155
1712165283465 153749.1 156
1712165293552 153749.1 157
1712165303647 153749.1 158
1712165313736 153749.1 159
1712165323776 153749.1 160
1712165333864 153749.1 161
1712165343960 153749.1 162
1712165354057 153749.1 163
1712165364156 153749.1 164
1712165374235 153749.1 165
1712165384278 153749.1 166
1712165394364 153749.1 167
1712165404447 153749.1 168
1712165414529 153749.1 169
1712165424622 153749.1 170
1712165434712 153749.1 171
1712165444754 153749.1 172
1712165454848 153749.1 173
1712165464942 153749.1 174
1712165475020 153749.1 175
1712165485107 153749.1 176
1712165495193 153749.1 177
1712165505236 153749.2 178
1712165515332 153749.2 179
1712165525367 153749.2 180
1712165535414 153749.2 181
1712165545465 153749.2 182
1712165555554 153749.2 183
1712165565588 153749.2 184
1712165575626 153749.2 185
1712165585709 153749.2 186
1712165595754 153749.2 187
1712165605793 153749.2 188
1712165615875 153749.2 189
1712165625919 153749.2 190
1712165635953 153749.7 191
1712165646034 153749.7 192
1712165656074 153749.7 193
1712165666104 153749.7 194
1712165676192 153749.7 195
1712165686236 153749.7 196
1712165696271 153749.7 197
1712165706365 153749.7 198
1712165716403 153749.7 199
1712165726434 153749.7 200
1712165736520 153749.7 201
1712165746558 153749.7 202
1712165756596 153749.7 203
1712165766672 153749.7 204
1712165776716 153749.7 205
1712165786803 153749.7 206
1712165796890 153749.7 207
1712165806929 153749.7 208
1712165817011 153749.7 209
1712165827113 153749.7 210
1712165837208 153749.7 211
1712165847298 153749.7 212
1712165857392 153749.7 213
1712165867494 153749.7 214
1712165877585 153749.7 215
1712165887681 153749.7 216
1712165897757 153749.7 217
1712165907848 153749.7 218
1712165917877 153749.7 219
1712165927977 153749.7 220
1712165938063 153749.7 221
1712165948155 153749.7 222
1712165958249 153749.7 223
1712165968341 153749.7 224
1712165978377 153749.7 225
