1712163712791 125152.1 0
1712163722864 125152.1 1
1712163732931 125152.1 2
1712163743006 125152.1 3
1712163753074 125152.1 4
1712163763145 125152.1 5
1712163773213 125152.1 6
1712163783282 125152.1 7
1712163793359 125152.1 8
1712163803435 125152.1 9
1712163813511 125152.1 10
1712163823574 125152.1 11
1712163833663 125152.1 12
1712163843741 125152.1 13
1712163853818 125152.1 14
1712163863893 125152.1 15
1712163873964 125152.1 16
1712163884037 125152.1 17
1712163894110 125152.1 18
1712163904192 125152.1 19
1712163914270 125152.1 20
1712163924356 125152.1 21
1712163934426 125152.1 22
1712163944501 125152.1 23
1712163954580 125152.1 24
1712163964653 125152.1 25
1712163974728 125152.1 26
1712163984805 125152.1 27
1712163994879 125152.1 28
1712164004962 125152.0 29
1712164015054 125152.0 30
1712164025135 125152.0 31
1712164035203 125152.0 32
1712164045239 125152.0 33
1712164055320 125152.0 34
1712164065387 125152.0 35
1712164075482 125152.0 36
1712164085594 125152.0 37
1712164095669 125152.0 38
1712164105756 125152.0 39
1712164115820 125152.0 40
1712164125891 125152.0 41
1712164135973 125152.0 42
1712164146061 125152.0 43
1712164156137 125152.0 44
1712164166219 125152.0 45
1712164176311 125152.0 46
1712164186377 125152.0 47
1712164196452 125152.0 48
1712164206517 125152.0 49
1712164216596 125152.0 50
1712164226681 125152.0 51
1712164236778 125152.0 52
1712164246852 125152.0 53
1712164256925 125152.0 54
1712164267004 125152.0 55
1712164277075 125152.0 56
1712164287149 125152.0 57
1712164297234 125152.0 58
1712164307308 125152.0 59
1712164317378 125152.0 60
1712164327455 125152.0 61
1712164337527 125152.0 62
1712164347613 125152.0 63
1712164357646 125152.0 64
1712164367681 125152.0 65
1712164377726 123458.5 66
1712164387813 122399.2 67
1712164397890 122399.2 68
1712164407935 122399.2 69
1712164417974 122399.2 70
1712164428009 122399.2 71
1712164438045 122399.2 72
1712164448088 122399.2 73
1712164458167 122399.2 74
1712164468195 122399.2 75
1712164478225 122399.2 76
1712164488311 122399.2 77
1712164498341 122399.2 78
1712164508375 122399.2 79
1712164518443 122399.2 80
1712164528476 122399.2 81
1712164538509 122399.2 82
1712164548596 122399.2 83
1712164558627 122399.2 84
1712164568657 122399.2 85
1712164578737 122399.2 86
1712164588767 122399.2 87
1712164598807 122398.7 88
1712164608888 122398.7 89
1712164618925 122398.7 90
1712164628953 122398.7 91
1712164639031 122398.7 92
1712164649061 122398.7 93
1712164659094 122398.7 94
1712164669166 122398.7 95
1712164679248 122398.7 96
1712164689362 122398.7 97
1712164699457 122398.7 98
1712164709556 122398.7 99
1712164719584 122398.7 100
1712164729668 122398.7 101
1712164739754 122398.7 102
1712164749843 122398.7 103
1712164759915 122398.7 104
1712164769990 122398.7 105
1712164780022 122398.7 106
1712164790096 122398.7 107
1712164800180 122398.7 108
1712164810261 122398.7 109
1712164820344 122398.7 110
1712164830433 122398.7 111
1712164840468 122398.7 112
1712164850508 122398.7 113
1712164860536 122398.7 114
1712164870618 122398.7 115
1712164880659 122398.7 116
1712164890689 122398.7 117
1712164900788 122398.7 118
1712164910827 122398.7 119
1712164920868 122398.7 120
1712164930969 122398.7 121
1712164941011 122398.7 122
1712164951042 122398.7 123
1712164961123 122398.7 124
1712164971165 122398.7 125
1712164981206 122398.7 126
1712164991292 122398.7 127
1712165001344 122398.7 128
1712165011377 122398.7 129
1712165021455 122398.7 130
1712165031501 122398.7 131
1712165041545 122398.7 132
1712165051641 122398.7 133
1712165061681 122398.7 134
1712165071717 122398.7 135
1712165081824 122398.7 136
1712165091863 122398.7 137
1712165101898 122398.7 138
1712165111987 122398.7 139
1712165122077 122398.7 140
1712165132178 122398.7 141
1712165142241 122398.7 142
1712165152323 122398.7 143
1712165162406 122398.7 144
1712165172495 122398.7 145
1712165182586 122398.7 146
1712165192676 122398.7 147
1712165202712 122398.7 148
1712165212820 122398.7 149
1712165222912 122398.7 150
1712165233031 122398.6 151
1712165243131 122398.6 152
1712165253247 122398.6 153
1712165263283 122398.6 154
1712165273371 122398.6 155
1712165283465 122398.6 156
1712165293552 122398.6 157
1712165303647 122398.6 158
1712165313736 122398.6 159
1712165323776 122398.6 160
1712165333864 122398.6 161
1712165343960 122398.6 162
1712165354057 122398.6 163
1712165364156 122398.6 164
1712165374235 122398.6 165
1712165384278 122398.6 166
1712165394364 122398.6 167
1712165404447 122398.6 168
1712165414529 122398.6 169
1712165424622 122398.6 170
1712165434712 122398.6 171
1712165444754 122398.6 172
1712165454848 122398.6 173
1712165464942 122398.6 174
1712165475020 122398.6 175
1712165485107 122398.6 176
1712165495193 122398.6 177
1712165505236 122398.6 178
1712165515332 122398.6 179
1712165525367 122398.6 180
1712165535414 122398.6 181
1712165545465 122398.6 182
1712165555554 122398.6 183
1712165565588 122398.6 184
1712165575626 122398.6 185
1712165585709 122398.6 186
1712165595754 122398.6 187
1712165605793 122398.6 188
1712165615875 122398.6 189
1712165625919 122398.6 190
1712165635953 122398.1 191
1712165646034 122398.1 192
1712165656074 122398.1 193
1712165666104 122398.1 194
1712165676192 122398.1 195
1712165686236 122398.1 196
1712165696271 122398.1 197
1712165706365 122398.1 198
1712165716403 122398.1 199
1712165726434 122398.1 200
1712165736520 122398.1 201
1712165746558 122398.1 202
1712165756596 122398.1 203
1712165766672 122398.1 204
1712165776716 122398.1 205
1712165786803 122398.1 206
1712165796890 122398.1 207
1712165806929 122398.1 208
1712165817011 122398.1 209
1712165827113 122398.1 210
1712165837208 122398.1 211
1712165847298 122398.1 212
1712165857392 122398.1 213
1712165867494 122398.1 214
1712165877585 122398.1 215
1712165887681 122398.1 216
1712165897757 122398.1 217
1712165907848 122398.1 218
1712165917877 122398.1 219
1712165927977 122398.1 220
1712165938063 122398.1 221
1712165948155 122398.1 222
1712165958249 122398.1 223
1712165968341 122398.1 224
1712165978377 122398.1 225
