1712163712791 0.0 0
1712163722864 0.0 1
1712163732931 100.0 2
1712163743006 100.0 3
1712163753074 99.0 4
1712163763145 99.0 5
1712163773213 99.0 6
1712163783282 99.0 7
1712163793359 99.0 8
1712163803435 99.0 9
1712163813511 100.0 10
1712163823574 100.0 11
1712163833663 100.0 12
1712163843741 99.0 13
1712163853818 99.0 14
1712163863893 100.0 15
1712163873964 99.0 16
1712163884037 99.0 17
1712163894110 100.0 18
1712163904192 100.0 19
1712163914270 99.0 20
1712163924356 100.0 21
1712163934426 99.0 22
1712163944501 100.0 23
1712163954580 100.0 24
1712163964653 100.0 25
1712163974728 100.0 26
1712163984805 99.0 27
1712163994879 99.0 28
1712164004962 100.0 29
1712164015054 100.0 30
1712164025135 99.0 31
1712164035203 100.0 32
1712164045239 99.0 33
1712164055320 100.0 34
1712164065387 99.0 35
1712164075482 100.0 36
1712164085594 100.0 37
1712164095669 100.0 38
1712164105756 100.0 39
1712164115820 99.0 40
1712164125891 99.0 41
1712164135973 99.0 42
1712164146061 99.0 43
1712164156137 99.0 44
1712164166219 100.0 45
1712164176311 99.0 46
1712164186377 100.0 47
1712164196452 100.0 48
1712164206517 100.0 49
1712164216596 99.0 50
1712164226681 99.0 51
1712164236778 99.0 52
1712164246852 99.0 53
1712164256925 99.0 54
1712164267004 100.0 55
1712164277075 99.0 56
1712164287149 100.0 57
1712164297234 100.0 58
1712164307308 100.0 59
1712164317378 99.0 60
1712164327455 99.0 61
1712164337527 99.0 62
1712164347613 99.0 63
1712164357646 99.0 64
1712164367681 100.0 65
1712164377726 100.0 66
1712164387813 99.0 67
1712164397890 99.0 68
1712164407935 99.0 69
1712164417974 99.0 70
1712164428009 100.0 71
1712164438045 99.0 72
1712164448088 100.0 73
1712164458167 99.0 74
1712164468195 100.0 75
1712164478225 99.0 76
1712164488311 99.0 77
1712164498341 99.0 78
1712164508375 100.0 79
1712164518443 100.0 80
1712164528476 99.0 81
1712164538509 99.0 82
1712164548596 99.0 83
1712164558627 100.0 84
1712164568657 100.0 85
1712164578737 99.0 86
1712164588767 99.0 87
1712164598807 99.0 88
1712164608888 100.0 89
1712164618925 100.0 90
1712164628953 100.0 91
1712164639031 99.0 92
1712164649061 100.0 93
1712164659094 99.0 94
1712164669166 100.0 95
1712164679248 99.0 96
1712164689362 99.0 97
1712164699457 99.0 98
1712164709556 100.0 99
1712164719584 99.0 100
1712164729668 100.0 101
1712164739754 99.0 102
1712164749843 100.0 103
1712164759915 99.0 104
1712164769990 100.0 105
1712164780022 100.0 106
1712164790096 100.0 107
1712164800180 99.0 108
1712164810261 99.0 109
1712164820344 99.0 110
1712164830433 100.0 111
1712164840468 99.0 112
1712164850508 99.0 113
1712164860536 99.0 114
1712164870618 99.0 115
1712164880659 99.0 116
1712164890689 100.0 117
1712164900788 100.0 118
1712164910827 100.0 119
1712164920868 99.0 120
1712164930969 99.0 121
1712164941011 98.0 122
1712164951042 100.0 123
1712164961123 100.0 124
1712164971165 99.0 125
1712164981206 99.0 126
1712164991292 98.0 127
1712165001344 100.0 128
1712165011377 99.0 129
1712165021455 100.0 130
1712165031501 99.0 131
1712165041545 99.0 132
1712165051641 99.0 133
1712165061681 99.0 134
1712165071717 99.0 135
1712165081824 100.0 136
1712165091863 99.0 137
1712165101898 99.0 138
1712165111987 99.0 139
1712165122077 100.0 140
1712165132178 100.0 141
1712165142241 100.0 142
1712165152323 97.0 143
1712165162406 100.0 144
1712165172495 99.0 145
1712165182586 99.0 146
1712165192676 99.0 147
1712165202712 99.0 148
1712165212820 100.0 149
1712165222912 98.0 150
1712165233031 100.0 151
1712165243131 100.0 152
1712165253247 100.0 153
1712165263283 100.0 154
1712165273371 100.0 155
1712165283465 99.0 156
1712165293552 99.0 157
1712165303647 99.0 158
1712165313736 98.0 159
1712165323776 100.0 160
1712165333864 100.0 161
1712165343960 99.0 162
1712165354057 100.0 163
1712165364156 100.0 164
1712165374235 99.0 165
1712165384278 98.0 166
1712165394364 99.0 167
1712165404447 100.0 168
1712165414529 99.0 169
1712165424622 100.0 170
1712165434712 99.0 171
1712165444754 100.0 172
1712165454848 99.0 173
1712165464942 100.0 174
1712165475020 100.0 175
1712165485107 99.0 176
1712165495193 99.0 177
1712165505236 99.0 178
1712165515332 99.0 179
1712165525367 99.0 180
1712165535414 100.0 181
1712165545465 100.0 182
1712165555554 99.0 183
1712165565588 99.0 184
1712165575626 99.0 185
1712165585709 100.0 186
1712165595754 100.0 187
1712165605793 100.0 188
1712165615875 99.0 189
1712165625919 99.0 190
1712165635953 100.0 191
1712165646034 99.0 192
1712165656074 100.0 193
1712165666104 99.0 194
1712165676192 99.0 195
1712165686236 99.0 196
1712165696271 100.0 197
1712165706365 99.0 198
1712165716403 100.0 199
1712165726434 99.0 200
1712165736520 99.0 201
1712165746558 99.0 202
1712165756596 99.0 203
1712165766672 100.0 204
1712165776716 100.0 205
1712165786803 100.0 206
1712165796890 99.0 207
1712165806929 100.0 208
1712165817011 99.0 209
1712165827113 100.0 210
1712165837208 99.0 211
1712165847298 100.0 212
1712165857392 99.0 213
1712165867494 100.0 214
1712165877585 100.0 215
1712165887681 100.0 216
1712165897757 100.0 217
1712165907848 100.0 218
1712165917877 100.0 219
1712165927977 100.0 220
1712165938063 100.0 221
1712165948155 99.0 222
1712165958249 99.0 223
1712165968341 99.0 224
1712165978377 99.0 225
