1712163712791 2.9 0
1712163722864 2.9 1
1712163732931 72.3 2
1712163743006 72.3 3
1712163753074 72.3 4
1712163763145 72.3 5
1712163773213 72.3 6
1712163783282 72.3 7
1712163793359 72.3 8
1712163803435 72.3 9
1712163813511 72.3 10
1712163823574 72.3 11
1712163833663 72.3 12
1712163843741 72.3 13
1712163853818 72.3 14
1712163863893 72.3 15
1712163873964 72.3 16
1712163884037 72.3 17
1712163894110 72.3 18
1712163904192 72.3 19
1712163914270 72.3 20
1712163924356 72.3 21
1712163934426 72.3 22
1712163944501 72.3 23
1712163954580 72.3 24
1712163964653 72.3 25
1712163974728 72.3 26
1712163984805 72.3 27
1712163994879 72.3 28
1712164004962 72.3 29
1712164015054 72.3 30
1712164025135 72.3 31
1712164035203 72.3 32
1712164045239 72.3 33
1712164055320 72.3 34
1712164065387 72.3 35
1712164075482 72.3 36
1712164085594 72.3 37
1712164095669 72.3 38
1712164105756 72.3 39
1712164115820 72.3 40
1712164125891 72.3 41
1712164135973 72.3 42
1712164146061 72.3 43
1712164156137 72.3 44
1712164166219 72.3 45
1712164176311 72.3 46
1712164186377 72.3 47
1712164196452 72.3 48
1712164206517 72.3 49
1712164216596 72.3 50
1712164226681 72.3 51
1712164236778 72.3 52
1712164246852 72.3 53
1712164256925 72.3 54
1712164267004 72.3 55
1712164277075 72.3 56
1712164287149 72.3 57
1712164297234 72.3 58
1712164307308 72.3 59
1712164317378 72.3 60
1712164327455 72.3 61
1712164337527 72.3 62
1712164347613 72.3 63
1712164357646 72.3 64
1712164367681 72.3 65
1712164377726 72.3 66
1712164387813 72.3 67
1712164397890 72.3 68
1712164407935 72.3 69
1712164417974 72.3 70
1712164428009 72.3 71
1712164438045 72.3 72
1712164448088 72.3 73
1712164458167 72.3 74
1712164468195 72.3 75
1712164478225 72.3 76
1712164488311 72.3 77
1712164498341 72.3 78
1712164508375 72.3 79
1712164518443 72.3 80
1712164528476 72.3 81
1712164538509 72.3 82
1712164548596 72.3 83
1712164558627 72.3 84
1712164568657 72.3 85
1712164578737 72.3 86
1712164588767 72.3 87
1712164598807 72.3 88
1712164608888 72.3 89
1712164618925 72.3 90
1712164628953 72.3 91
1712164639031 72.3 92
1712164649061 72.3 93
1712164659094 72.3 94
1712164669166 72.3 95
1712164679248 72.3 96
1712164689362 72.3 97
1712164699457 72.3 98
1712164709556 72.3 99
1712164719584 72.3 100
1712164729668 72.3 101
1712164739754 72.3 102
1712164749843 72.3 103
1712164759915 72.3 104
1712164769990 72.3 105
1712164780022 72.3 106
1712164790096 72.3 107
1712164800180 72.3 108
1712164810261 72.3 109
1712164820344 72.3 110
1712164830433 72.3 111
1712164840468 72.3 112
1712164850508 72.3 113
1712164860536 72.3 114
1712164870618 72.3 115
1712164880659 72.3 116
1712164890689 72.3 117
1712164900788 72.3 118
1712164910827 72.3 119
1712164920868 72.3 120
1712164930969 72.3 121
1712164941011 72.3 122
1712164951042 72.3 123
1712164961123 72.3 124
1712164971165 72.3 125
1712164981206 72.3 126
1712164991292 72.3 127
1712165001344 72.3 128
1712165011377 72.3 129
1712165021455 72.3 130
1712165031501 72.3 131
1712165041545 72.3 132
1712165051641 72.3 133
1712165061681 72.3 134
1712165071717 72.3 135
1712165081824 72.3 136
1712165091863 72.3 137
1712165101898 72.3 138
1712165111987 72.3 139
1712165122077 72.3 140
1712165132178 72.3 141
1712165142241 72.3 142
1712165152323 72.3 143
1712165162406 72.3 144
1712165172495 72.3 145
1712165182586 72.3 146
1712165192676 72.3 147
1712165202712 72.3 148
1712165212820 72.3 149
1712165222912 72.3 150
1712165233031 72.3 151
1712165243131 72.3 152
1712165253247 72.3 153
1712165263283 72.3 154
1712165273371 72.3 155
1712165283465 72.3 156
1712165293552 72.3 157
1712165303647 72.3 158
1712165313736 72.3 159
1712165323776 72.3 160
1712165333864 72.3 161
1712165343960 72.3 162
1712165354057 72.3 163
1712165364156 72.3 164
1712165374235 72.3 165
1712165384278 72.3 166
1712165394364 72.3 167
1712165404447 72.3 168
1712165414529 72.3 169
1712165424622 72.3 170
1712165434712 72.3 171
1712165444754 72.3 172
1712165454848 72.3 173
1712165464942 72.3 174
1712165475020 72.3 175
1712165485107 72.3 176
1712165495193 72.3 177
1712165505236 72.3 178
1712165515332 72.3 179
1712165525367 72.3 180
1712165535414 72.3 181
1712165545465 72.3 182
1712165555554 72.3 183
1712165565588 72.3 184
1712165575626 72.3 185
1712165585709 72.3 186
1712165595754 72.3 187
1712165605793 72.3 188
1712165615875 72.3 189
1712165625919 72.3 190
1712165635953 72.3 191
1712165646034 72.3 192
1712165656074 72.3 193
1712165666104 72.3 194
1712165676192 72.3 195
1712165686236 72.3 196
1712165696271 72.3 197
1712165706365 72.3 198
1712165716403 72.3 199
1712165726434 72.3 200
1712165736520 72.3 201
1712165746558 72.3 202
1712165756596 72.3 203
1712165766672 72.3 204
1712165776716 72.3 205
1712165786803 72.3 206
1712165796890 72.3 207
1712165806929 72.3 208
1712165817011 72.3 209
1712165827113 72.3 210
1712165837208 72.3 211
1712165847298 72.3 212
1712165857392 72.3 213
1712165867494 72.3 214
1712165877585 72.3 215
1712165887681 72.3 216
1712165897757 72.3 217
1712165907848 72.3 218
1712165917877 72.3 219
1712165927977 72.3 220
1712165938063 72.3 221
1712165948155 72.3 222
1712165958249 72.3 223
1712165968341 72.3 224
1712165978377 72.3 225
