1712163712791 124.8 0
1712163722864 124.8 1
1712163732931 3105.4 2
1712163743006 3105.4 3
1712163753074 3105.4 4
1712163763145 3105.4 5
1712163773213 3105.4 6
1712163783282 3105.4 7
1712163793359 3105.4 8
1712163803435 3105.4 9
1712163813511 3105.4 10
1712163823574 3105.4 11
1712163833663 3105.4 12
1712163843741 3105.4 13
1712163853818 3105.4 14
1712163863893 3105.4 15
1712163873964 3105.4 16
1712163884037 3105.4 17
1712163894110 3105.4 18
1712163904192 3105.4 19
1712163914270 3105.4 20
1712163924356 3105.4 21
1712163934426 3105.4 22
1712163944501 3105.4 23
1712163954580 3105.4 24
1712163964653 3105.4 25
1712163974728 3105.4 26
1712163984805 3105.4 27
1712163994879 3105.4 28
1712164004962 3105.4 29
1712164015054 3105.4 30
1712164025135 3105.4 31
1712164035203 3105.4 32
1712164045239 3105.4 33
1712164055320 3105.4 34
1712164065387 3105.4 35
1712164075482 3105.4 36
1712164085594 3105.4 37
1712164095669 3105.4 38
1712164105756 3105.4 39
1712164115820 3105.4 40
1712164125891 3105.4 41
1712164135973 3105.4 42
1712164146061 3105.4 43
1712164156137 3105.4 44
1712164166219 3105.4 45
1712164176311 3105.4 46
1712164186377 3105.4 47
1712164196452 3105.4 48
1712164206517 3105.4 49
1712164216596 3105.4 50
1712164226681 3105.4 51
1712164236778 3105.4 52
1712164246852 3105.4 53
1712164256925 3105.4 54
1712164267004 3105.4 55
1712164277075 3105.4 56
1712164287149 3105.4 57
1712164297234 3105.4 58
1712164307308 3105.4 59
1712164317378 3105.4 60
1712164327455 3105.4 61
1712164337527 3105.4 62
1712164347613 3105.4 63
1712164357646 3105.4 64
1712164367681 3105.4 65
1712164377726 3105.4 66
1712164387813 3105.4 67
1712164397890 3105.4 68
1712164407935 3105.4 69
1712164417974 3105.4 70
1712164428009 3105.4 71
1712164438045 3105.4 72
1712164448088 3105.4 73
1712164458167 3105.4 74
1712164468195 3105.4 75
1712164478225 3105.4 76
1712164488311 3105.4 77
1712164498341 3105.4 78
1712164508375 3105.4 79
1712164518443 3105.4 80
1712164528476 3105.4 81
1712164538509 3105.4 82
1712164548596 3105.4 83
1712164558627 3105.4 84
1712164568657 3105.4 85
1712164578737 3105.4 86
1712164588767 3105.4 87
1712164598807 3105.4 88
1712164608888 3105.4 89
1712164618925 3105.4 90
1712164628953 3105.4 91
1712164639031 3105.4 92
1712164649061 3105.4 93
1712164659094 3105.4 94
1712164669166 3105.4 95
1712164679248 3105.4 96
1712164689362 3105.4 97
1712164699457 3105.4 98
1712164709556 3105.4 99
1712164719584 3105.4 100
1712164729668 3105.4 101
1712164739754 3105.4 102
1712164749843 3105.4 103
1712164759915 3105.4 104
1712164769990 3105.4 105
1712164780022 3105.4 106
1712164790096 3105.4 107
1712164800180 3105.4 108
1712164810261 3105.4 109
1712164820344 3105.4 110
1712164830433 3105.4 111
1712164840468 3105.4 112
1712164850508 3105.4 113
1712164860536 3105.4 114
1712164870618 3105.4 115
1712164880659 3105.4 116
1712164890689 3105.4 117
1712164900788 3105.4 118
1712164910827 3105.4 119
1712164920868 3105.4 120
1712164930969 3105.4 121
1712164941011 3105.4 122
1712164951042 3105.4 123
1712164961123 3105.4 124
1712164971165 3105.4 125
1712164981206 3105.4 126
1712164991292 3105.4 127
1712165001344 3105.4 128
1712165011377 3105.4 129
1712165021455 3105.4 130
1712165031501 3105.4 131
1712165041545 3105.4 132
1712165051641 3105.4 133
1712165061681 3105.4 134
1712165071717 3105.4 135
1712165081824 3105.4 136
1712165091863 3105.4 137
1712165101898 3105.4 138
1712165111987 3105.4 139
1712165122077 3105.4 140
1712165132178 3105.4 141
1712165142241 3105.4 142
1712165152323 3105.4 143
1712165162406 3105.4 144
1712165172495 3105.4 145
1712165182586 3105.4 146
1712165192676 3105.4 147
1712165202712 3105.4 148
1712165212820 3105.4 149
1712165222912 3105.4 150
1712165233031 3105.4 151
1712165243131 3105.4 152
1712165253247 3105.4 153
1712165263283 3105.4 154
1712165273371 3105.4 155
1712165283465 3105.4 156
1712165293552 3105.4 157
1712165303647 3105.4 158
1712165313736 3105.4 159
1712165323776 3105.4 160
1712165333864 3105.4 161
1712165343960 3105.4 162
1712165354057 3105.4 163
1712165364156 3105.4 164
1712165374235 3105.4 165
1712165384278 3105.4 166
1712165394364 3105.4 167
1712165404447 3105.4 168
1712165414529 3105.4 169
1712165424622 3105.4 170
1712165434712 3105.4 171
1712165444754 3105.4 172
1712165454848 3105.4 173
1712165464942 3105.4 174
1712165475020 3105.4 175
1712165485107 3105.4 176
1712165495193 3105.4 177
1712165505236 3105.4 178
1712165515332 3105.4 179
1712165525367 3105.4 180
1712165535414 3105.4 181
1712165545465 3105.4 182
1712165555554 3105.4 183
1712165565588 3105.4 184
1712165575626 3105.4 185
1712165585709 3105.4 186
1712165595754 3105.4 187
1712165605793 3105.4 188
1712165615875 3105.4 189
1712165625919 3105.4 190
1712165635953 3105.4 191
1712165646034 3105.4 192
1712165656074 3105.4 193
1712165666104 3105.4 194
1712165676192 3105.4 195
1712165686236 3105.4 196
1712165696271 3105.4 197
1712165706365 3105.4 198
1712165716403 3105.4 199
1712165726434 3105.4 200
1712165736520 3105.4 201
1712165746558 3105.4 202
1712165756596 3105.4 203
1712165766672 3105.4 204
1712165776716 3105.4 205
1712165786803 3105.4 206
1712165796890 3105.4 207
1712165806929 3105.4 208
1712165817011 3105.4 209
1712165827113 3105.4 210
1712165837208 3105.4 211
1712165847298 3105.4 212
1712165857392 3105.4 213
1712165867494 3105.4 214
1712165877585 3105.4 215
1712165887681 3105.4 216
1712165897757 3105.4 217
1712165907848 3105.4 218
1712165917877 3105.4 219
1712165927977 3105.4 220
1712165938063 3105.4 221
1712165948155 3105.4 222
1712165958249 3105.4 223
1712165968341 3105.4 224
1712165978377 3105.4 225
