1712163712791 0.0 0
1712163722864 0.19551700000010896 1
1712163732931 0.3279640000000654 2
1712163743006 0.40099400000008245 3
1712163753074 0.45020800000020245 4
1712163763145 0.5641559999999117 5
1712163773213 0.7002790000001369 6
1712163783282 0.8575740000001133 7
1712163793359 1.0033760000001166 8
1712163803435 1.1648470000000088 9
1712163813511 1.3580689999998867 10
1712163823574 2.245535000000018 11
1712163833663 3.5622010000001865 12
1712163843741 4.394779000000199 13
1712163853818 5.342027000000144 14
1712163863893 6.076284000000214 15
1712163873964 6.971160999999938 16
1712163884037 7.974639000000025 17
1712163894110 8.78823199999988 18
1712163904192 9.768196999999873 19
1712163914270 10.87575199999992 20
1712163924356 11.71411100000023 21
1712163934426 12.30310899999995 22
1712163944501 12.504562000000078 23
1712163954580 12.708845999999994 24
1712163964653 12.866786000000047 25
1712163974728 12.980047999999897 26
1712163984805 13.171831000000111 27
1712163994879 13.308688999999958 28
1712164004962 13.465571000000182 29
1712164015054 13.603617000000213 30
1712164025135 13.79856800000016 31
1712164035203 13.980844000000161 32
1712164045239 14.05402200000026 33
1712164055320 14.365010999999868 34
1712164065387 14.6649010000001 35
1712164075482 14.89804200000026 36
1712164085594 19.322204000000056 37
1712164095669 24.52918600000021 38
1712164105756 31.059367000000293 39
1712164115820 38.1126720000002 40
1712164125891 41.11815800000022 41
1712164135973 43.52082500000006 42
1712164146061 50.7492729999999 43
1712164156137 53.96903599999996 44
1712164166219 54.57973799999991 45
1712164176311 59.63466000000017 46
1712164186377 63.179597000000285 47
1712164196452 67.87054200000011 48
1712164206517 68.05115999999998 49
1712164216596 70.43808900000022 50
1712164226681 74.84371600000031 51
1712164236778 77.86480800000027 52
1712164246852 86.89440100000002 53
1712164256925 88.38708200000019 54
1712164267004 91.11170399999992 55
1712164277075 92.20744700000023 56
1712164287149 98.95322600000009 57
1712164297234 109.89800700000023 58
1712164307308 115.84295800000018 59
1712164317378 116.61382600000024 60
1712164327455 116.6405020000002 61
1712164337527 117.46845400000029 62
1712164347613 119.0648500000002 63
1712164357646 119.1041580000001 64
1712164367681 119.13832200000024 65
1712164377726 119.16368199999988 66
1712164387813 119.19977300000028 67
1712164397890 119.2282110000001 68
1712164407935 119.26195899999993 69
1712164417974 119.29780500000015 70
1712164428009 119.33117700000003 71
1712164438045 119.37236500000017 72
1712164448088 119.4033330000002 73
1712164458167 122.47577200000023 74
1712164468195 126.69098900000017 75
1712164478225 136.53853000000026 76
1712164488311 143.24481100000003 77
1712164498341 145.96764699999994 78
1712164508375 153.68576900000016 79
1712164518443 164.02679500000022 80
1712164528476 165.93469400000004 81
1712164538509 165.97462200000018 82
1712164548596 168.92994799999997 83
1712164558627 178.10588700000017 84
1712164568657 184.99470599999995 85
1712164578737 185.01839199999995 86
1712164588767 185.0467550000003 87
1712164598807 185.95660799999996 88
1712164608888 186.0418910000003 89
1712164618925 194.2876040000001 90
1712164628953 199.85910999999987 91
1712164639031 203.95639600000004 92
1712164649061 213.70995799999992 93
1712164659094 217.39074100000016 94
1712164669166 219.99024800000007 95
1712164679248 224.16911100000016 96
1712164689362 224.1996079999999 97
1712164699457 226.2854870000001 98
1712164709556 226.30451200000016 99
1712164719584 229.3330450000003 100
1712164729668 232.23532699999987 101
1712164739754 233.22565600000007 102
1712164749843 233.8339920000003 103
1712164759915 236.268012 104
1712164769990 236.42672700000003 105
1712164780022 236.5050570000003 106
1712164790096 246.423311 107
1712164800180 256.24016299999994 108
1712164810261 262.81179999999995 109
1712164820344 268.37878200000023 110
1712164830433 268.3921700000001 111
1712164840468 268.42181600000004 112
1712164850508 268.4463730000002 113
1712164860536 268.4981740000003 114
1712164870618 268.5294060000001 115
1712164880659 281.9645150000001 116
1712164890689 297.06451700000025 117
1712164900788 300.38060799999994 118
1712164910827 301.662859 119
1712164920868 302.3117820000002 120
1712164930969 302.80603999999994 121
1712164941011 303.47765200000003 122
1712164951042 304.1798090000002 123
1712164961123 304.9006199999999 124
1712164971165 305.4262960000001 125
1712164981206 305.922184 126
1712164991292 306.457527 127
1712165001344 306.6925919999999 128
1712165011377 306.71631100000013 129
1712165021455 306.7339139999999 130
1712165031501 306.75879699999996 131
1712165041545 306.79167000000007 132
1712165051641 306.8068510000003 133
1712165061681 306.8367840000001 134
1712165071717 306.8641459999999 135
1712165081824 306.890003 136
1712165091863 308.23346900000024 137
1712165101898 312.4778570000003 138
1712165111987 317.3719080000001 139
1712165122077 328.3348420000002 140
1712165132178 336.9450780000002 141
1712165142241 347.93122500000027 142
1712165152323 353.5901509999999 143
1712165162406 354.06064400000014 144
1712165172495 361.1349250000003 145
1712165182586 361.16064600000027 146
1712165192676 368.76781200000005 147
1712165202712 379.6956600000003 148
1712165212820 389.2540570000001 149
1712165222912 401.2592260000001 150
1712165233031 404.85304399999995 151
1712165243131 404.9569650000003 152
1712165253247 404.98174599999993 153
1712165263283 405.016443 154
1712165273371 415.00637099999994 155
1712165283465 428.320792 156
1712165293552 434.38750100000016 157
1712165303647 436.0725940000002 158
1712165313736 436.0998300000001 159
1712165323776 437.3304069999999 160
1712165333864 440.83626200000026 161
1712165343960 441.45486800000026 162
1712165354057 447.383507 163
1712165364156 449.3011120000001 164
1712165374235 449.3179960000002 165
1712165384278 449.342975 166
1712165394364 449.3824159999999 167
1712165404447 449.4586910000003 168
1712165414529 449.4768570000001 169
1712165424622 452.2747290000002 170
1712165434712 464.5216140000002 171
1712165444754 475.75367400000005 172
1712165454848 493.031242 173
1712165464942 506.83835 174
1712165475020 519.2627050000001 175
1712165485107 534.4653400000002 176
1712165495193 546.0402140000001 177
1712165505236 555.9176200000002 178
1712165515332 573.3261430000002 179
1712165525367 586.5360410000003 180
1712165535414 588.165528 181
1712165545465 588.2414819999999 182
1712165555554 588.2662330000003 183
1712165565588 589.727899 184
1712165575626 590.473015 185
1712165585709 591.1581590000001 186
1712165595754 591.2051470000001 187
1712165605793 591.2320850000001 188
1712165615875 591.2663270000003 189
1712165625919 591.2968510000001 190
1712165635953 591.767871 191
1712165646034 592.1162640000002 192
1712165656074 592.1852130000002 193
1712165666104 592.2161230000002 194
1712165676192 592.2275380000001 195
1712165686236 592.2660220000002 196
1712165696271 592.3189780000002 197
1712165706365 592.3418740000002 198
1712165716403 592.393364 199
1712165726434 592.4068670000001 200
1712165736520 592.441061 201
1712165746558 592.4656760000003 202
1712165756596 592.5279020000003 203
1712165766672 592.586789 204
1712165776716 592.629637 205
1712165786803 592.655131 206
1712165796890 592.6897180000001 207
1712165806929 592.720617 208
1712165817011 597.2090830000002 209
1712165827113 597.4976000000001 210
1712165837208 597.9552990000002 211
1712165847298 597.997143 212
1712165857392 598.0115740000001 213
1712165867494 598.0321090000002 214
1712165877585 598.0544610000002 215
1712165887681 598.6269900000002 216
1712165897757 599.1426860000001 217
1712165907848 599.2033190000002 218
1712165917877 599.2313910000003 219
1712165927977 599.2902690000001 220
1712165938063 600.0345649999999 221
1712165948155 600.094251 222
1712165958249 600.5155399999999 223
1712165968341 600.5410390000002 224
1712165978377 600.5626219999999 225
