1712163712791 0.0 0
1712163722864 0.1864539999999124 1
1712163732931 0.2935410000000047 2
1712163743006 0.34811899999999696 3
1712163753074 0.37768000000005486 4
1712163763145 0.4786690000000817 5
1712163773213 0.5973850000000311 6
1712163783282 0.7400199999999586 7
1712163793359 0.8745320000000447 8
1712163803435 1.0274540000000343 9
1712163813511 1.1942699999999604 10
1712163823574 1.341963000000078 11
1712163833663 1.5210409999999683 12
1712163843741 1.6857969999998659 13
1712163853818 1.857808999999861 14
1712163863893 1.9550219999998717 15
1712163873964 2.0696649999999863 16
1712163884037 2.223549000000048 17
1712163894110 2.338702000000012 18
1712163904192 2.491320999999971 19
1712163914270 2.6664009999999507 20
1712163924356 2.807506999999987 21
1712163934426 2.9044799999999213 22
1712163944501 3.0533920000000307 23
1712163954580 3.2402270000000044 24
1712163964653 3.3779349999999795 25
1712163974728 3.469235000000026 26
1712163984805 3.6403109999998833 27
1712163994879 3.7513320000000476 28
1712164004962 3.895573000000013 29
1712164015054 4.02227599999992 30
1712164025135 4.194230999999945 31
1712164035203 4.358351999999968 32
1712164045239 4.408768999999893 33
1712164055320 4.492989999999963 34
1712164065387 4.771246999999903 35
1712164075482 4.990446999999904 36
1712164085594 9.288671000000022 37
1712164095669 14.577608999999939 38
1712164105756 21.087774999999965 39
1712164115820 28.12656199999992 40
1712164125891 31.09832099999994 41
1712164135973 33.47325000000001 42
1712164146061 40.70425999999998 43
1712164156137 43.907782 44
1712164166219 44.5054419999999 45
1712164176311 49.466948999999886 46
1712164186377 53.04894599999989 47
1712164196452 57.71972299999993 48
1712164206517 57.87924700000008 49
1712164216596 60.244662999999946 50
1712164226681 64.61752499999989 51
1712164236778 67.65860500000008 52
1712164246852 76.65537900000004 53
1712164256925 78.12970300000006 54
1712164267004 80.84214799999995 55
1712164277075 81.92141599999991 56
1712164287149 88.54264699999999 57
1712164297234 99.56058400000006 58
1712164307308 105.48489199999995 59
1712164317378 106.2442779999999 60
1712164327455 106.25351299999988 61
1712164337527 106.92566299999999 62
1712164347613 108.601903 63
1712164357646 108.63914699999987 64
1712164367681 108.66451600000005 65
1712164377726 108.67721400000005 66
1712164387813 108.68661700000007 67
1712164397890 108.70443799999998 68
1712164407935 108.72645599999987 69
1712164417974 108.7400889999999 70
1712164428009 108.76261199999999 71
1712164438045 108.80076499999996 72
1712164448088 108.81561899999997 73
1712164458167 111.78883300000007 74
1712164468195 115.987435 75
1712164478225 125.78785600000015 76
1712164488311 132.52032200000008 77
1712164498341 135.22716699999978 78
1712164508375 142.92907600000012 79
1712164518443 153.26892599999996 80
1712164528476 155.15758100000016 81
1712164538509 155.17445500000008 82
1712164548596 158.11151600000017 83
1712164558627 167.2434310000001 84
1712164568657 174.14961199999993 85
1712164578737 174.16157499999986 86
1712164588767 174.17156899999986 87
1712164598807 175.04692499999987 88
1712164608888 175.12436599999978 89
1712164618925 183.296063 90
1712164628953 188.91204600000015 91
1712164639031 193.00164500000005 92
1712164649061 202.73783200000003 93
1712164659094 206.39791200000013 94
1712164669166 208.98602800000003 95
1712164679248 213.03813699999978 96
1712164689362 213.0526699999998 97
1712164699457 215.12094000000002 98
1712164709556 215.12579200000005 99
1712164719584 218.14160000000015 100
1712164729668 221.03596399999992 101
1712164739754 222.0203180000001 102
1712164749843 222.6232010000001 103
1712164759915 225.031162 104
1712164769990 225.19253700000013 105
1712164780022 225.2545480000001 106
1712164790096 235.16213099999982 107
1712164800180 244.97120699999982 108
1712164810261 251.53589399999987 109
1712164820344 257.091373 110
1712164830433 257.09602100000006 111
1712164840468 257.11255700000015 112
1712164850508 257.1238740000001 113
1712164860536 257.16568699999993 114
1712164870618 257.1854529999998 115
1712164880659 270.60511999999994 116
1712164890689 285.6833359999998 117
1712164900788 288.969789 118
1712164910827 290.240239 119
1712164920868 290.88069999999993 120
1712164930969 291.362351 121
1712164941011 292.0167960000001 122
1712164951042 292.69233499999996 123
1712164961123 293.39682800000014 124
1712164971165 293.906843 125
1712164981206 294.3886650000002 126
1712164991292 294.9046649999998 127
1712165001344 295.1221830000002 128
1712165011377 295.1332799999998 129
1712165021455 295.138013 130
1712165031501 295.1514249999998 131
1712165041545 295.1651519999998 132
1712165051641 295.1699040000001 133
1712165061681 295.1825019999999 134
1712165071717 295.1896049999998 135
1712165081824 295.19227799999976 136
1712165091863 296.52126999999996 137
1712165101898 300.7540120000001 138
1712165111987 305.61327300000016 139
1712165122077 316.549448 140
1712165132178 325.1399680000002 141
1712165142241 336.113157 142
1712165152323 341.75370499999985 143
1712165162406 342.2072350000001 144
1712165172495 349.26397199999997 145
1712165182586 349.2716600000001 146
1712165192676 356.8673689999998 147
1712165202712 367.77230799999984 148
1712165212820 377.28058499999975 149
1712165222912 389.2766939999999 150
1712165233031 392.87401799999975 151
1712165243131 392.963849 152
1712165253247 392.9707569999998 153
1712165263283 392.9939099999999 154
1712165273371 402.96768099999986 155
1712165283465 416.1141909999999 156
1712165293552 422.33211300000016 157
1712165303647 424.0013419999998 158
1712165313736 424.00392099999976 159
1712165323776 425.2131459999998 160
1712165333864 428.6989689999998 161
1712165343960 429.27405299999987 162
1712165354057 435.2088839999999 163
1712165364156 437.1174749999998 164
1712165374235 437.12186399999996 165
1712165384278 437.1374589999998 166
1712165394364 437.16519300000004 167
1712165404447 437.22839599999975 168
1712165414529 437.23348199999987 169
1712165424622 440.0198509999998 170
1712165434712 452.17975 171
1712165444754 463.47587099999987 172
1712165454848 479.0066549999999 173
1712165464942 492.76110300000005 174
1712165475020 505.1806720000002 175
1712165485107 520.3626409999999 176
1712165495193 531.8919189999999 177
1712165505236 541.757507 178
1712165515332 559.1092900000001 179
1712165525367 572.3086099999998 180
1712165535414 573.9236349999999 181
1712165545465 573.9796210000002 182
1712165555554 573.9923700000002 183
1712165565588 575.4098040000001 184
1712165575626 576.1623149999998 185
1712165585709 576.8205569999998 186
1712165595754 576.8542129999998 187
1712165605793 576.8618309999999 188
1712165615875 576.881451 189
1712165625919 576.891711 190
1712165635953 577.3434879999998 191
1712165646034 577.6809000000001 192
1712165656074 577.7233819999999 193
1712165666104 577.740485 194
1712165676192 577.7441919999999 195
1712165686236 577.7666080000001 196
1712165696271 577.7994809999998 197
1712165706365 577.804625 198
1712165716403 577.8410150000002 199
1712165726434 577.8455569999999 200
1712165736520 577.8715949999998 201
1712165746558 577.8792000000001 202
1712165756596 577.918418 203
1712165766672 577.964788 204
1712165776716 577.9920289999998 205
1712165786803 578.0013740000002 206
1712165796890 578.0062009999999 207
1712165806929 578.0163570000002 208
1712165817011 582.490857 209
1712165827113 582.765815 210
1712165837208 583.207467 211
1712165847298 583.2397480000002 212
1712165857392 583.2408429999998 213
1712165867494 583.258106 214
1712165877585 583.2730330000002 215
1712165887681 583.832967 216
1712165897757 584.3199969999998 217
1712165907848 584.3686690000002 218
1712165917877 584.3893420000002 219
1712165927977 584.4414530000001 220
1712165938063 585.1779939999999 221
1712165948155 585.2321450000002 222
1712165958249 585.6411139999998 223
1712165968341 585.660263 224
1712165978377 585.6695699999998 225
