1712163712791 11501.2 0
1712163722864 13897.4 1
1712163732931 13661.7 2
1712163743006 13658.1 3
1712163753074 13664.1 4
1712163763145 13664.8 5
1712163773213 13666.2 6
1712163783282 13690.5 7
1712163793359 13705.4 8
1712163803435 13749.8 9
1712163813511 13743.5 10
1712163823574 13788.4 11
1712163833663 13742.7 12
1712163843741 13752.4 13
1712163853818 13766.8 14
1712163863893 13777.4 15
1712163873964 13733.0 16
1712163884037 13742.0 17
1712163894110 13778.5 18
1712163904192 13825.2 19
1712163914270 13821.9 20
1712163924356 13820.4 21
1712163934426 13821.3 22
1712163944501 13830.1 23
1712163954580 13887.9 24
1712163964653 13879.8 25
1712163974728 13841.9 26
1712163984805 13720.1 27
1712163994879 13720.2 28
1712164004962 13713.9 29
1712164015054 13721.4 30
1712164025135 13739.6 31
1712164035203 13738.2 32
1712164045239 13776.5 33
1712164055320 14023.6 34
1712164065387 13213.5 35
1712164075482 13202.5 36
1712164085594 13171.4 37
1712164095669 13142.6 38
1712164105756 13167.0 39
1712164115820 13150.3 40
1712164125891 13161.2 41
1712164135973 13173.5 42
1712164146061 13183.2 43
1712164156137 13190.4 44
1712164166219 13188.2 45
1712164176311 13178.4 46
1712164186377 13179.0 47
1712164196452 13202.3 48
1712164206517 13201.8 49
1712164216596 13206.0 50
1712164226681 13229.0 51
1712164236778 13247.7 52
1712164246852 13233.8 53
1712164256925 13106.1 54
1712164267004 13112.2 55
1712164277075 13124.9 56
1712164287149 13117.9 57
1712164297234 12432.5 58
1712164307308 12580.4 59
1712164317378 12596.9 60
1712164327455 12601.7 61
1712164337527 12595.5 62
1712164347613 12591.0 63
1712164357646 12755.7 64
1712164367681 12925.0 65
1712164377726 13436.5 66
1712164387813 13522.3 67
1712164397890 13492.9 68
1712164407935 13450.6 69
1712164417974 13496.5 70
1712164428009 13498.4 71
1712164438045 13776.4 72
1712164448088 13653.1 73
1712164458167 13579.2 74
1712164468195 13512.0 75
1712164478225 13505.0 76
1712164488311 13505.2 77
1712164498341 13512.7 78
1712164508375 13525.4 79
1712164518443 13526.2 80
1712164528476 13437.8 81
1712164538509 13451.9 82
1712164548596 13445.4 83
1712164558627 13450.0 84
1712164568657 13457.7 85
1712164578737 13464.4 86
1712164588767 13461.0 87
1712164598807 13458.2 88
1712164608888 13457.2 89
1712164618925 13381.0 90
1712164628953 13384.1 91
1712164639031 13386.2 92
1712164649061 13423.7 93
1712164659094 13415.6 94
1712164669166 13424.8 95
1712164679248 13456.0 96
1712164689362 13452.6 97
1712164699457 13451.8 98
1712164709556 13434.4 99
1712164719584 13432.2 100
1712164729668 13430.1 101
1712164739754 13453.6 102
1712164749843 13436.4 103
1712164759915 13370.2 104
1712164769990 13342.4 105
1712164780022 13341.4 106
1712164790096 13355.6 107
1712164800180 13350.7 108
1712164810261 13359.9 109
1712164820344 13355.4 110
1712164830433 13356.2 111
1712164840468 13348.9 112
1712164850508 13509.4 113
1712164860536 13674.2 114
1712164870618 13768.1 115
1712164880659 13711.5 116
1712164890689 13625.2 117
1712164900788 13509.6 118
1712164910827 13515.4 119
1712164920868 13511.9 120
1712164930969 13517.6 121
1712164941011 13526.1 122
1712164951042 13535.5 123
1712164961123 13525.0 124
1712164971165 13537.7 125
1712164981206 13538.8 126
1712164991292 13543.1 127
1712165001344 13537.2 128
1712165011377 13385.2 129
1712165021455 13371.0 130
1712165031501 13382.3 131
1712165041545 13382.9 132
1712165051641 13440.9 133
1712165061681 13335.7 134
1712165071717 13332.3 135
1712165081824 13314.8 136
1712165091863 13327.4 137
1712165101898 13332.2 138
1712165111987 13325.1 139
1712165122077 13329.6 140
1712165132178 13334.7 141
1712165142241 13316.1 142
1712165152323 13335.7 143
1712165162406 13340.9 144
1712165172495 13347.6 145
1712165182586 13371.5 146
1712165192676 12269.9 147
1712165202712 12997.5 148
1712165212820 13074.1 149
1712165222912 13089.4 150
1712165233031 13098.9 151
1712165243131 13109.9 152
1712165253247 13112.1 153
1712165263283 13107.3 154
1712165273371 13118.7 155
1712165283465 13126.5 156
1712165293552 13132.4 157
1712165303647 13125.4 158
1712165313736 13022.3 159
1712165323776 13019.3 160
1712165333864 13027.8 161
1712165343960 13050.6 162
1712165354057 13053.7 163
1712165364156 13060.1 164
1712165374235 13050.4 165
1712165384278 13046.5 166
1712165394364 13046.0 167
1712165404447 13066.8 168
1712165414529 13061.8 169
1712165424622 13058.9 170
1712165434712 13055.7 171
1712165444754 13066.8 172
1712165454848 13290.6 173
1712165464942 13294.7 174
1712165475020 13294.0 175
1712165485107 13284.4 176
1712165495193 13326.2 177
1712165505236 13299.5 178
1712165515332 13358.7 179
1712165525367 13354.9 180
1712165535414 13555.0 181
1712165545465 13759.5 182
1712165555554 13757.0 183
1712165565588 13707.2 184
1712165575626 13620.1 185
1712165585709 13628.4 186
1712165595754 13612.2 187
1712165605793 13632.4 188
1712165615875 13599.1 189
1712165625919 13593.5 190
1712165635953 13616.2 191
1712165646034 13609.0 192
1712165656074 13645.9 193
1712165666104 13608.7 194
1712165676192 13605.3 195
1712165686236 13606.3 196
1712165696271 13602.1 197
1712165706365 13676.2 198
1712165716403 13610.6 199
1712165726434 13664.1 200
1712165736520 13659.0 201
1712165746558 13663.4 202
1712165756596 13703.3 203
1712165766672 13684.1 204
1712165776716 13681.0 205
1712165786803 13587.7 206
1712165796890 13574.3 207
1712165806929 13562.1 208
1712165817011 13566.6 209
1712165827113 13588.3 210
1712165837208 13588.1 211
1712165847298 13581.6 212
1712165857392 13579.5 213
1712165867494 13584.3 214
1712165877585 13578.9 215
1712165887681 13590.0 216
1712165897757 13585.5 217
1712165907848 13582.9 218
1712165917877 13231.7 219
1712165927977 13239.7 220
1712165938063 13236.2 221
1712165948155 13251.8 222
1712165958249 13283.3 223
1712165968341 13257.8 224
1712165978377 13252.2 225
