1712163712791 68.2 0
1712163722864 82.4 1
1712163732931 81.0 2
1712163743006 81.0 3
1712163753074 81.0 4
1712163763145 81.0 5
1712163773213 81.0 6
1712163783282 81.2 7
1712163793359 81.3 8
1712163803435 81.5 9
1712163813511 81.5 10
1712163823574 81.7 11
1712163833663 81.5 12
1712163843741 81.5 13
1712163853818 81.6 14
1712163863893 81.7 15
1712163873964 81.4 16
1712163884037 81.5 17
1712163894110 81.7 18
1712163904192 82.0 19
1712163914270 81.9 20
1712163924356 81.9 21
1712163934426 81.9 22
1712163944501 82.0 23
1712163954580 82.3 24
1712163964653 82.3 25
1712163974728 82.1 26
1712163984805 81.3 27
1712163994879 81.3 28
1712164004962 81.3 29
1712164015054 81.4 30
1712164025135 81.5 31
1712164035203 81.5 32
1712164045239 81.7 33
1712164055320 83.1 34
1712164065387 78.3 35
1712164075482 78.3 36
1712164085594 78.1 37
1712164095669 77.9 38
1712164105756 78.1 39
1712164115820 78.0 40
1712164125891 78.0 41
1712164135973 78.1 42
1712164146061 78.2 43
1712164156137 78.2 44
1712164166219 78.2 45
1712164176311 78.1 46
1712164186377 78.1 47
1712164196452 78.3 48
1712164206517 78.3 49
1712164216596 78.3 50
1712164226681 78.4 51
1712164236778 78.5 52
1712164246852 78.5 53
1712164256925 77.7 54
1712164267004 77.7 55
1712164277075 77.8 56
1712164287149 77.8 57
1712164297234 73.7 58
1712164307308 74.6 59
1712164317378 74.7 60
1712164327455 74.7 61
1712164337527 74.7 62
1712164347613 74.6 63
1712164357646 75.6 64
1712164367681 76.6 65
1712164377726 79.7 66
1712164387813 80.2 67
1712164397890 80.0 68
1712164407935 79.7 69
1712164417974 80.0 70
1712164428009 80.0 71
1712164438045 81.7 72
1712164448088 80.9 73
1712164458167 80.5 74
1712164468195 80.1 75
1712164478225 80.1 76
1712164488311 80.1 77
1712164498341 80.1 78
1712164508375 80.2 79
1712164518443 80.2 80
1712164528476 79.7 81
1712164538509 79.8 82
1712164548596 79.7 83
1712164558627 79.7 84
1712164568657 79.8 85
1712164578737 79.8 86
1712164588767 79.8 87
1712164598807 79.8 88
1712164608888 79.8 89
1712164618925 79.3 90
1712164628953 79.4 91
1712164639031 79.4 92
1712164649061 79.6 93
1712164659094 79.5 94
1712164669166 79.6 95
1712164679248 79.8 96
1712164689362 79.8 97
1712164699457 79.8 98
1712164709556 79.6 99
1712164719584 79.6 100
1712164729668 79.6 101
1712164739754 79.8 102
1712164749843 79.7 103
1712164759915 79.3 104
1712164769990 79.1 105
1712164780022 79.1 106
1712164790096 79.2 107
1712164800180 79.2 108
1712164810261 79.2 109
1712164820344 79.2 110
1712164830433 79.2 111
1712164840468 79.1 112
1712164850508 80.1 113
1712164860536 81.1 114
1712164870618 81.6 115
1712164880659 81.3 116
1712164890689 80.8 117
1712164900788 80.1 118
1712164910827 80.1 119
1712164920868 80.1 120
1712164930969 80.1 121
1712164941011 80.2 122
1712164951042 80.2 123
1712164961123 80.2 124
1712164971165 80.3 125
1712164981206 80.3 126
1712164991292 80.3 127
1712165001344 80.3 128
1712165011377 79.4 129
1712165021455 79.3 130
1712165031501 79.3 131
1712165041545 79.3 132
1712165051641 79.7 133
1712165061681 79.1 134
1712165071717 79.0 135
1712165081824 78.9 136
1712165091863 79.0 137
1712165101898 79.0 138
1712165111987 79.0 139
1712165122077 79.0 140
1712165132178 79.1 141
1712165142241 78.9 142
1712165152323 79.1 143
1712165162406 79.1 144
1712165172495 79.1 145
1712165182586 79.3 146
1712165192676 72.7 147
1712165202712 77.1 148
1712165212820 77.5 149
1712165222912 77.6 150
1712165233031 77.7 151
1712165243131 77.7 152
1712165253247 77.7 153
1712165263283 77.7 154
1712165273371 77.8 155
1712165283465 77.8 156
1712165293552 77.9 157
1712165303647 77.8 158
1712165313736 77.2 159
1712165323776 77.2 160
1712165333864 77.2 161
1712165343960 77.4 162
1712165354057 77.4 163
1712165364156 77.4 164
1712165374235 77.4 165
1712165384278 77.3 166
1712165394364 77.3 167
1712165404447 77.5 168
1712165414529 77.4 169
1712165424622 77.4 170
1712165434712 77.4 171
1712165444754 77.5 172
1712165454848 78.8 173
1712165464942 78.8 174
1712165475020 78.8 175
1712165485107 78.8 176
1712165495193 79.0 177
1712165505236 78.8 178
1712165515332 79.2 179
1712165525367 79.2 180
1712165535414 80.4 181
1712165545465 81.6 182
1712165555554 81.6 183
1712165565588 81.3 184
1712165575626 80.8 185
1712165585709 80.8 186
1712165595754 80.7 187
1712165605793 80.8 188
1712165615875 80.6 189
1712165625919 80.6 190
1712165635953 80.7 191
1712165646034 80.7 192
1712165656074 80.9 193
1712165666104 80.7 194
1712165676192 80.7 195
1712165686236 80.7 196
1712165696271 80.6 197
1712165706365 81.1 198
1712165716403 80.7 199
1712165726434 81.0 200
1712165736520 81.0 201
1712165746558 81.0 202
1712165756596 81.2 203
1712165766672 81.1 204
1712165776716 81.1 205
1712165786803 80.6 206
1712165796890 80.5 207
1712165806929 80.4 208
1712165817011 80.4 209
1712165827113 80.6 210
1712165837208 80.6 211
1712165847298 80.5 212
1712165857392 80.5 213
1712165867494 80.5 214
1712165877585 80.5 215
1712165887681 80.6 216
1712165897757 80.5 217
1712165907848 80.5 218
1712165917877 78.4 219
1712165927977 78.5 220
1712165938063 78.5 221
1712165948155 78.6 222
1712165958249 78.8 223
1712165968341 78.6 224
1712165978377 78.6 225
