1712163725482 0.0 0
1712163735578 21.8 1
1712163745665 23.3 2
1712163755741 23.6 3
1712163765807 23.5 4
1712163775878 22.9 5
1712163785958 23.3 6
1712163796033 23.1 7
1712163806105 23.4 8
1712163816178 23.4 9
1712163826247 24.0 10
1712163836318 23.7 11
1712163846397 22.4 12
1712163856471 22.4 13
1712163866542 23.5 14
1712163876618 22.7 15
1712163886688 22.2 16
1712163896772 23.2 17
1712163906844 23.7 18
1712163916922 22.9 19
1712163927028 22.7 20
1712163937104 22.4 21
1712163947183 23.0 22
1712163957264 23.0 23
1712163967331 23.0 24
1712163977411 23.3 25
1712163987486 24.2 26
1712163997556 25.0 27
1712164007638 25.1 28
1712164017708 25.1 29
1712164027784 25.1 30
1712164037882 24.8 31
1712164047935 26.1 32
1712164058008 27.3 33
1712164068081 26.8 34
1712164078151 27.3 35
1712164088231 27.1 36
1712164098315 27.3 37
1712164108396 27.8 38
1712164118476 27.7 39
1712164128571 26.8 40
1712164138667 27.1 41
1712164148748 27.9 42
1712164158840 27.1 43
1712164168910 27.2 44
1712164178983 27.6 45
1712164189054 27.4 46
1712164199135 27.7 47
1712164209206 27.5 48
1712164219289 27.2 49
1712164229364 27.1 50
1712164239440 28.0 51
1712164249510 29.0 52
1712164259583 28.1 53
1712164269657 27.3 54
1712164279741 27.4 55
1712164289823 28.8 56
1712164299892 28.0 57
1712164309976 27.7 58
1712164320063 27.7 59
1712164330139 26.9 60
1712164340223 26.8 61
1712164350328 27.2 62
1712164360360 26.6 63
1712164370390 27.7 64
1712164380429 28.3 65
1712164390467 25.2 66
1712164400541 25.5 67
1712164410578 25.4 68
1712164420621 25.8 69
1712164430656 25.7 70
1712164440726 27.1 71
1712164450760 25.9 72
1712164460800 26.8 73
1712164470894 26.3 74
1712164480927 26.7 75
1712164490963 26.2 76
1712164501031 26.5 77
1712164511071 26.6 78
1712164521103 26.6 79
1712164531176 26.5 80
1712164541203 27.6 81
1712164551243 28.9 82
1712164561322 26.6 83
1712164571350 26.6 84
1712164581391 26.4 85
1712164591475 26.5 86
1712164601507 26.3 87
1712164611538 26.2 88
1712164621623 27.4 89
1712164631667 26.7 90
1712164641699 26.1 91
1712164651838 26.2 92
1712164661869 27.0 93
1712164671943 26.6 94
1712164682027 26.3 95
1712164692106 26.0 96
1712164702181 26.5 97
1712164712260 26.1 98
1712164722300 26.3 99
1712164732371 25.6 100
1712164742459 26.3 101
1712164752532 26.7 102
1712164762622 26.7 103
1712164772712 26.3 104
1712164782740 26.2 105
1712164792822 26.5 106
1712164802909 26.1 107
1712164812996 26.6 108
1712164823077 26.7 109
1712164833151 26.4 110
1712164843183 26.5 111
1712164853212 26.5 112
1712164863252 25.1 113
1712164873347 26.9 114
1712164883386 26.0 115
1712164893418 26.3 116
1712164903519 26.1 117
1712164913564 26.6 118
1712164923605 27.2 119
1712164933695 26.1 120
1712164943736 26.1 121
1712164953767 26.7 122
1712164963849 26.9 123
1712164973888 26.4 124
1712164983931 26.5 125
1712164994023 26.2 126
1712165004118 25.9 127
1712165014151 26.8 128
1712165024190 27.1 129
1712165034293 26.7 130
1712165044336 27.0 131
1712165054377 27.8 132
1712165064466 26.9 133
1712165074496 27.2 134
1712165084531 27.0 135
1712165094618 26.7 136
1712165104657 26.7 137
1712165114756 27.2 138
1712165124852 27.2 139
1712165134934 27.6 140
1712165144968 28.1 141
1712165155055 28.1 142
1712165165141 27.1 143
1712165175231 27.0 144
1712165185326 26.8 145
1712165195408 28.8 146
1712165205450 26.7 147
1712165215556 26.4 148
1712165225641 26.2 149
1712165235725 25.9 150
1712165245821 26.7 151
1712165255905 26.9 152
1712165265937 26.5 153
1712165276025 26.5 154
1712165286137 26.2 155
1712165296234 26.3 156
1712165306337 26.7 157
1712165316441 26.5 158
1712165326479 26.5 159
1712165336571 26.9 160
1712165346665 26.5 161
1712165356769 27.3 162
1712165366855 27.1 163
1712165376943 27.3 164
1712165386991 27.2 165
1712165397088 27.0 166
1712165407182 27.1 167
1712165417281 27.0 168
1712165427410 26.9 169
1712165437458 27.5 170
1712165447548 27.5 171
1712165457632 27.3 172
1712165467716 26.1 173
1712165477809 27.1 174
1712165487906 27.1 175
1712165497946 27.1 176
1712165508045 26.5 177
1712165518141 26.3 178
1712165528186 27.1 179
1712165538214 26.1 180
1712165548255 24.9 181
1712165558299 27.1 182
1712165568397 27.5 183
1712165578443 27.0 184
1712165588478 27.1 185
1712165598565 27.1 186
1712165608606 27.6 187
1712165618653 27.7 188
1712165628737 27.6 189
1712165638771 27.8 190
1712165648798 27.3 191
1712165658880 25.9 192
1712165668923 27.5 193
1712165678963 27.7 194
1712165689057 27.0 195
1712165699096 27.2 196
1712165709134 28.4 197
1712165719217 27.4 198
1712165729260 28.1 199
1712165739294 27.6 200
1712165749386 28.0 201
1712165759430 26.7 202
1712165769460 27.1 203
1712165779557 27.7 204
1712165789646 27.8 205
1712165799673 27.4 206
1712165809760 27.8 207
1712165819866 27.3 208
1712165829946 27.3 209
1712165840038 27.1 210
1712165850127 27.5 211
1712165860177 28.3 212
1712165870258 27.2 213
1712165880347 27.9 214
1712165890421 27.6 215
1712165900504 27.3 216
1712165910591 27.8 217
1712165920634 27.8 218
1712165930720 28.0 219
1712165940815 27.6 220
1712165950912 27.6 221
1712165960997 27.6 222
1712165971090 27.1 223
1712165981131 27.4 224
