1712163725482 150995.6 0
1712163735578 150995.6 1
1712163745665 150995.6 2
1712163755741 150995.6 3
1712163765807 150995.6 4
1712163775878 150995.6 5
1712163785958 150995.6 6
1712163796033 150995.6 7
1712163806105 150995.6 8
1712163816178 150995.6 9
1712163826247 150995.6 10
1712163836318 150995.6 11
1712163846397 150995.6 12
1712163856471 150995.6 13
1712163866542 150995.6 14
1712163876618 150995.6 15
1712163886688 150995.6 16
1712163896772 150995.6 17
1712163906844 150995.6 18
1712163916922 150995.7 19
1712163927028 150995.7 20
1712163937104 150995.7 21
1712163947183 150995.7 22
1712163957264 150995.7 23
1712163967331 150995.7 24
1712163977411 150995.7 25
1712163987486 150995.7 26
1712163997556 150995.7 27
1712164007638 150995.7 28
1712164017708 150995.7 29
1712164027784 150995.7 30
1712164037882 150995.7 31
1712164047935 150995.7 32
1712164058008 150995.7 33
1712164068081 150995.7 34
1712164078151 150995.7 35
1712164088231 150995.7 36
1712164098315 150995.7 37
1712164108396 150995.7 38
1712164118476 150995.7 39
1712164128571 150995.7 40
1712164138667 150995.7 41
1712164148748 150995.7 42
1712164158840 150995.7 43
1712164168910 150995.7 44
1712164178983 150995.7 45
1712164189054 150995.7 46
1712164199135 150995.7 47
1712164209206 150995.7 48
1712164219289 150995.7 49
1712164229364 150995.7 50
1712164239440 150995.7 51
1712164249510 150995.7 52
1712164259583 150995.7 53
1712164269657 150995.7 54
1712164279741 150995.7 55
1712164289823 150995.7 56
1712164299892 150995.7 57
1712164309976 150995.7 58
1712164320063 150995.7 59
1712164330139 150995.7 60
1712164340223 150995.7 61
1712164350328 150995.7 62
1712164360360 150995.7 63
1712164370390 150995.7 64
1712164380429 153748.5 65
1712164390467 153748.5 66
1712164400541 153748.5 67
1712164410578 153748.5 68
1712164420621 153748.5 69
1712164430656 153748.5 70
1712164440726 153748.5 71
1712164450760 153748.5 72
1712164460800 153748.5 73
1712164470894 153748.5 74
1712164480927 153748.5 75
1712164490963 153748.5 76
1712164501031 153748.5 77
1712164511071 153748.5 78
1712164521103 153748.5 79
1712164531176 153748.5 80
1712164541203 153748.5 81
1712164551243 153748.5 82
1712164561322 153748.5 83
1712164571350 153748.5 84
1712164581391 153748.5 85
1712164591475 153748.5 86
1712164601507 153749.1 87
1712164611538 153749.1 88
1712164621623 153749.1 89
1712164631667 153749.1 90
1712164641699 153749.1 91
1712164651838 153749.1 92
1712164661869 153749.1 93
1712164671943 153749.1 94
1712164682027 153749.1 95
1712164692106 153749.1 96
1712164702181 153749.1 97
1712164712260 153749.1 98
1712164722300 153749.1 99
1712164732371 153749.1 100
1712164742459 153749.1 101
1712164752532 153749.1 102
1712164762622 153749.1 103
1712164772712 153749.1 104
1712164782740 153749.1 105
1712164792822 153749.1 106
1712164802909 153749.1 107
1712164812996 153749.1 108
1712164823077 153749.1 109
1712164833151 153749.1 110
1712164843183 153749.1 111
1712164853212 153749.1 112
1712164863252 153749.1 113
1712164873347 153749.1 114
1712164883386 153749.1 115
1712164893418 153749.1 116
1712164903519 153749.1 117
1712164913564 153749.1 118
1712164923605 153749.1 119
1712164933695 153749.1 120
1712164943736 153749.1 121
1712164953767 153749.1 122
1712164963849 153749.1 123
1712164973888 153749.1 124
1712164983931 153749.1 125
1712164994023 153749.1 126
1712165004118 153749.1 127
1712165014151 153749.1 128
1712165024190 153749.1 129
1712165034293 153749.1 130
1712165044336 153749.1 131
1712165054377 153749.1 132
1712165064466 153749.1 133
1712165074496 153749.1 134
1712165084531 153749.1 135
1712165094618 153749.1 136
1712165104657 153749.1 137
1712165114756 153749.1 138
1712165124852 153749.1 139
1712165134934 153749.1 140
1712165144968 153749.1 141
1712165155055 153749.1 142
1712165165141 153749.1 143
1712165175231 153749.1 144
1712165185326 153749.1 145
1712165195408 153749.1 146
1712165205450 153749.1 147
1712165215556 153749.1 148
1712165225641 153749.1 149
1712165235725 153749.1 150
1712165245821 153749.1 151
1712165255905 153749.1 152
1712165265937 153749.1 153
1712165276025 153749.1 154
1712165286137 153749.1 155
1712165296234 153749.1 156
1712165306337 153749.1 157
1712165316441 153749.1 158
1712165326479 153749.1 159
1712165336571 153749.1 160
1712165346665 153749.1 161
1712165356769 153749.1 162
1712165366855 153749.1 163
1712165376943 153749.1 164
1712165386991 153749.1 165
1712165397088 153749.1 166
1712165407182 153749.1 167
1712165417281 153749.1 168
1712165427410 153749.1 169
1712165437458 153749.1 170
1712165447548 153749.1 171
1712165457632 153749.1 172
1712165467716 153749.1 173
1712165477809 153749.1 174
1712165487906 153749.1 175
1712165497946 153749.2 176
1712165508045 153749.2 177
1712165518141 153749.2 178
1712165528186 153749.2 179
1712165538214 153749.2 180
1712165548255 153749.2 181
1712165558299 153749.2 182
1712165568397 153749.2 183
1712165578443 153749.2 184
1712165588478 153749.2 185
1712165598565 153749.2 186
1712165608606 153749.2 187
1712165618653 153749.2 188
1712165628737 153749.2 189
1712165638771 153749.7 190
1712165648798 153749.7 191
1712165658880 153749.7 192
1712165668923 153749.7 193
1712165678963 153749.7 194
1712165689057 153749.7 195
1712165699096 153749.7 196
1712165709134 153749.7 197
1712165719217 153749.7 198
1712165729260 153749.7 199
1712165739294 153749.7 200
1712165749386 153749.7 201
1712165759430 153749.7 202
1712165769460 153749.7 203
1712165779557 153749.7 204
1712165789646 153749.7 205
1712165799673 153749.7 206
1712165809760 153749.7 207
1712165819866 153749.7 208
1712165829946 153749.7 209
1712165840038 153749.7 210
1712165850127 153749.7 211
1712165860177 153749.7 212
1712165870258 153749.7 213
1712165880347 153749.7 214
1712165890421 153749.7 215
1712165900504 153749.7 216
1712165910591 153749.7 217
1712165920634 153749.7 218
1712165930720 153749.7 219
1712165940815 153749.7 220
1712165950912 153749.7 221
1712165960997 153749.7 222
1712165971090 153749.7 223
1712165981131 153749.7 224
