1712163725482 54.7 0
1712163735578 54.7 1
1712163745665 54.7 2
1712163755741 54.7 3
1712163765807 54.7 4
1712163775878 54.7 5
1712163785958 54.7 6
1712163796033 54.7 7
1712163806105 54.7 8
1712163816178 54.7 9
1712163826247 54.7 10
1712163836318 54.7 11
1712163846397 54.7 12
1712163856471 54.7 13
1712163866542 54.7 14
1712163876618 54.7 15
1712163886688 54.7 16
1712163896772 54.7 17
1712163906844 54.7 18
1712163916922 54.7 19
1712163927028 54.7 20
1712163937104 54.7 21
1712163947183 54.7 22
1712163957264 54.7 23
1712163967331 54.7 24
1712163977411 54.7 25
1712163987486 54.7 26
1712163997556 54.7 27
1712164007638 54.7 28
1712164017708 54.7 29
1712164027784 54.7 30
1712164037882 54.7 31
1712164047935 54.7 32
1712164058008 54.7 33
1712164068081 54.7 34
1712164078151 54.7 35
1712164088231 54.7 36
1712164098315 54.7 37
1712164108396 54.7 38
1712164118476 54.7 39
1712164128571 54.7 40
1712164138667 54.7 41
1712164148748 54.7 42
1712164158840 54.7 43
1712164168910 54.7 44
1712164178983 54.7 45
1712164189054 54.7 46
1712164199135 54.7 47
1712164209206 54.7 48
1712164219289 54.7 49
1712164229364 54.7 50
1712164239440 54.7 51
1712164249510 54.7 52
1712164259583 54.7 53
1712164269657 54.7 54
1712164279741 54.7 55
1712164289823 54.7 56
1712164299892 54.7 57
1712164309976 54.7 58
1712164320063 54.7 59
1712164330139 54.7 60
1712164340223 54.7 61
1712164350328 54.7 62
1712164360360 54.7 63
1712164370390 54.7 64
1712164380429 55.7 65
1712164390467 55.7 66
1712164400541 55.7 67
1712164410578 55.7 68
1712164420621 55.7 69
1712164430656 55.7 70
1712164440726 55.7 71
1712164450760 55.7 72
1712164460800 55.7 73
1712164470894 55.7 74
1712164480927 55.7 75
1712164490963 55.7 76
1712164501031 55.7 77
1712164511071 55.7 78
1712164521103 55.7 79
1712164531176 55.7 80
1712164541203 55.7 81
1712164551243 55.7 82
1712164561322 55.7 83
1712164571350 55.7 84
1712164581391 55.7 85
1712164591475 55.7 86
1712164601507 55.7 87
1712164611538 55.7 88
1712164621623 55.7 89
1712164631667 55.7 90
1712164641699 55.7 91
1712164651838 55.7 92
1712164661869 55.7 93
1712164671943 55.7 94
1712164682027 55.7 95
1712164692106 55.7 96
1712164702181 55.7 97
1712164712260 55.7 98
1712164722300 55.7 99
1712164732371 55.7 100
1712164742459 55.7 101
1712164752532 55.7 102
1712164762622 55.7 103
1712164772712 55.7 104
1712164782740 55.7 105
1712164792822 55.7 106
1712164802909 55.7 107
1712164812996 55.7 108
1712164823077 55.7 109
1712164833151 55.7 110
1712164843183 55.7 111
1712164853212 55.7 112
1712164863252 55.7 113
1712164873347 55.7 114
1712164883386 55.7 115
1712164893418 55.7 116
1712164903519 55.7 117
1712164913564 55.7 118
1712164923605 55.7 119
1712164933695 55.7 120
1712164943736 55.7 121
1712164953767 55.7 122
1712164963849 55.7 123
1712164973888 55.7 124
1712164983931 55.7 125
1712164994023 55.7 126
1712165004118 55.7 127
1712165014151 55.7 128
1712165024190 55.7 129
1712165034293 55.7 130
1712165044336 55.7 131
1712165054377 55.7 132
1712165064466 55.7 133
1712165074496 55.7 134
1712165084531 55.7 135
1712165094618 55.7 136
1712165104657 55.7 137
1712165114756 55.7 138
1712165124852 55.7 139
1712165134934 55.7 140
1712165144968 55.7 141
1712165155055 55.7 142
1712165165141 55.7 143
1712165175231 55.7 144
1712165185326 55.7 145
1712165195408 55.7 146
1712165205450 55.7 147
1712165215556 55.7 148
1712165225641 55.7 149
1712165235725 55.7 150
1712165245821 55.7 151
1712165255905 55.7 152
1712165265937 55.7 153
1712165276025 55.7 154
1712165286137 55.7 155
1712165296234 55.7 156
1712165306337 55.7 157
1712165316441 55.7 158
1712165326479 55.7 159
1712165336571 55.7 160
1712165346665 55.7 161
1712165356769 55.7 162
1712165366855 55.7 163
1712165376943 55.7 164
1712165386991 55.7 165
1712165397088 55.7 166
1712165407182 55.7 167
1712165417281 55.7 168
1712165427410 55.7 169
1712165437458 55.7 170
1712165447548 55.7 171
1712165457632 55.7 172
1712165467716 55.7 173
1712165477809 55.7 174
1712165487906 55.7 175
1712165497946 55.7 176
1712165508045 55.7 177
1712165518141 55.7 178
1712165528186 55.7 179
1712165538214 55.7 180
1712165548255 55.7 181
1712165558299 55.7 182
1712165568397 55.7 183
1712165578443 55.7 184
1712165588478 55.7 185
1712165598565 55.7 186
1712165608606 55.7 187
1712165618653 55.7 188
1712165628737 55.7 189
1712165638771 55.7 190
1712165648798 55.7 191
1712165658880 55.7 192
1712165668923 55.7 193
1712165678963 55.7 194
1712165689057 55.7 195
1712165699096 55.7 196
1712165709134 55.7 197
1712165719217 55.7 198
1712165729260 55.7 199
1712165739294 55.7 200
1712165749386 55.7 201
1712165759430 55.7 202
1712165769460 55.7 203
1712165779557 55.7 204
1712165789646 55.7 205
1712165799673 55.7 206
1712165809760 55.7 207
1712165819866 55.7 208
1712165829946 55.7 209
1712165840038 55.7 210
1712165850127 55.7 211
1712165860177 55.7 212
1712165870258 55.7 213
1712165880347 55.7 214
1712165890421 55.7 215
1712165900504 55.7 216
1712165910591 55.7 217
1712165920634 55.7 218
1712165930720 55.7 219
1712165940815 55.7 220
1712165950912 55.7 221
1712165960997 55.7 222
1712165971090 55.7 223
1712165981131 55.7 224
