1712163725482 125152.1 0
1712163735578 125152.1 1
1712163745665 125152.1 2
1712163755741 125152.1 3
1712163765807 125152.1 4
1712163775878 125152.1 5
1712163785958 125152.1 6
1712163796033 125152.1 7
1712163806105 125152.1 8
1712163816178 125152.1 9
1712163826247 125152.1 10
1712163836318 125152.1 11
1712163846397 125152.1 12
1712163856471 125152.1 13
1712163866542 125152.1 14
1712163876618 125152.1 15
1712163886688 125152.1 16
1712163896772 125152.1 17
1712163906844 125152.1 18
1712163916922 125152.1 19
1712163927028 125152.1 20
1712163937104 125152.1 21
1712163947183 125152.1 22
1712163957264 125152.1 23
1712163967331 125152.1 24
1712163977411 125152.1 25
1712163987486 125152.1 26
1712163997556 125152.0 27
1712164007638 125152.0 28
1712164017708 125152.0 29
1712164027784 125152.0 30
1712164037882 125152.0 31
1712164047935 125152.0 32
1712164058008 125152.0 33
1712164068081 125152.0 34
1712164078151 125152.0 35
1712164088231 125152.0 36
1712164098315 125152.0 37
1712164108396 125152.0 38
1712164118476 125152.0 39
1712164128571 125152.0 40
1712164138667 125152.0 41
1712164148748 125152.0 42
1712164158840 125152.0 43
1712164168910 125152.0 44
1712164178983 125152.0 45
1712164189054 125152.0 46
1712164199135 125152.0 47
1712164209206 125152.0 48
1712164219289 125152.0 49
1712164229364 125152.0 50
1712164239440 125152.0 51
1712164249510 125152.0 52
1712164259583 125152.0 53
1712164269657 125152.0 54
1712164279741 125152.0 55
1712164289823 125152.0 56
1712164299892 125152.0 57
1712164309976 125152.0 58
1712164320063 125152.0 59
1712164330139 125152.0 60
1712164340223 125152.0 61
1712164350328 125152.0 62
1712164360360 125152.0 63
1712164370390 125152.0 64
1712164380429 122399.2 65
1712164390467 122399.2 66
1712164400541 122399.2 67
1712164410578 122399.2 68
1712164420621 122399.2 69
1712164430656 122399.2 70
1712164440726 122399.2 71
1712164450760 122399.2 72
1712164460800 122399.2 73
1712164470894 122399.2 74
1712164480927 122399.2 75
1712164490963 122399.2 76
1712164501031 122399.2 77
1712164511071 122399.2 78
1712164521103 122399.2 79
1712164531176 122399.2 80
1712164541203 122399.2 81
1712164551243 122399.2 82
1712164561322 122399.2 83
1712164571350 122399.2 84
1712164581391 122399.2 85
1712164591475 122399.2 86
1712164601507 122398.7 87
1712164611538 122398.7 88
1712164621623 122398.7 89
1712164631667 122398.7 90
1712164641699 122398.7 91
1712164651838 122398.7 92
1712164661869 122398.7 93
1712164671943 122398.7 94
1712164682027 122398.7 95
1712164692106 122398.7 96
1712164702181 122398.7 97
1712164712260 122398.7 98
1712164722300 122398.7 99
1712164732371 122398.7 100
1712164742459 122398.7 101
1712164752532 122398.7 102
1712164762622 122398.7 103
1712164772712 122398.7 104
1712164782740 122398.7 105
1712164792822 122398.7 106
1712164802909 122398.7 107
1712164812996 122398.7 108
1712164823077 122398.7 109
1712164833151 122398.7 110
1712164843183 122398.7 111
1712164853212 122398.7 112
1712164863252 122398.7 113
1712164873347 122398.7 114
1712164883386 122398.7 115
1712164893418 122398.7 116
1712164903519 122398.7 117
1712164913564 122398.7 118
1712164923605 122398.7 119
1712164933695 122398.7 120
1712164943736 122398.7 121
1712164953767 122398.7 122
1712164963849 122398.7 123
1712164973888 122398.7 124
1712164983931 122398.7 125
1712164994023 122398.7 126
1712165004118 122398.7 127
1712165014151 122398.7 128
1712165024190 122398.7 129
1712165034293 122398.7 130
1712165044336 122398.7 131
1712165054377 122398.7 132
1712165064466 122398.7 133
1712165074496 122398.7 134
1712165084531 122398.7 135
1712165094618 122398.7 136
1712165104657 122398.7 137
1712165114756 122398.7 138
1712165124852 122398.7 139
1712165134934 122398.7 140
1712165144968 122398.7 141
1712165155055 122398.7 142
1712165165141 122398.7 143
1712165175231 122398.7 144
1712165185326 122398.7 145
1712165195408 122398.7 146
1712165205450 122398.7 147
1712165215556 122398.7 148
1712165225641 122398.7 149
1712165235725 122398.6 150
1712165245821 122398.6 151
1712165255905 122398.6 152
1712165265937 122398.6 153
1712165276025 122398.6 154
1712165286137 122398.6 155
1712165296234 122398.6 156
1712165306337 122398.6 157
1712165316441 122398.6 158
1712165326479 122398.6 159
1712165336571 122398.6 160
1712165346665 122398.6 161
1712165356769 122398.6 162
1712165366855 122398.6 163
1712165376943 122398.6 164
1712165386991 122398.6 165
1712165397088 122398.6 166
1712165407182 122398.6 167
1712165417281 122398.6 168
1712165427410 122398.6 169
1712165437458 122398.6 170
1712165447548 122398.6 171
1712165457632 122398.6 172
1712165467716 122398.6 173
1712165477809 122398.6 174
1712165487906 122398.6 175
1712165497946 122398.6 176
1712165508045 122398.6 177
1712165518141 122398.6 178
1712165528186 122398.6 179
1712165538214 122398.6 180
1712165548255 122398.6 181
1712165558299 122398.6 182
1712165568397 122398.6 183
1712165578443 122398.6 184
1712165588478 122398.6 185
1712165598565 122398.6 186
1712165608606 122398.6 187
1712165618653 122398.6 188
1712165628737 122398.6 189
1712165638771 122398.1 190
1712165648798 122398.1 191
1712165658880 122398.1 192
1712165668923 122398.1 193
1712165678963 122398.1 194
1712165689057 122398.1 195
1712165699096 122398.1 196
1712165709134 122398.1 197
1712165719217 122398.1 198
1712165729260 122398.1 199
1712165739294 122398.1 200
1712165749386 122398.1 201
1712165759430 122398.1 202
1712165769460 122398.1 203
1712165779557 122398.1 204
1712165789646 122398.1 205
1712165799673 122398.1 206
1712165809760 122398.1 207
1712165819866 122398.1 208
1712165829946 122398.1 209
1712165840038 122398.1 210
1712165850127 122398.1 211
1712165860177 122398.1 212
1712165870258 122398.1 213
1712165880347 122398.1 214
1712165890421 122398.1 215
1712165900504 122398.1 216
1712165910591 122398.1 217
1712165920634 122398.1 218
1712165930720 122398.1 219
1712165940815 122398.1 220
1712165950912 122398.1 221
1712165960997 122398.1 222
1712165971090 122398.1 223
1712165981131 122398.1 224
