1712163725482 6.6 0
1712163735578 72.3 1
1712163745665 72.3 2
1712163755741 72.3 3
1712163765807 72.3 4
1712163775878 72.3 5
1712163785958 72.3 6
1712163796033 72.3 7
1712163806105 72.3 8
1712163816178 72.3 9
1712163826247 72.3 10
1712163836318 72.3 11
1712163846397 72.3 12
1712163856471 72.3 13
1712163866542 72.3 14
1712163876618 72.3 15
1712163886688 72.3 16
1712163896772 72.3 17
1712163906844 72.3 18
1712163916922 72.3 19
1712163927028 72.3 20
1712163937104 72.3 21
1712163947183 72.3 22
1712163957264 72.3 23
1712163967331 72.3 24
1712163977411 72.3 25
1712163987486 72.3 26
1712163997556 72.3 27
1712164007638 72.3 28
1712164017708 72.3 29
1712164027784 72.3 30
1712164037882 72.3 31
1712164047935 72.3 32
1712164058008 72.3 33
1712164068081 72.3 34
1712164078151 72.3 35
1712164088231 72.3 36
1712164098315 72.3 37
1712164108396 72.3 38
1712164118476 72.3 39
1712164128571 72.3 40
1712164138667 72.3 41
1712164148748 72.3 42
1712164158840 72.3 43
1712164168910 72.3 44
1712164178983 72.3 45
1712164189054 72.3 46
1712164199135 72.3 47
1712164209206 72.3 48
1712164219289 72.3 49
1712164229364 72.3 50
1712164239440 72.3 51
1712164249510 72.3 52
1712164259583 72.3 53
1712164269657 72.3 54
1712164279741 72.3 55
1712164289823 72.3 56
1712164299892 72.3 57
1712164309976 72.3 58
1712164320063 72.3 59
1712164330139 72.3 60
1712164340223 72.3 61
1712164350328 72.3 62
1712164360360 72.3 63
1712164370390 72.3 64
1712164380429 72.3 65
1712164390467 72.3 66
1712164400541 72.3 67
1712164410578 72.3 68
1712164420621 72.3 69
1712164430656 72.3 70
1712164440726 72.3 71
1712164450760 72.3 72
1712164460800 72.3 73
1712164470894 72.3 74
1712164480927 72.3 75
1712164490963 72.3 76
1712164501031 72.3 77
1712164511071 72.3 78
1712164521103 72.3 79
1712164531176 72.3 80
1712164541203 72.3 81
1712164551243 72.3 82
1712164561322 72.3 83
1712164571350 72.3 84
1712164581391 72.3 85
1712164591475 72.3 86
1712164601507 72.3 87
1712164611538 72.3 88
1712164621623 72.3 89
1712164631667 72.3 90
1712164641699 72.3 91
1712164651838 72.3 92
1712164661869 72.3 93
1712164671943 72.3 94
1712164682027 72.3 95
1712164692106 72.3 96
1712164702181 72.3 97
1712164712260 72.3 98
1712164722300 72.3 99
1712164732371 72.3 100
1712164742459 72.3 101
1712164752532 72.3 102
1712164762622 72.3 103
1712164772712 72.3 104
1712164782740 72.3 105
1712164792822 72.3 106
1712164802909 72.3 107
1712164812996 72.3 108
1712164823077 72.3 109
1712164833151 72.3 110
1712164843183 72.3 111
1712164853212 72.3 112
1712164863252 72.3 113
1712164873347 72.3 114
1712164883386 72.3 115
1712164893418 72.3 116
1712164903519 72.3 117
1712164913564 72.3 118
1712164923605 72.3 119
1712164933695 72.3 120
1712164943736 72.3 121
1712164953767 72.3 122
1712164963849 72.3 123
1712164973888 72.3 124
1712164983931 72.3 125
1712164994023 72.3 126
1712165004118 72.3 127
1712165014151 72.3 128
1712165024190 72.3 129
1712165034293 72.3 130
1712165044336 72.3 131
1712165054377 72.3 132
1712165064466 72.3 133
1712165074496 72.3 134
1712165084531 72.3 135
1712165094618 72.3 136
1712165104657 72.3 137
1712165114756 72.3 138
1712165124852 72.3 139
1712165134934 72.3 140
1712165144968 72.3 141
1712165155055 72.3 142
1712165165141 72.3 143
1712165175231 72.3 144
1712165185326 72.3 145
1712165195408 72.3 146
1712165205450 72.3 147
1712165215556 72.3 148
1712165225641 72.3 149
1712165235725 72.3 150
1712165245821 72.3 151
1712165255905 72.3 152
1712165265937 72.3 153
1712165276025 72.3 154
1712165286137 72.3 155
1712165296234 72.3 156
1712165306337 72.3 157
1712165316441 72.3 158
1712165326479 72.3 159
1712165336571 72.3 160
1712165346665 72.3 161
1712165356769 72.3 162
1712165366855 72.3 163
1712165376943 72.3 164
1712165386991 72.3 165
1712165397088 72.3 166
1712165407182 72.3 167
1712165417281 72.3 168
1712165427410 72.3 169
1712165437458 72.3 170
1712165447548 72.3 171
1712165457632 72.3 172
1712165467716 72.3 173
1712165477809 72.3 174
1712165487906 72.3 175
1712165497946 72.3 176
1712165508045 72.3 177
1712165518141 72.3 178
1712165528186 72.3 179
1712165538214 72.3 180
1712165548255 72.3 181
1712165558299 72.3 182
1712165568397 72.3 183
1712165578443 72.3 184
1712165588478 72.3 185
1712165598565 72.3 186
1712165608606 72.3 187
1712165618653 72.3 188
1712165628737 72.3 189
1712165638771 72.3 190
1712165648798 72.3 191
1712165658880 72.3 192
1712165668923 72.3 193
1712165678963 72.3 194
1712165689057 72.3 195
1712165699096 72.3 196
1712165709134 72.3 197
1712165719217 72.3 198
1712165729260 72.3 199
1712165739294 72.3 200
1712165749386 72.3 201
1712165759430 72.3 202
1712165769460 72.3 203
1712165779557 72.3 204
1712165789646 72.3 205
1712165799673 72.3 206
1712165809760 72.3 207
1712165819866 72.3 208
1712165829946 72.3 209
1712165840038 72.3 210
1712165850127 72.3 211
1712165860177 72.3 212
1712165870258 72.3 213
1712165880347 72.3 214
1712165890421 72.3 215
1712165900504 72.3 216
1712165910591 72.3 217
1712165920634 72.3 218
1712165930720 72.3 219
1712165940815 72.3 220
1712165950912 72.3 221
1712165960997 72.3 222
1712165971090 72.3 223
1712165981131 72.3 224
