1712163725482 1.0 0
1712163735578 99.0 1
1712163745665 99.0 2
1712163755741 100.0 3
1712163765807 99.0 4
1712163775878 99.0 5
1712163785958 100.0 6
1712163796033 99.0 7
1712163806105 100.0 8
1712163816178 99.0 9
1712163826247 99.0 10
1712163836318 99.0 11
1712163846397 99.0 12
1712163856471 100.0 13
1712163866542 99.0 14
1712163876618 100.0 15
1712163886688 100.0 16
1712163896772 99.0 17
1712163906844 99.0 18
1712163916922 100.0 19
1712163927028 100.0 20
1712163937104 100.0 21
1712163947183 100.0 22
1712163957264 99.0 23
1712163967331 100.0 24
1712163977411 99.0 25
1712163987486 100.0 26
1712163997556 100.0 27
1712164007638 100.0 28
1712164017708 100.0 29
1712164027784 99.0 30
1712164037882 99.0 31
1712164047935 99.0 32
1712164058008 100.0 33
1712164068081 100.0 34
1712164078151 100.0 35
1712164088231 99.0 36
1712164098315 99.0 37
1712164108396 99.0 38
1712164118476 100.0 39
1712164128571 99.0 40
1712164138667 100.0 41
1712164148748 100.0 42
1712164158840 100.0 43
1712164168910 100.0 44
1712164178983 100.0 45
1712164189054 99.0 46
1712164199135 99.0 47
1712164209206 99.0 48
1712164219289 99.0 49
1712164229364 99.0 50
1712164239440 100.0 51
1712164249510 100.0 52
1712164259583 100.0 53
1712164269657 100.0 54
1712164279741 99.0 55
1712164289823 99.0 56
1712164299892 99.0 57
1712164309976 99.0 58
1712164320063 99.0 59
1712164330139 100.0 60
1712164340223 99.0 61
1712164350328 100.0 62
1712164360360 99.0 63
1712164370390 100.0 64
1712164380429 99.0 65
1712164390467 98.0 66
1712164400541 100.0 67
1712164410578 100.0 68
1712164420621 100.0 69
1712164430656 99.0 70
1712164440726 100.0 71
1712164450760 100.0 72
1712164460800 100.0 73
1712164470894 99.0 74
1712164480927 100.0 75
1712164490963 100.0 76
1712164501031 100.0 77
1712164511071 99.0 78
1712164521103 99.0 79
1712164531176 100.0 80
1712164541203 100.0 81
1712164551243 100.0 82
1712164561322 99.0 83
1712164571350 99.0 84
1712164581391 99.0 85
1712164591475 100.0 86
1712164601507 100.0 87
1712164611538 100.0 88
1712164621623 99.0 89
1712164631667 100.0 90
1712164641699 100.0 91
1712164651838 100.0 92
1712164661869 99.0 93
1712164671943 100.0 94
1712164682027 99.0 95
1712164692106 99.0 96
1712164702181 99.0 97
1712164712260 100.0 98
1712164722300 99.0 99
1712164732371 100.0 100
1712164742459 100.0 101
1712164752532 100.0 102
1712164762622 99.0 103
1712164772712 99.0 104
1712164782740 99.0 105
1712164792822 99.0 106
1712164802909 99.0 107
1712164812996 100.0 108
1712164823077 99.0 109
1712164833151 100.0 110
1712164843183 100.0 111
1712164853212 100.0 112
1712164863252 99.0 113
1712164873347 99.0 114
1712164883386 100.0 115
1712164893418 100.0 116
1712164903519 98.0 117
1712164913564 99.0 118
1712164923605 100.0 119
1712164933695 100.0 120
1712164943736 100.0 121
1712164953767 99.0 122
1712164963849 100.0 123
1712164973888 99.0 124
1712164983931 100.0 125
1712164994023 99.0 126
1712165004118 100.0 127
1712165014151 99.0 128
1712165024190 100.0 129
1712165034293 99.0 130
1712165044336 100.0 131
1712165054377 99.0 132
1712165064466 100.0 133
1712165074496 99.0 134
1712165084531 99.0 135
1712165094618 100.0 136
1712165104657 100.0 137
1712165114756 100.0 138
1712165124852 100.0 139
1712165134934 99.0 140
1712165144968 100.0 141
1712165155055 98.0 142
1712165165141 100.0 143
1712165175231 99.0 144
1712165185326 100.0 145
1712165195408 98.0 146
1712165205450 100.0 147
1712165215556 99.0 148
1712165225641 100.0 149
1712165235725 100.0 150
1712165245821 99.0 151
1712165255905 99.0 152
1712165265937 99.0 153
1712165276025 100.0 154
1712165286137 100.0 155
1712165296234 100.0 156
1712165306337 100.0 157
1712165316441 100.0 158
1712165326479 100.0 159
1712165336571 100.0 160
1712165346665 99.0 161
1712165356769 99.0 162
1712165366855 99.0 163
1712165376943 99.0 164
1712165386991 99.0 165
1712165397088 99.0 166
1712165407182 100.0 167
1712165417281 100.0 168
1712165427410 100.0 169
1712165437458 100.0 170
1712165447548 100.0 171
1712165457632 99.0 172
1712165467716 100.0 173
1712165477809 99.0 174
1712165487906 99.0 175
1712165497946 99.0 176
1712165508045 100.0 177
1712165518141 100.0 178
1712165528186 99.0 179
1712165538214 100.0 180
1712165548255 99.0 181
1712165558299 99.0 182
1712165568397 100.0 183
1712165578443 99.0 184
1712165588478 100.0 185
1712165598565 99.0 186
1712165608606 100.0 187
1712165618653 99.0 188
1712165628737 99.0 189
1712165638771 100.0 190
1712165648798 100.0 191
1712165658880 100.0 192
1712165668923 99.0 193
1712165678963 99.0 194
1712165689057 99.0 195
1712165699096 99.0 196
1712165709134 99.0 197
1712165719217 100.0 198
1712165729260 99.0 199
1712165739294 99.0 200
1712165749386 99.0 201
1712165759430 100.0 202
1712165769460 100.0 203
1712165779557 100.0 204
1712165789646 100.0 205
1712165799673 99.0 206
1712165809760 99.0 207
1712165819866 99.0 208
1712165829946 99.0 209
1712165840038 99.0 210
1712165850127 99.0 211
1712165860177 100.0 212
1712165870258 100.0 213
1712165880347 100.0 214
1712165890421 100.0 215
1712165900504 100.0 216
1712165910591 100.0 217
1712165920634 99.0 218
1712165930720 100.0 219
1712165940815 99.0 220
1712165950912 99.0 221
1712165960997 99.0 222
1712165971090 100.0 223
1712165981131 100.0 224
