1712163725482 284.7 0
1712163735578 3105.4 1
1712163745665 3105.4 2
1712163755741 3105.4 3
1712163765807 3105.4 4
1712163775878 3105.4 5
1712163785958 3105.4 6
1712163796033 3105.4 7
1712163806105 3105.4 8
1712163816178 3105.4 9
1712163826247 3105.4 10
1712163836318 3105.4 11
1712163846397 3105.4 12
1712163856471 3105.4 13
1712163866542 3105.4 14
1712163876618 3105.4 15
1712163886688 3105.4 16
1712163896772 3105.4 17
1712163906844 3105.4 18
1712163916922 3105.4 19
1712163927028 3105.4 20
1712163937104 3105.4 21
1712163947183 3105.4 22
1712163957264 3105.4 23
1712163967331 3105.4 24
1712163977411 3105.4 25
1712163987486 3105.4 26
1712163997556 3105.4 27
1712164007638 3105.4 28
1712164017708 3105.4 29
1712164027784 3105.4 30
1712164037882 3105.4 31
1712164047935 3105.4 32
1712164058008 3105.4 33
1712164068081 3105.4 34
1712164078151 3105.4 35
1712164088231 3105.4 36
1712164098315 3105.4 37
1712164108396 3105.4 38
1712164118476 3105.4 39
1712164128571 3105.4 40
1712164138667 3105.4 41
1712164148748 3105.4 42
1712164158840 3105.4 43
1712164168910 3105.4 44
1712164178983 3105.4 45
1712164189054 3105.4 46
1712164199135 3105.4 47
1712164209206 3105.4 48
1712164219289 3105.4 49
1712164229364 3105.4 50
1712164239440 3105.4 51
1712164249510 3105.4 52
1712164259583 3105.4 53
1712164269657 3105.4 54
1712164279741 3105.4 55
1712164289823 3105.4 56
1712164299892 3105.4 57
1712164309976 3105.4 58
1712164320063 3105.4 59
1712164330139 3105.4 60
1712164340223 3105.4 61
1712164350328 3105.4 62
1712164360360 3105.4 63
1712164370390 3105.4 64
1712164380429 3105.4 65
1712164390467 3105.4 66
1712164400541 3105.4 67
1712164410578 3105.4 68
1712164420621 3105.4 69
1712164430656 3105.4 70
1712164440726 3105.4 71
1712164450760 3105.4 72
1712164460800 3105.4 73
1712164470894 3105.4 74
1712164480927 3105.4 75
1712164490963 3105.4 76
1712164501031 3105.4 77
1712164511071 3105.4 78
1712164521103 3105.4 79
1712164531176 3105.4 80
1712164541203 3105.4 81
1712164551243 3105.4 82
1712164561322 3105.4 83
1712164571350 3105.4 84
1712164581391 3105.4 85
1712164591475 3105.4 86
1712164601507 3105.4 87
1712164611538 3105.4 88
1712164621623 3105.4 89
1712164631667 3105.4 90
1712164641699 3105.4 91
1712164651838 3105.4 92
1712164661869 3105.4 93
1712164671943 3105.4 94
1712164682027 3105.4 95
1712164692106 3105.4 96
1712164702181 3105.4 97
1712164712260 3105.4 98
1712164722300 3105.4 99
1712164732371 3105.4 100
1712164742459 3105.4 101
1712164752532 3105.4 102
1712164762622 3105.4 103
1712164772712 3105.4 104
1712164782740 3105.4 105
1712164792822 3105.4 106
1712164802909 3105.4 107
1712164812996 3105.4 108
1712164823077 3105.4 109
1712164833151 3105.4 110
1712164843183 3105.4 111
1712164853212 3105.4 112
1712164863252 3105.4 113
1712164873347 3105.4 114
1712164883386 3105.4 115
1712164893418 3105.4 116
1712164903519 3105.4 117
1712164913564 3105.4 118
1712164923605 3105.4 119
1712164933695 3105.4 120
1712164943736 3105.4 121
1712164953767 3105.4 122
1712164963849 3105.4 123
1712164973888 3105.4 124
1712164983931 3105.4 125
1712164994023 3105.4 126
1712165004118 3105.4 127
1712165014151 3105.4 128
1712165024190 3105.4 129
1712165034293 3105.4 130
1712165044336 3105.4 131
1712165054377 3105.4 132
1712165064466 3105.4 133
1712165074496 3105.4 134
1712165084531 3105.4 135
1712165094618 3105.4 136
1712165104657 3105.4 137
1712165114756 3105.4 138
1712165124852 3105.4 139
1712165134934 3105.4 140
1712165144968 3105.4 141
1712165155055 3105.4 142
1712165165141 3105.4 143
1712165175231 3105.4 144
1712165185326 3105.4 145
1712165195408 3105.4 146
1712165205450 3105.4 147
1712165215556 3105.4 148
1712165225641 3105.4 149
1712165235725 3105.4 150
1712165245821 3105.4 151
1712165255905 3105.4 152
1712165265937 3105.4 153
1712165276025 3105.4 154
1712165286137 3105.4 155
1712165296234 3105.4 156
1712165306337 3105.4 157
1712165316441 3105.4 158
1712165326479 3105.4 159
1712165336571 3105.4 160
1712165346665 3105.4 161
1712165356769 3105.4 162
1712165366855 3105.4 163
1712165376943 3105.4 164
1712165386991 3105.4 165
1712165397088 3105.4 166
1712165407182 3105.4 167
1712165417281 3105.4 168
1712165427410 3105.4 169
1712165437458 3105.4 170
1712165447548 3105.4 171
1712165457632 3105.4 172
1712165467716 3105.4 173
1712165477809 3105.4 174
1712165487906 3105.4 175
1712165497946 3105.4 176
1712165508045 3105.4 177
1712165518141 3105.4 178
1712165528186 3105.4 179
1712165538214 3105.4 180
1712165548255 3105.4 181
1712165558299 3105.4 182
1712165568397 3105.4 183
1712165578443 3105.4 184
1712165588478 3105.4 185
1712165598565 3105.4 186
1712165608606 3105.4 187
1712165618653 3105.4 188
1712165628737 3105.4 189
1712165638771 3105.4 190
1712165648798 3105.4 191
1712165658880 3105.4 192
1712165668923 3105.4 193
1712165678963 3105.4 194
1712165689057 3105.4 195
1712165699096 3105.4 196
1712165709134 3105.4 197
1712165719217 3105.4 198
1712165729260 3105.4 199
1712165739294 3105.4 200
1712165749386 3105.4 201
1712165759430 3105.4 202
1712165769460 3105.4 203
1712165779557 3105.4 204
1712165789646 3105.4 205
1712165799673 3105.4 206
1712165809760 3105.4 207
1712165819866 3105.4 208
1712165829946 3105.4 209
1712165840038 3105.4 210
1712165850127 3105.4 211
1712165860177 3105.4 212
1712165870258 3105.4 213
1712165880347 3105.4 214
1712165890421 3105.4 215
1712165900504 3105.4 216
1712165910591 3105.4 217
1712165920634 3105.4 218
1712165930720 3105.4 219
1712165940815 3105.4 220
1712165950912 3105.4 221
1712165960997 3105.4 222
1712165971090 3105.4 223
1712165981131 3105.4 224
