1712163725482 0.0 0
1712163735578 0.11206200000015087 1
1712163745665 0.17776400000002468 2
1712163755741 0.24072100000012142 3
1712163765807 0.3591670000000704 4
1712163775878 0.5053430000002663 5
1712163785958 0.6733930000000328 6
1712163796033 0.811355000000276 7
1712163806105 0.9891710000001694 8
1712163816178 1.1733210000002146 9
1712163826247 2.757248000000345 10
1712163836318 3.697881000000052 11
1712163846397 4.604898000000048 12
1712163856471 5.4479700000001685 13
1712163866542 6.227352000000337 14
1712163876618 7.223302000000331 15
1712163886688 8.15397400000029 16
1712163896772 8.952432999999928 17
1712163906844 10.04165600000033 18
1712163916922 11.057126000000153 19
1712163927028 11.843552000000273 20
1712163937104 12.13364700000011 21
1712163947183 12.325241000000005 22
1712163957264 12.534751000000142 23
1712163967331 12.661853999999948 24
1712163977411 12.792475000000195 25
1712163987486 12.984182000000146 26
1712163997556 13.106477000000268 27
1712164007638 13.28191599999991 28
1712164017708 13.40569800000003 29
1712164027784 13.635367000000315 30
1712164037882 13.77764900000011 31
1712164047935 13.854233000000022 32
1712164058008 14.154015000000072 33
1712164068081 14.512833000000228 34
1712164078151 14.678403000000344 35
1712164088231 21.03977900000018 36
1712164098315 26.102121000000352 37
1712164108396 32.48183599999993 38
1712164118476 40.120260000000144 39
1712164128571 40.90587200000027 40
1712164138667 46.06036300000005 41
1712164148748 52.10488000000032 42
1712164158840 54.328426000000036 43
1712164168910 54.350061000000096 44
1712164178983 60.022977999999966 45
1712164189054 64.79639799999995 46
1712164199135 67.64571100000012 47
1712164209206 67.85047000000031 48
1712164219289 70.72165500000028 49
1712164229364 76.79781600000024 50
1712164239440 79.42004600000018 51
1712164249510 88.12703800000008 52
1712164259583 88.15728900000022 53
1712164269657 91.9543920000001 54
1712164279741 92.52353399999993 55
1712164289823 101.78072599999996 56
1712164299892 110.85084300000017 57
1712164309976 116.32296200000019 58
1712164320063 116.38740400000006 59
1712164330139 116.4439870000001 60
1712164340223 118.22712600000023 61
1712164350328 118.8533580000003 62
1712164360360 118.87456199999997 63
1712164370390 118.90907700000025 64
1712164380429 118.94114600000012 65
1712164390467 118.98250000000007 66
1712164400541 119.00522900000033 67
1712164410578 119.03186899999992 68
1712164420621 119.07246900000018 69
1712164430656 119.10169900000028 70
1712164440726 119.15180499999997 71
1712164450760 120.53832899999998 72
1712164460800 122.45693100000017 73
1712164470894 128.52534800000012 74
1712164480927 138.336276 75
1712164490963 144.00814800000035 76
1712164501031 146.9551190000002 77
1712164511071 157.14825199999996 78
1712164521103 164.64569200000005 79
1712164531176 165.7120060000002 80
1712164541203 165.74808699999994 81
1712164551243 171.06982700000026 82
1712164561322 180.98846099999992 83
1712164571350 184.76735499999995 84
1712164581391 184.7970610000002 85
1712164591475 185.24998300000016 86
1712164601507 185.72815500000024 87
1712164611538 188.44221599999992 88
1712164621623 196.08797900000036 89
1712164631667 200.66753999999992 90
1712164641699 206.50364200000013 91
1712164651838 214.64796800000022 92
1712164661869 217.16384199999993 93
1712164671943 219.7611810000003 94
1712164682027 223.93878799999993 95
1712164692106 223.9738400000001 96
1712164702181 226.05659100000003 97
1712164712260 226.07526099999995 98
1712164722300 229.10386900000003 99
1712164732371 232.97470500000009 100
1712164742459 232.99498200000016 101
1712164752532 233.60542000000032 102
1712164762622 236.1810260000002 103
1712164772712 236.199791 104
1712164782740 237.70347200000015 105
1712164792822 249.0136190000003 106
1712164802909 256.47039399999994 107
1712164812996 264.05402700000013 108
1712164823077 268.14929299999994 109
1712164833151 268.1625640000002 110
1712164843183 268.1934390000001 111
1712164853212 268.21563600000036 112
1712164863252 268.27718600000026 113
1712164873347 269.95857000000024 114
1712164883386 285.62877800000024 115
1712164893418 297.97032000000036 116
1712164903519 300.9114450000002 117
1712164913564 301.442415 118
1712164923605 302.08158900000035 119
1712164933695 302.577902 120
1712164943736 303.2509170000003 121
1712164953767 303.95220700000027 122
1712164963849 304.67774499999996 123
1712164973888 305.19666499999994 124
1712164983931 305.71242699999993 125
1712164994023 306.2298840000003 126
1712165004118 306.4647570000002 127
1712165014151 306.4868690000003 128
1712165024190 306.510041 129
1712165034293 306.5296320000002 130
1712165044336 306.564034 131
1712165054377 306.58606899999995 132
1712165064466 306.609821 133
1712165074496 306.63592400000016 134
1712165084531 306.6730980000002 135
1712165094618 309.20964300000014 136
1712165104657 312.3090820000002 137
1712165114756 320.05410299999994 138
1712165124852 330.76642100000026 139
1712165134934 339.4280480000002 140
1712165144968 351.3165570000001 141
1712165155055 353.8106710000002 142
1712165165141 354.91940999999997 143
1712165175231 360.90929300000016 144
1712165185326 360.9722710000001 145
1712165195408 370.46890299999995 146
1712165205450 383.27136100000007 147
1712165215556 392.79019900000003 148
1712165225641 402.18727400000034 149
1712165235725 404.63182000000006 150
1712165245821 404.732481 151
1712165255905 404.7679290000001 152
1712165265937 406.93978100000004 153
1712165276025 418.8262870000003 154
1712165286137 431.5942460000001 155
1712165296234 434.6580020000001 156
1712165306337 435.8489119999999 157
1712165316441 436.0010259999999 158
1712165326479 437.12476100000003 159
1712165336571 440.61630200000036 160
1712165346665 443.7653330000003 161
1712165356769 448.87196399999993 162
1712165366855 449.0732680000001 163
1712165376943 449.08819700000004 164
1712165386991 449.123869 165
1712165397088 449.15433200000007 166
1712165407182 449.2319550000002 167
1712165417281 449.24798499999997 168
1712165427410 452.803488 169
1712165437458 468.5171570000002 170
1712165447548 479.43357000000015 171
1712165457632 496.40430600000036 172
1712165467716 509.8081470000002 173
1712165477809 522.47415 174
1712165487906 536.8134930000001 175
1712165497946 550.1856200000002 176
1712165508045 560.5569500000001 177
1712165518141 579.6642030000003 178
1712165528186 586.3186070000002 179
1712165538214 587.9749919999999 180
1712165548255 588.0217160000002 181
1712165558299 588.042132 182
1712165568397 589.7679360000002 183
1712165578443 590.861652 184
1712165588478 590.9472930000002 185
1712165598565 590.9838850000001 186
1712165608606 591.0212670000001 187
1712165618653 591.0453400000001 188
1712165628737 591.0991050000002 189
1712165638771 591.5422800000001 190
1712165648798 591.9031850000001 191
1712165658880 591.960317 192
1712165668923 591.9871250000001 193
1712165678963 592.003158 194
1712165689057 592.054533 195
1712165699096 592.0926060000002 196
1712165709134 592.131547 197
1712165719217 592.1645189999999 198
1712165729260 592.19099 199
1712165739294 592.214743 200
1712165749386 592.2392150000001 201
1712165759430 592.3174100000001 202
1712165769460 592.3797420000001 203
1712165779557 592.400772 204
1712165789646 592.4299380000002 205
1712165799673 592.4681479999999 206
1712165809760 595.4569160000001 207
1712165819866 596.9800840000003 208
1712165829946 597.2750060000003 209
1712165840038 597.7386230000002 210
1712165850127 597.7676610000003 211
1712165860177 597.784044 212
1712165870258 597.8035060000002 213
1712165880347 597.8241000000003 214
1712165890421 598.4231990000003 215
1712165900504 598.9275729999999 216
1712165910591 598.9904100000003 217
1712165920634 599.0023220000003 218
1712165930720 599.059483 219
1712165940815 599.8267930000002 220
1712165950912 599.896694 221
1712165960997 600.2973099999999 222
1712165971090 600.3140590000003 223
1712165981131 600.33941 224
