1712163725482 0.0017960000000130094 0
1712163735578 0.09124099999985447 1
1712163745665 0.13857599999982995 2
1712163755741 0.18360999999981686 3
1712163765807 0.2882729999998901 4
1712163775878 0.4175169999998616 5
1712163785958 0.5717299999998886 6
1712163796033 0.7008200000000215 7
1712163806105 0.8633310000000165 8
1712163816178 1.0227760000000217 9
1712163826247 1.2072449999998298 10
1712163836318 1.3606029999998555 11
1712163846397 1.528866999999991 12
1712163856471 1.6736379999999826 13
1712163866542 1.7685030000000097 14
1712163876618 1.9026420000000144 15
1712163886688 2.036830999999893 16
1712163896772 2.155858999999964 17
1712163906844 2.3269819999998163 18
1712163916922 2.4998769999999695 19
1712163927028 2.624696999999969 20
1712163937104 2.7131090000000313 21
1712163947183 2.884358999999904 22
1712163957264 3.0767009999999573 23
1712163967331 3.185073999999986 24
1712163977411 3.2937509999999293 25
1712163987486 3.465106999999989 26
1712163997556 3.565172999999959 27
1712164007638 3.7296989999999823 28
1712164017708 3.8408669999998892 29
1712164027784 4.041424000000006 30
1712164037882 4.174164999999903 31
1712164047935 4.203158999999914 32
1712164058008 4.294369999999844 33
1712164068081 4.63742400000001 34
1712164078151 4.783081000000038 35
1712164088231 11.108312999999953 36
1712164098315 16.165550999999823 37
1712164108396 22.522498999999925 38
1712164118476 30.146229999999832 39
1712164128571 30.901034999999865 40
1712164138667 36.040224999999964 41
1712164148748 42.07483000000002 42
1712164158840 44.285093999999845 43
1712164168910 44.29216599999995 44
1712164178983 49.93754799999988 45
1712164189054 54.68297799999982 46
1712164199135 57.50961999999981 47
1712164209206 57.68948499999988 48
1712164219289 60.532735999999886 49
1712164229364 66.58725800000002 50
1712164239440 69.19365500000004 51
1712164249510 77.90099399999986 52
1712164259583 77.91713600000003 53
1712164269657 81.69863199999986 54
1712164279741 82.25233800000001 55
1712164289823 91.47988199999986 56
1712164299892 100.52573299999995 57
1712164309976 105.98143299999992 58
1712164320063 106.03279899999984 59
1712164330139 106.0527239999999 60
1712164340223 107.79776199999992 61
1712164350328 108.40142900000001 62
1712164360360 108.42654599999992 63
1712164370390 108.452943 64
1712164380429 108.46499099999983 65
1712164390467 108.48592799999983 66
1712164400541 108.49956999999995 67
1712164410578 108.51334199999997 68
1712164420621 108.52662599999985 69
1712164430656 108.54924600000004 70
1712164440726 108.59430599999996 71
1712164450760 109.76772800000003 72
1712164460800 111.78532299999983 73
1712164470894 117.55681200000004 74
1712164480927 127.55342899999982 75
1712164490963 133.29778800000008 76
1712164501031 136.23225799999977 77
1712164511071 146.38755400000014 78
1712164521103 153.89601900000002 79
1712164531176 154.94659699999988 80
1712164541203 154.96305000000007 81
1712164551243 160.22070899999994 82
1712164561322 170.16169699999978 83
1712164571350 173.93770500000005 84
1712164581391 173.95516199999997 85
1712164591475 174.38963099999978 86
1712164601507 174.83395099999984 87
1712164611538 177.515224 88
1712164621623 185.1235650000001 89
1712164631667 189.73723399999994 90
1712164641699 195.54650800000013 91
1712164651838 203.69193100000007 92
1712164661869 206.1844490000001 93
1712164671943 208.772565 94
1712164682027 212.82505400000014 95
1712164692106 212.84063700000002 96
1712164702181 214.90753199999995 97
1712164712260 214.91297599999984 98
1712164722300 217.928897 99
1712164732371 221.79517299999975 100
1712164742459 221.80760600000008 101
1712164752532 222.41190600000004 102
1712164762622 224.97833000000014 103
1712164772712 224.98187499999972 104
1712164782740 226.446639 105
1712164792822 237.73267299999975 106
1712164802909 245.2180310000001 107
1712164812996 252.7920499999998 108
1712164823077 256.8782469999999 109
1712164833151 256.88390400000003 110
1712164843183 256.9000960000001 111
1712164853212 256.91180299999974 112
1712164863252 256.96119399999975 113
1712164873347 258.62951899999985 114
1712164883386 274.2848499999998 115
1712164893418 286.6022999999998 116
1712164903519 289.511882 117
1712164913564 290.03753200000006 118
1712164923605 290.667424 119
1712164933695 291.1502549999998 120
1712164943736 291.80357500000014 121
1712164953767 292.4795419999998 122
1712164963849 293.1849999999997 123
1712164973888 293.694788 124
1712164983931 294.19613700000014 125
1712164994023 294.6921460000001 126
1712165004118 294.90929900000015 127
1712165014151 294.92116199999987 128
1712165024190 294.92791699999975 129
1712165034293 294.938214 130
1712165044336 294.95254 131
1712165054377 294.963798 132
1712165064466 294.97011899999984 133
1712165074496 294.97699899999975 134
1712165084531 294.99021100000004 135
1712165094618 297.5152139999998 136
1712165104657 300.6030049999997 137
1712165114756 308.30617000000007 138
1712165124852 318.9749610000001 139
1712165134934 327.63852299999985 140
1712165144968 339.5145179999997 141
1712165155055 341.9838269999998 142
1712165165141 343.08062700000005 143
1712165175231 349.0521879999999 144
1712165185326 349.09957599999984 145
1712165195408 358.4880230000001 146
1712165205450 371.363971 147
1712165215556 380.8710699999999 148
1712165225641 390.23989800000004 149
1712165235725 392.66688499999987 150
1712165245821 392.753019 151
1712165255905 392.7723739999999 152
1712165265937 394.9339429999998 153
1712165276025 406.80424800000014 154
1712165286137 419.5653279999999 155
1712165296234 422.61947399999985 156
1712165306337 423.7891539999998 157
1712165316441 423.91976199999976 158
1712165326479 425.023958 159
1712165336571 428.48618199999987 160
1712165346665 431.61877100000015 161
1712165356769 436.71174700000006 162
1712165366855 436.9064219999998 163
1712165376943 436.91018099999997 164
1712165386991 436.9354069999997 165
1712165397088 436.95188399999984 166
1712165407182 437.015576 167
1712165417281 437.020393 168
1712165427410 440.5641079999998 169
1712165437458 456.2562379999997 170
1712165447548 467.1716079999999 171
1712165457632 482.37929199999985 172
1712165467716 495.7410769999999 173
1712165477809 508.3823340000001 174
1712165487906 522.7137399999999 175
1712165497946 536.0493779999999 176
1712165508045 546.4124249999998 177
1712165518141 565.4628059999998 178
1712165528186 572.1069019999998 179
1712165538214 573.7485650000001 180
1712165548255 573.7782719999998 181
1712165558299 573.783138 182
1712165568397 575.3979999999999 183
1712165578443 576.5665470000001 184
1712165588478 576.626199 185
1712165598565 576.6455100000001 186
1712165608606 576.667651 187
1712165618653 576.6771510000001 188
1712165628737 576.7020359999999 189
1712165638771 577.1343549999999 190
1712165648798 577.4812209999998 191
1712165658880 577.5136460000001 192
1712165668923 577.5273599999998 193
1712165678963 577.5362539999999 194
1712165689057 577.568544 195
1712165699096 577.5866149999999 196
1712165709134 577.6097280000001 197
1712165719217 577.6278110000001 198
1712165729260 577.648179 199
1712165739294 577.6583739999999 200
1712165749386 577.672174 201
1712165759430 577.7240549999999 202
1712165769460 577.773884 203
1712165779557 577.7795819999999 204
1712165789646 577.7886980000001 205
1712165799673 577.8006290000001 206
1712165809760 580.7671069999999 207
1712165819866 582.2782799999998 208
1712165829946 582.5548059999999 209
1712165840038 583.0069350000001 210
1712165850127 583.0264359999999 211
1712165860177 583.0317199999997 212
1712165870258 583.045633 213
1712165880347 583.059767 214
1712165890421 583.6379669999999 215
1712165900504 584.1209339999998 216
1712165910591 584.171951 217
1712165920634 584.1765429999998 218
1712165930720 584.2290089999999 219
1712165940815 584.987014 220
1712165950912 585.0518799999998 221
1712165960997 585.4408430000001 222
1712165971090 585.4467999999999 223
1712165981131 585.4627819999998 224
