1712163725482 13286.6 0
1712163735578 13665.2 1
1712163745665 13666.1 2
1712163755741 13657.7 3
1712163765807 13657.6 4
1712163775878 13664.8 5
1712163785958 13685.0 6
1712163796033 13743.7 7
1712163806105 13750.1 8
1712163816178 13709.9 9
1712163826247 13841.6 10
1712163836318 13749.6 11
1712163846397 13760.5 12
1712163856471 13804.7 13
1712163866542 13735.5 14
1712163876618 13735.2 15
1712163886688 13771.1 16
1712163896772 13763.2 17
1712163906844 13815.7 18
1712163916922 13818.4 19
1712163927028 13814.0 20
1712163937104 13831.8 21
1712163947183 13838.1 22
1712163957264 13861.7 23
1712163967331 13841.7 24
1712163977411 13844.8 25
1712163987486 13719.9 26
1712163997556 13721.4 27
1712164007638 13724.6 28
1712164017708 13724.0 29
1712164027784 13735.3 30
1712164037882 13741.5 31
1712164047935 14011.2 32
1712164058008 13252.0 33
1712164068081 13216.3 34
1712164078151 13200.8 35
1712164088231 13155.0 36
1712164098315 13167.7 37
1712164108396 13160.8 38
1712164118476 13152.0 39
1712164128571 13182.5 40
1712164138667 13173.6 41
1712164148748 13186.9 42
1712164158840 13219.9 43
1712164168910 13180.3 44
1712164178983 13176.9 45
1712164189054 13197.6 46
1712164199135 13193.9 47
1712164209206 13208.8 48
1712164219289 13206.6 49
1712164229364 13225.8 50
1712164239440 13246.3 51
1712164249510 13138.8 52
1712164259583 13109.6 53
1712164269657 13120.2 54
1712164279741 13115.6 55
1712164289823 11776.2 56
1712164299892 12500.0 57
1712164309976 12582.9 58
1712164320063 12589.7 59
1712164330139 12598.0 60
1712164340223 12596.9 61
1712164350328 12785.8 62
1712164360360 12752.8 63
1712164370390 12932.9 64
1712164380429 13475.3 65
1712164390467 13517.8 66
1712164400541 13484.3 67
1712164410578 13443.1 68
1712164420621 13506.3 69
1712164430656 13509.4 70
1712164440726 13786.0 71
1712164450760 13597.4 72
1712164460800 13525.5 73
1712164470894 13507.5 74
1712164480927 13499.9 75
1712164490963 13502.4 76
1712164501031 13510.2 77
1712164511071 13531.1 78
1712164521103 13485.6 79
1712164531176 13438.9 80
1712164541203 13437.5 81
1712164551243 13444.0 82
1712164561322 13452.9 83
1712164571350 13458.6 84
1712164581391 13457.6 85
1712164591475 13463.2 86
1712164601507 13462.7 87
1712164611538 13352.8 88
1712164621623 13384.8 89
1712164631667 13388.2 90
1712164641699 13379.4 91
1712164651838 13419.4 92
1712164661869 13414.9 93
1712164671943 13411.7 94
1712164682027 13448.6 95
1712164692106 13456.4 96
1712164702181 13451.7 97
1712164712260 13434.6 98
1712164722300 13427.2 99
1712164732371 13427.9 100
1712164742459 13431.1 101
1712164752532 13443.4 102
1712164762622 13341.8 103
1712164772712 13345.3 104
1712164782740 13338.2 105
1712164792822 13346.6 106
1712164802909 13345.1 107
1712164812996 13356.4 108
1712164823077 13359.3 109
1712164833151 13356.1 110
1712164843183 13353.1 111
1712164853212 13589.5 112
1712164863252 13697.9 113
1712164873347 13763.8 114
1712164883386 13712.0 115
1712164893418 13573.7 116
1712164903519 13515.4 117
1712164913564 13519.8 118
1712164923605 13520.7 119
1712164933695 13521.0 120
1712164943736 13530.4 121
1712164953767 13529.2 122
1712164963849 13531.3 123
1712164973888 13528.5 124
1712164983931 13548.3 125
1712164994023 13544.8 126
1712165004118 13540.2 127
1712165014151 13384.2 128
1712165024190 13383.2 129
1712165034293 13385.7 130
1712165044336 13398.3 131
1712165054377 13439.0 132
1712165064466 13333.7 133
1712165074496 13326.1 134
1712165084531 13326.4 135
1712165094618 13331.3 136
1712165104657 13346.5 137
1712165114756 13335.2 138
1712165124852 13336.3 139
1712165134934 13324.4 140
1712165144968 13315.9 141
1712165155055 13369.1 142
1712165165141 13362.7 143
1712165175231 13379.3 144
1712165185326 13368.8 145
1712165195408 12657.2 146
1712165205450 13043.8 147
1712165215556 13083.4 148
1712165225641 13106.8 149
1712165235725 13112.5 150
1712165245821 13106.4 151
1712165255905 13106.0 152
1712165265937 13097.9 153
1712165276025 13110.1 154
1712165286137 13133.8 155
1712165296234 13131.8 156
1712165306337 13126.1 157
1712165316441 13024.5 158
1712165326479 13021.2 159
1712165336571 13032.7 160
1712165346665 13045.3 161
1712165356769 13088.9 162
1712165366855 13044.4 163
1712165376943 13038.9 164
1712165386991 13042.2 165
1712165397088 13044.9 166
1712165407182 13059.2 167
1712165417281 13068.5 168
1712165427410 13065.2 169
1712165437458 13052.3 170
1712165447548 13092.1 171
1712165457632 13301.3 172
1712165467716 13295.1 173
1712165477809 13285.0 174
1712165487906 13279.5 175
1712165497946 13332.5 176
1712165508045 13302.3 177
1712165518141 13359.9 178
1712165528186 13352.5 179
1712165538214 13675.4 180
1712165548255 13747.3 181
1712165558299 13729.8 182
1712165568397 13609.3 183
1712165578443 13642.6 184
1712165588478 13620.6 185
1712165598565 13608.1 186
1712165608606 13611.8 187
1712165618653 13595.6 188
1712165628737 13604.3 189
1712165638771 13620.7 190
1712165648798 13605.3 191
1712165658880 13649.0 192
1712165668923 13606.0 193
1712165678963 13594.2 194
1712165689057 13602.4 195
1712165699096 13613.2 196
1712165709134 13649.0 197
1712165719217 13613.0 198
1712165729260 13669.5 199
1712165739294 13661.3 200
1712165749386 13665.0 201
1712165759430 13682.2 202
1712165769460 13678.5 203
1712165779557 13678.3 204
1712165789646 13583.2 205
1712165799673 13564.2 206
1712165809760 13578.6 207
1712165819866 13568.7 208
1712165829946 13581.6 209
1712165840038 13579.6 210
1712165850127 13589.2 211
1712165860177 13578.3 212
1712165870258 13585.0 213
1712165880347 13586.0 214
1712165890421 13591.9 215
1712165900504 13590.8 216
1712165910591 13583.7 217
1712165920634 13237.1 218
1712165930720 13245.4 219
1712165940815 13241.9 220
1712165950912 13249.7 221
1712165960997 13255.9 222
1712165971090 13251.9 223
1712165981131 13254.6 224
