1712163725482 78.8 0
1712163735578 81.0 1
1712163745665 81.0 2
1712163755741 81.0 3
1712163765807 81.0 4
1712163775878 81.0 5
1712163785958 81.1 6
1712163796033 81.5 7
1712163806105 81.5 8
1712163816178 81.3 9
1712163826247 82.1 10
1712163836318 81.5 11
1712163846397 81.6 12
1712163856471 81.8 13
1712163866542 81.4 14
1712163876618 81.4 15
1712163886688 81.6 16
1712163896772 81.6 17
1712163906844 81.9 18
1712163916922 81.9 19
1712163927028 81.9 20
1712163937104 82.0 21
1712163947183 82.0 22
1712163957264 82.2 23
1712163967331 82.1 24
1712163977411 82.1 25
1712163987486 81.3 26
1712163997556 81.4 27
1712164007638 81.4 28
1712164017708 81.4 29
1712164027784 81.4 30
1712164037882 81.5 31
1712164047935 83.1 32
1712164058008 78.6 33
1712164068081 78.4 34
1712164078151 78.3 35
1712164088231 78.0 36
1712164098315 78.1 37
1712164108396 78.0 38
1712164118476 78.0 39
1712164128571 78.2 40
1712164138667 78.1 41
1712164148748 78.2 42
1712164158840 78.4 43
1712164168910 78.1 44
1712164178983 78.1 45
1712164189054 78.2 46
1712164199135 78.2 47
1712164209206 78.3 48
1712164219289 78.3 49
1712164229364 78.4 50
1712164239440 78.5 51
1712164249510 77.9 52
1712164259583 77.7 53
1712164269657 77.8 54
1712164279741 77.8 55
1712164289823 69.8 56
1712164299892 74.1 57
1712164309976 74.6 58
1712164320063 74.6 59
1712164330139 74.7 60
1712164340223 74.7 61
1712164350328 75.8 62
1712164360360 75.6 63
1712164370390 76.7 64
1712164380429 79.9 65
1712164390467 80.1 66
1712164400541 79.9 67
1712164410578 79.7 68
1712164420621 80.1 69
1712164430656 80.1 70
1712164440726 81.7 71
1712164450760 80.6 72
1712164460800 80.2 73
1712164470894 80.1 74
1712164480927 80.0 75
1712164490963 80.1 76
1712164501031 80.1 77
1712164511071 80.2 78
1712164521103 80.0 79
1712164531176 79.7 80
1712164541203 79.7 81
1712164551243 79.7 82
1712164561322 79.8 83
1712164571350 79.8 84
1712164581391 79.8 85
1712164591475 79.8 86
1712164601507 79.8 87
1712164611538 79.2 88
1712164621623 79.4 89
1712164631667 79.4 90
1712164641699 79.3 91
1712164651838 79.6 92
1712164661869 79.5 93
1712164671943 79.5 94
1712164682027 79.7 95
1712164692106 79.8 96
1712164702181 79.8 97
1712164712260 79.7 98
1712164722300 79.6 99
1712164732371 79.6 100
1712164742459 79.6 101
1712164752532 79.7 102
1712164762622 79.1 103
1712164772712 79.1 104
1712164782740 79.1 105
1712164792822 79.1 106
1712164802909 79.1 107
1712164812996 79.2 108
1712164823077 79.2 109
1712164833151 79.2 110
1712164843183 79.2 111
1712164853212 80.6 112
1712164863252 81.2 113
1712164873347 81.6 114
1712164883386 81.3 115
1712164893418 80.5 116
1712164903519 80.1 117
1712164913564 80.2 118
1712164923605 80.2 119
1712164933695 80.2 120
1712164943736 80.2 121
1712164953767 80.2 122
1712164963849 80.2 123
1712164973888 80.2 124
1712164983931 80.3 125
1712164994023 80.3 126
1712165004118 80.3 127
1712165014151 79.4 128
1712165024190 79.3 129
1712165034293 79.4 130
1712165044336 79.4 131
1712165054377 79.7 132
1712165064466 79.1 133
1712165074496 79.0 134
1712165084531 79.0 135
1712165094618 79.0 136
1712165104657 79.1 137
1712165114756 79.1 138
1712165124852 79.1 139
1712165134934 79.0 140
1712165144968 78.9 141
1712165155055 79.3 142
1712165165141 79.2 143
1712165175231 79.3 144
1712165185326 79.3 145
1712165195408 75.0 146
1712165205450 77.3 147
1712165215556 77.6 148
1712165225641 77.7 149
1712165235725 77.7 150
1712165245821 77.7 151
1712165255905 77.7 152
1712165265937 77.7 153
1712165276025 77.7 154
1712165286137 77.9 155
1712165296234 77.9 156
1712165306337 77.8 157
1712165316441 77.2 158
1712165326479 77.2 159
1712165336571 77.3 160
1712165346665 77.3 161
1712165356769 77.6 162
1712165366855 77.3 163
1712165376943 77.3 164
1712165386991 77.3 165
1712165397088 77.3 166
1712165407182 77.4 167
1712165417281 77.5 168
1712165427410 77.5 169
1712165437458 77.4 170
1712165447548 77.6 171
1712165457632 78.9 172
1712165467716 78.8 173
1712165477809 78.8 174
1712165487906 78.7 175
1712165497946 79.0 176
1712165508045 78.9 177
1712165518141 79.2 178
1712165528186 79.2 179
1712165538214 81.1 180
1712165548255 81.5 181
1712165558299 81.4 182
1712165568397 80.7 183
1712165578443 80.9 184
1712165588478 80.8 185
1712165598565 80.7 186
1712165608606 80.7 187
1712165618653 80.6 188
1712165628737 80.7 189
1712165638771 80.8 190
1712165648798 80.7 191
1712165658880 80.9 192
1712165668923 80.7 193
1712165678963 80.6 194
1712165689057 80.6 195
1712165699096 80.7 196
1712165709134 80.9 197
1712165719217 80.7 198
1712165729260 81.0 199
1712165739294 81.0 200
1712165749386 81.0 201
1712165759430 81.1 202
1712165769460 81.1 203
1712165779557 81.1 204
1712165789646 80.5 205
1712165799673 80.4 206
1712165809760 80.5 207
1712165819866 80.4 208
1712165829946 80.5 209
1712165840038 80.5 210
1712165850127 80.6 211
1712165860177 80.5 212
1712165870258 80.5 213
1712165880347 80.5 214
1712165890421 80.6 215
1712165900504 80.6 216
1712165910591 80.5 217
1712165920634 78.5 218
1712165930720 78.5 219
1712165940815 78.5 220
1712165950912 78.6 221
1712165960997 78.6 222
1712165971090 78.6 223
1712165981131 78.6 224
