1712182092670 0.0 0
1712182102755 22.4 1
1712182112830 22.9 2
1712182122893 22.8 3
1712182132952 22.2 4
1712182143014 22.6 5
1712182153076 23.0 6
1712182163143 22.6 7
1712182173220 22.7 8
1712182183282 22.1 9
1712182193346 22.2 10
1712182203413 22.1 11
1712182213487 21.9 12
1712182223561 23.3 13
1712182233636 22.2 14
1712182243709 22.0 15
1712182253770 22.8 16
1712182263850 22.6 17
1712182273920 22.0 18
1712182283984 21.7 19
1712182294075 21.9 20
1712182304148 21.7 21
1712182314224 21.5 22
1712182324291 23.5 23
1712182334364 22.0 24
1712182344446 21.9 25
1712182354508 21.7 26
1712182364579 22.3 27
1712182374661 21.7 28
1712182384737 22.5 29
1712182394801 21.4 30
1712182404868 22.2 31
1712182414943 21.2 32
1712182425025 21.8 33
1712182435097 21.6 34
1712182445164 22.3 35
1712182455247 22.0 36
1712182465319 21.2 37
1712182475394 22.2 38
1712182485465 21.6 39
1712182495534 22.7 40
1712182505615 21.1 41
1712182515687 22.4 42
1712182525761 22.2 43
1712182535842 22.2 44
1712182545909 22.1 45
1712182555990 22.2 46
1712182566073 22.0 47
1712182576146 21.7 48
1712182586244 21.9 49
1712182596321 21.7 50
1712182606406 22.0 51
1712182616486 22.6 52
1712182626560 21.5 53
1712182636633 22.2 54
1712182646724 22.0 55
1712182656793 21.5 56
1712182666866 22.0 57
1712182676943 21.4 58
1712182687015 21.6 59
1712182697081 22.2 60
1712182707163 21.2 61
1712182717248 22.1 62
1712182727329 21.9 63
1712182737404 21.5 64
1712182747477 21.9 65
1712182757552 21.3 66
1712182767630 21.9 67
1712182777719 22.0 68
1712182787791 21.5 69
1712182797870 23.1 70
1712182807945 21.3 71
1712182818022 22.1 72
1712182828087 21.7 73
1712182838182 21.2 74
1712182848257 22.6 75
1712182858339 21.3 76
1712182868408 21.8 77
1712182878483 21.9 78
1712182888564 21.4 79
1712182898636 22.0 80
1712182908738 21.3 81
1712182918824 21.6 82
1712182928901 21.9 83
1712182938980 21.4 84
1712182949058 21.7 85
1712182959141 21.7 86
1712182969230 21.1 87
1712182979305 21.8 88
1712182989379 21.7 89
1712182999457 21.2 90
1712183009527 21.6 91
1712183019607 21.7 92
1712183029700 21.2 93
1712183039779 21.4 94
1712183049846 21.7 95
1712183059935 21.6 96
1712183070044 21.8 97
1712183080119 21.5 98
1712183090159 21.2 99
1712183100192 21.4 100
1712183110225 21.1 101
1712183120303 21.5 102
1712183130334 21.0 103
1712183140381 21.9 104
1712183150464 23.1 105
1712183160503 21.4 106
1712183170555 21.6 107
1712183180657 22.5 108
1712183190694 21.8 109
1712183200739 22.0 110
1712183210824 21.9 111
1712183220901 21.7 112
1712183230946 21.9 113
1712183240994 21.6 114
1712183251086 22.4 115
1712183261129 21.9 116
1712183271178 21.7 117
1712183281256 22.1 118
1712183291303 22.2 119
1712183301345 22.1 120
1712183311432 21.7 121
1712183321471 22.3 122
1712183331506 21.3 123
1712183341594 21.5 124
1712183351688 24.2 125
1712183361798 21.9 126
1712183371883 21.5 127
1712183381924 22.0 128
1712183392015 21.2 129
1712183402096 22.1 130
1712183412185 22.4 131
1712183422283 21.4 132
1712183432374 21.8 133
1712183442413 22.1 134
1712183452511 24.4 135
1712183462603 20.5 136
1712183472688 22.1 137
1712183482781 21.9 138
1712183492859 22.0 139
1712183502892 21.9 140
1712183512987 21.3 141
1712183523086 21.7 142
1712183533174 21.2 143
1712183543263 21.8 144
1712183553341 21.7 145
1712183563385 22.1 146
1712183573467 21.8 147
1712183583550 21.7 148
1712183593631 21.7 149
1712183603722 21.1 150
1712183613808 21.4 151
1712183623838 21.7 152
1712183633925 21.9 153
1712183644030 21.7 154
1712183654125 22.5 155
1712183664225 21.6 156
1712183674299 21.7 157
1712183684335 22.7 158
1712183694432 21.8 159
1712183704513 21.4 160
1712183714613 21.8 161
1712183724709 21.5 162
1712183734798 21.9 163
1712183744842 21.6 164
1712183754932 21.5 165
1712183765014 21.8 166
1712183775122 21.7 167
1712183785204 21.2 168
1712183795292 22.3 169
1712183805334 22.1 170
1712183815418 21.2 171
1712183825508 21.5 172
1712183835614 22.2 173
1712183845699 21.6 174
1712183855784 21.6 175
1712183865838 21.6 176
1712183875928 21.9 177
1712183886021 22.3 178
1712183896108 21.9 179
1712183906202 21.1 180
1712183916280 22.0 181
1712183926322 21.8 182
1712183936406 21.1 183
1712183946489 21.1 184
1712183956581 21.3 185
1712183966669 21.8 186
1712183976754 21.8 187
1712183986800 22.1 188
1712183996882 21.5 189
1712184006969 22.0 190
1712184017057 21.4 191
1712184027143 21.8 192
1712184037239 22.0 193
1712184047337 22.2 194
1712184057425 21.4 195
1712184067512 22.2 196
1712184077597 21.7 197
1712184087683 21.7 198
1712184097713 21.8 199
1712184107801 21.7 200
1712184117887 22.0 201
1712184127987 21.7 202
1712184138065 22.2 203
1712184148151 21.3 204
1712184158189 22.0 205
1712184168293 21.7 206
1712184178385 21.2 207
1712184188475 22.3 208
1712184198580 22.1 209
1712184208674 21.4 210
1712184218715 22.5 211
1712184228806 21.7 212
1712184238896 21.3 213
1712184248995 23.4 214
1712184259082 33.3 215
1712184269185 43.9 216
1712184279230 44.1 217
1712184289339 44.0 218
1712184299431 44.2 219
1712184309540 44.4 220
1712184319648 43.5 221
1712184329736 43.8 222
1712184339778 44.4 223
1712184349887 45.0 224
1712184360001 44.1 225
1712184370086 44.1 226
1712184380196 44.2 227
1712184390292 43.7 228
1712184400359 44.3 229
1712184410468 44.3 230
1712184420567 44.2 231
1712184430667 44.3 232
1712184440766 44.5 233
1712184450875 43.9 234
1712184460907 44.5 235
1712184471006 44.7 236
1712184481100 24.9 237
1712184491190 21.4 238
1712184501276 21.6 239
1712184511357 21.1 240
1712184521402 21.4 241
1712184531503 21.7 242
1712184541585 21.2 243
1712184551676 21.9 244
1712184561778 21.8 245
1712184571874 21.6 246
1712184581910 22.0 247
1712184591999 22.0 248
1712184602096 21.2 249
1712184612185 22.6 250
1712184622308 21.4 251
1712184632403 21.2 252
1712184642442 22.2 253
1712184652533 22.1 254
1712184662618 21.9 255
1712184672708 22.3 256
1712184682808 21.7 257
1712184692900 22.1 258
1712184702944 22.4 259
1712184713045 21.6 260
1712184723134 21.4 261
1712184733238 21.8 262
1712184743326 21.5 263
1712184753427 21.7 264
1712184763461 22.3 265
1712184773583 22.1 266
1712184783685 21.3 267
1712184793778 22.3 268
1712184803863 21.8 269
1712184813950 21.8 270
1712184824001 22.4 271
1712184834104 21.2 272
1712184844204 22.1 273
1712184854288 22.3 274
1712184864386 21.6 275
1712184874507 21.6 276
1712184884547 21.5 277
1712184894654 21.2 278
1712184904756 21.9 279
1712184914854 22.0 280
1712184924960 21.6 281
1712184935067 21.9 282
1712184945114 22.0 283
1712184955214 22.2 284
1712184965329 21.7 285
1712184975420 21.8 286
1712184985507 22.0 287
1712184995598 21.8 288
1712185005645 21.7 289
1712185015733 22.5 290
1712185025811 22.1 291
1712185035897 21.5 292
1712185045992 21.5 293
1712185056086 21.8 294
1712185066127 21.5 295
1712185076211 22.1 296
1712185086307 21.9 297
1712185096406 21.4 298
1712185106505 21.5 299
1712185116602 21.8 300
1712185126641 21.6 301
1712185136732 21.8 302
1712185146835 22.2 303
1712185156930 22.8 304
1712185167030 21.7 305
1712185177108 22.0 306
1712185187142 22.1 307
1712185197227 22.1 308
1712185207310 22.0 309
1712185217421 20.9 310
1712185227513 22.1 311
1712185237561 21.8 312
1712185247603 22.0 313
1712185257648 21.7 314
1712185267679 22.2 315
1712185277785 21.2 316
1712185287845 23.5 317
1712185297953 21.8 318
1712185308046 21.5 319
1712185318101 21.6 320
1712185328202 22.6 321
1712185338299 22.8 322
1712185348389 21.9 323
1712185358496 22.2 324
1712185368580 21.5 325
1712185378678 22.4 326
1712185388766 21.7 327
1712185398857 22.2 328
1712185408937 22.1 329
1712185419034 22.1 330
1712185429122 21.6 331
1712185439212 22.1 332
1712185449298 21.9 333
1712185459394 22.0 334
1712185469484 22.0 335
1712185479577 21.9 336
1712185489667 21.9 337
1712185499762 22.3 338
1712185509861 23.2 339
1712185519965 22.3 340
1712185530049 21.9 341
1712185540136 22.4 342
1712185550235 22.4 343
1712185560329 22.1 344
1712185570438 22.0 345
1712185580527 21.9 346
1712185590620 22.2 347
1712185600734 22.0 348
1712185610828 21.8 349
1712185620917 22.0 350
1712185631001 21.5 351
1712185641094 22.8 352
1712185651180 21.9 353
1712185661269 22.1 354
1712185671384 22.2 355
1712185681501 21.7 356
1712185691589 22.0 357
1712185701668 22.1 358
1712185711757 21.7 359
1712185721855 22.6 360
1712185731954 21.9 361
1712185742037 22.5 362
1712185752146 22.6 363
1712185762242 21.9 364
1712185772329 22.5 365
1712185782405 22.3 366
1712185792493 21.6 367
1712185802589 22.1 368
1712185812686 21.3 369
1712185822771 22.1 370
1712185832866 22.2 371
1712185842954 21.7 372
1712185853057 22.8 373
1712185863152 21.8 374
1712185873245 21.4 375
1712185883329 21.9 376
1712185893415 21.2 377
1712185903516 22.6 378
1712185913612 21.8 379
1712185923661 22.2 380
1712185933758 21.5 381
1712185943852 21.5 382
1712185953954 22.2 383
1712185964064 22.1 384
1712185974119 22.0 385
1712185984222 22.5 386
1712185994316 22.1 387
1712186004422 22.3 388
1712186014523 21.8 389
1712186024619 22.7 390
1712186034726 21.7 391
1712186044822 22.1 392
1712186054931 21.6 393
1712186065045 21.8 394
1712186075151 22.5 395
1712186085266 22.4 396
1712186095370 21.5 397
1712186105476 22.3 398
1712186115580 21.9 399
1712186125683 21.8 400
1712186135783 22.4 401
1712186145897 21.3 402
1712186155996 23.5 403
1712186166108 22.0 404
1712186176201 23.3 405
1712186186300 23.2 406
1712186196408 22.1 407
1712186206516 21.8 408
1712186216616 22.1 409
1712186226717 21.8 410
1712186236828 22.2 411
1712186246924 22.4 412
1712186257026 21.1 413
1712186267123 22.2 414
1712186277222 22.2 415
1712186287319 21.3 416
1712186297415 22.5 417
1712186307520 21.4 418
1712186317622 21.7 419
1712186327718 22.5 420
1712186337823 21.2 421
1712186347915 22.6 422
1712186358004 22.2 423
1712186368113 21.7 424
1712186378211 22.6 425
1712186388304 21.8 426
1712186398406 21.7 427
1712186408509 22.9 428
1712186418609 21.3 429
1712186428701 22.6 430
1712186438802 22.1 431
1712186448899 22.3 432
1712186458997 22.3 433
1712186469089 21.6 434
1712186479195 22.1 435
1712186489299 22.1 436
1712186499411 21.2 437
1712186509501 22.5 438
1712186519619 21.8 439
1712186529681 20.9 440
1712186539724 22.4 441
1712186549772 21.1 442
1712186559817 22.7 443
1712186569865 22.5 444
1712186579967 22.3 445
1712186590011 22.4 446
1712186600050 22.3 447
1712186610136 23.3 448
1712186620189 22.3 449
1712186630283 38.9 450
1712186640400 45.1 451
1712186650503 45.1 452
1712186660616 45.4 453
1712186670727 44.8 454
1712186680777 45.2 455
1712186690875 45.4 456
1712186700980 44.8 457
1712186711091 44.6 458
1712186721196 45.7 459
1712186731287 44.7 460
1712186741332 45.6 461
1712186751450 45.5 462
1712186761557 44.8 463
1712186771668 45.3 464
1712186781780 44.5 465
1712186791892 44.7 466
1712186801951 45.0 467
1712186812056 44.7 468
1712186822158 45.0 469
1712186832266 44.7 470
1712186842381 28.0 471
1712186852470 22.0 472
1712186862516 22.4 473
1712186872613 22.4 474
1712186882706 22.1 475
1712186892807 22.8 476
1712186902906 21.8 477
1712186912995 22.0 478
1712186923040 22.1 479
1712186933131 22.0 480
1712186943225 22.9 481
1712186953323 21.6 482
1712186963410 22.3 483
1712186973510 22.5 484
1712186983549 22.3 485
1712186993650 22.8 486
1712187003745 22.3 487
1712187013833 22.6 488
1712187023951 23.0 489
1712187034055 21.5 490
1712187044113 22.3 491
1712187054241 26.0 492
1712187064330 21.5 493
1712187074432 22.5 494
1712187084546 24.0 495
1712187094593 22.8 496
1712187104700 23.3 497
1712187114757 21.1 498
1712187124803 22.1 499
1712187134901 21.9 500
1712187144961 22.2 501
1712187155001 21.8 502
1712187165110 22.9 503
1712187175153 21.7 504
1712187185200 22.4 505
1712187195302 21.9 506
1712187205349 22.2 507
1712187215424 22.0 508
1712187225516 22.2 509
1712187235567 22.3 510
1712187245608 21.6 511
1712187255717 22.1 512
1712187265771 21.7 513
1712187275821 22.7 514
1712187285934 22.0 515
1712187295987 22.1 516
1712187306040 21.9 517
1712187316137 21.8 518
1712187326187 22.5 519
1712187336234 21.5 520
1712187346346 22.5 521
1712187356464 22.2 522
1712187366564 22.2 523
1712187376674 22.2 524
1712187386790 21.4 525
1712187396844 21.8 526
1712187406953 22.6 527
1712187417049 21.3 528
1712187427147 22.8 529
1712187437256 21.4 530
1712187447366 21.9 531
1712187457412 22.3 532
1712187467531 22.0 533
1712187477638 22.4 534
1712187487755 22.1 535
1712187497859 21.7 536
1712187507960 22.1 537
1712187518010 21.7 538
1712187528109 22.1 539
1712187538234 22.4 540
1712187548334 22.2 541
1712187558443 22.3 542
1712187568549 21.5 543
1712187578596 21.8 544
1712187588711 22.8 545
1712187598835 20.9 546
1712187608940 22.3 547
1712187619031 22.0 548
1712187629127 21.1 549
1712187639182 21.8 550
1712187649290 22.3 551
1712187659383 21.5 552
1712187669495 22.1 553
1712187679605 21.7 554
1712187689708 22.2 555
1712187699757 22.4 556
1712187709858 21.8 557
1712187719960 21.9 558
1712187730061 21.7 559
1712187740159 21.7 560
1712187750256 22.3 561
1712187760388 21.9 562
1712187770497 22.2 563
1712187780600 22.0 564
1712187790689 21.3 565
1712187800786 22.4 566
1712187810903 22.0 567
1712187820963 21.6 568
1712187831101 22.6 569
1712187841199 20.6 570
1712187851310 22.1 571
1712187861425 22.2 572
1712187871525 21.2 573
1712187881568 22.0 574
1712187891678 22.2 575
1712187901794 21.9 576
1712187911912 21.7 577
1712187922028 21.3 578
1712187932129 21.8 579
1712187942177 22.4 580
1712187952290 22.2 581
1712187962402 22.6 582
1712187972508 22.1 583
1712187982608 23.7 584
1712187992727 22.7 585
1712188002776 21.5 586
1712188012888 21.9 587
1712188022993 21.9 588
1712188033093 21.7 589
1712188043215 22.7 590
1712188053331 22.0 591
1712188063375 21.7 592
1712188073425 22.7 593
1712188083481 22.5 594
1712188093538 21.7 595
1712188103593 21.7 596
1712188113636 24.6 597
1712188123737 21.8 598
1712188133783 22.4 599
1712188143885 23.0 600
1712188153928 21.9 601
1712188164042 22.9 602
1712188174143 22.1 603
1712188184197 22.3 604
1712188194247 22.7 605
1712188204303 21.6 606
1712188214408 21.9 607
1712188224525 21.3 608
1712188234632 22.3 609
1712188244676 23.0 610
1712188254780 22.4 611
1712188264902 22.5 612
1712188274962 22.0 613
1712188285004 23.4 614
1712188295045 22.2 615
1712188305136 22.7 616
1712188315177 22.8 617
1712188325240 22.1 618
1712188335338 22.5 619
1712188345432 22.3 620
1712188355538 22.6 621
1712188365606 22.5 622
1712188375705 23.3 623
1712188385744 22.3 624
1712188395795 22.1 625
1712188405887 22.4 626
1712188415926 21.8 627
1712188425967 23.3 628
1712188436056 21.7 629
1712188446164 23.9 630
1712188456217 22.1 631
1712188466311 22.6 632
1712188476406 22.8 633
1712188486454 21.9 634
1712188496563 22.4 635
1712188506658 21.7 636
1712188516752 22.5 637
1712188526872 22.5 638
1712188536969 21.8 639
1712188547027 23.5 640
1712188557124 23.4 641
1712188567223 22.0 642
1712188577319 22.2 643
1712188587414 21.6 644
1712188597470 22.6 645
1712188607563 21.5 646
1712188617658 22.1 647
1712188627746 22.3 648
1712188637843 21.9 649
1712188647939 22.9 650
1712188657984 21.5 651
1712188668080 22.0 652
1712188678169 22.0 653
1712188688265 22.0 654
1712188698373 21.9 655
1712188708463 21.9 656
1712188718506 21.9 657
1712188728614 22.2 658
1712188738721 21.6 659
1712188748821 22.7 660
1712188758934 22.0 661
1712188769035 22.3 662
1712188779077 22.5 663
1712188789161 21.6 664
1712188799264 22.0 665
1712188809371 22.3 666
1712188819479 21.8 667
1712188829675 22.2 668
1712188839719 22.1 669
1712188849824 23.1 670
1712188859946 22.7 671
1712188870042 21.6 672
1712188880144 22.5 673
1712188890252 24.7 674
1712188900297 21.6 675
1712188910411 22.6 676
1712188920511 21.5 677
1712188930618 22.6 678
1712188940707 22.3 679
1712188950796 21.4 680
1712188960843 22.5 681
1712188970950 21.9 682
1712188981054 42.4 683
1712188991164 45.2 684
1712189001277 44.0 685
1712189011381 44.6 686
1712189021447 44.5 687
1712189031548 45.0 688
1712189041668 44.9 689
1712189051793 45.1 690
1712189061914 44.6 691
1712189072038 44.5 692
1712189082093 44.0 693
1712189092200 45.4 694
1712189102311 44.9 695
1712189112426 44.5 696
1712189122533 44.5 697
1712189132651 45.1 698
1712189142726 44.4 699
1712189152837 45.2 700
1712189162956 44.5 701
1712189173065 44.2 702
1712189183192 44.5 703
1712189193277 24.0 704
1712189203333 22.4 705
1712189213420 22.6 706
1712189223507 22.3 707
1712189233616 22.5 708
1712189243712 21.7 709
1712189253810 22.2 710
1712189263852 22.1 711
1712189273945 22.2 712
1712189284054 22.7 713
1712189294144 21.3 714
1712189304251 22.1 715
1712189314351 22.1 716
1712189324395 21.9 717
1712189334507 22.5 718
1712189344594 22.0 719
1712189354703 22.6 720
1712189364802 22.3 721
1712189374902 21.5 722
1712189384957 22.4 723
1712189395052 22.0 724
1712189405146 22.0 725
1712189415242 22.0 726
1712189425337 21.4 727
1712189435437 22.8 728
1712189445484 22.2 729
1712189455580 22.7 730
1712189465686 23.0 731
1712189475780 22.0 732
1712189485896 22.4 733
1712189496005 21.9 734
1712189506123 21.7 735
1712189516233 22.6 736
1712189526336 22.3 737
1712189536434 22.1 738
1712189546538 23.2 739
1712189556637 21.6 740
1712189566691 22.6 741
1712189576793 22.4 742
1712189586888 21.7 743
1712189596998 22.4 744
1712189607086 21.3 745
1712189617188 22.4 746
1712189627233 22.2 747
1712189637328 21.6 748
1712189647444 22.1 749
1712189657549 21.6 750
1712189667653 21.6 751
1712189677692 22.1 752
1712189687787 21.5 753
1712189697888 22.4 754
1712189707986 21.2 755
1712189718090 21.9 756
1712189728199 22.1 757
1712189738336 21.3 758
1712189748442 22.8 759
1712189758537 22.5 760
1712189768637 21.9 761
1712189778747 22.1 762
1712189788850 23.4 763
1712189798901 22.4 764
1712189809022 22.3 765
1712189819127 22.1 766
1712189829239 22.2 767
1712189839349 22.1 768
1712189849456 22.2 769
1712189859507 22.2 770
1712189869604 21.8 771
1712189879714 22.1 772
1712189889809 21.7 773
1712189899907 22.1 774
1712189910020 22.0 775
1712189920064 21.3 776
1712189930168 22.2 777
1712189940264 21.9 778
1712189950354 21.8 779
1712189960555 22.4 780
1712189970669 21.8 781
1712189980715 21.3 782
1712189990819 22.7 783
1712190000914 21.6 784
1712190011024 22.1 785
1712190021138 22.0 786
1712190031256 21.3 787
1712190041316 21.7 788
1712190051426 22.7 789
1712190061532 21.7 790
1712190071653 22.5 791
1712190081781 21.8 792
1712190091982 21.9 793
1712190102035 22.0 794
1712190112125 22.4 795
1712190122229 22.3 796
1712190132359 22.2 797
1712190142452 21.2 798
1712190152565 22.0 799
1712190162610 21.8 800
1712190172718 21.5 801
1712190182827 22.1 802
1712190192922 21.5 803
1712190203024 22.3 804
1712190213124 22.9 805
1712190223180 21.4 806
1712190233284 22.2 807
1712190243387 21.9 808
1712190253502 22.0 809
1712190263613 22.4 810
1712190273722 21.9 811
1712190283769 22.2 812
1712190293871 22.1 813
1712190303968 22.4 814
1712190314079 22.9 815
1712190324186 21.5 816
1712190334303 22.2 817
1712190344346 21.8 818
1712190354440 22.4 819
1712190364561 22.0 820
1712190374653 21.6 821
1712190384764 22.3 822
1712190394863 22.1 823
1712190404913 21.6 824
1712190415017 22.3 825
1712190425105 21.8 826
1712190435215 22.4 827
1712190445325 22.3 828
1712190455417 21.0 829
1712190465478 22.5 830
1712190475582 21.5 831
1712190485688 22.0 832
1712190495788 22.2 833
1712190505879 21.8 834
1712190515982 22.5 835
1712190526035 22.0 836
1712190536135 21.7 837
1712190546224 22.3 838
1712190556322 21.1 839
1712190566436 22.3 840
1712190576547 21.9 841
1712190586609 21.7 842
1712190596702 22.9 843
1712190606806 21.2 844
1712190616902 22.8 845
1712190626993 21.9 846
1712190637100 22.3 847
1712190647149 23.3 848
1712190657255 22.5 849
1712190667356 21.7 850
1712190677414 21.2 851
1712190687480 21.7 852
1712190697578 22.9 853
1712190707647 22.0 854
1712190717697 25.6 855
1712190727801 22.1 856
1712190737856 22.5 857
1712190747903 22.0 858
1712190758004 22.8 859
1712190768056 22.3 860
1712190778100 22.5 861
1712190788209 22.0 862
1712190798253 22.2 863
1712190808302 22.6 864
1712190818402 22.7 865
1712190828453 22.5 866
1712190838509 21.7 867
1712190848618 23.6 868
1712190858758 23.1 869
1712190868806 22.8 870
1712190878897 23.7 871
1712190888950 22.3 872
1712190898999 22.3 873
1712190909112 24.5 874
1712190919216 22.5 875
1712190929317 21.2 876
1712190939385 23.0 877
1712190949478 22.2 878
1712190959582 22.0 879
1712190969734 22.2 880
1712190979864 22.0 881
1712190989969 22.3 882
1712191000020 22.2 883
1712191010143 22.1 884
1712191020250 23.0 885
1712191030348 21.9 886
1712191040449 22.2 887
1712191050549 22.6 888
1712191060605 21.9 889
1712191070716 23.0 890
1712191080928 21.8 891
1712191091025 22.1 892
1712191101141 20.7 893
1712191111256 22.3 894
1712191121304 22.1 895
1712191131421 22.1 896
1712191141521 21.8 897
1712191151629 22.2 898
1712191161736 21.5 899
1712191171846 22.0 900
1712191181898 22.4 901
1712191192019 21.9 902
1712191202132 22.6 903
1712191212237 22.3 904
1712191222336 21.5 905
1712191232442 22.8 906
1712191242494 21.9 907
1712191252603 23.6 908
1712191262708 21.4 909
1712191272827 21.7 910
1712191282935 21.9 911
1712191293043 22.0 912
1712191303096 21.6 913
1712191313203 22.4 914
1712191323305 25.0 915
1712191333420 43.5 916
1712191343543 43.7 917
1712191353670 43.6 918
1712191363728 44.2 919
1712191373845 44.2 920
1712191383962 43.6 921
1712191394086 43.6 922
1712191404207 44.5 923
1712191414330 44.3 924
1712191424391 43.8 925
1712191434513 44.4 926
1712191444629 44.2 927
1712191454756 44.7 928
1712191464886 44.1 929
1712191475000 43.8 930
1712191485060 43.4 931
1712191495188 43.8 932
1712191505323 43.4 933
1712191515439 43.1 934
1712191525582 44.0 935
1712191535697 44.8 936
1712191545745 22.5 937
1712191555844 22.4 938
1712191565974 22.2 939
1712191576106 21.9 940
1712191586211 21.9 941
1712191596321 21.8 942
1712191606373 21.8 943
1712191616485 22.4 944
1712191626601 21.8 945
1712191636731 21.7 946
1712191646853 22.3 947
1712191656963 21.7 948
1712191667017 21.8 949
1712191677135 22.4 950
1712191687242 21.5 951
1712191697357 21.7 952
1712191707461 21.7 953
1712191717528 21.5 954
1712191727660 22.1 955
1712191737787 21.8 956
1712191747888 21.4 957
1712191757988 22.5 958
1712191768086 21.3 959
1712191778146 23.8 960
1712191788269 22.2 961
1712191798373 21.9 962
1712191808490 22.6 963
1712191818597 21.0 964
1712191828704 21.8 965
1712191838753 21.9 966
1712191848869 22.8 967
1712191858996 22.7 968
1712191869112 21.4 969
1712191879221 21.8 970
1712191889324 22.7 971
1712191899380 21.4 972
1712191909489 22.9 973
1712191919597 21.9 974
1712191929698 22.2 975
1712191939803 22.4 976
1712191949915 21.5 977
1712191959969 22.3 978
1712191970070 22.1 979
1712191980183 21.7 980
1712191990295 22.7 981
1712192000389 21.3 982
1712192010506 22.1 983
1712192020553 22.4 984
1712192030646 21.5 985
1712192040757 22.8 986
1712192050865 21.6 987
1712192060970 21.6 988
1712192071088 22.2 989
1712192081148 20.9 990
1712192091262 22.7 991
1712192101366 22.2 992
1712192111476 22.0 993
1712192121596 22.0 994
1712192131691 21.8 995
1712192141746 21.9 996
1712192151858 23.6 997
1712192161967 21.5 998
1712192172077 22.6 999
1712192182177 22.3 1000
1712192192283 21.6 1001
1712192202341 22.4 1002
1712192212534 21.7 1003
1712192222633 22.3 1004
1712192232744 22.5 1005
1712192242852 21.7 1006
1712192252961 21.9 1007
1712192263005 22.1 1008
1712192273110 21.5 1009
1712192283234 22.5 1010
1712192293343 21.8 1011
1712192303461 22.0 1012
1712192313578 22.1 1013
1712192323638 21.7 1014
1712192333744 21.9 1015
1712192343881 22.4 1016
1712192354004 21.7 1017
1712192364127 22.4 1018
1712192374252 22.2 1019
1712192384305 21.4 1020
1712192394432 22.7 1021
1712192404485 22.2 1022
1712192414548 21.5 1023
1712192424606 22.4 1024
1712192434736 22.3 1025
1712192444863 21.0 1026
1712192454973 21.8 1027
1712192465116 22.3 1028
1712192475233 21.9 1029
1712192485346 21.9 1030
1712192495454 22.6 1031
1712192505586 21.6 1032
1712192515696 22.4 1033
1712192525835 22.7 1034
1712192535942 21.8 1035
1712192546066 22.6 1036
1712192556209 22.5 1037
1712192566331 22.5 1038
1712192576450 22.3 1039
1712192586577 21.9 1040
1712192596694 22.5 1041
1712192606819 22.9 1042
1712192616935 21.7 1043
1712192627060 22.3 1044
1712192637190 22.3 1045
1712192647314 22.6 1046
1712192657437 22.6 1047
1712192667553 22.1 1048
1712192677682 22.4 1049
1712192687796 22.9 1050
1712192697907 22.3 1051
1712192708021 22.2 1052
1712192718141 23.2 1053
1712192728271 21.7 1054
1712192738396 23.9 1055
1712192748529 23.1 1056
1712192758659 21.8 1057
1712192768775 22.8 1058
1712192778893 21.9 1059
1712192789032 21.5 1060
1712192799155 22.6 1061
1712192809277 21.9 1062
1712192819405 21.7 1063
1712192829535 22.9 1064
1712192839650 22.3 1065
1712192849774 22.0 1066
1712192859896 22.4 1067
1712192870022 22.2 1068
1712192880138 22.5 1069
1712192890250 22.3 1070
1712192900386 22.8 1071
1712192910500 22.1 1072
1712192920640 22.7 1073
1712192930754 21.5 1074
1712192940880 22.4 1075
1712192951013 22.7 1076
1712192961132 21.3 1077
1712192971261 22.1 1078
1712192981383 22.2 1079
1712192991518 21.8 1080
1712193001633 22.0 1081
1712193011782 21.6 1082
1712193021913 21.5 1083
1712193032044 22.5 1084
1712193042165 23.0 1085
1712193052298 22.2 1086
1712193062418 22.1 1087
1712193072547 22.6 1088
1712193082671 21.9 1089
1712193092895 22.2 1090
1712193103020 22.4 1091
1712193113145 21.5 1092
1712193123271 22.5 1093
1712193133402 22.6 1094
1712193143536 21.7 1095
1712193153649 22.7 1096
1712193163764 22.7 1097
1712193173880 21.9 1098
1712193183999 22.6 1099
1712193194115 22.3 1100
1712193204233 22.1 1101
1712193214350 22.4 1102
1712193224488 21.9 1103
1712193234604 22.5 1104
1712193244737 22.2 1105
1712193254967 21.9 1106
1712193265098 22.5 1107
1712193275207 22.9 1108
1712193285329 22.2 1109
1712193295448 22.1 1110
1712193305577 22.5 1111
1712193315701 21.9 1112
1712193325815 22.2 1113
1712193335933 22.7 1114
1712193346061 22.3 1115
1712193356189 22.9 1116
1712193366324 22.5 1117
1712193376457 22.2 1118
1712193386566 21.9 1119
1712193396683 22.7 1120
1712193406905 21.3 1121
1712193417024 21.8 1122
1712193427158 22.5 1123
1712193437292 21.6 1124
1712193447408 22.5 1125
1712193457540 22.5 1126
1712193467659 21.7 1127
1712193477773 22.7 1128
1712193487912 22.3 1129
1712193498058 21.3 1130
1712193508182 23.0 1131
1712193518310 22.2 1132
1712193528494 21.8 1133
1712193538705 22.4 1134
1712193548828 22.8 1135
1712193558946 22.1 1136
1712193569064 21.6 1137
1712193579192 22.4 1138
1712193589305 22.5 1139
1712193599416 22.1 1140
1712193609553 22.7 1141
1712193619686 21.6 1142
1712193629813 22.6 1143
1712193639929 23.9 1144
1712193650060 23.1 1145
1712193660178 22.9 1146
1712193670326 21.9 1147
1712193680459 35.6 1148
1712193690598 44.3 1149
1712193700745 43.8 1150
1712193710872 43.6 1151
1712193721002 44.5 1152
1712193731154 44.9 1153
1712193741293 44.8 1154
1712193751425 43.5 1155
1712193761581 44.8 1156
1712193771726 44.0 1157
1712193781847 44.3 1158
1712193791999 44.1 1159
1712193802143 44.0 1160
1712193812298 44.3 1161
1712193822532 44.2 1162
1712193832672 44.6 1163
1712193842810 44.7 1164
1712193852950 43.5 1165
1712193863097 44.2 1166
1712193873238 43.7 1167
1712193883376 44.0 1168
1712193893497 42.5 1169
1712193903634 22.5 1170
1712193913717 21.6 1171
1712193923879 21.4 1172
1712193933935 21.4 1173
1712193944052 21.9 1174
1712193954188 23.5 1175
1712193964326 21.8 1176
1712193974455 22.8 1177
1712193984596 22.1 1178
1712193994749 22.0 1179
1712194004888 22.0 1180
1712194015005 21.0 1181
1712194025135 21.7 1182
1712194035257 22.5 1183
1712194045368 21.1 1184
1712194055489 22.2 1185
1712194065590 21.6 1186
1712194075705 22.1 1187
1712194085821 22.3 1188
1712194095931 21.6 1189
1712194106057 22.3 1190
1712194116249 22.5 1191
1712194126387 22.3 1192
1712194136500 22.6 1193
1712194146604 22.2 1194
1712194156719 21.4 1195
1712194166848 22.5 1196
1712194176969 21.9 1197
1712194187050 22.3 1198
1712194197173 23.1 1199
1712194207242 20.6 1200
1712194217356 22.1 1201
1712194227423 20.1 1202
1712194237546 23.0 1203
1712194247658 23.0 1204
1712194257726 22.8 1205
1712194267845 21.6 1206
1712194277978 20.1 1207
1712194288031 23.7 1208
1712194298149 23.1 1209
1712194308260 22.8 1210
1712194318373 24.7 1211
1712194328493 23.3 1212
1712194338604 22.2 1213
1712194348720 22.8 1214
1712194358833 22.4 1215
1712194368944 21.7 1216
1712194379075 23.3 1217
1712194389179 22.1 1218
1712194399290 22.8 1219
1712194409400 22.6 1220
1712194419517 22.1 1221
1712194429727 22.9 1222
1712194439831 22.7 1223
1712194449937 23.1 1224
1712194460066 22.9 1225
1712194470131 22.1 1226
1712194480295 23.0 1227
1712194490357 21.2 1228
1712194500491 21.1 1229
1712194510615 21.6 1230
1712194520721 23.0 1231
1712194530859 22.8 1232
1712194540970 22.4 1233
1712194551095 22.5 1234
1712194561205 22.8 1235
1712194571325 22.0 1236
1712194581457 23.1 1237
1712194591575 21.7 1238
1712194601693 22.1 1239
1712194611812 22.4 1240
1712194621924 22.0 1241
1712194632043 22.6 1242
1712194642145 22.0 1243
1712194652268 22.9 1244
1712194662336 22.6 1245
1712194672416 21.3 1246
1712194682526 21.7 1247
1712194692636 22.1 1248
1712194702740 22.0 1249
1712194712848 21.7 1250
1712194722975 22.8 1251
1712194733086 21.9 1252
1712194743197 22.4 1253
1712194753314 21.1 1254
1712194763431 22.0 1255
1712194773560 22.2 1256
1712194783673 22.4 1257
1712194793789 22.2 1258
1712194803899 22.7 1259
1712194814008 22.0 1260
1712194824134 22.0 1261
1712194834245 22.3 1262
1712194844364 22.2 1263
1712194854467 24.1 1264
1712194864568 21.2 1265
1712194874689 22.8 1266
1712194884796 22.6 1267
1712194894907 22.3 1268
1712194905008 23.4 1269
1712194915122 22.1 1270
1712194925244 22.8 1271
1712194935355 21.3 1272
1712194945479 22.8 1273
1712194955581 21.5 1274
1712194965692 21.8 1275
1712194975814 22.3 1276
1712194985928 22.2 1277
1712194996038 22.1 1278
1712195006139 21.7 1279
1712195016263 21.8 1280
1712195026371 22.2 1281
1712195036485 21.8 1282
1712195046593 22.3 1283
1712195056697 22.5 1284
1712195066801 21.9 1285
1712195076930 22.3 1286
1712195087044 21.8 1287
1712195097165 21.9 1288
1712195107273 22.4 1289
1712195117384 21.8 1290
1712195127502 22.3 1291
1712195137612 21.9 1292
1712195147732 22.6 1293
1712195157836 22.1 1294
1712195167955 21.9 1295
1712195178068 22.6 1296
1712195188168 21.7 1297
1712195198292 22.0 1298
1712195208403 22.5 1299
1712195218518 21.3 1300
1712195228637 23.1 1301
1712195238749 22.1 1302
1712195248863 22.4 1303
1712195258975 22.3 1304
1712195269087 21.1 1305
1712195279199 22.4 1306
1712195289310 21.9 1307
1712195299425 21.8 1308
1712195309539 22.2 1309
1712195319655 22.1 1310
1712195329777 22.2 1311
1712195339911 22.3 1312
1712195350024 22.0 1313
1712195360146 22.0 1314
1712195370265 21.9 1315
1712195380375 22.2 1316
1712195390507 22.3 1317
1712195400613 21.8 1318
1712195410715 22.1 1319
1712195420817 21.8 1320
1712195430928 21.9 1321
1712195441078 22.0 1322
1712195451182 22.3 1323
1712195461302 22.0 1324
1712195471416 22.4 1325
1712195481518 21.4 1326
1712195491637 22.1 1327
1712195501745 21.7 1328
1712195511860 22.2 1329
1712195521959 22.0 1330
1712195532070 21.6 1331
1712195542189 22.0 1332
1712195552291 22.0 1333
1712195562405 22.0 1334
1712195572513 22.3 1335
1712195582625 21.6 1336
1712195592840 22.1 1337
1712195602956 22.3 1338
1712195613090 21.8 1339
1712195623209 22.0 1340
1712195633338 22.4 1341
1712195643447 22.3 1342
1712195653569 22.2 1343
1712195663686 21.6 1344
1712195673798 22.2 1345
1712195683915 22.6 1346
1712195694029 21.6 1347
1712195704150 22.1 1348
1712195714257 22.1 1349
1712195724368 21.3 1350
1712195734485 22.0 1351
1712195744673 21.7 1352
1712195754781 22.8 1353
1712195764888 22.4 1354
1712195774998 21.5 1355
1712195785132 22.8 1356
1712195795249 21.9 1357
1712195805363 23.0 1358
1712195815481 23.1 1359
1712195825599 21.4 1360
1712195835713 22.7 1361
1712195845838 21.9 1362
1712195855945 21.8 1363
1712195866071 22.3 1364
1712195876183 21.7 1365
1712195886299 22.1 1366
1712195896478 22.0 1367
1712195906589 21.3 1368
1712195916718 22.5 1369
1712195926830 21.8 1370
1712195936956 21.7 1371
1712195947065 22.5 1372
1712195957182 21.3 1373
1712195967307 22.6 1374
1712195977413 21.9 1375
1712195987528 21.7 1376
1712195997640 22.6 1377
1712196007768 22.1 1378
1712196017840 21.8 1379
1712196027963 21.1 1380
1712196038044 25.0 1381
1712196048119 41.0 1382
1712196058260 43.2 1383
1712196068406 42.6 1384
1712196078557 43.1 1385
1712196088652 42.8 1386
1712196098795 43.5 1387
1712196108934 45.0 1388
1712196119075 44.0 1389
1712196129210 44.5 1390
1712196139336 45.0 1391
1712196149469 44.5 1392
1712196159606 44.6 1393
1712196169745 44.4 1394
1712196179972 44.6 1395
1712196190106 43.9 1396
1712196200244 45.0 1397
1712196210375 44.4 1398
1712196220500 44.5 1399
1712196230645 44.4 1400
1712196240776 44.8 1401
1712196250913 44.6 1402
1712196261015 31.1 1403
1712196271141 22.7 1404
1712196281274 24.8 1405
1712196291408 21.3 1406
1712196301534 22.5 1407
1712196311643 22.0 1408
1712196321752 21.4 1409
1712196331885 22.8 1410
1712196341989 22.2 1411
1712196352111 23.7 1412
1712196362219 22.4 1413
1712196372321 21.7 1414
1712196382439 22.7 1415
1712196392548 21.8 1416
1712196402658 22.5 1417
1712196412777 22.5 1418
1712196422897 21.8 1419
1712196433022 22.4 1420
1712196443146 22.6 1421
1712196453260 22.5 1422
1712196463395 22.2 1423
1712196473600 22.0 1424
1712196483718 22.4 1425
1712196493839 22.9 1426
1712196503943 22.0 1427
1712196514053 21.9 1428
1712196524163 22.7 1429
1712196534263 21.6 1430
1712196544393 22.5 1431
1712196554506 22.5 1432
1712196564633 21.8 1433
1712196574749 22.7 1434
1712196584861 21.7 1435
1712196594978 22.9 1436
1712196605084 22.5 1437
1712196615222 21.9 1438
1712196625464 27.5 1439
1712196635571 28.2 1440
1712196645705 27.9 1441
1712196655841 28.7 1442
1712196665954 27.6 1443
1712196676087 27.7 1444
1712196686216 25.0 1445
1712196696310 27.5 1446
1712196706447 26.7 1447
1712196716607 26.3 1448
1712196726751 24.8 1449
1712196736887 21.9 1450
1712196747108 23.5 1451
1712196757247 24.2 1452
1712196767390 23.0 1453
1712196777502 22.1 1454
1712196787635 22.8 1455
1712196797769 22.8 1456
1712196807905 21.8 1457
1712196818046 22.7 1458
1712196828180 22.9 1459
1712196838315 21.9 1460
1712196848525 23.1 1461
1712196858675 23.2 1462
1712196868795 22.3 1463
1712196878942 22.5 1464
1712196889097 22.6 1465
1712196899244 22.2 1466
1712196909375 22.5 1467
1712196919512 23.0 1468
1712196929633 22.6 1469
1712196939755 22.1 1470
1712196949992 23.5 1471
1712196960119 22.0 1472
1712196970246 22.1 1473
1712196980392 23.1 1474
1712196990523 22.5 1475
1712197000603 22.4 1476
1712197010735 21.7 1477
1712197020885 20.8 1478
1712197031017 21.4 1479
1712197041161 22.5 1480
1712197051321 22.5 1481
1712197061554 22.6 1482
1712197071718 22.9 1483
1712197081866 22.2 1484
1712197092000 22.8 1485
1712197102162 23.5 1486
1712197112341 22.7 1487
1712197122483 22.9 1488
1712197132643 23.2 1489
1712197142792 22.9 1490
1712197152923 22.9 1491
1712197163078 22.9 1492
1712197173225 22.6 1493
1712197183473 22.6 1494
1712197193639 22.6 1495
1712197203763 22.6 1496
1712197213899 23.1 1497
1712197224036 22.7 1498
1712197234213 22.3 1499
1712197244381 21.7 1500
1712197254518 23.1 1501
1712197264672 23.3 1502
1712197274839 22.4 1503
1712197284963 22.5 1504
1712197295213 22.6 1505
1712197305389 22.5 1506
1712197315538 22.6 1507
1712197325662 22.8 1508
1712197335817 23.3 1509
1712197345984 22.2 1510
1712197356111 23.0 1511
1712197366253 22.9 1512
1712197376384 22.2 1513
1712197386512 23.2 1514
1712197396655 23.3 1515
1712197406799 23.4 1516
1712197416931 22.8 1517
1712197427091 22.8 1518
1712197437258 23.6 1519
1712197447389 22.9 1520
1712197457536 23.3 1521
1712197467667 22.6 1522
1712197477784 22.5 1523
1712197488028 22.9 1524
1712197498188 22.2 1525
1712197508349 22.9 1526
1712197518494 22.8 1527
1712197528662 23.0 1528
1712197538806 21.5 1529
1712197548943 22.8 1530
1712197559095 22.6 1531
1712197569244 22.1 1532
1712197579530 23.0 1533
1712197589679 22.7 1534
1712197599823 22.4 1535
1712197609989 22.5 1536
1712197620138 22.4 1537
1712197630284 22.9 1538
1712197640427 22.8 1539
1712197650606 22.1 1540
1712197660757 23.0 1541
1712197670923 22.9 1542
1712197681209 22.4 1543
1712197691358 22.4 1544
1712197701518 22.4 1545
1712197711652 23.6 1546
1712197721823 22.2 1547
1712197731970 23.1 1548
1712197742135 23.5 1549
1712197752293 22.6 1550
1712197762444 23.0 1551
1712197772580 22.9 1552
1712197782756 23.0 1553
1712197792987 22.0 1554
1712197803142 23.3 1555
1712197813270 22.8 1556
1712197823426 22.5 1557
1712197833589 22.1 1558
1712197843755 22.7 1559
1712197853922 24.0 1560
1712197864105 22.3 1561
1712197874256 22.6 1562
1712197884386 23.0 1563
1712197894542 22.9 1564
1712197904808 22.6 1565
1712197915000 23.2 1566
1712197925135 22.9 1567
1712197935297 22.8 1568
1712197945485 22.6 1569
1712197955657 23.0 1570
1712197965809 22.9 1571
1712197975971 23.0 1572
1712197986111 22.5 1573
1712197996267 22.8 1574
1712198006425 22.6 1575
1712198016577 22.8 1576
1712198026743 22.4 1577
1712198036885 23.0 1578
1712198047030 23.0 1579
1712198057173 22.9 1580
1712198067327 22.7 1581
1712198077486 22.6 1582
1712198087615 23.1 1583
1712198097802 22.1 1584
1712198107931 23.2 1585
1712198118192 23.3 1586
1712198128354 22.9 1587
1712198138508 22.3 1588
1712198148666 23.4 1589
1712198158807 22.5 1590
1712198168961 23.1 1591
1712198179141 22.3 1592
1712198189311 23.3 1593
1712198199452 23.1 1594
1712198209599 22.3 1595
1712198219866 20.9 1596
1712198230017 22.5 1597
1712198240156 23.3 1598
1712198250252 21.7 1599
1712198260403 22.9 1600
1712198270529 23.7 1601
1712198280651 22.0 1602
1712198290802 20.6 1603
1712198300888 19.7 1604
1712198311051 19.3 1605
1712198321233 19.6 1606
1712198331355 20.1 1607
1712198341543 20.2 1608
1712198351792 18.8 1609
1712198361947 19.6 1610
1712198372116 19.8 1611
1712198382243 19.8 1612
1712198392442 19.0 1613
1712198402642 29.9 1614
1712198412742 36.8 1615
1712198422909 39.7 1616
1712198433089 40.4 1617
1712198443220 43.6 1618
1712198453473 46.2 1619
1712198463663 44.2 1620
1712198473810 45.1 1621
1712198483977 44.5 1622
1712198494157 44.7 1623
1712198504264 44.7 1624
1712198514440 45.3 1625
1712198524605 44.4 1626
1712198534759 44.7 1627
1712198544935 44.3 1628
1712198555195 44.8 1629
1712198565322 44.0 1630
1712198575497 44.7 1631
1712198585661 44.2 1632
1712198595841 44.6 1633
1712198606030 42.6 1634
1712198616186 42.2 1635
1712198626266 22.4 1636
1712198636416 22.6 1637
1712198646573 23.7 1638
1712198656794 22.3 1639
1712198666925 21.9 1640
1712198677085 22.3 1641
1712198687167 22.1 1642
1712198697301 21.7 1643
1712198707453 22.9 1644
1712198717602 21.6 1645
1712198727735 22.0 1646
1712198737845 22.7 1647
1712198747991 22.5 1648
1712198758217 22.5 1649
1712198768376 22.1 1650
1712198778510 22.2 1651
1712198788648 21.3 1652
1712198798724 22.1 1653
1712198808854 22.0 1654
1712198818990 21.7 1655
1712198829157 22.4 1656
1712198839284 21.3 1657
1712198849426 21.7 1658
1712198859538 22.4 1659
1712198869782 22.1 1660
1712198879932 22.2 1661
1712198890085 22.3 1662
1712198900238 21.7 1663
1712198910380 21.6 1664
1712198920501 21.8 1665
1712198930661 22.6 1666
1712198940807 21.2 1667
1712198950953 22.1 1668
1712198961099 22.8 1669
1712198971241 21.2 1670
1712198981337 22.4 1671
1712198991521 23.1 1672
1712199001670 21.9 1673
1712199011804 23.1 1674
1712199021953 22.2 1675
1712199032088 21.9 1676
1712199042203 21.9 1677
1712199052347 23.0 1678
1712199062485 21.3 1679
1712199072633 22.4 1680
1712199082853 22.2 1681
1712199092987 21.1 1682
1712199103084 22.4 1683
1712199113241 21.8 1684
1712199123397 21.5 1685
1712199133555 22.6 1686
1712199143710 22.2 1687
1712199153840 22.0 1688
1712199163950 22.1 1689
1712199174114 22.6 1690
1712199184255 21.3 1691
1712199194389 22.4 1692
1712199204551 22.5 1693
1712199214681 21.3 1694
1712199224774 21.7 1695
1712199234950 22.2 1696
1712199245089 21.9 1697
1712199255242 22.3 1698
1712199265405 22.3 1699
1712199275548 22.1 1700
1712199285709 21.9 1701
1712199295870 22.1 1702
1712199306003 21.9 1703
1712199316147 21.4 1704
1712199326307 22.2 1705
1712199336450 21.9 1706
1712199346537 21.7 1707
1712199356679 22.6 1708
1712199366801 22.3 1709
1712199376928 21.8 1710
1712199387085 22.2 1711
1712199397303 22.2 1712
1712199407468 21.1 1713
1712199417615 22.5 1714
1712199427760 22.8 1715
1712199437894 21.6 1716
1712199448044 23.1 1717
1712199458127 22.5 1718
1712199468267 22.0 1719
1712199478408 23.0 1720
1712199488544 22.7 1721
1712199498687 22.0 1722
1712199508835 22.5 1723
1712199518986 22.7 1724
1712199529112 21.9 1725
1712199539251 22.7 1726
1712199549374 22.5 1727
1712199559497 22.0 1728
1712199569639 22.9 1729
1712199579703 22.3 1730
1712199589853 22.2 1731
1712199599989 22.5 1732
1712199610109 23.0 1733
1712199620239 22.0 1734
1712199630441 22.4 1735
1712199640515 21.7 1736
1712199650656 22.3 1737
1712199660801 22.0 1738
1712199670920 21.5 1739
1712199681057 22.3 1740
1712199691178 22.0 1741
1712199701239 21.2 1742
1712199711382 23.1 1743
1712199721506 21.6 1744
1712199731714 22.4 1745
1712199741860 22.5 1746
1712199751978 21.9 1747
1712199762051 22.1 1748
1712199772182 22.6 1749
1712199782316 21.4 1750
1712199792456 23.0 1751
1712199802599 21.5 1752
1712199812752 21.6 1753
1712199822832 21.8 1754
1712199832947 22.3 1755
1712199843079 21.5 1756
1712199853213 22.4 1757
1712199863348 23.0 1758
1712199873480 22.0 1759
1712199883552 22.1 1760
1712199893686 22.1 1761
1712199903808 21.7 1762
1712199913946 22.5 1763
1712199924066 21.7 1764
1712199934206 22.1 1765
1712199944273 22.1 1766
1712199954395 22.0 1767
1712199964532 22.7 1768
1712199974658 21.6 1769
1712199984789 22.0 1770
1712199994926 22.4 1771
1712200004991 22.0 1772
1712200015123 21.6 1773
1712200025269 22.0 1774
1712200035482 21.8 1775
1712200045613 21.7 1776
1712200055738 22.0 1777
1712200065809 22.1 1778
1712200075954 21.6 1779
1712200086090 22.3 1780
1712200096206 22.0 1781
1712200106335 22.2 1782
1712200116466 22.4 1783
1712200126548 21.5 1784
1712200136734 22.5 1785
1712200146867 21.7 1786
1712200157006 22.5 1787
1712200167143 22.6 1788
1712200177315 22.5 1789
1712200187469 21.5 1790
1712200197611 21.7 1791
1712200207756 22.6 1792
1712200217870 22.1 1793
1712200228040 22.5 1794
1712200238133 22.0 1795
1712200248318 22.4 1796
1712200258454 23.1 1797
1712200268596 22.8 1798
1712200278760 22.6 1799
1712200288909 23.4 1800
1712200299116 22.7 1801
1712200309278 22.0 1802
1712200319412 22.7 1803
1712200329572 22.9 1804
1712200339732 22.1 1805
1712200349869 23.4 1806
1712200360030 22.5 1807
1712200370187 21.9 1808
1712200380448 22.9 1809
1712200390606 22.7 1810
1712200400763 23.1 1811
1712200410901 22.1 1812
1712200421053 23.0 1813
1712200431205 23.2 1814
1712200441395 22.5 1815
1712200451531 22.7 1816
1712200461690 22.7 1817
1712200471868 22.8 1818
1712200482017 22.4 1819
1712200492179 23.4 1820
1712200502307 22.6 1821
1712200512460 24.0 1822
1712200522600 23.1 1823
1712200532745 22.1 1824
1712200542898 22.9 1825
1712200553040 23.5 1826
1712200563193 22.5 1827
1712200573330 22.7 1828
1712200583479 23.2 1829
1712200593630 22.8 1830
1712200603853 22.8 1831
1712200613998 23.3 1832
1712200624170 23.1 1833
1712200634318 22.4 1834
1712200644464 22.9 1835
1712200654625 23.5 1836
1712200664791 22.2 1837
1712200674941 22.7 1838
1712200685101 23.2 1839
1712200695235 22.4 1840
1712200705369 22.5 1841
1712200715522 23.6 1842
1712200725697 23.1 1843
1712200735829 22.9 1844
1712200745992 22.8 1845
1712200756257 22.7 1846
1712200766418 44.9 1847
1712200776574 45.4 1848
1712200786743 44.7 1849
1712200796904 44.0 1850
1712200807066 44.6 1851
1712200817243 45.3 1852
1712200827417 44.7 1853
1712200837594 45.2 1854
1712200847770 44.0 1855
1712200857944 44.5 1856
1712200868112 44.6 1857
1712200878277 44.2 1858
1712200888426 45.4 1859
1712200898613 44.9 1860
1712200908803 43.8 1861
1712200918957 43.6 1862
1712200929115 43.3 1863
1712200939273 43.0 1864
1712200949434 43.4 1865
1712200959607 42.8 1866
1712200969769 43.4 1867
1712200979939 36.4 1868
1712200990111 22.5 1869
1712201000252 22.5 1870
1712201010412 22.9 1871
1712201020590 22.4 1872
1712201030730 22.3 1873
1712201040885 22.5 1874
1712201051124 22.6 1875
1712201061302 22.3 1876
1712201071452 22.8 1877
1712201081611 22.7 1878
1712201091770 22.1 1879
1712201101917 22.7 1880
1712201112076 22.9 1881
1712201122421 22.4 1882
1712201132592 21.9 1883
1712201142749 22.7 1884
1712201152910 23.8 1885
1712201163073 22.2 1886
1712201173239 22.9 1887
1712201183371 22.5 1888
1712201193523 22.6 1889
1712201203683 22.0 1890
1712201213828 22.7 1891
1712201223991 23.1 1892
1712201234194 22.6 1893
1712201244336 22.9 1894
1712201254483 23.2 1895
1712201264615 22.5 1896
1712201274750 22.8 1897
1712201284915 22.2 1898
1712201295037 21.8 1899
1712201305175 22.8 1900
1712201315314 22.5 1901
1712201325466 22.5 1902
1712201335602 22.5 1903
1712201345841 22.8 1904
1712201356007 22.7 1905
1712201366183 22.5 1906
1712201376321 22.8 1907
1712201386468 23.2 1908
1712201396612 22.1 1909
1712201406766 24.0 1910
1712201416919 23.7 1911
1712201427090 22.8 1912
1712201437250 22.7 1913
1712201447411 23.1 1914
1712201457575 22.5 1915
1712201467714 21.2 1916
1712201477853 22.9 1917
1712201488006 22.7 1918
1712201498171 22.0 1919
1712201508312 22.9 1920
1712201518472 24.7 1921
1712201528618 22.3 1922
1712201538779 22.4 1923
1712201548925 22.6 1924
1712201559074 22.7 1925
1712201569354 22.0 1926
1712201579509 22.9 1927
1712201589661 22.5 1928
1712201599837 22.1 1929
1712201609980 22.8 1930
1712201620131 23.0 1931
1712201630288 22.0 1932
1712201640443 22.5 1933
1712201650585 22.8 1934
1712201660716 22.5 1935
1712201670848 22.4 1936
1712201680998 23.1 1937
1712201691152 22.6 1938
1712201701308 22.4 1939
1712201711463 22.8 1940
1712201721720 22.6 1941
1712201731882 22.3 1942
1712201742026 23.0 1943
1712201752168 23.2 1944
1712201762313 22.4 1945
1712201772455 21.8 1946
1712201782588 22.8 1947
1712201792716 22.8 1948
1712201802861 22.1 1949
1712201813011 23.3 1950
1712201823167 22.6 1951
1712201833307 22.4 1952
1712201843437 22.6 1953
1712201853617 22.8 1954
1712201863765 22.5 1955
1712201874021 22.9 1956
1712201884181 22.7 1957
1712201894343 22.4 1958
1712201904491 22.7 1959
1712201914635 22.5 1960
1712201924783 22.8 1961
1712201934882 21.9 1962
1712201944971 20.0 1963
1712201955106 22.3 1964
1712201965288 21.9 1965
1712201975431 22.8 1966
1712201985558 24.3 1967
1712201995694 22.3 1968
1712202005844 22.5 1969
1712202015970 21.8 1970
1712202026210 22.7 1971
1712202036349 22.1 1972
1712202046484 22.6 1973
1712202056618 22.6 1974
1712202066746 22.1 1975
1712202076874 21.9 1976
1712202086998 22.0 1977
1712202097147 23.2 1978
1712202107277 22.5 1979
1712202117409 22.0 1980
1712202127557 22.1 1981
1712202137684 22.7 1982
1712202147826 22.4 1983
1712202157963 22.0 1984
1712202168102 21.9 1985
1712202178329 21.9 1986
1712202188463 21.6 1987
1712202198597 21.7 1988
1712202208729 22.5 1989
1712202218847 22.0 1990
1712202228978 21.2 1991
1712202239113 22.5 1992
1712202249230 21.6 1993
1712202259362 22.2 1994
1712202269495 22.7 1995
1712202279634 21.6 1996
1712202289870 22.2 1997
1712202300027 22.1 1998
1712202310150 21.4 1999
1712202320286 21.9 2000
1712202330508 22.7 2001
1712202340638 22.0 2002
1712202350768 22.6 2003
1712202360909 23.0 2004
1712202371028 22.4 2005
1712202381163 22.1 2006
1712202391310 22.6 2007
1712202401454 22.5 2008
1712202411545 22.5 2009
1712202421684 23.0 2010
1712202431823 21.3 2011
1712202441923 22.2 2012
1712202452080 23.5 2013
1712202462221 22.2 2014
1712202472360 22.4 2015
1712202482525 22.0 2016
1712202492682 22.3 2017
1712202502852 22.2 2018
1712202513002 22.2 2019
1712202523085 22.2 2020
1712202533240 21.4 2021
1712202543392 22.2 2022
1712202553608 21.0 2023
1712202563762 21.7 2024
1712202573913 22.8 2025
1712202584030 20.1 2026
1712202594159 21.7 2027
1712202604292 21.5 2028
1712202614434 21.0 2029
1712202624600 22.2 2030
1712202634757 21.6 2031
1712202644918 20.6 2032
1712202655068 22.8 2033
1712202665200 21.9 2034
1712202675335 22.4 2035
1712202685455 22.3 2036
1712202695594 22.2 2037
1712202705742 22.9 2038
1712202715872 22.6 2039
1712202726007 21.8 2040
1712202736133 21.7 2041
1712202746283 22.6 2042
1712202756418 21.2 2043
1712202766569 18.1 2044
1712202776719 18.7 2045
1712202786848 18.9 2046
1712202796990 18.1 2047
1712202807126 18.5 2048
1712202817278 18.5 2049
1712202827425 19.5 2050
1712202837552 18.5 2051
1712202847681 19.7 2052
1712202857820 20.3 2053
1712202867965 20.3 2054
1712202878107 21.4 2055
1712202888238 21.4 2056
1712202898398 21.2 2057
1712202908483 21.6 2058
1712202918648 21.2 2059
1712202928779 21.1 2060
1712202938909 19.5 2061
1712202949070 20.6 2062
1712202959221 19.1 2063
1712202969362 20.0 2064
1712202979492 21.6 2065
1712202989621 21.5 2066
1712202999720 22.3 2067
1712203009965 20.9 2068
1712203020118 18.9 2069
1712203030262 21.2 2070
1712203040397 20.5 2071
1712203050545 22.2 2072
1712203060665 22.0 2073
1712203070808 20.9 2074
1712203080936 22.0 2075
1712203091107 21.0 2076
1712203101273 22.5 2077
1712203111459 20.7 2078
1712203121624 23.7 2079
1712203131800 40.0 2080
1712203141971 42.3 2081
1712203152170 41.2 2082
1712203162368 39.7 2083
1712203172557 41.1 2084
1712203182759 42.1 2085
1712203192973 42.2 2086
1712203203160 41.7 2087
1712203213354 42.4 2088
1712203223547 43.3 2089
1712203233803 42.8 2090
1712203244106 40.2 2091
1712203254312 39.8 2092
1712203264508 40.0 2093
1712203274707 41.3 2094
1712203284931 42.8 2095
1712203295206 42.2 2096
1712203305433 41.3 2097
1712203315718 40.8 2098
1712203325900 42.2 2099
1712203336049 43.0 2100
1712203346209 37.7 2101
1712203356349 22.3 2102
1712203366513 21.7 2103
1712203376701 21.9 2104
1712203386884 20.7 2105
1712203397065 21.1 2106
1712203407242 21.7 2107
1712203417385 22.1 2108
1712203427545 22.0 2109
1712203437717 22.4 2110
1712203447874 21.9 2111
1712203458053 22.2 2112
1712203468304 22.8 2113
1712203478468 22.4 2114
1712203488627 23.3 2115
1712203498799 22.7 2116
1712203508959 22.1 2117
1712203519112 21.5 2118
1712203529291 22.7 2119
1712203539447 22.2 2120
1712203549601 23.5 2121
1712203559778 22.4 2122
1712203569927 22.0 2123
1712203580085 22.7 2124
1712203590252 22.9 2125
1712203600401 22.4 2126
1712203610566 22.8 2127
1712203620792 22.8 2128
1712203630938 21.3 2129
1712203641122 22.8 2130
1712203651304 22.1 2131
1712203661458 22.3 2132
1712203671616 22.3 2133
1712203681785 22.4 2134
1712203691955 21.5 2135
1712203702110 22.5 2136
1712203712260 22.9 2137
1712203722414 22.6 2138
1712203732593 22.1 2139
1712203742730 21.9 2140
1712203752938 21.8 2141
1712203763109 24.2 2142
1712203773250 23.4 2143
1712203783393 21.0 2144
1712203793556 22.3 2145
1712203803774 22.5 2146
1712203813920 22.1 2147
1712203824100 22.4 2148
1712203834259 22.6 2149
1712203844427 21.7 2150
1712203854696 22.3 2151
1712203864873 21.8 2152
1712203875070 20.7 2153
1712203885268 21.8 2154
1712203895478 22.8 2155
1712203905654 22.6 2156
1712203915937 21.5 2157
1712203926114 22.2 2158
1712203936295 22.5 2159
1712203946474 22.0 2160
1712203956583 22.6 2161
1712203966721 22.8 2162
1712203977038 21.5 2163
1712203987220 21.9 2164
1712203997385 22.6 2165
1712204007501 21.5 2166
1712204017841 22.7 2167
1712204028042 22.7 2168
1712204038203 23.3 2169
1712204048409 21.9 2170
1712204058565 23.2 2171
1712204068701 22.8 2172
1712204078852 22.9 2173
1712204089086 22.1 2174
1712204099222 22.4 2175
1712204109364 21.1 2176
1712204119550 22.2 2177
1712204129794 22.2 2178
1712204139893 22.6 2179
1712204150091 23.4 2180
1712204160270 22.1 2181
1712204170500 22.7 2182
1712204180654 21.6 2183
1712204190826 22.3 2184
1712204200967 22.0 2185
1712204211147 21.8 2186
1712204221318 22.4 2187
1712204231469 22.3 2188
1712204241619 22.0 2189
1712204251810 22.8 2190
1712204262000 23.3 2191
1712204272168 21.0 2192
1712204282315 22.1 2193
1712204292484 21.6 2194
1712204302724 22.2 2195
1712204312868 21.6 2196
1712204323014 22.5 2197
1712204333161 21.7 2198
1712204343334 21.7 2199
1712204353495 22.5 2200
1712204363634 21.7 2201
1712204373781 22.3 2202
1712204383937 22.5 2203
1712204394164 22.2 2204
1712204404318 21.7 2205
1712204414497 22.1 2206
1712204424642 21.7 2207
1712204434811 21.4 2208
1712204444945 22.9 2209
1712204455112 22.2 2210
1712204465267 21.5 2211
1712204475514 21.9 2212
1712204485702 22.3 2213
1712204495859 21.5 2214
1712204505957 21.7 2215
1712204516227 22.5 2216
1712204526386 21.5 2217
1712204536537 22.7 2218
1712204546718 22.0 2219
1712204556961 22.2 2220
1712204567107 21.3 2221
1712204577267 22.4 2222
1712204587456 22.1 2223
1712204597605 21.4 2224
1712204607854 21.9 2225
1712204617989 21.8 2226
1712204628134 22.5 2227
1712204638291 21.2 2228
1712204648464 22.1 2229
1712204658699 22.2 2230
1712204668842 23.0 2231
1712204678976 23.1 2232
1712204689188 22.2 2233
1712204699442 22.1 2234
1712204709592 22.2 2235
1712204719766 22.3 2236
1712204729915 22.3 2237
1712204740077 21.2 2238
1712204750232 23.1 2239
1712204760393 21.1 2240
1712204770626 21.7 2241
1712204780798 21.8 2242
1712204790953 22.0 2243
1712204801105 21.2 2244
1712204811272 22.5 2245
1712204821440 22.1 2246
1712204831683 21.9 2247
1712204841842 21.6 2248
1712204852025 21.9 2249
1712204862157 21.8 2250
1712204872324 21.1 2251
1712204882599 21.7 2252
1712204892799 20.5 2253
1712204902987 21.4 2254
1712204913158 21.7 2255
1712204923347 22.8 2256
1712204933621 21.8 2257
1712204943892 22.2 2258
1712204954068 22.2 2259
1712204964258 22.9 2260
1712204974406 22.0 2261
1712204984682 22.1 2262
1712204994868 22.7 2263
1712205005090 21.9 2264
1712205015272 22.2 2265
1712205025447 22.7 2266
1712205035622 23.1 2267
1712205045909 22.9 2268
1712205056111 24.8 2269
1712205066288 21.7 2270
1712205076478 22.4 2271
1712205086645 21.9 2272
1712205096927 21.4 2273
1712205107118 22.8 2274
1712205117352 22.5 2275
1712205127590 26.5 2276
1712205137796 27.4 2277
1712205148075 27.2 2278
1712205158268 25.3 2279
1712205168437 22.9 2280
1712205178612 22.2 2281
1712205188804 22.6 2282
1712205198973 22.7 2283
1712205209257 22.1 2284
1712205219405 22.6 2285
1712205229563 23.0 2286
1712205239714 22.2 2287
1712205249881 22.4 2288
1712205260059 22.8 2289
1712205270329 22.2 2290
1712205280502 23.1 2291
1712205290654 23.2 2292
1712205300837 22.7 2293
1712205311028 22.0 2294
1712205321190 22.6 2295
1712205331472 22.6 2296
1712205341654 22.3 2297
1712205351822 24.1 2298
1712205361978 23.2 2299
1712205372109 23.3 2300
1712205382300 22.5 2301
1712205392557 22.6 2302
1712205402720 22.7 2303
1712205412897 22.4 2304
1712205423064 22.4 2305
1712205433238 23.2 2306
1712205443425 22.5 2307
1712205453586 23.0 2308
1712205463751 23.6 2309
1712205473917 22.2 2310
1712205484095 22.3 2311
1712205494273 32.5 2312
1712205504448 45.2 2313
1712205514626 44.9 2314
1712205524833 44.0 2315
1712205535008 42.8 2316
1712205545191 42.9 2317
1712205555391 43.4 2318
1712205565571 44.3 2319
1712205575747 43.7 2320
1712205585937 43.0 2321
1712205596118 43.3 2322
1712205606305 43.6 2323
1712205616480 43.4 2324
1712205626663 43.7 2325
1712205636824 43.3 2326
1712205647005 43.2 2327
1712205657182 43.7 2328
1712205667384 42.8 2329
1712205677567 41.1 2330
1712205687752 42.9 2331
1712205697929 43.5 2332
1712205708135 43.4 2333
1712205718323 42.2 2334
1712205728507 42.5 2335
1712205738668 41.8 2336
1712205748845 42.4 2337
1712205759042 42.3 2338
1712205769211 42.4 2339
1712205779395 41.5 2340
1712205789587 42.3 2341
1712205799761 42.4 2342
1712205809941 42.7 2343
1712205820141 41.7 2344
1712205830329 42.1 2345
1712205840509 43.0 2346
1712205850699 42.3 2347
1712205860874 42.4 2348
1712205871052 42.7 2349
1712205881224 43.1 2350
1712205891408 42.5 2351
1712205901591 42.8 2352
1712205911888 43.5 2353
1712205922064 43.2 2354
1712205932241 43.1 2355
1712205942420 44.7 2356
1712205952614 45.7 2357
1712205962797 45.2 2358
