1712182092670 150996.9 0
1712182102755 153723.3 1
1712182112830 153723.3 2
1712182122893 153723.3 3
1712182132952 153723.3 4
1712182143014 153723.3 5
1712182153076 153723.3 6
1712182163143 153723.3 7
1712182173220 153723.3 8
1712182183282 153723.3 9
1712182193346 153723.3 10
1712182203413 153723.3 11
1712182213487 153723.3 12
1712182223561 153723.3 13
1712182233636 153723.3 14
1712182243709 153723.3 15
1712182253770 153723.3 16
1712182263850 153723.3 17
1712182273920 153723.3 18
1712182283984 153723.3 19
1712182294075 153723.3 20
1712182304148 153723.3 21
1712182314224 153723.3 22
1712182324291 153723.3 23
1712182334364 153723.3 24
1712182344446 153723.3 25
1712182354508 153723.3 26
1712182364579 153723.4 27
1712182374661 153723.4 28
1712182384737 153723.4 29
1712182394801 153723.4 30
1712182404868 153723.4 31
1712182414943 153723.4 32
1712182425025 153723.4 33
1712182435097 153723.4 34
1712182445164 153723.4 35
1712182455247 153723.4 36
1712182465319 153723.4 37
1712182475394 153723.4 38
1712182485465 153723.4 39
1712182495534 153723.4 40
1712182505615 153723.4 41
1712182515687 153723.4 42
1712182525761 153723.4 43
1712182535842 153723.4 44
1712182545909 153723.4 45
1712182555990 153723.4 46
1712182566073 153723.4 47
1712182576146 153723.4 48
1712182586244 153723.4 49
1712182596321 153723.4 50
1712182606406 153723.4 51
1712182616486 153723.4 52
1712182626560 153723.4 53
1712182636633 153723.4 54
1712182646724 153723.4 55
1712182656793 153723.4 56
1712182666866 153723.4 57
1712182676943 153723.4 58
1712182687015 153723.4 59
1712182697081 153723.4 60
1712182707163 153723.4 61
1712182717248 153723.4 62
1712182727329 153723.4 63
1712182737404 153723.9 64
1712182747477 153723.9 65
1712182757552 153723.9 66
1712182767630 153723.9 67
1712182777719 153723.9 68
1712182787791 153723.9 69
1712182797870 153723.9 70
1712182807945 153723.9 71
1712182818022 153723.9 72
1712182828087 153723.9 73
1712182838182 153723.9 74
1712182848257 153723.9 75
1712182858339 153723.9 76
1712182868408 153723.9 77
1712182878483 153723.9 78
1712182888564 153723.9 79
1712182898636 153723.9 80
1712182908738 153723.9 81
1712182918824 153723.9 82
1712182928901 153723.9 83
1712182938980 153723.9 84
1712182949058 153723.9 85
1712182959141 153723.9 86
1712182969230 153723.9 87
1712182979305 153723.9 88
1712182989379 153723.9 89
1712182999457 153723.9 90
1712183009527 153723.9 91
1712183019607 153723.9 92
1712183029700 153723.9 93
1712183039779 153723.9 94
1712183049846 153723.9 95
1712183059935 153723.9 96
1712183070044 153723.9 97
1712183080119 153723.9 98
1712183090159 153723.9 99
1712183100192 153723.9 100
1712183110225 153723.9 101
1712183120303 153723.9 102
1712183130334 153723.9 103
1712183140381 153723.9 104
1712183150464 153723.9 105
1712183160503 153723.9 106
1712183170555 153723.9 107
1712183180657 153723.9 108
1712183190694 153723.9 109
1712183200739 153723.9 110
1712183210824 153723.9 111
1712183220901 153723.9 112
1712183230946 153723.9 113
1712183240994 153723.9 114
1712183251086 153723.9 115
1712183261129 153723.9 116
1712183271178 153723.9 117
1712183281256 153723.9 118
1712183291303 153723.9 119
1712183301345 153723.9 120
1712183311432 153723.9 121
1712183321471 153723.9 122
1712183331506 153723.9 123
1712183341594 153723.9 124
1712183351688 153723.9 125
1712183361798 153723.9 126
1712183371883 153723.9 127
1712183381924 153723.9 128
1712183392015 153723.9 129
1712183402096 153723.9 130
1712183412185 153723.9 131
1712183422283 153723.9 132
1712183432374 153723.9 133
1712183442413 153723.9 134
1712183452511 153723.9 135
1712183462603 153723.9 136
1712183472688 153723.9 137
1712183482781 153723.9 138
1712183492859 153723.9 139
1712183502892 153723.9 140
1712183512987 153723.9 141
1712183523086 153723.9 142
1712183533174 153723.9 143
1712183543263 153723.9 144
1712183553341 153723.9 145
1712183563385 153723.9 146
1712183573467 153723.9 147
1712183583550 153723.9 148
1712183593631 153723.9 149
1712183603722 153724.0 150
1712183613808 153724.0 151
1712183623838 153724.0 152
1712183633925 153724.0 153
1712183644030 153724.0 154
1712183654125 153724.0 155
1712183664225 153724.0 156
1712183674299 153724.0 157
1712183684335 153724.0 158
1712183694432 153724.0 159
1712183704513 153724.0 160
1712183714613 153724.0 161
1712183724709 153724.0 162
1712183734798 153724.0 163
1712183744842 153724.0 164
1712183754932 153724.0 165
1712183765014 153724.0 166
1712183775122 153724.0 167
1712183785204 153724.5 168
1712183795292 153724.5 169
1712183805334 153724.5 170
1712183815418 153724.5 171
1712183825508 153724.5 172
1712183835614 153724.5 173
1712183845699 153724.5 174
1712183855784 153724.5 175
1712183865838 153724.5 176
1712183875928 153724.5 177
1712183886021 153724.5 178
1712183896108 153724.5 179
1712183906202 153724.5 180
1712183916280 153724.5 181
1712183926322 153724.5 182
1712183936406 153724.5 183
1712183946489 154822.4 184
1712183956581 154822.4 185
1712183966669 154822.4 186
1712183976754 154822.4 187
1712183986800 154822.4 188
1712183996882 154822.4 189
1712184006969 154822.4 190
1712184017057 154822.4 191
1712184027143 154822.4 192
1712184037239 154822.4 193
1712184047337 154822.4 194
1712184057425 154822.4 195
1712184067512 154822.4 196
1712184077597 154822.4 197
1712184087683 154822.4 198
1712184097713 154822.4 199
1712184107801 154822.4 200
1712184117887 154822.4 201
1712184127987 154822.4 202
1712184138065 154822.4 203
1712184148151 154822.4 204
1712184158189 154822.4 205
1712184168293 154822.4 206
1712184178385 154822.4 207
1712184188475 154822.4 208
1712184198580 154822.4 209
1712184208674 154822.4 210
1712184218715 154822.4 211
1712184228806 154822.4 212
1712184238896 154822.4 213
1712184248995 154822.4 214
1712184259082 154822.4 215
1712184269185 154822.4 216
1712184279230 154822.4 217
1712184289339 154822.4 218
1712184299431 154822.4 219
1712184309540 154822.4 220
1712184319648 154822.4 221
1712184329736 154822.4 222
1712184339778 154822.4 223
1712184349887 154822.4 224
1712184360001 154822.4 225
1712184370086 154822.4 226
1712184380196 154822.4 227
1712184390292 154822.4 228
1712184400359 154822.4 229
1712184410468 154822.4 230
1712184420567 154822.4 231
1712184430667 154822.4 232
1712184440766 154822.4 233
1712184450875 154822.4 234
1712184460907 154822.4 235
1712184471006 154822.4 236
1712184481100 154822.4 237
1712184491190 154822.4 238
1712184501276 154822.4 239
1712184511357 154822.4 240
1712184521402 154822.4 241
1712184531503 154822.4 242
1712184541585 154822.4 243
1712184551676 154822.4 244
1712184561778 154822.4 245
1712184571874 154822.4 246
1712184581910 154822.4 247
1712184591999 154822.4 248
1712184602096 154822.4 249
1712184612185 154822.4 250
1712184622308 154822.4 251
1712184632403 154822.4 252
1712184642442 154822.4 253
1712184652533 154822.4 254
1712184662618 154822.4 255
1712184672708 154822.4 256
1712184682808 154822.4 257
1712184692900 154822.4 258
1712184702944 154822.4 259
1712184713045 154822.4 260
1712184723134 154822.4 261
1712184733238 154822.4 262
1712184743326 154822.4 263
1712184753427 154822.4 264
1712184763461 154822.4 265
1712184773583 154822.4 266
1712184783685 154822.4 267
1712184793778 154822.4 268
1712184803863 154822.4 269
1712184813950 154822.9 270
1712184824001 154822.9 271
1712184834104 154822.9 272
1712184844204 154822.9 273
1712184854288 154822.9 274
1712184864386 154822.9 275
1712184874507 154822.9 276
1712184884547 154822.9 277
1712184894654 154822.9 278
1712184904756 154822.9 279
1712184914854 154822.9 280
1712184924960 154822.9 281
1712184935067 154822.9 282
1712184945114 154822.9 283
1712184955214 154822.9 284
1712184965329 154822.9 285
1712184975420 154822.9 286
1712184985507 154822.9 287
1712184995598 154822.9 288
1712185005645 154822.9 289
1712185015733 154822.9 290
1712185025811 154822.9 291
1712185035897 154822.9 292
1712185045992 154822.9 293
1712185056086 154822.9 294
1712185066127 154822.9 295
1712185076211 154822.9 296
1712185086307 154822.9 297
1712185096406 154822.9 298
1712185106505 154822.9 299
1712185116602 154822.9 300
1712185126641 154822.9 301
1712185136732 154822.9 302
1712185146835 154822.9 303
1712185156930 154822.9 304
1712185167030 154822.9 305
1712185177108 154822.9 306
1712185187142 154822.9 307
1712185197227 154823.0 308
1712185207310 154823.0 309
1712185217421 154823.0 310
1712185227513 154823.0 311
1712185237561 154823.0 312
1712185247603 154823.0 313
1712185257648 154823.0 314
1712185267679 154823.0 315
1712185277785 154823.0 316
1712185287845 154823.0 317
1712185297953 154823.0 318
1712185308046 154823.0 319
1712185318101 154823.0 320
1712185328202 154823.0 321
1712185338299 154823.0 322
1712185348389 154823.0 323
1712185358496 154823.0 324
1712185368580 154823.0 325
1712185378678 154823.0 326
1712185388766 154823.0 327
1712185398857 154823.0 328
1712185408937 154823.0 329
1712185419034 154823.0 330
1712185429122 154823.0 331
1712185439212 154823.0 332
1712185449298 154823.0 333
1712185459394 154823.0 334
1712185469484 154823.0 335
1712185479577 154823.0 336
1712185489667 154823.0 337
1712185499762 154823.0 338
1712185509861 154823.0 339
1712185519965 154823.0 340
1712185530049 154823.0 341
1712185540136 154823.0 342
1712185550235 154823.0 343
1712185560329 154823.0 344
1712185570438 154823.0 345
1712185580527 154823.0 346
1712185590620 154823.0 347
1712185600734 154823.0 348
1712185610828 154823.0 349
1712185620917 154823.0 350
1712185631001 154823.0 351
1712185641094 154823.0 352
1712185651180 154823.0 353
1712185661269 154823.0 354
1712185671384 154823.0 355
1712185681501 154823.0 356
1712185691589 154823.0 357
1712185701668 154823.0 358
1712185711757 154823.0 359
1712185721855 154823.0 360
1712185731954 154823.0 361
1712185742037 154823.0 362
1712185752146 154823.0 363
1712185762242 154823.0 364
1712185772329 154823.0 365
1712185782405 154823.0 366
1712185792493 154823.0 367
1712185802589 154823.0 368
1712185812686 154823.0 369
1712185822771 154823.0 370
1712185832866 154823.0 371
1712185842954 154823.0 372
1712185853057 154823.5 373
1712185863152 154823.5 374
1712185873245 154823.5 375
1712185883329 154823.5 376
1712185893415 154823.5 377
1712185903516 154823.5 378
1712185913612 154823.5 379
1712185923661 154823.5 380
1712185933758 154823.5 381
1712185943852 154823.5 382
1712185953954 154823.5 383
1712185964064 154823.5 384
1712185974119 154823.5 385
1712185984222 154823.5 386
1712185994316 154823.5 387
1712186004422 154823.5 388
1712186014523 154823.5 389
1712186024619 154823.5 390
1712186034726 154823.5 391
1712186044822 154823.5 392
1712186054931 154823.5 393
1712186065045 154823.5 394
1712186075151 154823.5 395
1712186085266 154823.5 396
1712186095370 154823.5 397
1712186105476 154823.5 398
1712186115580 154823.5 399
1712186125683 154823.5 400
1712186135783 154823.5 401
1712186145897 154823.5 402
1712186155996 154823.5 403
1712186166108 154823.5 404
1712186176201 154823.5 405
1712186186300 154823.5 406
1712186196408 154823.5 407
1712186206516 154823.5 408
1712186216616 154823.5 409
1712186226717 154823.5 410
1712186236828 154823.5 411
1712186246924 154823.5 412
1712186257026 154823.5 413
1712186267123 154823.5 414
1712186277222 154823.5 415
1712186287319 154823.5 416
1712186297415 154823.5 417
1712186307520 154823.5 418
1712186317622 154823.5 419
1712186327718 154823.5 420
1712186337823 154823.5 421
1712186347915 154823.5 422
1712186358004 154823.5 423
1712186368113 154823.5 424
1712186378211 154823.5 425
1712186388304 154816.7 426
1712186398406 154816.7 427
1712186408509 154816.7 428
1712186418609 154816.7 429
1712186428701 154816.7 430
1712186438802 154816.7 431
1712186448899 154816.7 432
1712186458997 154816.7 433
1712186469089 154816.7 434
1712186479195 154816.7 435
1712186489299 154816.7 436
1712186499411 154816.7 437
1712186509501 154816.7 438
1712186519619 154816.7 439
1712186529681 154816.7 440
1712186539724 155896.9 441
1712186549772 155896.9 442
1712186559817 155896.9 443
1712186569865 155896.9 444
1712186579967 155896.9 445
1712186590011 155896.9 446
1712186600050 155896.9 447
1712186610136 155896.9 448
1712186620189 155896.9 449
1712186630283 155896.9 450
1712186640400 155896.9 451
1712186650503 155896.9 452
1712186660616 155896.9 453
1712186670727 155896.9 454
1712186680777 155896.9 455
1712186690875 155896.9 456
1712186700980 155896.9 457
1712186711091 155896.9 458
1712186721196 155896.9 459
1712186731287 155896.9 460
1712186741332 155896.9 461
1712186751450 155896.9 462
1712186761557 155896.9 463
1712186771668 155896.9 464
1712186781780 155896.9 465
1712186791892 155896.9 466
1712186801951 155896.9 467
1712186812056 155896.9 468
1712186822158 155896.9 469
1712186832266 155896.9 470
1712186842381 155896.9 471
1712186852470 155896.9 472
1712186862516 155896.9 473
1712186872613 155896.9 474
1712186882706 155896.9 475
1712186892807 155897.4 476
1712186902906 155897.4 477
1712186912995 155897.4 478
1712186923040 155897.4 479
1712186933131 155897.4 480
1712186943225 155897.4 481
1712186953323 155897.4 482
1712186963410 155897.4 483
1712186973510 155897.4 484
1712186983549 155897.4 485
1712186993650 155897.4 486
1712187003745 155897.4 487
1712187013833 155897.4 488
1712187023951 155897.4 489
1712187034055 155897.4 490
1712187044113 155897.4 491
1712187054241 155897.4 492
1712187064330 155897.4 493
1712187074432 155897.4 494
1712187084546 155897.4 495
1712187094593 155897.4 496
1712187104700 155897.4 497
1712187114757 155897.4 498
1712187124803 155897.4 499
1712187134901 155897.4 500
1712187144961 155897.4 501
1712187155001 155897.4 502
1712187165110 155897.4 503
1712187175153 155897.4 504
1712187185200 155897.4 505
1712187195302 155897.4 506
1712187205349 155897.4 507
1712187215424 155897.4 508
1712187225516 155897.4 509
1712187235567 155897.4 510
1712187245608 155897.4 511
1712187255717 155897.4 512
1712187265771 155897.4 513
1712187275821 155897.4 514
1712187285934 155897.4 515
1712187295987 155897.5 516
1712187306040 155897.5 517
1712187316137 155897.5 518
1712187326187 155897.5 519
1712187336234 155897.5 520
1712187346346 155897.5 521
1712187356464 155897.5 522
1712187366564 155897.5 523
1712187376674 155897.5 524
1712187386790 155897.5 525
1712187396844 155897.5 526
1712187406953 155897.5 527
1712187417049 155897.5 528
1712187427147 155897.5 529
1712187437256 155897.5 530
1712187447366 155897.5 531
1712187457412 155897.5 532
1712187467531 155897.5 533
1712187477638 155897.5 534
1712187487755 155897.5 535
1712187497859 155897.5 536
1712187507960 155897.5 537
1712187518010 155897.5 538
1712187528109 155897.5 539
1712187538234 155897.5 540
1712187548334 155897.5 541
1712187558443 155897.5 542
1712187568549 155897.5 543
1712187578596 155897.5 544
1712187588711 155897.5 545
1712187598835 155897.5 546
1712187608940 155897.5 547
1712187619031 155897.5 548
1712187629127 155897.5 549
1712187639182 155897.5 550
1712187649290 155897.5 551
1712187659383 155897.5 552
1712187669495 155897.5 553
1712187679605 155897.5 554
1712187689708 155897.5 555
1712187699757 155897.5 556
1712187709858 155897.5 557
1712187719960 155897.5 558
1712187730061 155897.5 559
1712187740159 155897.5 560
1712187750256 155897.5 561
1712187760388 155897.5 562
1712187770497 155897.5 563
1712187780600 155897.5 564
1712187790689 155897.5 565
1712187800786 155897.5 566
1712187810903 155897.5 567
1712187820963 155897.5 568
1712187831101 155897.5 569
1712187841199 155897.5 570
1712187851310 155897.5 571
1712187861425 155897.5 572
1712187871525 155897.5 573
1712187881568 155897.5 574
1712187891678 155897.5 575
1712187901794 155897.5 576
1712187911912 155897.5 577
1712187922028 155897.5 578
1712187932129 155897.5 579
1712187942177 155898.0 580
1712187952290 155898.0 581
1712187962402 155898.0 582
1712187972508 155898.0 583
1712187982608 155898.0 584
1712187992727 155898.0 585
1712188002776 155898.0 586
1712188012888 155898.0 587
1712188022993 155898.0 588
1712188033093 155898.0 589
1712188043215 155898.0 590
1712188053331 155898.0 591
1712188063375 155898.0 592
1712188073425 155898.0 593
1712188083481 155898.0 594
1712188093538 155898.0 595
1712188103593 155898.0 596
1712188113636 155898.0 597
1712188123737 155898.0 598
1712188133783 155898.0 599
1712188143885 155898.0 600
1712188153928 155898.0 601
1712188164042 155898.0 602
1712188174143 155898.0 603
1712188184197 155898.0 604
1712188194247 155898.0 605
1712188204303 155898.0 606
1712188214408 155898.0 607
1712188224525 155898.0 608
1712188234632 155898.0 609
1712188244676 155898.0 610
1712188254780 155898.0 611
1712188264902 155898.0 612
1712188274962 155898.0 613
1712188285004 155898.0 614
1712188295045 155898.0 615
1712188305136 155898.0 616
1712188315177 155898.0 617
1712188325240 155898.0 618
1712188335338 155898.0 619
1712188345432 155898.0 620
1712188355538 155898.0 621
1712188365606 155898.0 622
1712188375705 155898.0 623
1712188385744 155898.0 624
1712188395795 155898.0 625
1712188405887 155898.0 626
1712188415926 155898.0 627
1712188425967 155898.0 628
1712188436056 155898.0 629
1712188446164 155898.0 630
1712188456217 155898.0 631
1712188466311 155898.0 632
1712188476406 155898.0 633
1712188486454 155898.0 634
1712188496563 155898.0 635
1712188506658 155898.0 636
1712188516752 155898.0 637
1712188526872 155898.0 638
1712188536969 155898.0 639
1712188547027 155898.0 640
1712188557124 155898.0 641
1712188567223 155898.0 642
1712188577319 155898.0 643
1712188587414 155898.0 644
1712188597470 155898.0 645
1712188607563 155898.0 646
1712188617658 155898.0 647
1712188627746 155898.0 648
1712188637843 155898.0 649
1712188647939 155898.0 650
1712188657984 155898.0 651
1712188668080 155898.0 652
1712188678169 155898.0 653
1712188688265 155898.0 654
1712188698373 155898.0 655
1712188708463 155898.0 656
1712188718506 155898.0 657
1712188728614 155898.0 658
1712188738721 155898.0 659
1712188748821 155898.0 660
1712188758934 155898.0 661
1712188769035 155898.0 662
1712188779077 155898.0 663
1712188789161 155898.0 664
1712188799264 155898.0 665
1712188809371 155898.0 666
1712188819479 155898.0 667
1712188829675 155898.0 668
1712188839719 155898.0 669
1712188849824 155898.0 670
1712188859946 155898.0 671
1712188870042 155898.1 672
1712188880144 155898.1 673
1712188890252 155898.1 674
1712188900297 155898.1 675
1712188910411 155898.1 676
1712188920511 155898.1 677
1712188930618 155898.1 678
1712188940707 155898.1 679
1712188950796 155898.1 680
1712188960843 155898.1 681
1712188970950 155898.1 682
1712188981054 155898.6 683
1712188991164 155898.6 684
1712189001277 155898.6 685
1712189011381 155898.6 686
1712189021447 155898.6 687
1712189031548 155898.6 688
1712189041668 155898.6 689
1712189051793 155898.6 690
1712189061914 155898.6 691
1712189072038 155898.6 692
1712189082093 155898.6 693
1712189092200 155898.6 694
1712189102311 155898.6 695
1712189112426 155898.6 696
1712189122533 155898.6 697
1712189132651 155898.6 698
1712189142726 155898.6 699
1712189152837 155898.6 700
1712189162956 155898.6 701
1712189173065 155898.6 702
1712189183192 155898.6 703
1712189193277 155898.6 704
1712189203333 155898.6 705
1712189213420 155898.6 706
1712189223507 155898.6 707
1712189233616 155898.6 708
1712189243712 155898.6 709
1712189253810 155898.6 710
1712189263852 155898.6 711
1712189273945 155898.6 712
1712189284054 155898.6 713
1712189294144 155898.6 714
1712189304251 155898.6 715
1712189314351 155898.6 716
1712189324395 155898.6 717
1712189334507 155898.6 718
1712189344594 155898.6 719
1712189354703 155898.6 720
1712189364802 155898.6 721
1712189374902 155898.6 722
1712189384957 155898.6 723
1712189395052 155898.6 724
1712189405146 155898.6 725
1712189415242 155898.6 726
1712189425337 155898.6 727
1712189435437 155898.6 728
1712189445484 155898.6 729
1712189455580 155898.6 730
1712189465686 155898.6 731
1712189475780 155898.6 732
1712189485896 155898.6 733
1712189496005 155898.6 734
1712189506123 155898.6 735
1712189516233 155898.6 736
1712189526336 155898.6 737
1712189536434 155898.6 738
1712189546538 155898.6 739
1712189556637 155898.6 740
1712189566691 155898.6 741
1712189576793 155898.6 742
1712189586888 155898.6 743
1712189596998 155898.6 744
1712189607086 155898.6 745
1712189617188 155898.6 746
1712189627233 155898.6 747
1712189637328 155898.6 748
1712189647444 155898.6 749
1712189657549 155898.6 750
1712189667653 155898.6 751
1712189677692 155898.6 752
1712189687787 155898.6 753
1712189697888 155898.6 754
1712189707986 155898.6 755
1712189718090 155898.6 756
1712189728199 155898.6 757
1712189738336 155898.6 758
1712189748442 155898.6 759
1712189758537 155898.6 760
1712189768637 155898.6 761
1712189778747 155898.6 762
1712189788850 155898.7 763
1712189798901 155898.7 764
1712189809022 155898.7 765
1712189819127 155898.7 766
1712189829239 155898.7 767
1712189839349 155898.7 768
1712189849456 155898.7 769
1712189859507 155898.7 770
1712189869604 155898.7 771
1712189879714 155898.7 772
1712189889809 155898.7 773
1712189899907 155898.7 774
1712189910020 155898.7 775
1712189920064 155898.7 776
1712189930168 155898.7 777
1712189940264 155898.7 778
1712189950354 155898.7 779
1712189960555 155898.7 780
1712189970669 155898.7 781
1712189980715 155898.7 782
1712189990819 155898.7 783
1712190000914 155898.7 784
1712190011024 155898.7 785
1712190021138 155899.2 786
1712190031256 155899.2 787
1712190041316 155899.2 788
1712190051426 155899.2 789
1712190061532 155899.2 790
1712190071653 155899.2 791
1712190081781 155899.2 792
1712190091982 155899.2 793
1712190102035 155899.2 794
1712190112125 155899.2 795
1712190122229 155899.2 796
1712190132359 155899.2 797
1712190142452 155899.2 798
1712190152565 155899.2 799
1712190162610 155899.2 800
1712190172718 155899.2 801
1712190182827 155899.2 802
1712190192922 155899.2 803
1712190203024 155899.2 804
1712190213124 155899.2 805
1712190223180 155899.2 806
1712190233284 155899.2 807
1712190243387 155899.2 808
1712190253502 155899.2 809
1712190263613 155899.2 810
1712190273722 155899.2 811
1712190283769 155899.2 812
1712190293871 155899.2 813
1712190303968 155899.2 814
1712190314079 155899.2 815
1712190324186 155899.2 816
1712190334303 155899.2 817
1712190344346 155899.2 818
1712190354440 155899.2 819
1712190364561 155899.2 820
1712190374653 155899.2 821
1712190384764 155899.2 822
1712190394863 155899.2 823
1712190404913 155899.2 824
1712190415017 155899.2 825
1712190425105 155899.2 826
1712190435215 155899.2 827
1712190445325 155899.2 828
1712190455417 155899.2 829
1712190465478 155899.2 830
1712190475582 155899.2 831
1712190485688 155899.2 832
1712190495788 155899.2 833
1712190505879 155899.2 834
1712190515982 155899.2 835
1712190526035 155899.2 836
1712190536135 155899.2 837
1712190546224 155899.2 838
1712190556322 155899.2 839
1712190566436 155899.2 840
1712190576547 155899.2 841
1712190586609 155899.2 842
1712190596702 155899.2 843
1712190606806 155899.2 844
1712190616902 155899.2 845
1712190626993 155899.2 846
1712190637100 155899.2 847
1712190647149 155899.2 848
1712190657255 155899.2 849
1712190667356 155899.2 850
1712190677414 155899.2 851
1712190687480 155899.2 852
1712190697578 155899.2 853
1712190707647 155899.2 854
1712190717697 155899.2 855
1712190727801 155899.2 856
1712190737856 155899.2 857
1712190747903 155899.2 858
1712190758004 155899.2 859
1712190768056 155899.2 860
1712190778100 155899.2 861
1712190788209 155899.2 862
1712190798253 155899.2 863
1712190808302 155899.2 864
1712190818402 155899.2 865
1712190828453 155899.2 866
1712190838509 155899.2 867
1712190848618 155899.2 868
1712190858758 155899.2 869
1712190868806 155899.2 870
1712190878897 155899.2 871
1712190888950 155899.2 872
1712190898999 155899.2 873
1712190909112 155899.2 874
1712190919216 155899.2 875
1712190929317 155899.2 876
1712190939385 155899.2 877
1712190949478 155899.2 878
1712190959582 155899.2 879
1712190969734 155899.2 880
1712190979864 155899.2 881
1712190989969 155899.3 882
1712191000020 155899.3 883
1712191010143 155899.3 884
1712191020250 155899.3 885
1712191030348 155899.3 886
1712191040449 155899.3 887
1712191050549 155899.3 888
1712191060605 155899.8 889
1712191070716 155899.8 890
1712191080928 155899.8 891
1712191091025 155899.8 892
1712191101141 155899.8 893
1712191111256 155899.8 894
1712191121304 155899.8 895
1712191131421 155899.8 896
1712191141521 155899.8 897
1712191151629 155899.8 898
1712191161736 155899.8 899
1712191171846 155899.8 900
1712191181898 155899.8 901
1712191192019 155899.8 902
1712191202132 155899.8 903
1712191212237 155899.8 904
1712191222336 155899.8 905
1712191232442 155899.8 906
1712191242494 155899.8 907
1712191252603 155899.8 908
1712191262708 155899.8 909
1712191272827 155899.8 910
1712191282935 155899.8 911
1712191293043 155899.8 912
1712191303096 155899.8 913
1712191313203 155899.8 914
1712191323305 155899.8 915
1712191333420 155899.8 916
1712191343543 155899.8 917
1712191353670 155899.8 918
1712191363728 155899.8 919
1712191373845 155899.8 920
1712191383962 155899.8 921
1712191394086 155899.8 922
1712191404207 155899.8 923
1712191414330 155899.8 924
1712191424391 155899.8 925
1712191434513 155899.8 926
1712191444629 155899.8 927
1712191454756 155899.8 928
1712191464886 155899.8 929
1712191475000 155899.8 930
1712191485060 155899.8 931
1712191495188 155899.8 932
1712191505323 155899.8 933
1712191515439 155899.8 934
1712191525582 155899.8 935
1712191535697 155899.8 936
1712191545745 155899.8 937
1712191555844 155899.8 938
1712191565974 155899.8 939
1712191576106 155899.8 940
1712191586211 155899.8 941
1712191596321 155899.8 942
1712191606373 155899.8 943
1712191616485 155899.8 944
1712191626601 155899.8 945
1712191636731 155899.8 946
1712191646853 155899.8 947
1712191656963 155899.8 948
1712191667017 155899.8 949
1712191677135 155899.8 950
1712191687242 155899.8 951
1712191697357 155899.8 952
1712191707461 155899.8 953
1712191717528 155899.8 954
1712191727660 155899.8 955
1712191737787 155899.8 956
1712191747888 155899.8 957
1712191757988 155899.8 958
1712191768086 155899.8 959
1712191778146 155899.8 960
1712191788269 155899.8 961
1712191798373 155899.8 962
1712191808490 155899.8 963
1712191818597 155899.8 964
1712191828704 155899.8 965
1712191838753 155899.8 966
1712191848869 155899.8 967
1712191858996 155899.8 968
1712191869112 155899.8 969
1712191879221 155899.8 970
1712191889324 155899.8 971
1712191899380 155899.8 972
1712191909489 155899.8 973
1712191919597 155899.8 974
1712191929698 155899.8 975
1712191939803 155899.8 976
1712191949915 155899.8 977
1712191959969 155899.8 978
1712191970070 155899.8 979
1712191980183 155899.8 980
1712191990295 155899.8 981
1712192000389 155899.8 982
1712192010506 155899.8 983
1712192020553 155899.8 984
1712192030646 155899.8 985
1712192040757 155899.8 986
1712192050865 155899.8 987
1712192060970 155899.8 988
1712192071088 155899.8 989
1712192081148 155899.8 990
1712192091262 155899.8 991
1712192101366 155900.3 992
1712192111476 155900.3 993
1712192121596 155900.3 994
1712192131691 155900.3 995
1712192141746 155900.3 996
1712192151858 155900.3 997
1712192161967 155900.3 998
1712192172077 155900.3 999
1712192182177 155900.3 1000
1712192192283 155900.3 1001
1712192202341 155900.3 1002
1712192212534 155900.3 1003
1712192222633 155900.3 1004
1712192232744 155900.3 1005
1712192242852 155900.3 1006
1712192252961 155900.3 1007
1712192263005 155900.3 1008
1712192273110 155900.3 1009
1712192283234 155900.3 1010
1712192293343 155900.3 1011
1712192303461 155900.3 1012
1712192313578 155900.3 1013
1712192323638 155900.3 1014
1712192333744 155900.3 1015
1712192343881 155900.3 1016
1712192354004 155900.3 1017
1712192364127 155900.3 1018
1712192374252 155900.3 1019
1712192384305 155900.3 1020
1712192394432 155900.3 1021
1712192404485 155900.3 1022
1712192414548 155900.3 1023
1712192424606 155900.3 1024
1712192434736 155900.3 1025
1712192444863 155900.4 1026
1712192454973 155900.4 1027
1712192465116 155900.4 1028
1712192475233 155900.4 1029
1712192485346 155900.4 1030
1712192495454 155900.4 1031
1712192505586 155900.4 1032
1712192515696 155900.4 1033
1712192525835 155900.4 1034
1712192535942 155900.4 1035
1712192546066 155900.4 1036
1712192556209 155900.4 1037
1712192566331 155900.4 1038
1712192576450 155900.4 1039
1712192586577 155900.4 1040
1712192596694 155900.4 1041
1712192606819 155900.4 1042
1712192616935 155900.4 1043
1712192627060 155900.4 1044
1712192637190 155900.4 1045
1712192647314 155900.4 1046
1712192657437 155900.4 1047
1712192667553 155900.4 1048
1712192677682 155900.4 1049
1712192687796 155900.4 1050
1712192697907 155900.4 1051
1712192708021 155900.4 1052
1712192718141 155900.4 1053
1712192728271 155900.4 1054
1712192738396 155900.4 1055
1712192748529 155900.4 1056
1712192758659 155900.4 1057
1712192768775 155900.4 1058
1712192778893 155900.4 1059
1712192789032 155900.4 1060
1712192799155 155900.4 1061
1712192809277 155900.4 1062
1712192819405 155900.4 1063
1712192829535 155900.4 1064
1712192839650 155900.4 1065
1712192849774 155900.4 1066
1712192859896 155900.4 1067
1712192870022 155900.4 1068
1712192880138 155900.4 1069
1712192890250 155900.4 1070
1712192900386 155900.4 1071
1712192910500 155900.4 1072
1712192920640 155900.4 1073
1712192930754 155900.4 1074
1712192940880 155900.4 1075
1712192951013 155900.4 1076
1712192961132 155900.4 1077
1712192971261 155900.4 1078
1712192981383 155900.4 1079
1712192991518 155900.4 1080
1712193001633 155900.4 1081
1712193011782 155900.4 1082
1712193021913 155900.4 1083
1712193032044 155900.4 1084
1712193042165 155900.4 1085
1712193052298 155900.4 1086
1712193062418 155900.4 1087
1712193072547 155900.4 1088
1712193082671 155900.4 1089
1712193092895 155900.4 1090
1712193103020 155900.4 1091
1712193113145 155900.4 1092
1712193123271 155900.4 1093
1712193133402 155900.4 1094
1712193143536 155900.9 1095
1712193153649 155900.9 1096
1712193163764 155900.9 1097
1712193173880 155900.9 1098
1712193183999 155900.9 1099
1712193194115 155900.9 1100
1712193204233 155900.9 1101
1712193214350 155900.9 1102
1712193224488 155900.9 1103
1712193234604 155901.0 1104
1712193244737 155901.0 1105
1712193254967 155901.0 1106
1712193265098 155901.0 1107
1712193275207 155901.0 1108
1712193285329 155901.0 1109
1712193295448 155901.0 1110
1712193305577 155901.0 1111
1712193315701 155901.0 1112
1712193325815 155901.0 1113
1712193335933 155901.0 1114
1712193346061 155901.0 1115
1712193356189 155901.0 1116
1712193366324 155901.0 1117
1712193376457 155901.0 1118
1712193386566 155901.0 1119
1712193396683 155901.0 1120
1712193406905 155901.0 1121
1712193417024 155901.0 1122
1712193427158 155901.0 1123
1712193437292 155901.0 1124
1712193447408 155901.0 1125
1712193457540 155901.0 1126
1712193467659 155901.0 1127
1712193477773 155901.0 1128
1712193487912 155901.0 1129
1712193498058 155901.0 1130
1712193508182 155901.0 1131
1712193518310 155901.0 1132
1712193528494 155901.0 1133
1712193538705 155901.0 1134
1712193548828 155901.0 1135
1712193558946 155901.0 1136
1712193569064 155901.0 1137
1712193579192 155901.0 1138
1712193589305 155901.0 1139
1712193599416 155901.0 1140
1712193609553 155901.0 1141
1712193619686 155901.0 1142
1712193629813 155901.0 1143
1712193639929 155901.0 1144
1712193650060 155901.0 1145
1712193660178 155901.0 1146
1712193670326 155901.0 1147
1712193680459 155901.0 1148
1712193690598 155901.0 1149
1712193700745 155901.0 1150
1712193710872 155901.0 1151
1712193721002 155901.0 1152
1712193731154 155901.0 1153
1712193741293 155901.0 1154
1712193751425 155901.0 1155
1712193761581 155901.0 1156
1712193771726 155901.0 1157
1712193781847 155901.0 1158
1712193791999 155901.0 1159
1712193802143 155901.0 1160
1712193812298 155901.0 1161
1712193822532 155901.0 1162
1712193832672 155901.0 1163
1712193842810 155901.0 1164
1712193852950 155901.0 1165
1712193863097 155901.0 1166
1712193873238 155901.0 1167
1712193883376 155901.0 1168
1712193893497 155901.0 1169
1712193903634 155901.0 1170
1712193913717 155901.0 1171
1712193923879 155901.0 1172
1712193933935 155901.0 1173
1712193944052 155901.0 1174
1712193954188 155901.0 1175
1712193964326 155901.0 1176
1712193974455 155901.0 1177
1712193984596 155901.0 1178
1712193994749 155901.0 1179
1712194004888 155901.0 1180
1712194015005 155901.0 1181
1712194025135 155901.0 1182
1712194035257 155901.0 1183
1712194045368 155901.0 1184
1712194055489 155901.0 1185
1712194065590 155901.0 1186
1712194075705 155901.0 1187
1712194085821 155901.0 1188
1712194095931 155901.0 1189
1712194106057 155901.0 1190
1712194116249 155901.0 1191
1712194126387 155901.0 1192
1712194136500 155901.0 1193
1712194146604 155901.0 1194
1712194156719 155901.0 1195
1712194166848 155901.0 1196
1712194176969 155901.0 1197
1712194187050 155901.6 1198
1712194197173 155901.6 1199
1712194207242 155901.6 1200
1712194217356 155901.6 1201
1712194227423 155901.6 1202
1712194237546 155901.6 1203
1712194247658 155901.6 1204
1712194257726 155901.6 1205
1712194267845 155901.6 1206
1712194277978 155901.6 1207
1712194288031 155901.6 1208
1712194298149 155901.6 1209
1712194308260 155901.6 1210
1712194318373 155901.6 1211
1712194328493 155901.6 1212
1712194338604 155901.6 1213
1712194348720 155901.6 1214
1712194358833 155901.6 1215
1712194368944 155901.6 1216
1712194379075 155901.6 1217
1712194389179 155901.6 1218
1712194399290 155901.6 1219
1712194409400 155901.6 1220
1712194419517 155901.6 1221
1712194429727 155901.6 1222
1712194439831 155901.6 1223
1712194449937 155901.6 1224
1712194460066 155901.6 1225
1712194470131 155901.6 1226
1712194480295 155901.6 1227
1712194490357 155901.6 1228
1712194500491 155901.6 1229
1712194510615 155901.6 1230
1712194520721 155901.6 1231
1712194530859 155901.6 1232
1712194540970 155901.6 1233
1712194551095 155901.6 1234
1712194561205 155901.6 1235
1712194571325 155901.6 1236
1712194581457 155901.6 1237
1712194591575 155901.6 1238
1712194601693 155901.6 1239
1712194611812 155901.6 1240
1712194621924 155901.6 1241
1712194632043 155901.6 1242
1712194642145 155901.6 1243
1712194652268 155901.6 1244
1712194662336 155901.6 1245
1712194672416 155901.6 1246
1712194682526 155901.6 1247
1712194692636 155901.6 1248
1712194702740 155901.6 1249
1712194712848 155901.6 1250
1712194722975 155901.6 1251
1712194733086 155901.6 1252
1712194743197 155901.6 1253
1712194753314 155901.6 1254
1712194763431 155901.6 1255
1712194773560 155901.6 1256
1712194783673 155901.6 1257
1712194793789 155901.6 1258
1712194803899 155901.6 1259
1712194814008 155901.6 1260
1712194824134 155901.6 1261
1712194834245 155901.6 1262
1712194844364 155901.6 1263
1712194854467 155901.6 1264
1712194864568 155901.6 1265
1712194874689 155901.6 1266
1712194884796 155901.6 1267
1712194894907 155901.6 1268
1712194905008 155901.6 1269
1712194915122 155901.6 1270
1712194925244 155901.6 1271
1712194935355 155901.6 1272
1712194945479 155901.6 1273
1712194955581 155901.6 1274
1712194965692 155901.6 1275
1712194975814 155901.6 1276
1712194985928 155901.6 1277
1712194996038 155901.6 1278
1712195006139 155901.6 1279
1712195016263 155901.6 1280
1712195026371 155901.6 1281
1712195036485 155901.6 1282
1712195046593 155901.6 1283
1712195056697 155901.6 1284
1712195066801 155901.6 1285
1712195076930 155901.6 1286
1712195087044 155901.6 1287
1712195097165 155901.6 1288
1712195107273 155901.6 1289
1712195117384 155901.6 1290
1712195127502 155901.6 1291
1712195137612 155901.6 1292
1712195147732 155901.6 1293
1712195157836 155901.6 1294
1712195167955 155901.6 1295
1712195178068 155901.6 1296
1712195188168 155901.6 1297
1712195198292 155901.6 1298
1712195208403 155901.6 1299
1712195218518 155901.6 1300
1712195228637 155902.1 1301
1712195238749 155902.1 1302
1712195248863 155902.1 1303
1712195258975 155902.1 1304
1712195269087 155902.1 1305
1712195279199 155902.1 1306
1712195289310 155902.1 1307
1712195299425 155902.1 1308
1712195309539 155902.1 1309
1712195319655 155902.1 1310
1712195329777 155902.1 1311
1712195339911 155902.1 1312
1712195350024 155902.1 1313
1712195360146 155902.1 1314
1712195370265 155902.1 1315
1712195380375 155902.1 1316
1712195390507 155902.1 1317
1712195400613 155902.1 1318
1712195410715 155902.1 1319
1712195420817 155902.1 1320
1712195430928 155902.1 1321
1712195441078 155902.1 1322
1712195451182 155902.1 1323
1712195461302 155902.1 1324
1712195471416 155902.1 1325
1712195481518 155902.1 1326
1712195491637 155902.1 1327
1712195501745 155902.1 1328
1712195511860 155902.1 1329
1712195521959 155902.1 1330
1712195532070 155902.1 1331
1712195542189 155902.1 1332
1712195552291 155902.1 1333
1712195562405 155902.1 1334
1712195572513 155902.1 1335
1712195582625 155902.1 1336
1712195592840 155902.1 1337
1712195602956 155902.1 1338
1712195613090 155902.1 1339
1712195623209 155902.1 1340
1712195633338 155902.1 1341
1712195643447 155902.1 1342
1712195653569 155902.1 1343
1712195663686 155902.1 1344
1712195673798 155902.1 1345
1712195683915 155902.1 1346
1712195694029 155902.1 1347
1712195704150 155902.1 1348
1712195714257 155902.1 1349
1712195724368 155902.1 1350
1712195734485 155902.1 1351
1712195744673 155902.1 1352
1712195754781 155902.1 1353
1712195764888 155902.1 1354
1712195774998 155902.1 1355
1712195785132 155902.2 1356
1712195795249 155902.2 1357
1712195805363 155902.2 1358
1712195815481 155902.2 1359
1712195825599 155902.2 1360
1712195835713 155902.2 1361
1712195845838 155902.2 1362
1712195855945 155902.2 1363
1712195866071 155902.2 1364
1712195876183 155902.2 1365
1712195886299 155902.2 1366
1712195896478 155902.2 1367
1712195906589 155902.2 1368
1712195916718 155902.2 1369
1712195926830 155902.2 1370
1712195936956 155902.2 1371
1712195947065 155902.2 1372
1712195957182 155902.2 1373
1712195967307 155902.2 1374
1712195977413 155902.2 1375
1712195987528 155902.2 1376
1712195997640 155902.2 1377
1712196007768 155902.2 1378
1712196017840 155902.2 1379
1712196027963 155902.2 1380
1712196038044 155902.2 1381
1712196048119 155902.2 1382
1712196058260 155902.2 1383
1712196068406 155902.2 1384
1712196078557 155902.2 1385
1712196088652 155902.2 1386
1712196098795 155902.2 1387
1712196108934 155902.2 1388
1712196119075 155902.2 1389
1712196129210 155902.2 1390
1712196139336 155902.2 1391
1712196149469 155902.2 1392
1712196159606 155902.2 1393
1712196169745 155902.2 1394
1712196179972 155902.2 1395
1712196190106 155902.2 1396
1712196200244 155902.2 1397
1712196210375 155902.2 1398
1712196220500 155902.2 1399
1712196230645 155902.2 1400
1712196240776 155902.2 1401
1712196250913 155902.2 1402
1712196261015 155902.2 1403
1712196271141 155902.7 1404
1712196281274 155902.7 1405
1712196291408 155902.7 1406
1712196301534 155902.7 1407
1712196311643 155902.7 1408
1712196321752 155902.7 1409
1712196331885 155902.7 1410
1712196341989 155902.7 1411
1712196352111 155902.7 1412
1712196362219 155902.7 1413
1712196372321 155902.7 1414
1712196382439 155902.7 1415
1712196392548 155902.7 1416
1712196402658 155902.7 1417
1712196412777 155902.7 1418
1712196422897 155902.7 1419
1712196433022 155902.7 1420
1712196443146 155902.7 1421
1712196453260 155902.7 1422
1712196463395 155902.7 1423
1712196473600 155902.7 1424
1712196483718 155902.7 1425
1712196493839 155902.7 1426
1712196503943 155902.7 1427
1712196514053 155902.7 1428
1712196524163 155902.7 1429
1712196534263 155902.7 1430
1712196544393 155902.7 1431
1712196554506 155902.7 1432
1712196564633 155902.7 1433
1712196574749 155902.7 1434
1712196584861 155902.7 1435
1712196594978 155902.7 1436
1712196605084 155902.7 1437
1712196615222 155902.7 1438
1712196625464 155902.7 1439
1712196635571 155902.7 1440
1712196645705 155902.7 1441
1712196655841 155902.7 1442
1712196665954 155902.7 1443
1712196676087 155902.7 1444
1712196686216 155902.7 1445
1712196696310 155902.7 1446
1712196706447 155902.7 1447
1712196716607 155902.7 1448
1712196726751 155902.7 1449
1712196736887 155902.7 1450
1712196747108 155902.7 1451
1712196757247 155902.7 1452
1712196767390 155902.7 1453
1712196777502 155902.7 1454
1712196787635 155902.7 1455
1712196797769 155902.7 1456
1712196807905 155902.7 1457
1712196818046 155902.7 1458
1712196828180 155902.7 1459
1712196838315 155902.7 1460
1712196848525 155902.7 1461
1712196858675 155902.7 1462
1712196868795 155902.7 1463
1712196878942 155902.7 1464
1712196889097 155902.7 1465
1712196899244 155902.7 1466
1712196909375 155902.7 1467
1712196919512 155902.7 1468
1712196929633 155902.7 1469
1712196939755 155902.7 1470
1712196949992 155902.7 1471
1712196960119 155902.7 1472
1712196970246 155902.7 1473
1712196980392 155902.7 1474
1712196990523 155902.7 1475
1712197000603 155902.7 1476
1712197010735 155902.7 1477
1712197020885 155902.7 1478
1712197031017 155902.7 1479
1712197041161 155902.7 1480
1712197051321 155902.7 1481
1712197061554 155902.7 1482
1712197071718 155902.7 1483
1712197081866 155902.7 1484
1712197092000 155902.7 1485
1712197102162 155902.7 1486
1712197112341 155902.7 1487
1712197122483 155902.7 1488
1712197132643 155902.7 1489
1712197142792 155902.7 1490
1712197152923 155902.7 1491
1712197163078 155902.7 1492
1712197173225 155902.7 1493
1712197183473 155902.7 1494
1712197193639 155902.7 1495
1712197203763 155902.7 1496
1712197213899 155902.7 1497
1712197224036 155902.7 1498
1712197234213 155902.8 1499
1712197244381 155902.8 1500
1712197254518 155902.8 1501
1712197264672 155902.8 1502
1712197274839 155902.8 1503
1712197284963 155902.8 1504
1712197295213 155902.8 1505
1712197305389 155902.8 1506
1712197315538 155903.3 1507
1712197325662 155903.3 1508
1712197335817 155903.3 1509
1712197345984 155903.3 1510
1712197356111 155903.3 1511
1712197366253 155903.3 1512
1712197376384 155903.3 1513
1712197386512 155903.3 1514
1712197396655 155903.3 1515
1712197406799 155903.3 1516
1712197416931 155903.3 1517
1712197427091 155903.3 1518
1712197437258 155903.3 1519
1712197447389 155903.3 1520
1712197457536 155903.3 1521
1712197467667 155903.3 1522
1712197477784 155903.3 1523
1712197488028 155903.3 1524
1712197498188 155903.3 1525
1712197508349 155903.3 1526
1712197518494 155903.3 1527
1712197528662 155903.3 1528
1712197538806 155903.3 1529
1712197548943 155903.3 1530
1712197559095 155903.3 1531
1712197569244 155903.3 1532
1712197579530 155903.3 1533
1712197589679 155903.3 1534
1712197599823 155903.3 1535
1712197609989 155903.3 1536
1712197620138 155903.3 1537
1712197630284 155903.3 1538
1712197640427 155903.3 1539
1712197650606 155903.3 1540
1712197660757 155903.3 1541
1712197670923 155903.3 1542
1712197681209 155903.3 1543
1712197691358 155903.3 1544
1712197701518 155903.3 1545
1712197711652 155903.3 1546
1712197721823 155903.3 1547
1712197731970 155903.3 1548
1712197742135 155903.3 1549
1712197752293 155903.3 1550
1712197762444 155903.3 1551
1712197772580 155903.3 1552
1712197782756 155903.3 1553
1712197792987 155903.3 1554
1712197803142 155903.3 1555
1712197813270 155903.3 1556
1712197823426 155903.3 1557
1712197833589 155903.3 1558
1712197843755 155903.3 1559
1712197853922 155903.3 1560
1712197864105 155903.3 1561
1712197874256 155903.3 1562
1712197884386 155903.3 1563
1712197894542 155903.3 1564
1712197904808 155903.3 1565
1712197915000 155903.3 1566
1712197925135 155903.3 1567
1712197935297 155903.3 1568
1712197945485 155903.3 1569
1712197955657 155903.3 1570
1712197965809 155903.3 1571
1712197975971 155903.3 1572
1712197986111 155903.3 1573
1712197996267 155903.3 1574
1712198006425 155903.3 1575
1712198016577 155903.3 1576
1712198026743 155903.3 1577
1712198036885 155903.3 1578
1712198047030 155903.3 1579
1712198057173 155903.3 1580
1712198067327 155903.3 1581
1712198077486 155903.3 1582
1712198087615 155903.3 1583
1712198097802 155903.3 1584
1712198107931 155903.3 1585
1712198118192 155903.3 1586
1712198128354 155903.3 1587
1712198138508 155903.3 1588
1712198148666 155903.3 1589
1712198158807 155903.3 1590
1712198168961 155903.3 1591
1712198179141 155903.4 1592
1712198189311 155903.4 1593
1712198199452 155903.4 1594
1712198209599 155903.4 1595
1712198219866 155903.4 1596
1712198230017 155903.4 1597
1712198240156 155903.4 1598
1712198250252 155903.4 1599
1712198260403 155903.4 1600
1712198270529 155903.4 1601
1712198280651 155903.4 1602
1712198290802 155903.4 1603
1712198300888 155903.4 1604
1712198311051 155903.4 1605
1712198321233 155903.4 1606
1712198331355 155903.4 1607
1712198341543 155903.4 1608
1712198351792 155903.4 1609
1712198361947 155903.9 1610
1712198372116 155903.9 1611
1712198382243 155903.9 1612
1712198392442 155903.9 1613
1712198402642 155903.9 1614
1712198412742 155903.9 1615
1712198422909 155903.9 1616
1712198433089 155903.9 1617
1712198443220 155903.9 1618
1712198453473 155903.9 1619
1712198463663 155903.9 1620
1712198473810 155903.9 1621
1712198483977 155903.9 1622
1712198494157 155903.9 1623
1712198504264 155903.9 1624
1712198514440 155903.9 1625
1712198524605 155903.9 1626
1712198534759 155903.9 1627
1712198544935 155903.9 1628
1712198555195 155903.9 1629
1712198565322 155903.9 1630
1712198575497 155903.9 1631
1712198585661 155903.9 1632
1712198595841 155903.9 1633
1712198606030 155903.9 1634
1712198616186 155903.9 1635
1712198626266 155903.9 1636
1712198636416 155903.9 1637
1712198646573 155903.9 1638
1712198656794 155903.9 1639
1712198666925 155903.9 1640
1712198677085 155903.9 1641
1712198687167 155903.9 1642
1712198697301 155903.9 1643
1712198707453 155903.9 1644
1712198717602 155903.9 1645
1712198727735 155903.9 1646
1712198737845 155903.9 1647
1712198747991 155903.9 1648
1712198758217 155903.9 1649
1712198768376 155903.9 1650
1712198778510 155903.9 1651
1712198788648 155903.9 1652
1712198798724 155903.9 1653
1712198808854 155903.9 1654
1712198818990 155903.9 1655
1712198829157 155903.9 1656
1712198839284 155903.9 1657
1712198849426 155903.9 1658
1712198859538 155903.9 1659
1712198869782 155903.9 1660
1712198879932 155903.9 1661
1712198890085 155903.9 1662
1712198900238 155903.9 1663
1712198910380 155903.9 1664
1712198920501 155903.9 1665
1712198930661 155903.9 1666
1712198940807 155903.9 1667
1712198950953 155903.9 1668
1712198961099 155903.9 1669
1712198971241 155903.9 1670
1712198981337 155903.9 1671
1712198991521 155903.9 1672
1712199001670 155903.9 1673
1712199011804 155903.9 1674
1712199021953 155903.9 1675
1712199032088 155903.9 1676
1712199042203 155903.9 1677
1712199052347 155903.9 1678
1712199062485 155903.9 1679
1712199072633 155903.9 1680
1712199082853 155903.9 1681
1712199092987 155903.9 1682
1712199103084 155903.9 1683
1712199113241 155903.9 1684
1712199123397 155903.9 1685
1712199133555 155903.9 1686
1712199143710 155903.9 1687
1712199153840 155903.9 1688
1712199163950 155903.9 1689
1712199174114 155903.9 1690
1712199184255 155903.9 1691
1712199194389 155903.9 1692
1712199204551 155903.9 1693
1712199214681 155903.9 1694
1712199224774 155903.9 1695
1712199234950 155903.9 1696
1712199245089 155903.9 1697
1712199255242 155903.9 1698
1712199265405 155903.9 1699
1712199275548 155903.9 1700
1712199285709 155903.9 1701
1712199295870 155903.9 1702
1712199306003 155903.9 1703
1712199316147 155903.9 1704
1712199326307 155903.9 1705
1712199336450 155903.9 1706
1712199346537 155903.9 1707
1712199356679 155903.9 1708
1712199366801 155903.9 1709
1712199376928 155904.0 1710
1712199387085 155904.0 1711
1712199397303 155904.0 1712
1712199407468 155904.5 1713
1712199417615 155904.5 1714
1712199427760 155904.5 1715
1712199437894 155904.5 1716
1712199448044 155904.5 1717
1712199458127 155904.5 1718
1712199468267 155904.5 1719
1712199478408 155904.5 1720
1712199488544 155904.5 1721
1712199498687 155904.5 1722
1712199508835 155904.5 1723
1712199518986 155904.5 1724
1712199529112 155904.5 1725
1712199539251 155904.5 1726
1712199549374 155904.5 1727
1712199559497 155904.5 1728
1712199569639 155904.5 1729
1712199579703 155904.5 1730
1712199589853 155904.5 1731
1712199599989 155904.5 1732
1712199610109 155904.5 1733
1712199620239 155904.5 1734
1712199630441 155904.5 1735
1712199640515 155904.5 1736
1712199650656 155904.5 1737
1712199660801 155904.5 1738
1712199670920 155904.5 1739
1712199681057 155904.5 1740
1712199691178 155904.5 1741
1712199701239 155904.5 1742
1712199711382 155904.5 1743
1712199721506 155904.5 1744
1712199731714 155904.5 1745
1712199741860 155904.5 1746
1712199751978 155904.5 1747
1712199762051 155904.5 1748
1712199772182 155904.5 1749
1712199782316 155904.5 1750
1712199792456 155904.5 1751
1712199802599 155904.5 1752
1712199812752 155904.5 1753
1712199822832 155904.5 1754
1712199832947 155904.5 1755
1712199843079 155904.5 1756
1712199853213 155904.5 1757
1712199863348 155904.5 1758
1712199873480 155904.5 1759
1712199883552 155904.5 1760
1712199893686 155904.5 1761
1712199903808 155904.5 1762
1712199913946 155904.5 1763
1712199924066 155904.5 1764
1712199934206 155904.5 1765
1712199944273 155904.5 1766
1712199954395 155904.5 1767
1712199964532 155904.5 1768
1712199974658 155904.5 1769
1712199984789 155904.5 1770
1712199994926 155904.5 1771
1712200004991 155904.5 1772
1712200015123 155904.5 1773
1712200025269 155904.5 1774
1712200035482 155904.5 1775
1712200045613 155904.5 1776
1712200055738 155904.5 1777
1712200065809 155904.5 1778
1712200075954 155904.5 1779
1712200086090 155904.5 1780
1712200096206 155904.5 1781
1712200106335 155904.5 1782
1712200116466 155904.5 1783
1712200126548 155904.5 1784
1712200136734 155904.5 1785
1712200146867 155904.5 1786
1712200157006 155904.5 1787
1712200167143 155904.5 1788
1712200177315 155904.5 1789
1712200187469 155904.5 1790
1712200197611 155904.5 1791
1712200207756 155904.5 1792
1712200217870 155904.5 1793
1712200228040 155904.5 1794
1712200238133 155904.5 1795
1712200248318 155904.5 1796
1712200258454 155904.5 1797
1712200268596 155904.5 1798
1712200278760 155904.5 1799
1712200288909 155904.5 1800
1712200299116 155904.5 1801
1712200309278 155904.5 1802
1712200319412 155904.5 1803
1712200329572 155904.5 1804
1712200339732 155904.5 1805
1712200349869 155904.5 1806
1712200360030 155904.5 1807
1712200370187 155904.5 1808
1712200380448 155904.5 1809
1712200390606 155904.5 1810
1712200400763 155904.5 1811
1712200410901 155904.5 1812
1712200421053 155904.5 1813
1712200431205 155904.5 1814
1712200441395 155904.5 1815
1712200451531 155905.0 1816
1712200461690 155905.0 1817
1712200471868 155905.0 1818
1712200482017 155905.0 1819
1712200492179 155905.0 1820
1712200502307 155905.0 1821
1712200512460 155905.0 1822
1712200522600 155905.0 1823
1712200532745 155905.0 1824
1712200542898 155905.0 1825
1712200553040 155905.0 1826
1712200563193 155905.0 1827
1712200573330 155905.0 1828
1712200583479 155905.0 1829
1712200593630 155905.0 1830
1712200603853 155905.0 1831
1712200613998 155905.0 1832
1712200624170 155905.0 1833
1712200634318 155905.0 1834
1712200644464 155905.0 1835
1712200654625 155905.0 1836
1712200664791 155905.0 1837
1712200674941 155905.0 1838
1712200685101 155905.0 1839
1712200695235 155905.0 1840
1712200705369 155905.0 1841
1712200715522 155905.0 1842
1712200725697 155905.0 1843
1712200735829 155905.0 1844
1712200745992 155905.0 1845
1712200756257 155905.1 1846
1712200766418 155905.1 1847
1712200776574 155905.1 1848
1712200786743 155905.1 1849
1712200796904 155905.1 1850
1712200807066 155905.1 1851
1712200817243 155905.1 1852
1712200827417 155905.1 1853
1712200837594 155905.1 1854
1712200847770 155905.1 1855
1712200857944 155905.1 1856
1712200868112 155905.1 1857
1712200878277 155905.1 1858
1712200888426 155905.1 1859
1712200898613 155905.1 1860
1712200908803 155905.1 1861
1712200918957 155905.1 1862
1712200929115 155905.1 1863
1712200939273 155905.1 1864
1712200949434 155905.1 1865
1712200959607 155905.1 1866
1712200969769 155905.1 1867
1712200979939 155905.1 1868
1712200990111 155905.1 1869
1712201000252 155905.1 1870
1712201010412 155905.1 1871
1712201020590 155905.1 1872
1712201030730 155905.1 1873
1712201040885 155905.1 1874
1712201051124 155905.1 1875
1712201061302 155905.1 1876
1712201071452 155905.1 1877
1712201081611 155905.1 1878
1712201091770 155905.1 1879
1712201101917 155905.1 1880
1712201112076 155905.1 1881
1712201122421 155905.1 1882
1712201132592 155905.1 1883
1712201142749 155905.1 1884
1712201152910 155905.1 1885
1712201163073 155905.1 1886
1712201173239 155905.1 1887
1712201183371 155905.1 1888
1712201193523 155905.1 1889
1712201203683 155905.1 1890
1712201213828 155905.1 1891
1712201223991 155905.1 1892
1712201234194 155905.1 1893
1712201244336 155905.1 1894
1712201254483 155905.1 1895
1712201264615 155905.1 1896
1712201274750 155905.1 1897
1712201284915 155905.1 1898
1712201295037 155905.1 1899
1712201305175 155905.1 1900
1712201315314 155905.1 1901
1712201325466 155905.1 1902
1712201335602 155905.1 1903
1712201345841 155905.1 1904
1712201356007 155905.1 1905
1712201366183 155905.1 1906
1712201376321 155905.1 1907
1712201386468 155905.1 1908
1712201396612 155905.1 1909
1712201406766 155905.1 1910
1712201416919 155905.1 1911
1712201427090 155905.1 1912
1712201437250 155905.1 1913
1712201447411 155905.1 1914
1712201457575 155905.1 1915
1712201467714 155905.1 1916
1712201477853 155905.1 1917
1712201488006 155905.1 1918
1712201498171 155905.6 1919
1712201508312 155905.6 1920
1712201518472 155905.6 1921
1712201528618 155905.6 1922
1712201538779 155905.6 1923
1712201548925 155905.6 1924
1712201559074 155905.6 1925
1712201569354 155905.6 1926
1712201579509 155905.6 1927
1712201589661 155905.6 1928
1712201599837 155905.6 1929
1712201609980 155905.6 1930
1712201620131 155905.6 1931
1712201630288 155905.6 1932
1712201640443 155905.6 1933
1712201650585 155905.6 1934
1712201660716 155905.6 1935
1712201670848 155905.6 1936
1712201680998 155905.6 1937
1712201691152 155905.6 1938
1712201701308 155905.6 1939
1712201711463 155905.6 1940
1712201721720 155905.7 1941
1712201731882 155905.7 1942
1712201742026 155905.7 1943
1712201752168 155905.7 1944
1712201762313 155905.7 1945
1712201772455 155905.7 1946
1712201782588 155905.7 1947
1712201792716 155905.7 1948
1712201802861 155905.7 1949
1712201813011 155905.7 1950
1712201823167 155905.7 1951
1712201833307 155905.7 1952
1712201843437 155905.7 1953
1712201853617 155905.7 1954
1712201863765 155905.7 1955
1712201874021 155905.7 1956
1712201884181 155905.7 1957
1712201894343 155905.7 1958
1712201904491 155905.7 1959
1712201914635 155905.7 1960
1712201924783 155905.7 1961
1712201934882 155905.7 1962
1712201944971 155905.7 1963
1712201955106 155905.7 1964
1712201965288 155905.7 1965
1712201975431 155905.7 1966
1712201985558 155905.7 1967
1712201995694 155905.7 1968
1712202005844 155905.7 1969
1712202015970 155905.7 1970
1712202026210 155905.7 1971
1712202036349 155905.7 1972
1712202046484 155905.7 1973
1712202056618 155905.7 1974
1712202066746 155905.7 1975
1712202076874 155905.7 1976
1712202086998 155905.7 1977
1712202097147 155905.7 1978
1712202107277 155905.7 1979
1712202117409 155905.7 1980
1712202127557 155905.7 1981
1712202137684 155905.7 1982
1712202147826 155905.7 1983
1712202157963 155905.7 1984
1712202168102 155905.7 1985
1712202178329 155905.7 1986
1712202188463 155905.7 1987
1712202198597 155905.7 1988
1712202208729 155905.7 1989
1712202218847 155905.7 1990
1712202228978 155905.7 1991
1712202239113 155905.7 1992
1712202249230 155905.7 1993
1712202259362 155905.7 1994
1712202269495 155905.7 1995
1712202279634 155905.7 1996
1712202289870 155905.7 1997
1712202300027 155905.7 1998
1712202310150 155905.7 1999
1712202320286 155905.7 2000
1712202330508 155905.7 2001
1712202340638 155905.7 2002
1712202350768 155905.7 2003
1712202360909 155905.7 2004
1712202371028 155905.7 2005
1712202381163 155905.7 2006
1712202391310 155905.7 2007
1712202401454 155905.7 2008
1712202411545 155905.7 2009
1712202421684 155905.7 2010
1712202431823 155905.7 2011
1712202441923 155905.7 2012
1712202452080 155905.7 2013
1712202462221 155905.7 2014
1712202472360 155905.7 2015
1712202482525 155905.7 2016
1712202492682 155905.7 2017
1712202502852 155905.7 2018
1712202513002 155905.7 2019
1712202523085 155905.7 2020
1712202533240 155905.7 2021
1712202543392 157005.1 2022
1712202553608 157005.1 2023
1712202563762 157005.1 2024
1712202573913 157005.1 2025
1712202584030 157005.1 2026
1712202594159 157005.1 2027
1712202604292 157005.1 2028
1712202614434 157005.1 2029
1712202624600 157005.1 2030
1712202634757 157005.1 2031
1712202644918 157005.1 2032
1712202655068 157005.1 2033
1712202665200 157005.1 2034
1712202675335 157005.1 2035
1712202685455 157005.1 2036
1712202695594 157005.1 2037
1712202705742 157005.1 2038
1712202715872 157005.1 2039
1712202726007 157005.1 2040
1712202736133 157005.1 2041
1712202746283 157005.1 2042
1712202756418 157005.1 2043
1712202766569 157005.1 2044
1712202776719 157005.1 2045
1712202786848 157005.1 2046
1712202796990 157005.1 2047
1712202807126 157005.1 2048
1712202817278 157005.1 2049
1712202827425 157005.1 2050
1712202837552 157005.1 2051
1712202847681 157005.1 2052
1712202857820 157005.1 2053
1712202867965 157005.1 2054
1712202878107 157005.1 2055
1712202888238 157005.1 2056
1712202898398 157005.1 2057
1712202908483 157005.1 2058
1712202918648 157005.1 2059
1712202928779 157005.1 2060
1712202938909 157005.1 2061
1712202949070 157005.1 2062
1712202959221 157005.1 2063
1712202969362 157005.1 2064
1712202979492 157005.1 2065
1712202989621 157005.1 2066
1712202999720 157005.1 2067
1712203009965 157005.1 2068
1712203020118 157005.1 2069
1712203030262 157005.1 2070
1712203040397 157005.1 2071
1712203050545 157005.1 2072
1712203060665 157005.1 2073
1712203070808 157005.1 2074
1712203080936 156996.7 2075
1712203091107 156996.7 2076
1712203101273 156996.7 2077
1712203111459 156996.7 2078
1712203121624 156996.7 2079
1712203131800 156996.7 2080
1712203141971 156996.7 2081
1712203152170 156996.7 2082
1712203162368 156996.7 2083
1712203172557 156996.7 2084
1712203182759 156996.7 2085
1712203192973 156996.7 2086
1712203203160 156996.7 2087
1712203213354 156996.7 2088
1712203223547 156996.7 2089
1712203233803 156996.7 2090
1712203244106 156996.7 2091
1712203254312 156996.7 2092
1712203264508 156996.7 2093
1712203274707 156996.7 2094
1712203284931 156996.7 2095
1712203295206 156996.7 2096
1712203305433 156996.7 2097
1712203315718 156996.7 2098
1712203325900 156996.7 2099
1712203336049 156996.7 2100
1712203346209 156996.7 2101
1712203356349 156996.7 2102
1712203366513 156996.7 2103
1712203376701 156996.7 2104
1712203386884 156996.7 2105
1712203397065 156996.7 2106
1712203407242 156996.7 2107
1712203417385 156996.7 2108
1712203427545 156996.7 2109
1712203437717 156996.7 2110
1712203447874 156996.7 2111
1712203458053 156996.7 2112
1712203468304 156996.7 2113
1712203478468 156996.7 2114
1712203488627 156996.7 2115
1712203498799 156996.7 2116
1712203508959 156996.7 2117
1712203519112 156996.7 2118
1712203529291 156996.7 2119
1712203539447 156996.7 2120
1712203549601 156996.7 2121
1712203559778 156996.7 2122
1712203569927 156996.7 2123
1712203580085 156996.7 2124
1712203590252 156997.2 2125
1712203600401 156997.2 2126
1712203610566 156997.2 2127
1712203620792 156997.2 2128
1712203630938 156997.2 2129
1712203641122 156997.2 2130
1712203651304 156997.2 2131
1712203661458 156997.2 2132
1712203671616 156997.2 2133
1712203681785 156997.2 2134
1712203691955 156997.2 2135
1712203702110 156997.2 2136
1712203712260 156997.2 2137
1712203722414 156997.2 2138
1712203732593 156997.2 2139
1712203742730 156997.2 2140
1712203752938 156997.2 2141
1712203763109 156997.2 2142
1712203773250 156997.2 2143
1712203783393 156997.2 2144
1712203793556 156997.2 2145
1712203803774 156997.2 2146
1712203813920 156997.2 2147
1712203824100 156997.2 2148
1712203834259 156997.2 2149
1712203844427 156997.2 2150
1712203854696 156997.2 2151
1712203864873 156997.2 2152
1712203875070 156997.2 2153
1712203885268 156997.2 2154
1712203895478 156997.2 2155
1712203905654 156997.2 2156
1712203915937 156997.2 2157
1712203926114 156997.2 2158
1712203936295 156997.2 2159
1712203946474 156997.2 2160
1712203956583 156997.2 2161
1712203966721 156997.2 2162
1712203977038 156997.2 2163
1712203987220 156997.2 2164
1712203997385 156997.2 2165
1712204007501 156997.3 2166
1712204017841 156997.3 2167
1712204028042 156997.3 2168
1712204038203 156997.3 2169
1712204048409 156997.3 2170
1712204058565 156997.3 2171
1712204068701 156997.3 2172
1712204078852 156997.3 2173
1712204089086 156997.3 2174
1712204099222 156997.3 2175
1712204109364 156997.3 2176
1712204119550 156997.3 2177
1712204129794 156997.3 2178
1712204139893 156997.3 2179
1712204150091 156997.3 2180
1712204160270 156997.3 2181
1712204170500 156997.3 2182
1712204180654 156997.3 2183
1712204190826 156997.3 2184
1712204200967 156997.3 2185
1712204211147 156997.3 2186
1712204221318 156997.3 2187
1712204231469 156997.3 2188
1712204241619 156997.3 2189
1712204251810 156997.3 2190
1712204262000 156997.3 2191
1712204272168 156997.3 2192
1712204282315 156997.3 2193
1712204292484 156997.3 2194
1712204302724 156997.3 2195
1712204312868 156997.3 2196
1712204323014 156997.3 2197
1712204333161 156997.3 2198
1712204343334 156997.3 2199
1712204353495 156997.3 2200
1712204363634 156997.3 2201
1712204373781 156997.3 2202
1712204383937 156997.3 2203
1712204394164 156997.3 2204
1712204404318 156997.3 2205
1712204414497 156997.3 2206
1712204424642 156997.3 2207
1712204434811 156997.3 2208
1712204444945 156997.3 2209
1712204455112 156997.3 2210
1712204465267 156997.3 2211
1712204475514 156997.3 2212
1712204485702 156997.3 2213
1712204495859 156997.3 2214
1712204505957 156997.3 2215
1712204516227 156997.3 2216
1712204526386 156997.3 2217
1712204536537 156997.3 2218
1712204546718 156997.3 2219
1712204556961 156997.3 2220
1712204567107 156997.3 2221
1712204577267 156997.3 2222
1712204587456 156997.3 2223
1712204597605 156997.3 2224
1712204607854 156997.3 2225
1712204617989 156997.3 2226
1712204628134 156997.3 2227
1712204638291 156997.3 2228
1712204648464 156997.8 2229
1712204658699 156997.8 2230
1712204668842 156997.8 2231
1712204678976 156997.8 2232
1712204689188 156997.8 2233
1712204699442 156997.8 2234
1712204709592 156997.8 2235
1712204719766 156997.8 2236
1712204729915 156997.8 2237
1712204740077 156997.8 2238
1712204750232 156997.8 2239
1712204760393 156997.8 2240
1712204770626 156997.8 2241
1712204780798 156997.8 2242
1712204790953 156997.8 2243
1712204801105 156997.8 2244
1712204811272 156997.8 2245
1712204821440 156997.8 2246
1712204831683 156997.8 2247
1712204841842 156997.8 2248
1712204852025 156997.8 2249
1712204862157 156997.8 2250
1712204872324 156997.8 2251
1712204882599 156997.8 2252
1712204892799 156997.8 2253
1712204902987 156997.8 2254
1712204913158 156997.8 2255
1712204923347 156997.8 2256
1712204933621 156997.8 2257
1712204943892 156997.8 2258
1712204954068 156997.8 2259
1712204964258 156997.8 2260
1712204974406 156997.8 2261
1712204984682 156997.8 2262
1712204994868 156997.8 2263
1712205005090 156997.8 2264
1712205015272 156997.8 2265
1712205025447 156997.8 2266
1712205035622 156997.8 2267
1712205045909 156997.8 2268
1712205056111 156997.8 2269
1712205066288 156997.8 2270
1712205076478 156997.8 2271
1712205086645 156997.8 2272
1712205096927 156997.8 2273
1712205107118 156997.8 2274
1712205117352 156997.8 2275
1712205127590 156997.8 2276
1712205137796 156997.8 2277
1712205148075 156997.8 2278
1712205158268 156997.8 2279
1712205168437 156997.8 2280
1712205178612 156997.8 2281
1712205188804 156997.8 2282
1712205198973 156997.8 2283
1712205209257 156997.8 2284
1712205219405 156997.8 2285
1712205229563 156997.8 2286
1712205239714 156997.8 2287
1712205249881 156997.8 2288
1712205260059 156997.8 2289
1712205270329 156997.8 2290
1712205280502 156997.8 2291
1712205290654 156997.8 2292
1712205300837 156997.8 2293
1712205311028 156997.8 2294
1712205321190 156997.8 2295
1712205331472 156997.8 2296
1712205341654 156997.8 2297
1712205351822 156997.9 2298
1712205361978 156997.9 2299
1712205372109 156997.9 2300
1712205382300 156997.9 2301
1712205392557 156997.9 2302
1712205402720 156997.9 2303
1712205412897 156997.9 2304
1712205423064 156997.9 2305
1712205433238 156997.9 2306
1712205443425 156997.9 2307
1712205453586 156997.9 2308
1712205463751 156997.9 2309
1712205473917 156997.9 2310
1712205484095 156997.9 2311
1712205494273 156997.9 2312
1712205504448 156997.9 2313
1712205514626 156997.9 2314
1712205524833 156997.9 2315
1712205535008 156997.9 2316
1712205545191 156997.9 2317
1712205555391 156997.9 2318
1712205565571 156997.9 2319
1712205575747 156997.9 2320
1712205585937 156997.9 2321
1712205596118 156997.9 2322
1712205606305 156997.9 2323
1712205616480 156997.9 2324
1712205626663 156997.9 2325
1712205636824 156997.9 2326
1712205647005 156997.9 2327
1712205657182 156997.9 2328
1712205667384 156997.9 2329
1712205677567 156997.9 2330
1712205687752 156997.9 2331
1712205697929 156998.4 2332
1712205708135 156998.4 2333
1712205718323 156998.4 2334
1712205728507 156998.4 2335
1712205738668 156998.4 2336
1712205748845 156998.4 2337
1712205759042 156998.4 2338
1712205769211 156998.4 2339
1712205779395 156998.4 2340
1712205789587 156998.4 2341
1712205799761 156998.4 2342
1712205809941 156998.4 2343
1712205820141 156998.4 2344
1712205830329 156998.4 2345
1712205840509 156998.4 2346
1712205850699 156998.4 2347
1712205860874 156998.4 2348
1712205871052 156998.4 2349
1712205881224 156998.4 2350
1712205891408 156998.4 2351
1712205901591 156998.4 2352
1712205911888 156998.4 2353
1712205922064 156998.4 2354
1712205932241 156998.4 2355
1712205942420 156998.4 2356
1712205952614 156998.4 2357
1712205962797 156998.4 2358
