1712182092670 125150.9 0
1712182102755 122424.4 1
1712182112830 122424.4 2
1712182122893 122424.4 3
1712182132952 122424.4 4
1712182143014 122424.4 5
1712182153076 122424.4 6
1712182163143 122424.4 7
1712182173220 122424.4 8
1712182183282 122424.4 9
1712182193346 122424.4 10
1712182203413 122424.4 11
1712182213487 122424.4 12
1712182223561 122424.4 13
1712182233636 122424.4 14
1712182243709 122424.4 15
1712182253770 122424.4 16
1712182263850 122424.4 17
1712182273920 122424.4 18
1712182283984 122424.4 19
1712182294075 122424.4 20
1712182304148 122424.4 21
1712182314224 122424.4 22
1712182324291 122424.4 23
1712182334364 122424.4 24
1712182344446 122424.4 25
1712182354508 122424.4 26
1712182364579 122424.4 27
1712182374661 122424.4 28
1712182384737 122424.4 29
1712182394801 122424.3 30
1712182404868 122424.3 31
1712182414943 122424.3 32
1712182425025 122424.3 33
1712182435097 122424.3 34
1712182445164 122424.3 35
1712182455247 122424.3 36
1712182465319 122424.3 37
1712182475394 122424.3 38
1712182485465 122424.3 39
1712182495534 122424.3 40
1712182505615 122424.3 41
1712182515687 122424.3 42
1712182525761 122424.3 43
1712182535842 122424.3 44
1712182545909 122424.3 45
1712182555990 122424.3 46
1712182566073 122424.3 47
1712182576146 122424.3 48
1712182586244 122424.3 49
1712182596321 122424.3 50
1712182606406 122424.3 51
1712182616486 122424.3 52
1712182626560 122424.3 53
1712182636633 122424.3 54
1712182646724 122424.3 55
1712182656793 122424.3 56
1712182666866 122424.3 57
1712182676943 122424.3 58
1712182687015 122424.3 59
1712182697081 122424.3 60
1712182707163 122424.3 61
1712182717248 122424.3 62
1712182727329 122424.3 63
1712182737404 122423.8 64
1712182747477 122423.8 65
1712182757552 122423.8 66
1712182767630 122423.8 67
1712182777719 122423.8 68
1712182787791 122423.8 69
1712182797870 122423.8 70
1712182807945 122423.8 71
1712182818022 122423.8 72
1712182828087 122423.8 73
1712182838182 122423.8 74
1712182848257 122423.8 75
1712182858339 122423.8 76
1712182868408 122423.8 77
1712182878483 122423.8 78
1712182888564 122423.8 79
1712182898636 122423.8 80
1712182908738 122423.8 81
1712182918824 122423.8 82
1712182928901 122423.8 83
1712182938980 122423.8 84
1712182949058 122423.8 85
1712182959141 122423.8 86
1712182969230 122423.8 87
1712182979305 122423.8 88
1712182989379 122423.8 89
1712182999457 122423.8 90
1712183009527 122423.8 91
1712183019607 122423.8 92
1712183029700 122423.8 93
1712183039779 122423.8 94
1712183049846 122423.8 95
1712183059935 122423.8 96
1712183070044 122423.8 97
1712183080119 122423.8 98
1712183090159 122423.8 99
1712183100192 122423.8 100
1712183110225 122423.8 101
1712183120303 122423.8 102
1712183130334 122423.8 103
1712183140381 122423.8 104
1712183150464 122423.8 105
1712183160503 122423.8 106
1712183170555 122423.8 107
1712183180657 122423.8 108
1712183190694 122423.8 109
1712183200739 122423.8 110
1712183210824 122423.8 111
1712183220901 122423.8 112
1712183230946 122423.8 113
1712183240994 122423.8 114
1712183251086 122423.8 115
1712183261129 122423.8 116
1712183271178 122423.8 117
1712183281256 122423.8 118
1712183291303 122423.8 119
1712183301345 122423.8 120
1712183311432 122423.8 121
1712183321471 122423.8 122
1712183331506 122423.8 123
1712183341594 122423.8 124
1712183351688 122423.8 125
1712183361798 122423.8 126
1712183371883 122423.8 127
1712183381924 122423.8 128
1712183392015 122423.8 129
1712183402096 122423.8 130
1712183412185 122423.8 131
1712183422283 122423.8 132
1712183432374 122423.8 133
1712183442413 122423.8 134
1712183452511 122423.8 135
1712183462603 122423.8 136
1712183472688 122423.8 137
1712183482781 122423.8 138
1712183492859 122423.8 139
1712183502892 122423.8 140
1712183512987 122423.8 141
1712183523086 122423.8 142
1712183533174 122423.8 143
1712183543263 122423.8 144
1712183553341 122423.8 145
1712183563385 122423.8 146
1712183573467 122423.8 147
1712183583550 122423.8 148
1712183593631 122423.8 149
1712183603722 122423.8 150
1712183613808 122423.8 151
1712183623838 122423.8 152
1712183633925 122423.8 153
1712183644030 122423.8 154
1712183654125 122423.8 155
1712183664225 122423.8 156
1712183674299 122423.8 157
1712183684335 122423.8 158
1712183694432 122423.8 159
1712183704513 122423.8 160
1712183714613 122423.8 161
1712183724709 122423.8 162
1712183734798 122423.8 163
1712183744842 122423.8 164
1712183754932 122423.8 165
1712183765014 122423.8 166
1712183775122 122423.8 167
1712183785204 122423.2 168
1712183795292 122423.2 169
1712183805334 122423.2 170
1712183815418 122423.2 171
1712183825508 122423.2 172
1712183835614 122423.2 173
1712183845699 122423.2 174
1712183855784 122423.2 175
1712183865838 122423.2 176
1712183875928 122423.2 177
1712183886021 122423.2 178
1712183896108 122423.2 179
1712183906202 122423.2 180
1712183916280 122423.2 181
1712183926322 122423.2 182
1712183936406 122423.2 183
1712183946489 121325.3 184
1712183956581 121325.3 185
1712183966669 121325.3 186
1712183976754 121325.3 187
1712183986800 121325.3 188
1712183996882 121325.3 189
1712184006969 121325.3 190
1712184017057 121325.3 191
1712184027143 121325.3 192
1712184037239 121325.3 193
1712184047337 121325.3 194
1712184057425 121325.3 195
1712184067512 121325.3 196
1712184077597 121325.3 197
1712184087683 121325.3 198
1712184097713 121325.3 199
1712184107801 121325.3 200
1712184117887 121325.3 201
1712184127987 121325.3 202
1712184138065 121325.3 203
1712184148151 121325.3 204
1712184158189 121325.3 205
1712184168293 121325.3 206
1712184178385 121325.3 207
1712184188475 121325.3 208
1712184198580 121325.3 209
1712184208674 121325.3 210
1712184218715 121325.3 211
1712184228806 121325.3 212
1712184238896 121325.3 213
1712184248995 121325.3 214
1712184259082 121325.3 215
1712184269185 121325.3 216
1712184279230 121325.3 217
1712184289339 121325.3 218
1712184299431 121325.3 219
1712184309540 121325.3 220
1712184319648 121325.3 221
1712184329736 121325.3 222
1712184339778 121325.3 223
1712184349887 121325.3 224
1712184360001 121325.3 225
1712184370086 121325.3 226
1712184380196 121325.3 227
1712184390292 121325.3 228
1712184400359 121325.3 229
1712184410468 121325.3 230
1712184420567 121325.3 231
1712184430667 121325.3 232
1712184440766 121325.3 233
1712184450875 121325.3 234
1712184460907 121325.3 235
1712184471006 121325.3 236
1712184481100 121325.3 237
1712184491190 121325.3 238
1712184501276 121325.3 239
1712184511357 121325.3 240
1712184521402 121325.3 241
1712184531503 121325.3 242
1712184541585 121325.3 243
1712184551676 121325.3 244
1712184561778 121325.3 245
1712184571874 121325.3 246
1712184581910 121325.3 247
1712184591999 121325.3 248
1712184602096 121325.3 249
1712184612185 121325.3 250
1712184622308 121325.3 251
1712184632403 121325.3 252
1712184642442 121325.3 253
1712184652533 121325.3 254
1712184662618 121325.3 255
1712184672708 121325.3 256
1712184682808 121325.3 257
1712184692900 121325.3 258
1712184702944 121325.3 259
1712184713045 121325.3 260
1712184723134 121325.3 261
1712184733238 121325.3 262
1712184743326 121325.3 263
1712184753427 121325.3 264
1712184763461 121325.3 265
1712184773583 121325.3 266
1712184783685 121325.3 267
1712184793778 121325.3 268
1712184803863 121325.3 269
1712184813950 121324.8 270
1712184824001 121324.8 271
1712184834104 121324.8 272
1712184844204 121324.8 273
1712184854288 121324.8 274
1712184864386 121324.8 275
1712184874507 121324.8 276
1712184884547 121324.8 277
1712184894654 121324.8 278
1712184904756 121324.8 279
1712184914854 121324.8 280
1712184924960 121324.8 281
1712184935067 121324.8 282
1712184945114 121324.8 283
1712184955214 121324.8 284
1712184965329 121324.8 285
1712184975420 121324.8 286
1712184985507 121324.8 287
1712184995598 121324.8 288
1712185005645 121324.8 289
1712185015733 121324.8 290
1712185025811 121324.8 291
1712185035897 121324.8 292
1712185045992 121324.8 293
1712185056086 121324.8 294
1712185066127 121324.8 295
1712185076211 121324.8 296
1712185086307 121324.8 297
1712185096406 121324.8 298
1712185106505 121324.8 299
1712185116602 121324.8 300
1712185126641 121324.8 301
1712185136732 121324.8 302
1712185146835 121324.8 303
1712185156930 121324.8 304
1712185167030 121324.8 305
1712185177108 121324.8 306
1712185187142 121324.8 307
1712185197227 121324.8 308
1712185207310 121324.8 309
1712185217421 121324.8 310
1712185227513 121324.8 311
1712185237561 121324.8 312
1712185247603 121324.8 313
1712185257648 121324.8 314
1712185267679 121324.8 315
1712185277785 121324.8 316
1712185287845 121324.8 317
1712185297953 121324.8 318
1712185308046 121324.8 319
1712185318101 121324.8 320
1712185328202 121324.8 321
1712185338299 121324.8 322
1712185348389 121324.8 323
1712185358496 121324.8 324
1712185368580 121324.8 325
1712185378678 121324.8 326
1712185388766 121324.8 327
1712185398857 121324.8 328
1712185408937 121324.8 329
1712185419034 121324.8 330
1712185429122 121324.8 331
1712185439212 121324.8 332
1712185449298 121324.8 333
1712185459394 121324.8 334
1712185469484 121324.8 335
1712185479577 121324.8 336
1712185489667 121324.8 337
1712185499762 121324.8 338
1712185509861 121324.8 339
1712185519965 121324.8 340
1712185530049 121324.8 341
1712185540136 121324.8 342
1712185550235 121324.8 343
1712185560329 121324.8 344
1712185570438 121324.7 345
1712185580527 121324.7 346
1712185590620 121324.7 347
1712185600734 121324.7 348
1712185610828 121324.7 349
1712185620917 121324.7 350
1712185631001 121324.7 351
1712185641094 121324.7 352
1712185651180 121324.7 353
1712185661269 121324.7 354
1712185671384 121324.7 355
1712185681501 121324.7 356
1712185691589 121324.7 357
1712185701668 121324.7 358
1712185711757 121324.7 359
1712185721855 121324.7 360
1712185731954 121324.7 361
1712185742037 121324.7 362
1712185752146 121324.7 363
1712185762242 121324.7 364
1712185772329 121324.7 365
1712185782405 121324.7 366
1712185792493 121324.7 367
1712185802589 121324.7 368
1712185812686 121324.7 369
1712185822771 121324.7 370
1712185832866 121324.7 371
1712185842954 121324.7 372
1712185853057 121324.2 373
1712185863152 121324.2 374
1712185873245 121324.2 375
1712185883329 121324.2 376
1712185893415 121324.2 377
1712185903516 121324.2 378
1712185913612 121324.2 379
1712185923661 121324.2 380
1712185933758 121324.2 381
1712185943852 121324.2 382
1712185953954 121324.2 383
1712185964064 121324.2 384
1712185974119 121324.2 385
1712185984222 121324.2 386
1712185994316 121324.2 387
1712186004422 121324.2 388
1712186014523 121324.2 389
1712186024619 121324.2 390
1712186034726 121324.2 391
1712186044822 121324.2 392
1712186054931 121324.2 393
1712186065045 121324.2 394
1712186075151 121324.2 395
1712186085266 121324.2 396
1712186095370 121324.2 397
1712186105476 121324.2 398
1712186115580 121324.2 399
1712186125683 121324.2 400
1712186135783 121324.2 401
1712186145897 121324.2 402
1712186155996 121324.2 403
1712186166108 121324.2 404
1712186176201 121324.2 405
1712186186300 121324.2 406
1712186196408 121324.2 407
1712186206516 121324.2 408
1712186216616 121324.2 409
1712186226717 121324.2 410
1712186236828 121324.2 411
1712186246924 121324.2 412
1712186257026 121324.2 413
1712186267123 121324.2 414
1712186277222 121324.2 415
1712186287319 121324.2 416
1712186297415 121324.2 417
1712186307520 121324.2 418
1712186317622 121324.2 419
1712186327718 121324.2 420
1712186337823 121324.2 421
1712186347915 121324.2 422
1712186358004 121324.2 423
1712186368113 121324.2 424
1712186378211 121324.2 425
1712186388304 121331.0 426
1712186398406 121331.0 427
1712186408509 121331.0 428
1712186418609 121331.0 429
1712186428701 121331.0 430
1712186438802 121331.0 431
1712186448899 121331.0 432
1712186458997 121331.0 433
1712186469089 121331.0 434
1712186479195 121331.0 435
1712186489299 121331.0 436
1712186499411 121331.0 437
1712186509501 121331.0 438
1712186519619 121331.0 439
1712186529681 121331.0 440
1712186539724 120250.9 441
1712186549772 120250.9 442
1712186559817 120250.9 443
1712186569865 120250.9 444
1712186579967 120250.9 445
1712186590011 120250.9 446
1712186600050 120250.9 447
1712186610136 120250.9 448
1712186620189 120250.9 449
1712186630283 120250.9 450
1712186640400 120250.9 451
1712186650503 120250.9 452
1712186660616 120250.8 453
1712186670727 120250.8 454
1712186680777 120250.8 455
1712186690875 120250.8 456
1712186700980 120250.8 457
1712186711091 120250.8 458
1712186721196 120250.8 459
1712186731287 120250.8 460
1712186741332 120250.8 461
1712186751450 120250.8 462
1712186761557 120250.8 463
1712186771668 120250.8 464
1712186781780 120250.8 465
1712186791892 120250.8 466
1712186801951 120250.8 467
1712186812056 120250.8 468
1712186822158 120250.8 469
1712186832266 120250.8 470
1712186842381 120250.8 471
1712186852470 120250.8 472
1712186862516 120250.8 473
1712186872613 120250.8 474
1712186882706 120250.8 475
1712186892807 120250.3 476
1712186902906 120250.3 477
1712186912995 120250.3 478
1712186923040 120250.3 479
1712186933131 120250.3 480
1712186943225 120250.3 481
1712186953323 120250.3 482
1712186963410 120250.3 483
1712186973510 120250.3 484
1712186983549 120250.3 485
1712186993650 120250.3 486
1712187003745 120250.3 487
1712187013833 120250.3 488
1712187023951 120250.3 489
1712187034055 120250.3 490
1712187044113 120250.3 491
1712187054241 120250.3 492
1712187064330 120250.3 493
1712187074432 120250.3 494
1712187084546 120250.3 495
1712187094593 120250.3 496
1712187104700 120250.3 497
1712187114757 120250.3 498
1712187124803 120250.3 499
1712187134901 120250.3 500
1712187144961 120250.3 501
1712187155001 120250.3 502
1712187165110 120250.3 503
1712187175153 120250.3 504
1712187185200 120250.3 505
1712187195302 120250.3 506
1712187205349 120250.3 507
1712187215424 120250.3 508
1712187225516 120250.3 509
1712187235567 120250.3 510
1712187245608 120250.3 511
1712187255717 120250.3 512
1712187265771 120250.3 513
1712187275821 120250.3 514
1712187285934 120250.3 515
1712187295987 120250.3 516
1712187306040 120250.3 517
1712187316137 120250.3 518
1712187326187 120250.3 519
1712187336234 120250.3 520
1712187346346 120250.3 521
1712187356464 120250.3 522
1712187366564 120250.3 523
1712187376674 120250.3 524
1712187386790 120250.3 525
1712187396844 120250.3 526
1712187406953 120250.3 527
1712187417049 120250.3 528
1712187427147 120250.3 529
1712187437256 120250.3 530
1712187447366 120250.3 531
1712187457412 120250.3 532
1712187467531 120250.3 533
1712187477638 120250.3 534
1712187487755 120250.3 535
1712187497859 120250.3 536
1712187507960 120250.3 537
1712187518010 120250.3 538
1712187528109 120250.3 539
1712187538234 120250.3 540
1712187548334 120250.3 541
1712187558443 120250.3 542
1712187568549 120250.3 543
1712187578596 120250.3 544
1712187588711 120250.3 545
1712187598835 120250.3 546
1712187608940 120250.3 547
1712187619031 120250.3 548
1712187629127 120250.3 549
1712187639182 120250.3 550
1712187649290 120250.3 551
1712187659383 120250.3 552
1712187669495 120250.3 553
1712187679605 120250.3 554
1712187689708 120250.3 555
1712187699757 120250.3 556
1712187709858 120250.3 557
1712187719960 120250.3 558
1712187730061 120250.3 559
1712187740159 120250.3 560
1712187750256 120250.3 561
1712187760388 120250.3 562
1712187770497 120250.3 563
1712187780600 120250.3 564
1712187790689 120250.3 565
1712187800786 120250.2 566
1712187810903 120250.2 567
1712187820963 120250.2 568
1712187831101 120250.2 569
1712187841199 120250.2 570
1712187851310 120250.2 571
1712187861425 120250.2 572
1712187871525 120250.2 573
1712187881568 120250.2 574
1712187891678 120250.2 575
1712187901794 120250.2 576
1712187911912 120250.2 577
1712187922028 120250.2 578
1712187932129 120250.2 579
1712187942177 120249.7 580
1712187952290 120249.7 581
1712187962402 120249.7 582
1712187972508 120249.7 583
1712187982608 120249.7 584
1712187992727 120249.7 585
1712188002776 120249.7 586
1712188012888 120249.7 587
1712188022993 120249.7 588
1712188033093 120249.7 589
1712188043215 120249.7 590
1712188053331 120249.7 591
1712188063375 120249.7 592
1712188073425 120249.7 593
1712188083481 120249.7 594
1712188093538 120249.7 595
1712188103593 120249.7 596
1712188113636 120249.7 597
1712188123737 120249.7 598
1712188133783 120249.7 599
1712188143885 120249.7 600
1712188153928 120249.7 601
1712188164042 120249.7 602
1712188174143 120249.7 603
1712188184197 120249.7 604
1712188194247 120249.7 605
1712188204303 120249.7 606
1712188214408 120249.7 607
1712188224525 120249.7 608
1712188234632 120249.7 609
1712188244676 120249.7 610
1712188254780 120249.7 611
1712188264902 120249.7 612
1712188274962 120249.7 613
1712188285004 120249.7 614
1712188295045 120249.7 615
1712188305136 120249.7 616
1712188315177 120249.7 617
1712188325240 120249.7 618
1712188335338 120249.7 619
1712188345432 120249.7 620
1712188355538 120249.7 621
1712188365606 120249.7 622
1712188375705 120249.7 623
1712188385744 120249.7 624
1712188395795 120249.7 625
1712188405887 120249.7 626
1712188415926 120249.7 627
1712188425967 120249.7 628
1712188436056 120249.7 629
1712188446164 120249.7 630
1712188456217 120249.7 631
1712188466311 120249.7 632
1712188476406 120249.7 633
1712188486454 120249.7 634
1712188496563 120249.7 635
1712188506658 120249.7 636
1712188516752 120249.7 637
1712188526872 120249.7 638
1712188536969 120249.7 639
1712188547027 120249.7 640
1712188557124 120249.7 641
1712188567223 120249.7 642
1712188577319 120249.7 643
1712188587414 120249.7 644
1712188597470 120249.7 645
1712188607563 120249.7 646
1712188617658 120249.7 647
1712188627746 120249.7 648
1712188637843 120249.7 649
1712188647939 120249.7 650
1712188657984 120249.7 651
1712188668080 120249.7 652
1712188678169 120249.7 653
1712188688265 120249.7 654
1712188698373 120249.7 655
1712188708463 120249.7 656
1712188718506 120249.7 657
1712188728614 120249.7 658
1712188738721 120249.7 659
1712188748821 120249.7 660
1712188758934 120249.7 661
1712188769035 120249.7 662
1712188779077 120249.7 663
1712188789161 120249.7 664
1712188799264 120249.7 665
1712188809371 120249.7 666
1712188819479 120249.7 667
1712188829675 120249.7 668
1712188839719 120249.7 669
1712188849824 120249.7 670
1712188859946 120249.7 671
1712188870042 120249.7 672
1712188880144 120249.7 673
1712188890252 120249.7 674
1712188900297 120249.7 675
1712188910411 120249.7 676
1712188920511 120249.7 677
1712188930618 120249.7 678
1712188940707 120249.7 679
1712188950796 120249.7 680
1712188960843 120249.7 681
1712188970950 120249.7 682
1712188981054 120249.1 683
1712188991164 120249.1 684
1712189001277 120249.1 685
1712189011381 120249.1 686
1712189021447 120249.1 687
1712189031548 120249.1 688
1712189041668 120249.1 689
1712189051793 120249.1 690
1712189061914 120249.1 691
1712189072038 120249.1 692
1712189082093 120249.1 693
1712189092200 120249.1 694
1712189102311 120249.1 695
1712189112426 120249.1 696
1712189122533 120249.1 697
1712189132651 120249.1 698
1712189142726 120249.1 699
1712189152837 120249.1 700
1712189162956 120249.1 701
1712189173065 120249.1 702
1712189183192 120249.1 703
1712189193277 120249.1 704
1712189203333 120249.1 705
1712189213420 120249.1 706
1712189223507 120249.1 707
1712189233616 120249.1 708
1712189243712 120249.1 709
1712189253810 120249.1 710
1712189263852 120249.1 711
1712189273945 120249.1 712
1712189284054 120249.1 713
1712189294144 120249.1 714
1712189304251 120249.1 715
1712189314351 120249.1 716
1712189324395 120249.1 717
1712189334507 120249.1 718
1712189344594 120249.1 719
1712189354703 120249.1 720
1712189364802 120249.1 721
1712189374902 120249.1 722
1712189384957 120249.1 723
1712189395052 120249.1 724
1712189405146 120249.1 725
1712189415242 120249.1 726
1712189425337 120249.1 727
1712189435437 120249.1 728
1712189445484 120249.1 729
1712189455580 120249.1 730
1712189465686 120249.1 731
1712189475780 120249.1 732
1712189485896 120249.1 733
1712189496005 120249.1 734
1712189506123 120249.1 735
1712189516233 120249.1 736
1712189526336 120249.1 737
1712189536434 120249.1 738
1712189546538 120249.1 739
1712189556637 120249.1 740
1712189566691 120249.1 741
1712189576793 120249.1 742
1712189586888 120249.1 743
1712189596998 120249.1 744
1712189607086 120249.1 745
1712189617188 120249.1 746
1712189627233 120249.1 747
1712189637328 120249.1 748
1712189647444 120249.1 749
1712189657549 120249.1 750
1712189667653 120249.1 751
1712189677692 120249.1 752
1712189687787 120249.1 753
1712189697888 120249.1 754
1712189707986 120249.1 755
1712189718090 120249.1 756
1712189728199 120249.1 757
1712189738336 120249.1 758
1712189748442 120249.1 759
1712189758537 120249.1 760
1712189768637 120249.1 761
1712189778747 120249.1 762
1712189788850 120249.1 763
1712189798901 120249.1 764
1712189809022 120249.1 765
1712189819127 120249.1 766
1712189829239 120249.1 767
1712189839349 120249.1 768
1712189849456 120249.1 769
1712189859507 120249.1 770
1712189869604 120249.1 771
1712189879714 120249.1 772
1712189889809 120249.1 773
1712189899907 120249.1 774
1712189910020 120249.1 775
1712189920064 120249.1 776
1712189930168 120249.1 777
1712189940264 120249.1 778
1712189950354 120249.1 779
1712189960555 120249.1 780
1712189970669 120249.1 781
1712189980715 120249.1 782
1712189990819 120249.1 783
1712190000914 120249.1 784
1712190011024 120249.1 785
1712190021138 120248.6 786
1712190031256 120248.6 787
1712190041316 120248.6 788
1712190051426 120248.6 789
1712190061532 120248.6 790
1712190071653 120248.6 791
1712190081781 120248.5 792
1712190091982 120248.5 793
1712190102035 120248.5 794
1712190112125 120248.5 795
1712190122229 120248.5 796
1712190132359 120248.5 797
1712190142452 120248.5 798
1712190152565 120248.5 799
1712190162610 120248.5 800
1712190172718 120248.5 801
1712190182827 120248.5 802
1712190192922 120248.5 803
1712190203024 120248.5 804
1712190213124 120248.5 805
1712190223180 120248.5 806
1712190233284 120248.5 807
1712190243387 120248.5 808
1712190253502 120248.5 809
1712190263613 120248.5 810
1712190273722 120248.5 811
1712190283769 120248.5 812
1712190293871 120248.5 813
1712190303968 120248.5 814
1712190314079 120248.5 815
1712190324186 120248.5 816
1712190334303 120248.5 817
1712190344346 120248.5 818
1712190354440 120248.5 819
1712190364561 120248.5 820
1712190374653 120248.5 821
1712190384764 120248.5 822
1712190394863 120248.5 823
1712190404913 120248.5 824
1712190415017 120248.5 825
1712190425105 120248.5 826
1712190435215 120248.5 827
1712190445325 120248.5 828
1712190455417 120248.5 829
1712190465478 120248.5 830
1712190475582 120248.5 831
1712190485688 120248.5 832
1712190495788 120248.5 833
1712190505879 120248.5 834
1712190515982 120248.5 835
1712190526035 120248.5 836
1712190536135 120248.5 837
1712190546224 120248.5 838
1712190556322 120248.5 839
1712190566436 120248.5 840
1712190576547 120248.5 841
1712190586609 120248.5 842
1712190596702 120248.5 843
1712190606806 120248.5 844
1712190616902 120248.5 845
1712190626993 120248.5 846
1712190637100 120248.5 847
1712190647149 120248.5 848
1712190657255 120248.5 849
1712190667356 120248.5 850
1712190677414 120248.5 851
1712190687480 120248.5 852
1712190697578 120248.5 853
1712190707647 120248.5 854
1712190717697 120248.5 855
1712190727801 120248.5 856
1712190737856 120248.5 857
1712190747903 120248.5 858
1712190758004 120248.5 859
1712190768056 120248.5 860
1712190778100 120248.5 861
1712190788209 120248.5 862
1712190798253 120248.5 863
1712190808302 120248.5 864
1712190818402 120248.5 865
1712190828453 120248.5 866
1712190838509 120248.5 867
1712190848618 120248.5 868
1712190858758 120248.5 869
1712190868806 120248.5 870
1712190878897 120248.5 871
1712190888950 120248.5 872
1712190898999 120248.5 873
1712190909112 120248.5 874
1712190919216 120248.5 875
1712190929317 120248.5 876
1712190939385 120248.5 877
1712190949478 120248.5 878
1712190959582 120248.5 879
1712190969734 120248.5 880
1712190979864 120248.5 881
1712190989969 120248.5 882
1712191000020 120248.5 883
1712191010143 120248.5 884
1712191020250 120248.5 885
1712191030348 120248.5 886
1712191040449 120248.5 887
1712191050549 120248.5 888
1712191060605 120247.9 889
1712191070716 120247.9 890
1712191080928 120247.9 891
1712191091025 120247.9 892
1712191101141 120247.9 893
1712191111256 120247.9 894
1712191121304 120247.9 895
1712191131421 120247.9 896
1712191141521 120247.9 897
1712191151629 120247.9 898
1712191161736 120247.9 899
1712191171846 120247.9 900
1712191181898 120247.9 901
1712191192019 120247.9 902
1712191202132 120247.9 903
1712191212237 120247.9 904
1712191222336 120247.9 905
1712191232442 120247.9 906
1712191242494 120247.9 907
1712191252603 120247.9 908
1712191262708 120247.9 909
1712191272827 120247.9 910
1712191282935 120247.9 911
1712191293043 120247.9 912
1712191303096 120247.9 913
1712191313203 120247.9 914
1712191323305 120247.9 915
1712191333420 120247.9 916
1712191343543 120247.9 917
1712191353670 120247.9 918
1712191363728 120247.9 919
1712191373845 120247.9 920
1712191383962 120247.9 921
1712191394086 120247.9 922
1712191404207 120247.9 923
1712191414330 120247.9 924
1712191424391 120247.9 925
1712191434513 120247.9 926
1712191444629 120247.9 927
1712191454756 120247.9 928
1712191464886 120247.9 929
1712191475000 120247.9 930
1712191485060 120247.9 931
1712191495188 120247.9 932
1712191505323 120247.9 933
1712191515439 120247.9 934
1712191525582 120247.9 935
1712191535697 120247.9 936
1712191545745 120247.9 937
1712191555844 120247.9 938
1712191565974 120247.9 939
1712191576106 120247.9 940
1712191586211 120247.9 941
1712191596321 120247.9 942
1712191606373 120247.9 943
1712191616485 120247.9 944
1712191626601 120247.9 945
1712191636731 120247.9 946
1712191646853 120247.9 947
1712191656963 120247.9 948
1712191667017 120247.9 949
1712191677135 120247.9 950
1712191687242 120247.9 951
1712191697357 120247.9 952
1712191707461 120247.9 953
1712191717528 120247.9 954
1712191727660 120247.9 955
1712191737787 120247.9 956
1712191747888 120247.9 957
1712191757988 120247.9 958
1712191768086 120247.9 959
1712191778146 120247.9 960
1712191788269 120247.9 961
1712191798373 120247.9 962
1712191808490 120247.9 963
1712191818597 120247.9 964
1712191828704 120247.9 965
1712191838753 120247.9 966
1712191848869 120247.9 967
1712191858996 120247.9 968
1712191869112 120247.9 969
1712191879221 120247.9 970
1712191889324 120247.9 971
1712191899380 120247.9 972
1712191909489 120247.9 973
1712191919597 120247.9 974
1712191929698 120247.9 975
1712191939803 120247.9 976
1712191949915 120247.9 977
1712191959969 120247.9 978
1712191970070 120247.9 979
1712191980183 120247.9 980
1712191990295 120247.9 981
1712192000389 120247.9 982
1712192010506 120247.9 983
1712192020553 120247.9 984
1712192030646 120247.9 985
1712192040757 120247.9 986
1712192050865 120247.9 987
1712192060970 120247.9 988
1712192071088 120247.9 989
1712192081148 120247.9 990
1712192091262 120247.9 991
1712192101366 120247.4 992
1712192111476 120247.4 993
1712192121596 120247.4 994
1712192131691 120247.4 995
1712192141746 120247.4 996
1712192151858 120247.4 997
1712192161967 120247.4 998
1712192172077 120247.4 999
1712192182177 120247.4 1000
1712192192283 120247.4 1001
1712192202341 120247.4 1002
1712192212534 120247.4 1003
1712192222633 120247.4 1004
1712192232744 120247.4 1005
1712192242852 120247.4 1006
1712192252961 120247.4 1007
1712192263005 120247.4 1008
1712192273110 120247.4 1009
1712192283234 120247.4 1010
1712192293343 120247.4 1011
1712192303461 120247.4 1012
1712192313578 120247.4 1013
1712192323638 120247.4 1014
1712192333744 120247.4 1015
1712192343881 120247.4 1016
1712192354004 120247.4 1017
1712192364127 120247.4 1018
1712192374252 120247.4 1019
1712192384305 120247.4 1020
1712192394432 120247.4 1021
1712192404485 120247.4 1022
1712192414548 120247.4 1023
1712192424606 120247.4 1024
1712192434736 120247.4 1025
1712192444863 120247.4 1026
1712192454973 120247.3 1027
1712192465116 120247.3 1028
1712192475233 120247.3 1029
1712192485346 120247.3 1030
1712192495454 120247.3 1031
1712192505586 120247.3 1032
1712192515696 120247.3 1033
1712192525835 120247.3 1034
1712192535942 120247.3 1035
1712192546066 120247.3 1036
1712192556209 120247.3 1037
1712192566331 120247.3 1038
1712192576450 120247.3 1039
1712192586577 120247.3 1040
1712192596694 120247.3 1041
1712192606819 120247.3 1042
1712192616935 120247.3 1043
1712192627060 120247.3 1044
1712192637190 120247.3 1045
1712192647314 120247.3 1046
1712192657437 120247.3 1047
1712192667553 120247.3 1048
1712192677682 120247.3 1049
1712192687796 120247.3 1050
1712192697907 120247.3 1051
1712192708021 120247.3 1052
1712192718141 120247.3 1053
1712192728271 120247.3 1054
1712192738396 120247.3 1055
1712192748529 120247.3 1056
1712192758659 120247.3 1057
1712192768775 120247.3 1058
1712192778893 120247.3 1059
1712192789032 120247.3 1060
1712192799155 120247.3 1061
1712192809277 120247.3 1062
1712192819405 120247.3 1063
1712192829535 120247.3 1064
1712192839650 120247.3 1065
1712192849774 120247.3 1066
1712192859896 120247.3 1067
1712192870022 120247.3 1068
1712192880138 120247.3 1069
1712192890250 120247.3 1070
1712192900386 120247.3 1071
1712192910500 120247.3 1072
1712192920640 120247.3 1073
1712192930754 120247.3 1074
1712192940880 120247.3 1075
1712192951013 120247.3 1076
1712192961132 120247.3 1077
1712192971261 120247.3 1078
1712192981383 120247.3 1079
1712192991518 120247.3 1080
1712193001633 120247.3 1081
1712193011782 120247.3 1082
1712193021913 120247.3 1083
1712193032044 120247.3 1084
1712193042165 120247.3 1085
1712193052298 120247.3 1086
1712193062418 120247.3 1087
1712193072547 120247.3 1088
1712193082671 120247.3 1089
1712193092895 120247.3 1090
1712193103020 120247.3 1091
1712193113145 120247.3 1092
1712193123271 120247.3 1093
1712193133402 120247.3 1094
1712193143536 120246.8 1095
1712193153649 120246.8 1096
1712193163764 120246.8 1097
1712193173880 120246.8 1098
1712193183999 120246.8 1099
1712193194115 120246.8 1100
1712193204233 120246.8 1101
1712193214350 120246.8 1102
1712193224488 120246.8 1103
1712193234604 120246.8 1104
1712193244737 120246.8 1105
1712193254967 120246.8 1106
1712193265098 120246.8 1107
1712193275207 120246.8 1108
1712193285329 120246.8 1109
1712193295448 120246.8 1110
1712193305577 120246.8 1111
1712193315701 120246.8 1112
1712193325815 120246.8 1113
1712193335933 120246.8 1114
1712193346061 120246.8 1115
1712193356189 120246.8 1116
1712193366324 120246.8 1117
1712193376457 120246.8 1118
1712193386566 120246.8 1119
1712193396683 120246.8 1120
1712193406905 120246.8 1121
1712193417024 120246.8 1122
1712193427158 120246.8 1123
1712193437292 120246.8 1124
1712193447408 120246.8 1125
1712193457540 120246.8 1126
1712193467659 120246.8 1127
1712193477773 120246.8 1128
1712193487912 120246.8 1129
1712193498058 120246.8 1130
1712193508182 120246.8 1131
1712193518310 120246.8 1132
1712193528494 120246.8 1133
1712193538705 120246.8 1134
1712193548828 120246.8 1135
1712193558946 120246.8 1136
1712193569064 120246.8 1137
1712193579192 120246.8 1138
1712193589305 120246.8 1139
1712193599416 120246.8 1140
1712193609553 120246.8 1141
1712193619686 120246.8 1142
1712193629813 120246.8 1143
1712193639929 120246.8 1144
1712193650060 120246.8 1145
1712193660178 120246.8 1146
1712193670326 120246.8 1147
1712193680459 120246.8 1148
1712193690598 120246.8 1149
1712193700745 120246.8 1150
1712193710872 120246.8 1151
1712193721002 120246.8 1152
1712193731154 120246.8 1153
1712193741293 120246.8 1154
1712193751425 120246.8 1155
1712193761581 120246.8 1156
1712193771726 120246.8 1157
1712193781847 120246.8 1158
1712193791999 120246.8 1159
1712193802143 120246.8 1160
1712193812298 120246.8 1161
1712193822532 120246.8 1162
1712193832672 120246.8 1163
1712193842810 120246.8 1164
1712193852950 120246.8 1165
1712193863097 120246.8 1166
1712193873238 120246.8 1167
1712193883376 120246.7 1168
1712193893497 120246.7 1169
1712193903634 120246.7 1170
1712193913717 120246.7 1171
1712193923879 120246.7 1172
1712193933935 120246.7 1173
1712193944052 120246.7 1174
1712193954188 120246.7 1175
1712193964326 120246.7 1176
1712193974455 120246.7 1177
1712193984596 120246.7 1178
1712193994749 120246.7 1179
1712194004888 120246.7 1180
1712194015005 120246.7 1181
1712194025135 120246.7 1182
1712194035257 120246.7 1183
1712194045368 120246.7 1184
1712194055489 120246.7 1185
1712194065590 120246.7 1186
1712194075705 120246.7 1187
1712194085821 120246.7 1188
1712194095931 120246.7 1189
1712194106057 120246.7 1190
1712194116249 120246.7 1191
1712194126387 120246.7 1192
1712194136500 120246.7 1193
1712194146604 120246.7 1194
1712194156719 120246.7 1195
1712194166848 120246.7 1196
1712194176969 120246.7 1197
1712194187050 120246.2 1198
1712194197173 120246.2 1199
1712194207242 120246.2 1200
1712194217356 120246.2 1201
1712194227423 120246.2 1202
1712194237546 120246.2 1203
1712194247658 120246.2 1204
1712194257726 120246.2 1205
1712194267845 120246.2 1206
1712194277978 120246.2 1207
1712194288031 120246.2 1208
1712194298149 120246.2 1209
1712194308260 120246.2 1210
1712194318373 120246.2 1211
1712194328493 120246.2 1212
1712194338604 120246.2 1213
1712194348720 120246.2 1214
1712194358833 120246.2 1215
1712194368944 120246.2 1216
1712194379075 120246.2 1217
1712194389179 120246.2 1218
1712194399290 120246.2 1219
1712194409400 120246.2 1220
1712194419517 120246.2 1221
1712194429727 120246.2 1222
1712194439831 120246.2 1223
1712194449937 120246.2 1224
1712194460066 120246.2 1225
1712194470131 120246.2 1226
1712194480295 120246.2 1227
1712194490357 120246.2 1228
1712194500491 120246.2 1229
1712194510615 120246.2 1230
1712194520721 120246.2 1231
1712194530859 120246.2 1232
1712194540970 120246.2 1233
1712194551095 120246.2 1234
1712194561205 120246.2 1235
1712194571325 120246.2 1236
1712194581457 120246.2 1237
1712194591575 120246.2 1238
1712194601693 120246.2 1239
1712194611812 120246.2 1240
1712194621924 120246.2 1241
1712194632043 120246.2 1242
1712194642145 120246.2 1243
1712194652268 120246.2 1244
1712194662336 120246.2 1245
1712194672416 120246.2 1246
1712194682526 120246.2 1247
1712194692636 120246.2 1248
1712194702740 120246.2 1249
1712194712848 120246.2 1250
1712194722975 120246.2 1251
1712194733086 120246.2 1252
1712194743197 120246.2 1253
1712194753314 120246.2 1254
1712194763431 120246.2 1255
1712194773560 120246.2 1256
1712194783673 120246.2 1257
1712194793789 120246.2 1258
1712194803899 120246.2 1259
1712194814008 120246.2 1260
1712194824134 120246.2 1261
1712194834245 120246.2 1262
1712194844364 120246.2 1263
1712194854467 120246.2 1264
1712194864568 120246.2 1265
1712194874689 120246.2 1266
1712194884796 120246.2 1267
1712194894907 120246.2 1268
1712194905008 120246.2 1269
1712194915122 120246.2 1270
1712194925244 120246.2 1271
1712194935355 120246.2 1272
1712194945479 120246.1 1273
1712194955581 120246.1 1274
1712194965692 120246.1 1275
1712194975814 120246.1 1276
1712194985928 120246.1 1277
1712194996038 120246.1 1278
1712195006139 120246.1 1279
1712195016263 120246.1 1280
1712195026371 120246.1 1281
1712195036485 120246.1 1282
1712195046593 120246.1 1283
1712195056697 120246.1 1284
1712195066801 120246.1 1285
1712195076930 120246.1 1286
1712195087044 120246.1 1287
1712195097165 120246.1 1288
1712195107273 120246.1 1289
1712195117384 120246.1 1290
1712195127502 120246.1 1291
1712195137612 120246.1 1292
1712195147732 120246.1 1293
1712195157836 120246.1 1294
1712195167955 120246.1 1295
1712195178068 120246.1 1296
1712195188168 120246.1 1297
1712195198292 120246.1 1298
1712195208403 120246.1 1299
1712195218518 120246.1 1300
1712195228637 120245.6 1301
1712195238749 120245.6 1302
1712195248863 120245.6 1303
1712195258975 120245.6 1304
1712195269087 120245.6 1305
1712195279199 120245.6 1306
1712195289310 120245.6 1307
1712195299425 120245.6 1308
1712195309539 120245.6 1309
1712195319655 120245.6 1310
1712195329777 120245.6 1311
1712195339911 120245.6 1312
1712195350024 120245.6 1313
1712195360146 120245.6 1314
1712195370265 120245.6 1315
1712195380375 120245.6 1316
1712195390507 120245.6 1317
1712195400613 120245.6 1318
1712195410715 120245.6 1319
1712195420817 120245.6 1320
1712195430928 120245.6 1321
1712195441078 120245.6 1322
1712195451182 120245.6 1323
1712195461302 120245.6 1324
1712195471416 120245.6 1325
1712195481518 120245.6 1326
1712195491637 120245.6 1327
1712195501745 120245.6 1328
1712195511860 120245.6 1329
1712195521959 120245.6 1330
1712195532070 120245.6 1331
1712195542189 120245.6 1332
1712195552291 120245.6 1333
1712195562405 120245.6 1334
1712195572513 120245.6 1335
1712195582625 120245.6 1336
1712195592840 120245.6 1337
1712195602956 120245.6 1338
1712195613090 120245.6 1339
1712195623209 120245.6 1340
1712195633338 120245.6 1341
1712195643447 120245.6 1342
1712195653569 120245.6 1343
1712195663686 120245.6 1344
1712195673798 120245.6 1345
1712195683915 120245.6 1346
1712195694029 120245.6 1347
1712195704150 120245.6 1348
1712195714257 120245.6 1349
1712195724368 120245.6 1350
1712195734485 120245.6 1351
1712195744673 120245.6 1352
1712195754781 120245.6 1353
1712195764888 120245.6 1354
1712195774998 120245.6 1355
1712195785132 120245.6 1356
1712195795249 120245.6 1357
1712195805363 120245.6 1358
1712195815481 120245.6 1359
1712195825599 120245.6 1360
1712195835713 120245.6 1361
1712195845838 120245.6 1362
1712195855945 120245.6 1363
1712195866071 120245.6 1364
1712195876183 120245.6 1365
1712195886299 120245.6 1366
1712195896478 120245.6 1367
1712195906589 120245.6 1368
1712195916718 120245.6 1369
1712195926830 120245.6 1370
1712195936956 120245.6 1371
1712195947065 120245.6 1372
1712195957182 120245.6 1373
1712195967307 120245.6 1374
1712195977413 120245.6 1375
1712195987528 120245.6 1376
1712195997640 120245.6 1377
1712196007768 120245.6 1378
1712196017840 120245.6 1379
1712196027963 120245.6 1380
1712196038044 120245.6 1381
1712196048119 120245.6 1382
1712196058260 120245.6 1383
1712196068406 120245.6 1384
1712196078557 120245.5 1385
1712196088652 120245.5 1386
1712196098795 120245.5 1387
1712196108934 120245.5 1388
1712196119075 120245.5 1389
1712196129210 120245.5 1390
1712196139336 120245.5 1391
1712196149469 120245.5 1392
1712196159606 120245.5 1393
1712196169745 120245.5 1394
1712196179972 120245.5 1395
1712196190106 120245.5 1396
1712196200244 120245.5 1397
1712196210375 120245.5 1398
1712196220500 120245.5 1399
1712196230645 120245.5 1400
1712196240776 120245.5 1401
1712196250913 120245.5 1402
1712196261015 120245.5 1403
1712196271141 120245.0 1404
1712196281274 120245.0 1405
1712196291408 120245.0 1406
1712196301534 120245.0 1407
1712196311643 120245.0 1408
1712196321752 120245.0 1409
1712196331885 120245.0 1410
1712196341989 120245.0 1411
1712196352111 120245.0 1412
1712196362219 120245.0 1413
1712196372321 120245.0 1414
1712196382439 120245.0 1415
1712196392548 120245.0 1416
1712196402658 120245.0 1417
1712196412777 120245.0 1418
1712196422897 120245.0 1419
1712196433022 120245.0 1420
1712196443146 120245.0 1421
1712196453260 120245.0 1422
1712196463395 120245.0 1423
1712196473600 120245.0 1424
1712196483718 120245.0 1425
1712196493839 120245.0 1426
1712196503943 120245.0 1427
1712196514053 120245.0 1428
1712196524163 120245.0 1429
1712196534263 120245.0 1430
1712196544393 120245.0 1431
1712196554506 120245.0 1432
1712196564633 120245.0 1433
1712196574749 120245.0 1434
1712196584861 120245.0 1435
1712196594978 120245.0 1436
1712196605084 120245.0 1437
1712196615222 120245.0 1438
1712196625464 120245.0 1439
1712196635571 120245.0 1440
1712196645705 120245.0 1441
1712196655841 120245.0 1442
1712196665954 120245.0 1443
1712196676087 120245.0 1444
1712196686216 120245.0 1445
1712196696310 120245.0 1446
1712196706447 120245.0 1447
1712196716607 120245.0 1448
1712196726751 120245.0 1449
1712196736887 120245.0 1450
1712196747108 120245.0 1451
1712196757247 120245.0 1452
1712196767390 120245.0 1453
1712196777502 120245.0 1454
1712196787635 120245.0 1455
1712196797769 120245.0 1456
1712196807905 120245.0 1457
1712196818046 120245.0 1458
1712196828180 120245.0 1459
1712196838315 120245.0 1460
1712196848525 120245.0 1461
1712196858675 120245.0 1462
1712196868795 120245.0 1463
1712196878942 120245.0 1464
1712196889097 120245.0 1465
1712196899244 120245.0 1466
1712196909375 120245.0 1467
1712196919512 120245.0 1468
1712196929633 120245.0 1469
1712196939755 120245.0 1470
1712196949992 120245.0 1471
1712196960119 120245.0 1472
1712196970246 120245.0 1473
1712196980392 120245.0 1474
1712196990523 120245.0 1475
1712197000603 120245.0 1476
1712197010735 120245.0 1477
1712197020885 120245.0 1478
1712197031017 120245.0 1479
1712197041161 120245.0 1480
1712197051321 120245.0 1481
1712197061554 120245.0 1482
1712197071718 120245.0 1483
1712197081866 120245.0 1484
1712197092000 120245.0 1485
1712197102162 120245.0 1486
1712197112341 120245.0 1487
1712197122483 120245.0 1488
1712197132643 120245.0 1489
1712197142792 120245.0 1490
1712197152923 120245.0 1491
1712197163078 120245.0 1492
1712197173225 120245.0 1493
1712197183473 120245.0 1494
1712197193639 120245.0 1495
1712197203763 120245.0 1496
1712197213899 120245.0 1497
1712197224036 120245.0 1498
1712197234213 120245.0 1499
1712197244381 120245.0 1500
1712197254518 120245.0 1501
1712197264672 120245.0 1502
1712197274839 120245.0 1503
1712197284963 120245.0 1504
1712197295213 120245.0 1505
1712197305389 120245.0 1506
1712197315538 120244.4 1507
1712197325662 120244.4 1508
1712197335817 120244.4 1509
1712197345984 120244.4 1510
1712197356111 120244.4 1511
1712197366253 120244.4 1512
1712197376384 120244.4 1513
1712197386512 120244.4 1514
1712197396655 120244.4 1515
1712197406799 120244.4 1516
1712197416931 120244.4 1517
1712197427091 120244.4 1518
1712197437258 120244.4 1519
1712197447389 120244.4 1520
1712197457536 120244.4 1521
1712197467667 120244.4 1522
1712197477784 120244.4 1523
1712197488028 120244.4 1524
1712197498188 120244.4 1525
1712197508349 120244.4 1526
1712197518494 120244.4 1527
1712197528662 120244.4 1528
1712197538806 120244.4 1529
1712197548943 120244.4 1530
1712197559095 120244.4 1531
1712197569244 120244.4 1532
1712197579530 120244.4 1533
1712197589679 120244.4 1534
1712197599823 120244.4 1535
1712197609989 120244.4 1536
1712197620138 120244.4 1537
1712197630284 120244.4 1538
1712197640427 120244.4 1539
1712197650606 120244.4 1540
1712197660757 120244.4 1541
1712197670923 120244.4 1542
1712197681209 120244.4 1543
1712197691358 120244.4 1544
1712197701518 120244.4 1545
1712197711652 120244.4 1546
1712197721823 120244.4 1547
1712197731970 120244.4 1548
1712197742135 120244.4 1549
1712197752293 120244.4 1550
1712197762444 120244.4 1551
1712197772580 120244.4 1552
1712197782756 120244.4 1553
1712197792987 120244.4 1554
1712197803142 120244.4 1555
1712197813270 120244.4 1556
1712197823426 120244.4 1557
1712197833589 120244.4 1558
1712197843755 120244.4 1559
1712197853922 120244.4 1560
1712197864105 120244.4 1561
1712197874256 120244.4 1562
1712197884386 120244.4 1563
1712197894542 120244.4 1564
1712197904808 120244.4 1565
1712197915000 120244.4 1566
1712197925135 120244.4 1567
1712197935297 120244.4 1568
1712197945485 120244.4 1569
1712197955657 120244.4 1570
1712197965809 120244.4 1571
1712197975971 120244.4 1572
1712197986111 120244.4 1573
1712197996267 120244.4 1574
1712198006425 120244.4 1575
1712198016577 120244.4 1576
1712198026743 120244.4 1577
1712198036885 120244.4 1578
1712198047030 120244.4 1579
1712198057173 120244.4 1580
1712198067327 120244.4 1581
1712198077486 120244.4 1582
1712198087615 120244.4 1583
1712198097802 120244.4 1584
1712198107931 120244.4 1585
1712198118192 120244.4 1586
1712198128354 120244.4 1587
1712198138508 120244.4 1588
1712198148666 120244.4 1589
1712198158807 120244.4 1590
1712198168961 120244.4 1591
1712198179141 120244.4 1592
1712198189311 120244.4 1593
1712198199452 120244.4 1594
1712198209599 120244.4 1595
1712198219866 120244.4 1596
1712198230017 120244.4 1597
1712198240156 120244.4 1598
1712198250252 120244.4 1599
1712198260403 120244.4 1600
1712198270529 120244.4 1601
1712198280651 120244.4 1602
1712198290802 120244.4 1603
1712198300888 120244.4 1604
1712198311051 120244.4 1605
1712198321233 120244.4 1606
1712198331355 120244.4 1607
1712198341543 120244.4 1608
1712198351792 120244.4 1609
1712198361947 120243.9 1610
1712198372116 120243.9 1611
1712198382243 120243.9 1612
1712198392442 120243.9 1613
1712198402642 120243.9 1614
1712198412742 120243.8 1615
1712198422909 120243.8 1616
1712198433089 120243.8 1617
1712198443220 120243.8 1618
1712198453473 120243.8 1619
1712198463663 120243.8 1620
1712198473810 120243.8 1621
1712198483977 120243.8 1622
1712198494157 120243.8 1623
1712198504264 120243.8 1624
1712198514440 120243.8 1625
1712198524605 120243.8 1626
1712198534759 120243.8 1627
1712198544935 120243.8 1628
1712198555195 120243.8 1629
1712198565322 120243.8 1630
1712198575497 120243.8 1631
1712198585661 120243.8 1632
1712198595841 120243.8 1633
1712198606030 120243.8 1634
1712198616186 120243.8 1635
1712198626266 120243.8 1636
1712198636416 120243.8 1637
1712198646573 120243.8 1638
1712198656794 120243.8 1639
1712198666925 120243.8 1640
1712198677085 120243.8 1641
1712198687167 120243.8 1642
1712198697301 120243.8 1643
1712198707453 120243.8 1644
1712198717602 120243.8 1645
1712198727735 120243.8 1646
1712198737845 120243.8 1647
1712198747991 120243.8 1648
1712198758217 120243.8 1649
1712198768376 120243.8 1650
1712198778510 120243.8 1651
1712198788648 120243.8 1652
1712198798724 120243.8 1653
1712198808854 120243.8 1654
1712198818990 120243.8 1655
1712198829157 120243.8 1656
1712198839284 120243.8 1657
1712198849426 120243.8 1658
1712198859538 120243.8 1659
1712198869782 120243.8 1660
1712198879932 120243.8 1661
1712198890085 120243.8 1662
1712198900238 120243.8 1663
1712198910380 120243.8 1664
1712198920501 120243.8 1665
1712198930661 120243.8 1666
1712198940807 120243.8 1667
1712198950953 120243.8 1668
1712198961099 120243.8 1669
1712198971241 120243.8 1670
1712198981337 120243.8 1671
1712198991521 120243.8 1672
1712199001670 120243.8 1673
1712199011804 120243.8 1674
1712199021953 120243.8 1675
1712199032088 120243.8 1676
1712199042203 120243.8 1677
1712199052347 120243.8 1678
1712199062485 120243.8 1679
1712199072633 120243.8 1680
1712199082853 120243.8 1681
1712199092987 120243.8 1682
1712199103084 120243.8 1683
1712199113241 120243.8 1684
1712199123397 120243.8 1685
1712199133555 120243.8 1686
1712199143710 120243.8 1687
1712199153840 120243.8 1688
1712199163950 120243.8 1689
1712199174114 120243.8 1690
1712199184255 120243.8 1691
1712199194389 120243.8 1692
1712199204551 120243.8 1693
1712199214681 120243.8 1694
1712199224774 120243.8 1695
1712199234950 120243.8 1696
1712199245089 120243.8 1697
1712199255242 120243.8 1698
1712199265405 120243.8 1699
1712199275548 120243.8 1700
1712199285709 120243.8 1701
1712199295870 120243.8 1702
1712199306003 120243.8 1703
1712199316147 120243.8 1704
1712199326307 120243.8 1705
1712199336450 120243.8 1706
1712199346537 120243.8 1707
1712199356679 120243.8 1708
1712199366801 120243.8 1709
1712199376928 120243.8 1710
1712199387085 120243.8 1711
1712199397303 120243.8 1712
1712199407468 120243.3 1713
1712199417615 120243.3 1714
1712199427760 120243.3 1715
1712199437894 120243.3 1716
1712199448044 120243.3 1717
1712199458127 120243.3 1718
1712199468267 120243.3 1719
1712199478408 120243.3 1720
1712199488544 120243.3 1721
1712199498687 120243.3 1722
1712199508835 120243.3 1723
1712199518986 120243.3 1724
1712199529112 120243.3 1725
1712199539251 120243.3 1726
1712199549374 120243.3 1727
1712199559497 120243.3 1728
1712199569639 120243.3 1729
1712199579703 120243.3 1730
1712199589853 120243.3 1731
1712199599989 120243.2 1732
1712199610109 120243.2 1733
1712199620239 120243.2 1734
1712199630441 120243.2 1735
1712199640515 120243.2 1736
1712199650656 120243.2 1737
1712199660801 120243.2 1738
1712199670920 120243.2 1739
1712199681057 120243.2 1740
1712199691178 120243.2 1741
1712199701239 120243.2 1742
1712199711382 120243.2 1743
1712199721506 120243.2 1744
1712199731714 120243.2 1745
1712199741860 120243.2 1746
1712199751978 120243.2 1747
1712199762051 120243.2 1748
1712199772182 120243.2 1749
1712199782316 120243.2 1750
1712199792456 120243.2 1751
1712199802599 120243.2 1752
1712199812752 120243.2 1753
1712199822832 120243.2 1754
1712199832947 120243.2 1755
1712199843079 120243.2 1756
1712199853213 120243.2 1757
1712199863348 120243.2 1758
1712199873480 120243.2 1759
1712199883552 120243.2 1760
1712199893686 120243.2 1761
1712199903808 120243.2 1762
1712199913946 120243.2 1763
1712199924066 120243.2 1764
1712199934206 120243.2 1765
1712199944273 120243.2 1766
1712199954395 120243.2 1767
1712199964532 120243.2 1768
1712199974658 120243.2 1769
1712199984789 120243.2 1770
1712199994926 120243.2 1771
1712200004991 120243.2 1772
1712200015123 120243.2 1773
1712200025269 120243.2 1774
1712200035482 120243.2 1775
1712200045613 120243.2 1776
1712200055738 120243.2 1777
1712200065809 120243.2 1778
1712200075954 120243.2 1779
1712200086090 120243.2 1780
1712200096206 120243.2 1781
1712200106335 120243.2 1782
1712200116466 120243.2 1783
1712200126548 120243.2 1784
1712200136734 120243.2 1785
1712200146867 120243.2 1786
1712200157006 120243.2 1787
1712200167143 120243.2 1788
1712200177315 120243.2 1789
1712200187469 120243.2 1790
1712200197611 120243.2 1791
1712200207756 120243.2 1792
1712200217870 120243.2 1793
1712200228040 120243.2 1794
1712200238133 120243.2 1795
1712200248318 120243.2 1796
1712200258454 120243.2 1797
1712200268596 120243.2 1798
1712200278760 120243.2 1799
1712200288909 120243.2 1800
1712200299116 120243.2 1801
1712200309278 120243.2 1802
1712200319412 120243.2 1803
1712200329572 120243.2 1804
1712200339732 120243.2 1805
1712200349869 120243.2 1806
1712200360030 120243.2 1807
1712200370187 120243.2 1808
1712200380448 120243.2 1809
1712200390606 120243.2 1810
1712200400763 120243.2 1811
1712200410901 120243.2 1812
1712200421053 120243.2 1813
1712200431205 120243.2 1814
1712200441395 120243.2 1815
1712200451531 120242.7 1816
1712200461690 120242.7 1817
1712200471868 120242.7 1818
1712200482017 120242.7 1819
1712200492179 120242.7 1820
1712200502307 120242.7 1821
1712200512460 120242.7 1822
1712200522600 120242.7 1823
1712200532745 120242.7 1824
1712200542898 120242.7 1825
1712200553040 120242.7 1826
1712200563193 120242.7 1827
1712200573330 120242.7 1828
1712200583479 120242.7 1829
1712200593630 120242.7 1830
1712200603853 120242.7 1831
1712200613998 120242.7 1832
1712200624170 120242.7 1833
1712200634318 120242.7 1834
1712200644464 120242.7 1835
1712200654625 120242.7 1836
1712200664791 120242.7 1837
1712200674941 120242.7 1838
1712200685101 120242.7 1839
1712200695235 120242.7 1840
1712200705369 120242.7 1841
1712200715522 120242.7 1842
1712200725697 120242.7 1843
1712200735829 120242.7 1844
1712200745992 120242.7 1845
1712200756257 120242.7 1846
1712200766418 120242.6 1847
1712200776574 120242.6 1848
1712200786743 120242.6 1849
1712200796904 120242.6 1850
1712200807066 120242.6 1851
1712200817243 120242.6 1852
1712200827417 120242.6 1853
1712200837594 120242.6 1854
1712200847770 120242.6 1855
1712200857944 120242.6 1856
1712200868112 120242.6 1857
1712200878277 120242.6 1858
1712200888426 120242.6 1859
1712200898613 120242.6 1860
1712200908803 120242.6 1861
1712200918957 120242.6 1862
1712200929115 120242.6 1863
1712200939273 120242.6 1864
1712200949434 120242.6 1865
1712200959607 120242.6 1866
1712200969769 120242.6 1867
1712200979939 120242.6 1868
1712200990111 120242.6 1869
1712201000252 120242.6 1870
1712201010412 120242.6 1871
1712201020590 120242.6 1872
1712201030730 120242.6 1873
1712201040885 120242.6 1874
1712201051124 120242.6 1875
1712201061302 120242.6 1876
1712201071452 120242.6 1877
1712201081611 120242.6 1878
1712201091770 120242.6 1879
1712201101917 120242.6 1880
1712201112076 120242.6 1881
1712201122421 120242.6 1882
1712201132592 120242.6 1883
1712201142749 120242.6 1884
1712201152910 120242.6 1885
1712201163073 120242.6 1886
1712201173239 120242.6 1887
1712201183371 120242.6 1888
1712201193523 120242.6 1889
1712201203683 120242.6 1890
1712201213828 120242.6 1891
1712201223991 120242.6 1892
1712201234194 120242.6 1893
1712201244336 120242.6 1894
1712201254483 120242.6 1895
1712201264615 120242.6 1896
1712201274750 120242.6 1897
1712201284915 120242.6 1898
1712201295037 120242.6 1899
1712201305175 120242.6 1900
1712201315314 120242.6 1901
1712201325466 120242.6 1902
1712201335602 120242.6 1903
1712201345841 120242.6 1904
1712201356007 120242.6 1905
1712201366183 120242.6 1906
1712201376321 120242.6 1907
1712201386468 120242.6 1908
1712201396612 120242.6 1909
1712201406766 120242.6 1910
1712201416919 120242.6 1911
1712201427090 120242.6 1912
1712201437250 120242.6 1913
1712201447411 120242.6 1914
1712201457575 120242.6 1915
1712201467714 120242.6 1916
1712201477853 120242.6 1917
1712201488006 120242.6 1918
1712201498171 120242.1 1919
1712201508312 120242.1 1920
1712201518472 120242.1 1921
1712201528618 120242.1 1922
1712201538779 120242.1 1923
1712201548925 120242.1 1924
1712201559074 120242.1 1925
1712201569354 120242.1 1926
1712201579509 120242.1 1927
1712201589661 120242.1 1928
1712201599837 120242.1 1929
1712201609980 120242.1 1930
1712201620131 120242.1 1931
1712201630288 120242.1 1932
1712201640443 120242.1 1933
1712201650585 120242.1 1934
1712201660716 120242.1 1935
1712201670848 120242.1 1936
1712201680998 120242.1 1937
1712201691152 120242.1 1938
1712201701308 120242.1 1939
1712201711463 120242.1 1940
1712201721720 120242.1 1941
1712201731882 120242.1 1942
1712201742026 120242.1 1943
1712201752168 120242.1 1944
1712201762313 120242.1 1945
1712201772455 120242.1 1946
1712201782588 120242.1 1947
1712201792716 120242.1 1948
1712201802861 120242.1 1949
1712201813011 120242.1 1950
1712201823167 120242.1 1951
1712201833307 120242.1 1952
1712201843437 120242.1 1953
1712201853617 120242.1 1954
1712201863765 120242.1 1955
1712201874021 120242.1 1956
1712201884181 120242.1 1957
1712201894343 120242.1 1958
1712201904491 120242.1 1959
1712201914635 120242.1 1960
1712201924783 120242.1 1961
1712201934882 120242.1 1962
1712201944971 120242.1 1963
1712201955106 120242.1 1964
1712201965288 120242.1 1965
1712201975431 120242.1 1966
1712201985558 120242.1 1967
1712201995694 120242.1 1968
1712202005844 120242.1 1969
1712202015970 120242.1 1970
1712202026210 120242.1 1971
1712202036349 120242.1 1972
1712202046484 120242.1 1973
1712202056618 120242.1 1974
1712202066746 120242.1 1975
1712202076874 120242.0 1976
1712202086998 120242.0 1977
1712202097147 120242.0 1978
1712202107277 120242.0 1979
1712202117409 120242.0 1980
1712202127557 120242.0 1981
1712202137684 120242.0 1982
1712202147826 120242.0 1983
1712202157963 120242.0 1984
1712202168102 120242.0 1985
1712202178329 120242.0 1986
1712202188463 120242.0 1987
1712202198597 120242.0 1988
1712202208729 120242.0 1989
1712202218847 120242.0 1990
1712202228978 120242.0 1991
1712202239113 120242.0 1992
1712202249230 120242.0 1993
1712202259362 120242.0 1994
1712202269495 120242.0 1995
1712202279634 120242.0 1996
1712202289870 120242.0 1997
1712202300027 120242.0 1998
1712202310150 120242.0 1999
1712202320286 120242.0 2000
1712202330508 120242.0 2001
1712202340638 120242.0 2002
1712202350768 120242.0 2003
1712202360909 120242.0 2004
1712202371028 120242.0 2005
1712202381163 120242.0 2006
1712202391310 120242.0 2007
1712202401454 120242.0 2008
1712202411545 120242.0 2009
1712202421684 120242.0 2010
1712202431823 120242.0 2011
1712202441923 120242.0 2012
1712202452080 120242.0 2013
1712202462221 120242.0 2014
1712202472360 120242.0 2015
1712202482525 120242.0 2016
1712202492682 120242.0 2017
1712202502852 120242.0 2018
1712202513002 120242.0 2019
1712202523085 120242.0 2020
1712202533240 120242.0 2021
1712202543392 119142.7 2022
1712202553608 119142.7 2023
1712202563762 119142.7 2024
1712202573913 119142.7 2025
1712202584030 119142.7 2026
1712202594159 119142.7 2027
1712202604292 119142.7 2028
1712202614434 119142.7 2029
1712202624600 119142.7 2030
1712202634757 119142.7 2031
1712202644918 119142.7 2032
1712202655068 119142.7 2033
1712202665200 119142.7 2034
1712202675335 119142.7 2035
1712202685455 119142.7 2036
1712202695594 119142.7 2037
1712202705742 119142.7 2038
1712202715872 119142.7 2039
1712202726007 119142.7 2040
1712202736133 119142.7 2041
1712202746283 119142.7 2042
1712202756418 119142.7 2043
1712202766569 119142.7 2044
1712202776719 119142.7 2045
1712202786848 119142.7 2046
1712202796990 119142.7 2047
1712202807126 119142.7 2048
1712202817278 119142.7 2049
1712202827425 119142.7 2050
1712202837552 119142.7 2051
1712202847681 119142.7 2052
1712202857820 119142.7 2053
1712202867965 119142.7 2054
1712202878107 119142.7 2055
1712202888238 119142.7 2056
1712202898398 119142.7 2057
1712202908483 119142.7 2058
1712202918648 119142.7 2059
1712202928779 119142.7 2060
1712202938909 119142.7 2061
1712202949070 119142.7 2062
1712202959221 119142.7 2063
1712202969362 119142.7 2064
1712202979492 119142.7 2065
1712202989621 119142.7 2066
1712202999720 119142.7 2067
1712203009965 119142.7 2068
1712203020118 119142.7 2069
1712203030262 119142.7 2070
1712203040397 119142.7 2071
1712203050545 119142.7 2072
1712203060665 119142.7 2073
1712203070808 119142.7 2074
1712203080936 119151.1 2075
1712203091107 119151.1 2076
1712203101273 119151.1 2077
1712203111459 119151.1 2078
1712203121624 119151.1 2079
1712203131800 119151.1 2080
1712203141971 119151.1 2081
1712203152170 119151.1 2082
1712203162368 119151.1 2083
1712203172557 119151.1 2084
1712203182759 119151.1 2085
1712203192973 119151.1 2086
1712203203160 119151.0 2087
1712203213354 119151.0 2088
1712203223547 119151.0 2089
1712203233803 119151.0 2090
1712203244106 119151.0 2091
1712203254312 119151.0 2092
1712203264508 119151.0 2093
1712203274707 119151.0 2094
1712203284931 119151.0 2095
1712203295206 119151.0 2096
1712203305433 119151.0 2097
1712203315718 119151.0 2098
1712203325900 119151.0 2099
1712203336049 119151.0 2100
1712203346209 119151.0 2101
1712203356349 119151.0 2102
1712203366513 119151.0 2103
1712203376701 119151.0 2104
1712203386884 119151.0 2105
1712203397065 119151.0 2106
1712203407242 119151.0 2107
1712203417385 119151.0 2108
1712203427545 119151.0 2109
1712203437717 119151.0 2110
1712203447874 119151.0 2111
1712203458053 119151.0 2112
1712203468304 119151.0 2113
1712203478468 119151.0 2114
1712203488627 119151.0 2115
1712203498799 119151.0 2116
1712203508959 119151.0 2117
1712203519112 119151.0 2118
1712203529291 119151.0 2119
1712203539447 119151.0 2120
1712203549601 119151.0 2121
1712203559778 119151.0 2122
1712203569927 119151.0 2123
1712203580085 119151.0 2124
1712203590252 119150.5 2125
1712203600401 119150.5 2126
1712203610566 119150.5 2127
1712203620792 119150.5 2128
1712203630938 119150.5 2129
1712203641122 119150.5 2130
1712203651304 119150.5 2131
1712203661458 119150.5 2132
1712203671616 119150.5 2133
1712203681785 119150.5 2134
1712203691955 119150.5 2135
1712203702110 119150.5 2136
1712203712260 119150.5 2137
1712203722414 119150.5 2138
1712203732593 119150.5 2139
1712203742730 119150.5 2140
1712203752938 119150.5 2141
1712203763109 119150.5 2142
1712203773250 119150.5 2143
1712203783393 119150.5 2144
1712203793556 119150.5 2145
1712203803774 119150.5 2146
1712203813920 119150.5 2147
1712203824100 119150.5 2148
1712203834259 119150.5 2149
1712203844427 119150.5 2150
1712203854696 119150.5 2151
1712203864873 119150.5 2152
1712203875070 119150.5 2153
1712203885268 119150.5 2154
1712203895478 119150.5 2155
1712203905654 119150.5 2156
1712203915937 119150.5 2157
1712203926114 119150.5 2158
1712203936295 119150.5 2159
1712203946474 119150.5 2160
1712203956583 119150.5 2161
1712203966721 119150.5 2162
1712203977038 119150.5 2163
1712203987220 119150.5 2164
1712203997385 119150.5 2165
1712204007501 119150.5 2166
1712204017841 119150.5 2167
1712204028042 119150.5 2168
1712204038203 119150.5 2169
1712204048409 119150.5 2170
1712204058565 119150.5 2171
1712204068701 119150.5 2172
1712204078852 119150.5 2173
1712204089086 119150.5 2174
1712204099222 119150.4 2175
1712204109364 119150.4 2176
1712204119550 119150.4 2177
1712204129794 119150.4 2178
1712204139893 119150.4 2179
1712204150091 119150.4 2180
1712204160270 119150.4 2181
1712204170500 119150.4 2182
1712204180654 119150.4 2183
1712204190826 119150.4 2184
1712204200967 119150.4 2185
1712204211147 119150.4 2186
1712204221318 119150.4 2187
1712204231469 119150.4 2188
1712204241619 119150.4 2189
1712204251810 119150.4 2190
1712204262000 119150.4 2191
1712204272168 119150.4 2192
1712204282315 119150.4 2193
1712204292484 119150.4 2194
1712204302724 119150.4 2195
1712204312868 119150.4 2196
1712204323014 119150.4 2197
1712204333161 119150.4 2198
1712204343334 119150.4 2199
1712204353495 119150.4 2200
1712204363634 119150.4 2201
1712204373781 119150.4 2202
1712204383937 119150.4 2203
1712204394164 119150.4 2204
1712204404318 119150.4 2205
1712204414497 119150.4 2206
1712204424642 119150.4 2207
1712204434811 119150.4 2208
1712204444945 119150.4 2209
1712204455112 119150.4 2210
1712204465267 119150.4 2211
1712204475514 119150.4 2212
1712204485702 119150.4 2213
1712204495859 119150.4 2214
1712204505957 119150.4 2215
1712204516227 119150.4 2216
1712204526386 119150.4 2217
1712204536537 119150.4 2218
1712204546718 119150.4 2219
1712204556961 119150.4 2220
1712204567107 119150.4 2221
1712204577267 119150.4 2222
1712204587456 119150.4 2223
1712204597605 119150.4 2224
1712204607854 119150.4 2225
1712204617989 119150.4 2226
1712204628134 119150.4 2227
1712204638291 119150.4 2228
1712204648464 119149.9 2229
1712204658699 119149.9 2230
1712204668842 119149.9 2231
1712204678976 119149.9 2232
1712204689188 119149.9 2233
1712204699442 119149.9 2234
1712204709592 119149.9 2235
1712204719766 119149.9 2236
1712204729915 119149.9 2237
1712204740077 119149.9 2238
1712204750232 119149.9 2239
1712204760393 119149.9 2240
1712204770626 119149.9 2241
1712204780798 119149.9 2242
1712204790953 119149.9 2243
1712204801105 119149.9 2244
1712204811272 119149.9 2245
1712204821440 119149.9 2246
1712204831683 119149.9 2247
1712204841842 119149.9 2248
1712204852025 119149.9 2249
1712204862157 119149.9 2250
1712204872324 119149.9 2251
1712204882599 119149.9 2252
1712204892799 119149.9 2253
1712204902987 119149.9 2254
1712204913158 119149.9 2255
1712204923347 119149.9 2256
1712204933621 119149.9 2257
1712204943892 119149.9 2258
1712204954068 119149.9 2259
1712204964258 119149.9 2260
1712204974406 119149.9 2261
1712204984682 119149.9 2262
1712204994868 119149.9 2263
1712205005090 119149.9 2264
1712205015272 119149.9 2265
1712205025447 119149.9 2266
1712205035622 119149.9 2267
1712205045909 119149.9 2268
1712205056111 119149.9 2269
1712205066288 119149.9 2270
1712205076478 119149.9 2271
1712205086645 119149.9 2272
1712205096927 119149.9 2273
1712205107118 119149.9 2274
1712205117352 119149.9 2275
1712205127590 119149.9 2276
1712205137796 119149.9 2277
1712205148075 119149.9 2278
1712205158268 119149.9 2279
1712205168437 119149.9 2280
1712205178612 119149.9 2281
1712205188804 119149.9 2282
1712205198973 119149.9 2283
1712205209257 119149.9 2284
1712205219405 119149.9 2285
1712205229563 119149.9 2286
1712205239714 119149.9 2287
1712205249881 119149.9 2288
1712205260059 119149.9 2289
1712205270329 119149.9 2290
1712205280502 119149.9 2291
1712205290654 119149.9 2292
1712205300837 119149.9 2293
1712205311028 119149.9 2294
1712205321190 119149.9 2295
1712205331472 119149.9 2296
1712205341654 119149.9 2297
1712205351822 119149.9 2298
1712205361978 119149.9 2299
1712205372109 119149.9 2300
1712205382300 119149.9 2301
1712205392557 119149.9 2302
1712205402720 119149.9 2303
1712205412897 119149.9 2304
1712205423064 119149.9 2305
1712205433238 119149.9 2306
1712205443425 119149.9 2307
1712205453586 119149.9 2308
1712205463751 119149.9 2309
1712205473917 119149.9 2310
1712205484095 119149.9 2311
1712205494273 119149.9 2312
1712205504448 119149.9 2313
1712205514626 119149.9 2314
1712205524833 119149.9 2315
1712205535008 119149.9 2316
1712205545191 119149.9 2317
1712205555391 119149.9 2318
1712205565571 119149.9 2319
1712205575747 119149.9 2320
1712205585937 119149.9 2321
1712205596118 119149.9 2322
1712205606305 119149.9 2323
1712205616480 119149.9 2324
1712205626663 119149.8 2325
1712205636824 119149.8 2326
1712205647005 119149.8 2327
1712205657182 119149.8 2328
1712205667384 119149.8 2329
1712205677567 119149.8 2330
1712205687752 119149.8 2331
1712205697929 119149.3 2332
1712205708135 119149.3 2333
1712205718323 119149.3 2334
1712205728507 119149.3 2335
1712205738668 119149.3 2336
1712205748845 119149.3 2337
1712205759042 119149.3 2338
1712205769211 119149.3 2339
1712205779395 119149.3 2340
1712205789587 119149.3 2341
1712205799761 119149.3 2342
1712205809941 119149.3 2343
1712205820141 119149.3 2344
1712205830329 119149.3 2345
1712205840509 119149.3 2346
1712205850699 119149.3 2347
1712205860874 119149.3 2348
1712205871052 119149.3 2349
1712205881224 119149.3 2350
1712205891408 119149.3 2351
1712205901591 119149.3 2352
1712205911888 119149.3 2353
1712205922064 119149.3 2354
1712205932241 119149.3 2355
1712205942420 119149.3 2356
1712205952614 119149.3 2357
1712205962797 119149.3 2358
