1712182092670 54.7 0
1712182102755 55.7 1
1712182112830 55.7 2
1712182122893 55.7 3
1712182132952 55.7 4
1712182143014 55.7 5
1712182153076 55.7 6
1712182163143 55.7 7
1712182173220 55.7 8
1712182183282 55.7 9
1712182193346 55.7 10
1712182203413 55.7 11
1712182213487 55.7 12
1712182223561 55.7 13
1712182233636 55.7 14
1712182243709 55.7 15
1712182253770 55.7 16
1712182263850 55.7 17
1712182273920 55.7 18
1712182283984 55.7 19
1712182294075 55.7 20
1712182304148 55.7 21
1712182314224 55.7 22
1712182324291 55.7 23
1712182334364 55.7 24
1712182344446 55.7 25
1712182354508 55.7 26
1712182364579 55.7 27
1712182374661 55.7 28
1712182384737 55.7 29
1712182394801 55.7 30
1712182404868 55.7 31
1712182414943 55.7 32
1712182425025 55.7 33
1712182435097 55.7 34
1712182445164 55.7 35
1712182455247 55.7 36
1712182465319 55.7 37
1712182475394 55.7 38
1712182485465 55.7 39
1712182495534 55.7 40
1712182505615 55.7 41
1712182515687 55.7 42
1712182525761 55.7 43
1712182535842 55.7 44
1712182545909 55.7 45
1712182555990 55.7 46
1712182566073 55.7 47
1712182576146 55.7 48
1712182586244 55.7 49
1712182596321 55.7 50
1712182606406 55.7 51
1712182616486 55.7 52
1712182626560 55.7 53
1712182636633 55.7 54
1712182646724 55.7 55
1712182656793 55.7 56
1712182666866 55.7 57
1712182676943 55.7 58
1712182687015 55.7 59
1712182697081 55.7 60
1712182707163 55.7 61
1712182717248 55.7 62
1712182727329 55.7 63
1712182737404 55.7 64
1712182747477 55.7 65
1712182757552 55.7 66
1712182767630 55.7 67
1712182777719 55.7 68
1712182787791 55.7 69
1712182797870 55.7 70
1712182807945 55.7 71
1712182818022 55.7 72
1712182828087 55.7 73
1712182838182 55.7 74
1712182848257 55.7 75
1712182858339 55.7 76
1712182868408 55.7 77
1712182878483 55.7 78
1712182888564 55.7 79
1712182898636 55.7 80
1712182908738 55.7 81
1712182918824 55.7 82
1712182928901 55.7 83
1712182938980 55.7 84
1712182949058 55.7 85
1712182959141 55.7 86
1712182969230 55.7 87
1712182979305 55.7 88
1712182989379 55.7 89
1712182999457 55.7 90
1712183009527 55.7 91
1712183019607 55.7 92
1712183029700 55.7 93
1712183039779 55.7 94
1712183049846 55.7 95
1712183059935 55.7 96
1712183070044 55.7 97
1712183080119 55.7 98
1712183090159 55.7 99
1712183100192 55.7 100
1712183110225 55.7 101
1712183120303 55.7 102
1712183130334 55.7 103
1712183140381 55.7 104
1712183150464 55.7 105
1712183160503 55.7 106
1712183170555 55.7 107
1712183180657 55.7 108
1712183190694 55.7 109
1712183200739 55.7 110
1712183210824 55.7 111
1712183220901 55.7 112
1712183230946 55.7 113
1712183240994 55.7 114
1712183251086 55.7 115
1712183261129 55.7 116
1712183271178 55.7 117
1712183281256 55.7 118
1712183291303 55.7 119
1712183301345 55.7 120
1712183311432 55.7 121
1712183321471 55.7 122
1712183331506 55.7 123
1712183341594 55.7 124
1712183351688 55.7 125
1712183361798 55.7 126
1712183371883 55.7 127
1712183381924 55.7 128
1712183392015 55.7 129
1712183402096 55.7 130
1712183412185 55.7 131
1712183422283 55.7 132
1712183432374 55.7 133
1712183442413 55.7 134
1712183452511 55.7 135
1712183462603 55.7 136
1712183472688 55.7 137
1712183482781 55.7 138
1712183492859 55.7 139
1712183502892 55.7 140
1712183512987 55.7 141
1712183523086 55.7 142
1712183533174 55.7 143
1712183543263 55.7 144
1712183553341 55.7 145
1712183563385 55.7 146
1712183573467 55.7 147
1712183583550 55.7 148
1712183593631 55.7 149
1712183603722 55.7 150
1712183613808 55.7 151
1712183623838 55.7 152
1712183633925 55.7 153
1712183644030 55.7 154
1712183654125 55.7 155
1712183664225 55.7 156
1712183674299 55.7 157
1712183684335 55.7 158
1712183694432 55.7 159
1712183704513 55.7 160
1712183714613 55.7 161
1712183724709 55.7 162
1712183734798 55.7 163
1712183744842 55.7 164
1712183754932 55.7 165
1712183765014 55.7 166
1712183775122 55.7 167
1712183785204 55.7 168
1712183795292 55.7 169
1712183805334 55.7 170
1712183815418 55.7 171
1712183825508 55.7 172
1712183835614 55.7 173
1712183845699 55.7 174
1712183855784 55.7 175
1712183865838 55.7 176
1712183875928 55.7 177
1712183886021 55.7 178
1712183896108 55.7 179
1712183906202 55.7 180
1712183916280 55.7 181
1712183926322 55.7 182
1712183936406 55.7 183
1712183946489 56.1 184
1712183956581 56.1 185
1712183966669 56.1 186
1712183976754 56.1 187
1712183986800 56.1 188
1712183996882 56.1 189
1712184006969 56.1 190
1712184017057 56.1 191
1712184027143 56.1 192
1712184037239 56.1 193
1712184047337 56.1 194
1712184057425 56.1 195
1712184067512 56.1 196
1712184077597 56.1 197
1712184087683 56.1 198
1712184097713 56.1 199
1712184107801 56.1 200
1712184117887 56.1 201
1712184127987 56.1 202
1712184138065 56.1 203
1712184148151 56.1 204
1712184158189 56.1 205
1712184168293 56.1 206
1712184178385 56.1 207
1712184188475 56.1 208
1712184198580 56.1 209
1712184208674 56.1 210
1712184218715 56.1 211
1712184228806 56.1 212
1712184238896 56.1 213
1712184248995 56.1 214
1712184259082 56.1 215
1712184269185 56.1 216
1712184279230 56.1 217
1712184289339 56.1 218
1712184299431 56.1 219
1712184309540 56.1 220
1712184319648 56.1 221
1712184329736 56.1 222
1712184339778 56.1 223
1712184349887 56.1 224
1712184360001 56.1 225
1712184370086 56.1 226
1712184380196 56.1 227
1712184390292 56.1 228
1712184400359 56.1 229
1712184410468 56.1 230
1712184420567 56.1 231
1712184430667 56.1 232
1712184440766 56.1 233
1712184450875 56.1 234
1712184460907 56.1 235
1712184471006 56.1 236
1712184481100 56.1 237
1712184491190 56.1 238
1712184501276 56.1 239
1712184511357 56.1 240
1712184521402 56.1 241
1712184531503 56.1 242
1712184541585 56.1 243
1712184551676 56.1 244
1712184561778 56.1 245
1712184571874 56.1 246
1712184581910 56.1 247
1712184591999 56.1 248
1712184602096 56.1 249
1712184612185 56.1 250
1712184622308 56.1 251
1712184632403 56.1 252
1712184642442 56.1 253
1712184652533 56.1 254
1712184662618 56.1 255
1712184672708 56.1 256
1712184682808 56.1 257
1712184692900 56.1 258
1712184702944 56.1 259
1712184713045 56.1 260
1712184723134 56.1 261
1712184733238 56.1 262
1712184743326 56.1 263
1712184753427 56.1 264
1712184763461 56.1 265
1712184773583 56.1 266
1712184783685 56.1 267
1712184793778 56.1 268
1712184803863 56.1 269
1712184813950 56.1 270
1712184824001 56.1 271
1712184834104 56.1 272
1712184844204 56.1 273
1712184854288 56.1 274
1712184864386 56.1 275
1712184874507 56.1 276
1712184884547 56.1 277
1712184894654 56.1 278
1712184904756 56.1 279
1712184914854 56.1 280
1712184924960 56.1 281
1712184935067 56.1 282
1712184945114 56.1 283
1712184955214 56.1 284
1712184965329 56.1 285
1712184975420 56.1 286
1712184985507 56.1 287
1712184995598 56.1 288
1712185005645 56.1 289
1712185015733 56.1 290
1712185025811 56.1 291
1712185035897 56.1 292
1712185045992 56.1 293
1712185056086 56.1 294
1712185066127 56.1 295
1712185076211 56.1 296
1712185086307 56.1 297
1712185096406 56.1 298
1712185106505 56.1 299
1712185116602 56.1 300
1712185126641 56.1 301
1712185136732 56.1 302
1712185146835 56.1 303
1712185156930 56.1 304
1712185167030 56.1 305
1712185177108 56.1 306
1712185187142 56.1 307
1712185197227 56.1 308
1712185207310 56.1 309
1712185217421 56.1 310
1712185227513 56.1 311
1712185237561 56.1 312
1712185247603 56.1 313
1712185257648 56.1 314
1712185267679 56.1 315
1712185277785 56.1 316
1712185287845 56.1 317
1712185297953 56.1 318
1712185308046 56.1 319
1712185318101 56.1 320
1712185328202 56.1 321
1712185338299 56.1 322
1712185348389 56.1 323
1712185358496 56.1 324
1712185368580 56.1 325
1712185378678 56.1 326
1712185388766 56.1 327
1712185398857 56.1 328
1712185408937 56.1 329
1712185419034 56.1 330
1712185429122 56.1 331
1712185439212 56.1 332
1712185449298 56.1 333
1712185459394 56.1 334
1712185469484 56.1 335
1712185479577 56.1 336
1712185489667 56.1 337
1712185499762 56.1 338
1712185509861 56.1 339
1712185519965 56.1 340
1712185530049 56.1 341
1712185540136 56.1 342
1712185550235 56.1 343
1712185560329 56.1 344
1712185570438 56.1 345
1712185580527 56.1 346
1712185590620 56.1 347
1712185600734 56.1 348
1712185610828 56.1 349
1712185620917 56.1 350
1712185631001 56.1 351
1712185641094 56.1 352
1712185651180 56.1 353
1712185661269 56.1 354
1712185671384 56.1 355
1712185681501 56.1 356
1712185691589 56.1 357
1712185701668 56.1 358
1712185711757 56.1 359
1712185721855 56.1 360
1712185731954 56.1 361
1712185742037 56.1 362
1712185752146 56.1 363
1712185762242 56.1 364
1712185772329 56.1 365
1712185782405 56.1 366
1712185792493 56.1 367
1712185802589 56.1 368
1712185812686 56.1 369
1712185822771 56.1 370
1712185832866 56.1 371
1712185842954 56.1 372
1712185853057 56.1 373
1712185863152 56.1 374
1712185873245 56.1 375
1712185883329 56.1 376
1712185893415 56.1 377
1712185903516 56.1 378
1712185913612 56.1 379
1712185923661 56.1 380
1712185933758 56.1 381
1712185943852 56.1 382
1712185953954 56.1 383
1712185964064 56.1 384
1712185974119 56.1 385
1712185984222 56.1 386
1712185994316 56.1 387
1712186004422 56.1 388
1712186014523 56.1 389
1712186024619 56.1 390
1712186034726 56.1 391
1712186044822 56.1 392
1712186054931 56.1 393
1712186065045 56.1 394
1712186075151 56.1 395
1712186085266 56.1 396
1712186095370 56.1 397
1712186105476 56.1 398
1712186115580 56.1 399
1712186125683 56.1 400
1712186135783 56.1 401
1712186145897 56.1 402
1712186155996 56.1 403
1712186166108 56.1 404
1712186176201 56.1 405
1712186186300 56.1 406
1712186196408 56.1 407
1712186206516 56.1 408
1712186216616 56.1 409
1712186226717 56.1 410
1712186236828 56.1 411
1712186246924 56.1 412
1712186257026 56.1 413
1712186267123 56.1 414
1712186277222 56.1 415
1712186287319 56.1 416
1712186297415 56.1 417
1712186307520 56.1 418
1712186317622 56.1 419
1712186327718 56.1 420
1712186337823 56.1 421
1712186347915 56.1 422
1712186358004 56.1 423
1712186368113 56.1 424
1712186378211 56.1 425
1712186388304 56.1 426
1712186398406 56.1 427
1712186408509 56.1 428
1712186418609 56.1 429
1712186428701 56.1 430
1712186438802 56.1 431
1712186448899 56.1 432
1712186458997 56.1 433
1712186469089 56.1 434
1712186479195 56.1 435
1712186489299 56.1 436
1712186499411 56.1 437
1712186509501 56.1 438
1712186519619 56.1 439
1712186529681 56.1 440
1712186539724 56.5 441
1712186549772 56.5 442
1712186559817 56.5 443
1712186569865 56.5 444
1712186579967 56.5 445
1712186590011 56.5 446
1712186600050 56.5 447
1712186610136 56.5 448
1712186620189 56.5 449
1712186630283 56.5 450
1712186640400 56.5 451
1712186650503 56.5 452
1712186660616 56.5 453
1712186670727 56.5 454
1712186680777 56.5 455
1712186690875 56.5 456
1712186700980 56.5 457
1712186711091 56.5 458
1712186721196 56.5 459
1712186731287 56.5 460
1712186741332 56.5 461
1712186751450 56.5 462
1712186761557 56.5 463
1712186771668 56.5 464
1712186781780 56.5 465
1712186791892 56.5 466
1712186801951 56.5 467
1712186812056 56.5 468
1712186822158 56.5 469
1712186832266 56.5 470
1712186842381 56.5 471
1712186852470 56.5 472
1712186862516 56.5 473
1712186872613 56.5 474
1712186882706 56.5 475
1712186892807 56.5 476
1712186902906 56.5 477
1712186912995 56.5 478
1712186923040 56.5 479
1712186933131 56.5 480
1712186943225 56.5 481
1712186953323 56.5 482
1712186963410 56.5 483
1712186973510 56.5 484
1712186983549 56.5 485
1712186993650 56.5 486
1712187003745 56.5 487
1712187013833 56.5 488
1712187023951 56.5 489
1712187034055 56.5 490
1712187044113 56.5 491
1712187054241 56.5 492
1712187064330 56.5 493
1712187074432 56.5 494
1712187084546 56.5 495
1712187094593 56.5 496
1712187104700 56.5 497
1712187114757 56.5 498
1712187124803 56.5 499
1712187134901 56.5 500
1712187144961 56.5 501
1712187155001 56.5 502
1712187165110 56.5 503
1712187175153 56.5 504
1712187185200 56.5 505
1712187195302 56.5 506
1712187205349 56.5 507
1712187215424 56.5 508
1712187225516 56.5 509
1712187235567 56.5 510
1712187245608 56.5 511
1712187255717 56.5 512
1712187265771 56.5 513
1712187275821 56.5 514
1712187285934 56.5 515
1712187295987 56.5 516
1712187306040 56.5 517
1712187316137 56.5 518
1712187326187 56.5 519
1712187336234 56.5 520
1712187346346 56.5 521
1712187356464 56.5 522
1712187366564 56.5 523
1712187376674 56.5 524
1712187386790 56.5 525
1712187396844 56.5 526
1712187406953 56.5 527
1712187417049 56.5 528
1712187427147 56.5 529
1712187437256 56.5 530
1712187447366 56.5 531
1712187457412 56.5 532
1712187467531 56.5 533
1712187477638 56.5 534
1712187487755 56.5 535
1712187497859 56.5 536
1712187507960 56.5 537
1712187518010 56.5 538
1712187528109 56.5 539
1712187538234 56.5 540
1712187548334 56.5 541
1712187558443 56.5 542
1712187568549 56.5 543
1712187578596 56.5 544
1712187588711 56.5 545
1712187598835 56.5 546
1712187608940 56.5 547
1712187619031 56.5 548
1712187629127 56.5 549
1712187639182 56.5 550
1712187649290 56.5 551
1712187659383 56.5 552
1712187669495 56.5 553
1712187679605 56.5 554
1712187689708 56.5 555
1712187699757 56.5 556
1712187709858 56.5 557
1712187719960 56.5 558
1712187730061 56.5 559
1712187740159 56.5 560
1712187750256 56.5 561
1712187760388 56.5 562
1712187770497 56.5 563
1712187780600 56.5 564
1712187790689 56.5 565
1712187800786 56.5 566
1712187810903 56.5 567
1712187820963 56.5 568
1712187831101 56.5 569
1712187841199 56.5 570
1712187851310 56.5 571
1712187861425 56.5 572
1712187871525 56.5 573
1712187881568 56.5 574
1712187891678 56.5 575
1712187901794 56.5 576
1712187911912 56.5 577
1712187922028 56.5 578
1712187932129 56.5 579
1712187942177 56.5 580
1712187952290 56.5 581
1712187962402 56.5 582
1712187972508 56.5 583
1712187982608 56.5 584
1712187992727 56.5 585
1712188002776 56.5 586
1712188012888 56.5 587
1712188022993 56.5 588
1712188033093 56.5 589
1712188043215 56.5 590
1712188053331 56.5 591
1712188063375 56.5 592
1712188073425 56.5 593
1712188083481 56.5 594
1712188093538 56.5 595
1712188103593 56.5 596
1712188113636 56.5 597
1712188123737 56.5 598
1712188133783 56.5 599
1712188143885 56.5 600
1712188153928 56.5 601
1712188164042 56.5 602
1712188174143 56.5 603
1712188184197 56.5 604
1712188194247 56.5 605
1712188204303 56.5 606
1712188214408 56.5 607
1712188224525 56.5 608
1712188234632 56.5 609
1712188244676 56.5 610
1712188254780 56.5 611
1712188264902 56.5 612
1712188274962 56.5 613
1712188285004 56.5 614
1712188295045 56.5 615
1712188305136 56.5 616
1712188315177 56.5 617
1712188325240 56.5 618
1712188335338 56.5 619
1712188345432 56.5 620
1712188355538 56.5 621
1712188365606 56.5 622
1712188375705 56.5 623
1712188385744 56.5 624
1712188395795 56.5 625
1712188405887 56.5 626
1712188415926 56.5 627
1712188425967 56.5 628
1712188436056 56.5 629
1712188446164 56.5 630
1712188456217 56.5 631
1712188466311 56.5 632
1712188476406 56.5 633
1712188486454 56.5 634
1712188496563 56.5 635
1712188506658 56.5 636
1712188516752 56.5 637
1712188526872 56.5 638
1712188536969 56.5 639
1712188547027 56.5 640
1712188557124 56.5 641
1712188567223 56.5 642
1712188577319 56.5 643
1712188587414 56.5 644
1712188597470 56.5 645
1712188607563 56.5 646
1712188617658 56.5 647
1712188627746 56.5 648
1712188637843 56.5 649
1712188647939 56.5 650
1712188657984 56.5 651
1712188668080 56.5 652
1712188678169 56.5 653
1712188688265 56.5 654
1712188698373 56.5 655
1712188708463 56.5 656
1712188718506 56.5 657
1712188728614 56.5 658
1712188738721 56.5 659
1712188748821 56.5 660
1712188758934 56.5 661
1712188769035 56.5 662
1712188779077 56.5 663
1712188789161 56.5 664
1712188799264 56.5 665
1712188809371 56.5 666
1712188819479 56.5 667
1712188829675 56.5 668
1712188839719 56.5 669
1712188849824 56.5 670
1712188859946 56.5 671
1712188870042 56.5 672
1712188880144 56.5 673
1712188890252 56.5 674
1712188900297 56.5 675
1712188910411 56.5 676
1712188920511 56.5 677
1712188930618 56.5 678
1712188940707 56.5 679
1712188950796 56.5 680
1712188960843 56.5 681
1712188970950 56.5 682
1712188981054 56.5 683
1712188991164 56.5 684
1712189001277 56.5 685
1712189011381 56.5 686
1712189021447 56.5 687
1712189031548 56.5 688
1712189041668 56.5 689
1712189051793 56.5 690
1712189061914 56.5 691
1712189072038 56.5 692
1712189082093 56.5 693
1712189092200 56.5 694
1712189102311 56.5 695
1712189112426 56.5 696
1712189122533 56.5 697
1712189132651 56.5 698
1712189142726 56.5 699
1712189152837 56.5 700
1712189162956 56.5 701
1712189173065 56.5 702
1712189183192 56.5 703
1712189193277 56.5 704
1712189203333 56.5 705
1712189213420 56.5 706
1712189223507 56.5 707
1712189233616 56.5 708
1712189243712 56.5 709
1712189253810 56.5 710
1712189263852 56.5 711
1712189273945 56.5 712
1712189284054 56.5 713
1712189294144 56.5 714
1712189304251 56.5 715
1712189314351 56.5 716
1712189324395 56.5 717
1712189334507 56.5 718
1712189344594 56.5 719
1712189354703 56.5 720
1712189364802 56.5 721
1712189374902 56.5 722
1712189384957 56.5 723
1712189395052 56.5 724
1712189405146 56.5 725
1712189415242 56.5 726
1712189425337 56.5 727
1712189435437 56.5 728
1712189445484 56.5 729
1712189455580 56.5 730
1712189465686 56.5 731
1712189475780 56.5 732
1712189485896 56.5 733
1712189496005 56.5 734
1712189506123 56.5 735
1712189516233 56.5 736
1712189526336 56.5 737
1712189536434 56.5 738
1712189546538 56.5 739
1712189556637 56.5 740
1712189566691 56.5 741
1712189576793 56.5 742
1712189586888 56.5 743
1712189596998 56.5 744
1712189607086 56.5 745
1712189617188 56.5 746
1712189627233 56.5 747
1712189637328 56.5 748
1712189647444 56.5 749
1712189657549 56.5 750
1712189667653 56.5 751
1712189677692 56.5 752
1712189687787 56.5 753
1712189697888 56.5 754
1712189707986 56.5 755
1712189718090 56.5 756
1712189728199 56.5 757
1712189738336 56.5 758
1712189748442 56.5 759
1712189758537 56.5 760
1712189768637 56.5 761
1712189778747 56.5 762
1712189788850 56.5 763
1712189798901 56.5 764
1712189809022 56.5 765
1712189819127 56.5 766
1712189829239 56.5 767
1712189839349 56.5 768
1712189849456 56.5 769
1712189859507 56.5 770
1712189869604 56.5 771
1712189879714 56.5 772
1712189889809 56.5 773
1712189899907 56.5 774
1712189910020 56.5 775
1712189920064 56.5 776
1712189930168 56.5 777
1712189940264 56.5 778
1712189950354 56.5 779
1712189960555 56.5 780
1712189970669 56.5 781
1712189980715 56.5 782
1712189990819 56.5 783
1712190000914 56.5 784
1712190011024 56.5 785
1712190021138 56.5 786
1712190031256 56.5 787
1712190041316 56.5 788
1712190051426 56.5 789
1712190061532 56.5 790
1712190071653 56.5 791
1712190081781 56.5 792
1712190091982 56.5 793
1712190102035 56.5 794
1712190112125 56.5 795
1712190122229 56.5 796
1712190132359 56.5 797
1712190142452 56.5 798
1712190152565 56.5 799
1712190162610 56.5 800
1712190172718 56.5 801
1712190182827 56.5 802
1712190192922 56.5 803
1712190203024 56.5 804
1712190213124 56.5 805
1712190223180 56.5 806
1712190233284 56.5 807
1712190243387 56.5 808
1712190253502 56.5 809
1712190263613 56.5 810
1712190273722 56.5 811
1712190283769 56.5 812
1712190293871 56.5 813
1712190303968 56.5 814
1712190314079 56.5 815
1712190324186 56.5 816
1712190334303 56.5 817
1712190344346 56.5 818
1712190354440 56.5 819
1712190364561 56.5 820
1712190374653 56.5 821
1712190384764 56.5 822
1712190394863 56.5 823
1712190404913 56.5 824
1712190415017 56.5 825
1712190425105 56.5 826
1712190435215 56.5 827
1712190445325 56.5 828
1712190455417 56.5 829
1712190465478 56.5 830
1712190475582 56.5 831
1712190485688 56.5 832
1712190495788 56.5 833
1712190505879 56.5 834
1712190515982 56.5 835
1712190526035 56.5 836
1712190536135 56.5 837
1712190546224 56.5 838
1712190556322 56.5 839
1712190566436 56.5 840
1712190576547 56.5 841
1712190586609 56.5 842
1712190596702 56.5 843
1712190606806 56.5 844
1712190616902 56.5 845
1712190626993 56.5 846
1712190637100 56.5 847
1712190647149 56.5 848
1712190657255 56.5 849
1712190667356 56.5 850
1712190677414 56.5 851
1712190687480 56.5 852
1712190697578 56.5 853
1712190707647 56.5 854
1712190717697 56.5 855
1712190727801 56.5 856
1712190737856 56.5 857
1712190747903 56.5 858
1712190758004 56.5 859
1712190768056 56.5 860
1712190778100 56.5 861
1712190788209 56.5 862
1712190798253 56.5 863
1712190808302 56.5 864
1712190818402 56.5 865
1712190828453 56.5 866
1712190838509 56.5 867
1712190848618 56.5 868
1712190858758 56.5 869
1712190868806 56.5 870
1712190878897 56.5 871
1712190888950 56.5 872
1712190898999 56.5 873
1712190909112 56.5 874
1712190919216 56.5 875
1712190929317 56.5 876
1712190939385 56.5 877
1712190949478 56.5 878
1712190959582 56.5 879
1712190969734 56.5 880
1712190979864 56.5 881
1712190989969 56.5 882
1712191000020 56.5 883
1712191010143 56.5 884
1712191020250 56.5 885
1712191030348 56.5 886
1712191040449 56.5 887
1712191050549 56.5 888
1712191060605 56.5 889
1712191070716 56.5 890
1712191080928 56.5 891
1712191091025 56.5 892
1712191101141 56.5 893
1712191111256 56.5 894
1712191121304 56.5 895
1712191131421 56.5 896
1712191141521 56.5 897
1712191151629 56.5 898
1712191161736 56.5 899
1712191171846 56.5 900
1712191181898 56.5 901
1712191192019 56.5 902
1712191202132 56.5 903
1712191212237 56.5 904
1712191222336 56.5 905
1712191232442 56.5 906
1712191242494 56.5 907
1712191252603 56.5 908
1712191262708 56.5 909
1712191272827 56.5 910
1712191282935 56.5 911
1712191293043 56.5 912
1712191303096 56.5 913
1712191313203 56.5 914
1712191323305 56.5 915
1712191333420 56.5 916
1712191343543 56.5 917
1712191353670 56.5 918
1712191363728 56.5 919
1712191373845 56.5 920
1712191383962 56.5 921
1712191394086 56.5 922
1712191404207 56.5 923
1712191414330 56.5 924
1712191424391 56.5 925
1712191434513 56.5 926
1712191444629 56.5 927
1712191454756 56.5 928
1712191464886 56.5 929
1712191475000 56.5 930
1712191485060 56.5 931
1712191495188 56.5 932
1712191505323 56.5 933
1712191515439 56.5 934
1712191525582 56.5 935
1712191535697 56.5 936
1712191545745 56.5 937
1712191555844 56.5 938
1712191565974 56.5 939
1712191576106 56.5 940
1712191586211 56.5 941
1712191596321 56.5 942
1712191606373 56.5 943
1712191616485 56.5 944
1712191626601 56.5 945
1712191636731 56.5 946
1712191646853 56.5 947
1712191656963 56.5 948
1712191667017 56.5 949
1712191677135 56.5 950
1712191687242 56.5 951
1712191697357 56.5 952
1712191707461 56.5 953
1712191717528 56.5 954
1712191727660 56.5 955
1712191737787 56.5 956
1712191747888 56.5 957
1712191757988 56.5 958
1712191768086 56.5 959
1712191778146 56.5 960
1712191788269 56.5 961
1712191798373 56.5 962
1712191808490 56.5 963
1712191818597 56.5 964
1712191828704 56.5 965
1712191838753 56.5 966
1712191848869 56.5 967
1712191858996 56.5 968
1712191869112 56.5 969
1712191879221 56.5 970
1712191889324 56.5 971
1712191899380 56.5 972
1712191909489 56.5 973
1712191919597 56.5 974
1712191929698 56.5 975
1712191939803 56.5 976
1712191949915 56.5 977
1712191959969 56.5 978
1712191970070 56.5 979
1712191980183 56.5 980
1712191990295 56.5 981
1712192000389 56.5 982
1712192010506 56.5 983
1712192020553 56.5 984
1712192030646 56.5 985
1712192040757 56.5 986
1712192050865 56.5 987
1712192060970 56.5 988
1712192071088 56.5 989
1712192081148 56.5 990
1712192091262 56.5 991
1712192101366 56.5 992
1712192111476 56.5 993
1712192121596 56.5 994
1712192131691 56.5 995
1712192141746 56.5 996
1712192151858 56.5 997
1712192161967 56.5 998
1712192172077 56.5 999
1712192182177 56.5 1000
1712192192283 56.5 1001
1712192202341 56.5 1002
1712192212534 56.5 1003
1712192222633 56.5 1004
1712192232744 56.5 1005
1712192242852 56.5 1006
1712192252961 56.5 1007
1712192263005 56.5 1008
1712192273110 56.5 1009
1712192283234 56.5 1010
1712192293343 56.5 1011
1712192303461 56.5 1012
1712192313578 56.5 1013
1712192323638 56.5 1014
1712192333744 56.5 1015
1712192343881 56.5 1016
1712192354004 56.5 1017
1712192364127 56.5 1018
1712192374252 56.5 1019
1712192384305 56.5 1020
1712192394432 56.5 1021
1712192404485 56.5 1022
1712192414548 56.5 1023
1712192424606 56.5 1024
1712192434736 56.5 1025
1712192444863 56.5 1026
1712192454973 56.5 1027
1712192465116 56.5 1028
1712192475233 56.5 1029
1712192485346 56.5 1030
1712192495454 56.5 1031
1712192505586 56.5 1032
1712192515696 56.5 1033
1712192525835 56.5 1034
1712192535942 56.5 1035
1712192546066 56.5 1036
1712192556209 56.5 1037
1712192566331 56.5 1038
1712192576450 56.5 1039
1712192586577 56.5 1040
1712192596694 56.5 1041
1712192606819 56.5 1042
1712192616935 56.5 1043
1712192627060 56.5 1044
1712192637190 56.5 1045
1712192647314 56.5 1046
1712192657437 56.5 1047
1712192667553 56.5 1048
1712192677682 56.5 1049
1712192687796 56.5 1050
1712192697907 56.5 1051
1712192708021 56.5 1052
1712192718141 56.5 1053
1712192728271 56.5 1054
1712192738396 56.5 1055
1712192748529 56.5 1056
1712192758659 56.5 1057
1712192768775 56.5 1058
1712192778893 56.5 1059
1712192789032 56.5 1060
1712192799155 56.5 1061
1712192809277 56.5 1062
1712192819405 56.5 1063
1712192829535 56.5 1064
1712192839650 56.5 1065
1712192849774 56.5 1066
1712192859896 56.5 1067
1712192870022 56.5 1068
1712192880138 56.5 1069
1712192890250 56.5 1070
1712192900386 56.5 1071
1712192910500 56.5 1072
1712192920640 56.5 1073
1712192930754 56.5 1074
1712192940880 56.5 1075
1712192951013 56.5 1076
1712192961132 56.5 1077
1712192971261 56.5 1078
1712192981383 56.5 1079
1712192991518 56.5 1080
1712193001633 56.5 1081
1712193011782 56.5 1082
1712193021913 56.5 1083
1712193032044 56.5 1084
1712193042165 56.5 1085
1712193052298 56.5 1086
1712193062418 56.5 1087
1712193072547 56.5 1088
1712193082671 56.5 1089
1712193092895 56.5 1090
1712193103020 56.5 1091
1712193113145 56.5 1092
1712193123271 56.5 1093
1712193133402 56.5 1094
1712193143536 56.5 1095
1712193153649 56.5 1096
1712193163764 56.5 1097
1712193173880 56.5 1098
1712193183999 56.5 1099
1712193194115 56.5 1100
1712193204233 56.5 1101
1712193214350 56.5 1102
1712193224488 56.5 1103
1712193234604 56.5 1104
1712193244737 56.5 1105
1712193254967 56.5 1106
1712193265098 56.5 1107
1712193275207 56.5 1108
1712193285329 56.5 1109
1712193295448 56.5 1110
1712193305577 56.5 1111
1712193315701 56.5 1112
1712193325815 56.5 1113
1712193335933 56.5 1114
1712193346061 56.5 1115
1712193356189 56.5 1116
1712193366324 56.5 1117
1712193376457 56.5 1118
1712193386566 56.5 1119
1712193396683 56.5 1120
1712193406905 56.5 1121
1712193417024 56.5 1122
1712193427158 56.5 1123
1712193437292 56.5 1124
1712193447408 56.5 1125
1712193457540 56.5 1126
1712193467659 56.5 1127
1712193477773 56.5 1128
1712193487912 56.5 1129
1712193498058 56.5 1130
1712193508182 56.5 1131
1712193518310 56.5 1132
1712193528494 56.5 1133
1712193538705 56.5 1134
1712193548828 56.5 1135
1712193558946 56.5 1136
1712193569064 56.5 1137
1712193579192 56.5 1138
1712193589305 56.5 1139
1712193599416 56.5 1140
1712193609553 56.5 1141
1712193619686 56.5 1142
1712193629813 56.5 1143
1712193639929 56.5 1144
1712193650060 56.5 1145
1712193660178 56.5 1146
1712193670326 56.5 1147
1712193680459 56.5 1148
1712193690598 56.5 1149
1712193700745 56.5 1150
1712193710872 56.5 1151
1712193721002 56.5 1152
1712193731154 56.5 1153
1712193741293 56.5 1154
1712193751425 56.5 1155
1712193761581 56.5 1156
1712193771726 56.5 1157
1712193781847 56.5 1158
1712193791999 56.5 1159
1712193802143 56.5 1160
1712193812298 56.5 1161
1712193822532 56.5 1162
1712193832672 56.5 1163
1712193842810 56.5 1164
1712193852950 56.5 1165
1712193863097 56.5 1166
1712193873238 56.5 1167
1712193883376 56.5 1168
1712193893497 56.5 1169
1712193903634 56.5 1170
1712193913717 56.5 1171
1712193923879 56.5 1172
1712193933935 56.5 1173
1712193944052 56.5 1174
1712193954188 56.5 1175
1712193964326 56.5 1176
1712193974455 56.5 1177
1712193984596 56.5 1178
1712193994749 56.5 1179
1712194004888 56.5 1180
1712194015005 56.5 1181
1712194025135 56.5 1182
1712194035257 56.5 1183
1712194045368 56.5 1184
1712194055489 56.5 1185
1712194065590 56.5 1186
1712194075705 56.5 1187
1712194085821 56.5 1188
1712194095931 56.5 1189
1712194106057 56.5 1190
1712194116249 56.5 1191
1712194126387 56.5 1192
1712194136500 56.5 1193
1712194146604 56.5 1194
1712194156719 56.5 1195
1712194166848 56.5 1196
1712194176969 56.5 1197
1712194187050 56.5 1198
1712194197173 56.5 1199
1712194207242 56.5 1200
1712194217356 56.5 1201
1712194227423 56.5 1202
1712194237546 56.5 1203
1712194247658 56.5 1204
1712194257726 56.5 1205
1712194267845 56.5 1206
1712194277978 56.5 1207
1712194288031 56.5 1208
1712194298149 56.5 1209
1712194308260 56.5 1210
1712194318373 56.5 1211
1712194328493 56.5 1212
1712194338604 56.5 1213
1712194348720 56.5 1214
1712194358833 56.5 1215
1712194368944 56.5 1216
1712194379075 56.5 1217
1712194389179 56.5 1218
1712194399290 56.5 1219
1712194409400 56.5 1220
1712194419517 56.5 1221
1712194429727 56.5 1222
1712194439831 56.5 1223
1712194449937 56.5 1224
1712194460066 56.5 1225
1712194470131 56.5 1226
1712194480295 56.5 1227
1712194490357 56.5 1228
1712194500491 56.5 1229
1712194510615 56.5 1230
1712194520721 56.5 1231
1712194530859 56.5 1232
1712194540970 56.5 1233
1712194551095 56.5 1234
1712194561205 56.5 1235
1712194571325 56.5 1236
1712194581457 56.5 1237
1712194591575 56.5 1238
1712194601693 56.5 1239
1712194611812 56.5 1240
1712194621924 56.5 1241
1712194632043 56.5 1242
1712194642145 56.5 1243
1712194652268 56.5 1244
1712194662336 56.5 1245
1712194672416 56.5 1246
1712194682526 56.5 1247
1712194692636 56.5 1248
1712194702740 56.5 1249
1712194712848 56.5 1250
1712194722975 56.5 1251
1712194733086 56.5 1252
1712194743197 56.5 1253
1712194753314 56.5 1254
1712194763431 56.5 1255
1712194773560 56.5 1256
1712194783673 56.5 1257
1712194793789 56.5 1258
1712194803899 56.5 1259
1712194814008 56.5 1260
1712194824134 56.5 1261
1712194834245 56.5 1262
1712194844364 56.5 1263
1712194854467 56.5 1264
1712194864568 56.5 1265
1712194874689 56.5 1266
1712194884796 56.5 1267
1712194894907 56.5 1268
1712194905008 56.5 1269
1712194915122 56.5 1270
1712194925244 56.5 1271
1712194935355 56.5 1272
1712194945479 56.5 1273
1712194955581 56.5 1274
1712194965692 56.5 1275
1712194975814 56.5 1276
1712194985928 56.5 1277
1712194996038 56.5 1278
1712195006139 56.5 1279
1712195016263 56.5 1280
1712195026371 56.5 1281
1712195036485 56.5 1282
1712195046593 56.5 1283
1712195056697 56.5 1284
1712195066801 56.5 1285
1712195076930 56.5 1286
1712195087044 56.5 1287
1712195097165 56.5 1288
1712195107273 56.5 1289
1712195117384 56.5 1290
1712195127502 56.5 1291
1712195137612 56.5 1292
1712195147732 56.5 1293
1712195157836 56.5 1294
1712195167955 56.5 1295
1712195178068 56.5 1296
1712195188168 56.5 1297
1712195198292 56.5 1298
1712195208403 56.5 1299
1712195218518 56.5 1300
1712195228637 56.5 1301
1712195238749 56.5 1302
1712195248863 56.5 1303
1712195258975 56.5 1304
1712195269087 56.5 1305
1712195279199 56.5 1306
1712195289310 56.5 1307
1712195299425 56.5 1308
1712195309539 56.5 1309
1712195319655 56.5 1310
1712195329777 56.5 1311
1712195339911 56.5 1312
1712195350024 56.5 1313
1712195360146 56.5 1314
1712195370265 56.5 1315
1712195380375 56.5 1316
1712195390507 56.5 1317
1712195400613 56.5 1318
1712195410715 56.5 1319
1712195420817 56.5 1320
1712195430928 56.5 1321
1712195441078 56.5 1322
1712195451182 56.5 1323
1712195461302 56.5 1324
1712195471416 56.5 1325
1712195481518 56.5 1326
1712195491637 56.5 1327
1712195501745 56.5 1328
1712195511860 56.5 1329
1712195521959 56.5 1330
1712195532070 56.5 1331
1712195542189 56.5 1332
1712195552291 56.5 1333
1712195562405 56.5 1334
1712195572513 56.5 1335
1712195582625 56.5 1336
1712195592840 56.5 1337
1712195602956 56.5 1338
1712195613090 56.5 1339
1712195623209 56.5 1340
1712195633338 56.5 1341
1712195643447 56.5 1342
1712195653569 56.5 1343
1712195663686 56.5 1344
1712195673798 56.5 1345
1712195683915 56.5 1346
1712195694029 56.5 1347
1712195704150 56.5 1348
1712195714257 56.5 1349
1712195724368 56.5 1350
1712195734485 56.5 1351
1712195744673 56.5 1352
1712195754781 56.5 1353
1712195764888 56.5 1354
1712195774998 56.5 1355
1712195785132 56.5 1356
1712195795249 56.5 1357
1712195805363 56.5 1358
1712195815481 56.5 1359
1712195825599 56.5 1360
1712195835713 56.5 1361
1712195845838 56.5 1362
1712195855945 56.5 1363
1712195866071 56.5 1364
1712195876183 56.5 1365
1712195886299 56.5 1366
1712195896478 56.5 1367
1712195906589 56.5 1368
1712195916718 56.5 1369
1712195926830 56.5 1370
1712195936956 56.5 1371
1712195947065 56.5 1372
1712195957182 56.5 1373
1712195967307 56.5 1374
1712195977413 56.5 1375
1712195987528 56.5 1376
1712195997640 56.5 1377
1712196007768 56.5 1378
1712196017840 56.5 1379
1712196027963 56.5 1380
1712196038044 56.5 1381
1712196048119 56.5 1382
1712196058260 56.5 1383
1712196068406 56.5 1384
1712196078557 56.5 1385
1712196088652 56.5 1386
1712196098795 56.5 1387
1712196108934 56.5 1388
1712196119075 56.5 1389
1712196129210 56.5 1390
1712196139336 56.5 1391
1712196149469 56.5 1392
1712196159606 56.5 1393
1712196169745 56.5 1394
1712196179972 56.5 1395
1712196190106 56.5 1396
1712196200244 56.5 1397
1712196210375 56.5 1398
1712196220500 56.5 1399
1712196230645 56.5 1400
1712196240776 56.5 1401
1712196250913 56.5 1402
1712196261015 56.5 1403
1712196271141 56.5 1404
1712196281274 56.5 1405
1712196291408 56.5 1406
1712196301534 56.5 1407
1712196311643 56.5 1408
1712196321752 56.5 1409
1712196331885 56.5 1410
1712196341989 56.5 1411
1712196352111 56.5 1412
1712196362219 56.5 1413
1712196372321 56.5 1414
1712196382439 56.5 1415
1712196392548 56.5 1416
1712196402658 56.5 1417
1712196412777 56.5 1418
1712196422897 56.5 1419
1712196433022 56.5 1420
1712196443146 56.5 1421
1712196453260 56.5 1422
1712196463395 56.5 1423
1712196473600 56.5 1424
1712196483718 56.5 1425
1712196493839 56.5 1426
1712196503943 56.5 1427
1712196514053 56.5 1428
1712196524163 56.5 1429
1712196534263 56.5 1430
1712196544393 56.5 1431
1712196554506 56.5 1432
1712196564633 56.5 1433
1712196574749 56.5 1434
1712196584861 56.5 1435
1712196594978 56.5 1436
1712196605084 56.5 1437
1712196615222 56.5 1438
1712196625464 56.5 1439
1712196635571 56.5 1440
1712196645705 56.5 1441
1712196655841 56.5 1442
1712196665954 56.5 1443
1712196676087 56.5 1444
1712196686216 56.5 1445
1712196696310 56.5 1446
1712196706447 56.5 1447
1712196716607 56.5 1448
1712196726751 56.5 1449
1712196736887 56.5 1450
1712196747108 56.5 1451
1712196757247 56.5 1452
1712196767390 56.5 1453
1712196777502 56.5 1454
1712196787635 56.5 1455
1712196797769 56.5 1456
1712196807905 56.5 1457
1712196818046 56.5 1458
1712196828180 56.5 1459
1712196838315 56.5 1460
1712196848525 56.5 1461
1712196858675 56.5 1462
1712196868795 56.5 1463
1712196878942 56.5 1464
1712196889097 56.5 1465
1712196899244 56.5 1466
1712196909375 56.5 1467
1712196919512 56.5 1468
1712196929633 56.5 1469
1712196939755 56.5 1470
1712196949992 56.5 1471
1712196960119 56.5 1472
1712196970246 56.5 1473
1712196980392 56.5 1474
1712196990523 56.5 1475
1712197000603 56.5 1476
1712197010735 56.5 1477
1712197020885 56.5 1478
1712197031017 56.5 1479
1712197041161 56.5 1480
1712197051321 56.5 1481
1712197061554 56.5 1482
1712197071718 56.5 1483
1712197081866 56.5 1484
1712197092000 56.5 1485
1712197102162 56.5 1486
1712197112341 56.5 1487
1712197122483 56.5 1488
1712197132643 56.5 1489
1712197142792 56.5 1490
1712197152923 56.5 1491
1712197163078 56.5 1492
1712197173225 56.5 1493
1712197183473 56.5 1494
1712197193639 56.5 1495
1712197203763 56.5 1496
1712197213899 56.5 1497
1712197224036 56.5 1498
1712197234213 56.5 1499
1712197244381 56.5 1500
1712197254518 56.5 1501
1712197264672 56.5 1502
1712197274839 56.5 1503
1712197284963 56.5 1504
1712197295213 56.5 1505
1712197305389 56.5 1506
1712197315538 56.5 1507
1712197325662 56.5 1508
1712197335817 56.5 1509
1712197345984 56.5 1510
1712197356111 56.5 1511
1712197366253 56.5 1512
1712197376384 56.5 1513
1712197386512 56.5 1514
1712197396655 56.5 1515
1712197406799 56.5 1516
1712197416931 56.5 1517
1712197427091 56.5 1518
1712197437258 56.5 1519
1712197447389 56.5 1520
1712197457536 56.5 1521
1712197467667 56.5 1522
1712197477784 56.5 1523
1712197488028 56.5 1524
1712197498188 56.5 1525
1712197508349 56.5 1526
1712197518494 56.5 1527
1712197528662 56.5 1528
1712197538806 56.5 1529
1712197548943 56.5 1530
1712197559095 56.5 1531
1712197569244 56.5 1532
1712197579530 56.5 1533
1712197589679 56.5 1534
1712197599823 56.5 1535
1712197609989 56.5 1536
1712197620138 56.5 1537
1712197630284 56.5 1538
1712197640427 56.5 1539
1712197650606 56.5 1540
1712197660757 56.5 1541
1712197670923 56.5 1542
1712197681209 56.5 1543
1712197691358 56.5 1544
1712197701518 56.5 1545
1712197711652 56.5 1546
1712197721823 56.5 1547
1712197731970 56.5 1548
1712197742135 56.5 1549
1712197752293 56.5 1550
1712197762444 56.5 1551
1712197772580 56.5 1552
1712197782756 56.5 1553
1712197792987 56.5 1554
1712197803142 56.5 1555
1712197813270 56.5 1556
1712197823426 56.5 1557
1712197833589 56.5 1558
1712197843755 56.5 1559
1712197853922 56.5 1560
1712197864105 56.5 1561
1712197874256 56.5 1562
1712197884386 56.5 1563
1712197894542 56.5 1564
1712197904808 56.5 1565
1712197915000 56.5 1566
1712197925135 56.5 1567
1712197935297 56.5 1568
1712197945485 56.5 1569
1712197955657 56.5 1570
1712197965809 56.5 1571
1712197975971 56.5 1572
1712197986111 56.5 1573
1712197996267 56.5 1574
1712198006425 56.5 1575
1712198016577 56.5 1576
1712198026743 56.5 1577
1712198036885 56.5 1578
1712198047030 56.5 1579
1712198057173 56.5 1580
1712198067327 56.5 1581
1712198077486 56.5 1582
1712198087615 56.5 1583
1712198097802 56.5 1584
1712198107931 56.5 1585
1712198118192 56.5 1586
1712198128354 56.5 1587
1712198138508 56.5 1588
1712198148666 56.5 1589
1712198158807 56.5 1590
1712198168961 56.5 1591
1712198179141 56.5 1592
1712198189311 56.5 1593
1712198199452 56.5 1594
1712198209599 56.5 1595
1712198219866 56.5 1596
1712198230017 56.5 1597
1712198240156 56.5 1598
1712198250252 56.5 1599
1712198260403 56.5 1600
1712198270529 56.5 1601
1712198280651 56.5 1602
1712198290802 56.5 1603
1712198300888 56.5 1604
1712198311051 56.5 1605
1712198321233 56.5 1606
1712198331355 56.5 1607
1712198341543 56.5 1608
1712198351792 56.5 1609
1712198361947 56.5 1610
1712198372116 56.5 1611
1712198382243 56.5 1612
1712198392442 56.5 1613
1712198402642 56.5 1614
1712198412742 56.5 1615
1712198422909 56.5 1616
1712198433089 56.5 1617
1712198443220 56.5 1618
1712198453473 56.5 1619
1712198463663 56.5 1620
1712198473810 56.5 1621
1712198483977 56.5 1622
1712198494157 56.5 1623
1712198504264 56.5 1624
1712198514440 56.5 1625
1712198524605 56.5 1626
1712198534759 56.5 1627
1712198544935 56.5 1628
1712198555195 56.5 1629
1712198565322 56.5 1630
1712198575497 56.5 1631
1712198585661 56.5 1632
1712198595841 56.5 1633
1712198606030 56.5 1634
1712198616186 56.5 1635
1712198626266 56.5 1636
1712198636416 56.5 1637
1712198646573 56.5 1638
1712198656794 56.5 1639
1712198666925 56.5 1640
1712198677085 56.5 1641
1712198687167 56.5 1642
1712198697301 56.5 1643
1712198707453 56.5 1644
1712198717602 56.5 1645
1712198727735 56.5 1646
1712198737845 56.5 1647
1712198747991 56.5 1648
1712198758217 56.5 1649
1712198768376 56.5 1650
1712198778510 56.5 1651
1712198788648 56.5 1652
1712198798724 56.5 1653
1712198808854 56.5 1654
1712198818990 56.5 1655
1712198829157 56.5 1656
1712198839284 56.5 1657
1712198849426 56.5 1658
1712198859538 56.5 1659
1712198869782 56.5 1660
1712198879932 56.5 1661
1712198890085 56.5 1662
1712198900238 56.5 1663
1712198910380 56.5 1664
1712198920501 56.5 1665
1712198930661 56.5 1666
1712198940807 56.5 1667
1712198950953 56.5 1668
1712198961099 56.5 1669
1712198971241 56.5 1670
1712198981337 56.5 1671
1712198991521 56.5 1672
1712199001670 56.5 1673
1712199011804 56.5 1674
1712199021953 56.5 1675
1712199032088 56.5 1676
1712199042203 56.5 1677
1712199052347 56.5 1678
1712199062485 56.5 1679
1712199072633 56.5 1680
1712199082853 56.5 1681
1712199092987 56.5 1682
1712199103084 56.5 1683
1712199113241 56.5 1684
1712199123397 56.5 1685
1712199133555 56.5 1686
1712199143710 56.5 1687
1712199153840 56.5 1688
1712199163950 56.5 1689
1712199174114 56.5 1690
1712199184255 56.5 1691
1712199194389 56.5 1692
1712199204551 56.5 1693
1712199214681 56.5 1694
1712199224774 56.5 1695
1712199234950 56.5 1696
1712199245089 56.5 1697
1712199255242 56.5 1698
1712199265405 56.5 1699
1712199275548 56.5 1700
1712199285709 56.5 1701
1712199295870 56.5 1702
1712199306003 56.5 1703
1712199316147 56.5 1704
1712199326307 56.5 1705
1712199336450 56.5 1706
1712199346537 56.5 1707
1712199356679 56.5 1708
1712199366801 56.5 1709
1712199376928 56.5 1710
1712199387085 56.5 1711
1712199397303 56.5 1712
1712199407468 56.5 1713
1712199417615 56.5 1714
1712199427760 56.5 1715
1712199437894 56.5 1716
1712199448044 56.5 1717
1712199458127 56.5 1718
1712199468267 56.5 1719
1712199478408 56.5 1720
1712199488544 56.5 1721
1712199498687 56.5 1722
1712199508835 56.5 1723
1712199518986 56.5 1724
1712199529112 56.5 1725
1712199539251 56.5 1726
1712199549374 56.5 1727
1712199559497 56.5 1728
1712199569639 56.5 1729
1712199579703 56.5 1730
1712199589853 56.5 1731
1712199599989 56.5 1732
1712199610109 56.5 1733
1712199620239 56.5 1734
1712199630441 56.5 1735
1712199640515 56.5 1736
1712199650656 56.5 1737
1712199660801 56.5 1738
1712199670920 56.5 1739
1712199681057 56.5 1740
1712199691178 56.5 1741
1712199701239 56.5 1742
1712199711382 56.5 1743
1712199721506 56.5 1744
1712199731714 56.5 1745
1712199741860 56.5 1746
1712199751978 56.5 1747
1712199762051 56.5 1748
1712199772182 56.5 1749
1712199782316 56.5 1750
1712199792456 56.5 1751
1712199802599 56.5 1752
1712199812752 56.5 1753
1712199822832 56.5 1754
1712199832947 56.5 1755
1712199843079 56.5 1756
1712199853213 56.5 1757
1712199863348 56.5 1758
1712199873480 56.5 1759
1712199883552 56.5 1760
1712199893686 56.5 1761
1712199903808 56.5 1762
1712199913946 56.5 1763
1712199924066 56.5 1764
1712199934206 56.5 1765
1712199944273 56.5 1766
1712199954395 56.5 1767
1712199964532 56.5 1768
1712199974658 56.5 1769
1712199984789 56.5 1770
1712199994926 56.5 1771
1712200004991 56.5 1772
1712200015123 56.5 1773
1712200025269 56.5 1774
1712200035482 56.5 1775
1712200045613 56.5 1776
1712200055738 56.5 1777
1712200065809 56.5 1778
1712200075954 56.5 1779
1712200086090 56.5 1780
1712200096206 56.5 1781
1712200106335 56.5 1782
1712200116466 56.5 1783
1712200126548 56.5 1784
1712200136734 56.5 1785
1712200146867 56.5 1786
1712200157006 56.5 1787
1712200167143 56.5 1788
1712200177315 56.5 1789
1712200187469 56.5 1790
1712200197611 56.5 1791
1712200207756 56.5 1792
1712200217870 56.5 1793
1712200228040 56.5 1794
1712200238133 56.5 1795
1712200248318 56.5 1796
1712200258454 56.5 1797
1712200268596 56.5 1798
1712200278760 56.5 1799
1712200288909 56.5 1800
1712200299116 56.5 1801
1712200309278 56.5 1802
1712200319412 56.5 1803
1712200329572 56.5 1804
1712200339732 56.5 1805
1712200349869 56.5 1806
1712200360030 56.5 1807
1712200370187 56.5 1808
1712200380448 56.5 1809
1712200390606 56.5 1810
1712200400763 56.5 1811
1712200410901 56.5 1812
1712200421053 56.5 1813
1712200431205 56.5 1814
1712200441395 56.5 1815
1712200451531 56.5 1816
1712200461690 56.5 1817
1712200471868 56.5 1818
1712200482017 56.5 1819
1712200492179 56.5 1820
1712200502307 56.5 1821
1712200512460 56.5 1822
1712200522600 56.5 1823
1712200532745 56.5 1824
1712200542898 56.5 1825
1712200553040 56.5 1826
1712200563193 56.5 1827
1712200573330 56.5 1828
1712200583479 56.5 1829
1712200593630 56.5 1830
1712200603853 56.5 1831
1712200613998 56.5 1832
1712200624170 56.5 1833
1712200634318 56.5 1834
1712200644464 56.5 1835
1712200654625 56.5 1836
1712200664791 56.5 1837
1712200674941 56.5 1838
1712200685101 56.5 1839
1712200695235 56.5 1840
1712200705369 56.5 1841
1712200715522 56.5 1842
1712200725697 56.5 1843
1712200735829 56.5 1844
1712200745992 56.5 1845
1712200756257 56.5 1846
1712200766418 56.5 1847
1712200776574 56.5 1848
1712200786743 56.5 1849
1712200796904 56.5 1850
1712200807066 56.5 1851
1712200817243 56.5 1852
1712200827417 56.5 1853
1712200837594 56.5 1854
1712200847770 56.5 1855
1712200857944 56.5 1856
1712200868112 56.5 1857
1712200878277 56.5 1858
1712200888426 56.5 1859
1712200898613 56.5 1860
1712200908803 56.5 1861
1712200918957 56.5 1862
1712200929115 56.5 1863
1712200939273 56.5 1864
1712200949434 56.5 1865
1712200959607 56.5 1866
1712200969769 56.5 1867
1712200979939 56.5 1868
1712200990111 56.5 1869
1712201000252 56.5 1870
1712201010412 56.5 1871
1712201020590 56.5 1872
1712201030730 56.5 1873
1712201040885 56.5 1874
1712201051124 56.5 1875
1712201061302 56.5 1876
1712201071452 56.5 1877
1712201081611 56.5 1878
1712201091770 56.5 1879
1712201101917 56.5 1880
1712201112076 56.5 1881
1712201122421 56.5 1882
1712201132592 56.5 1883
1712201142749 56.5 1884
1712201152910 56.5 1885
1712201163073 56.5 1886
1712201173239 56.5 1887
1712201183371 56.5 1888
1712201193523 56.5 1889
1712201203683 56.5 1890
1712201213828 56.5 1891
1712201223991 56.5 1892
1712201234194 56.5 1893
1712201244336 56.5 1894
1712201254483 56.5 1895
1712201264615 56.5 1896
1712201274750 56.5 1897
1712201284915 56.5 1898
1712201295037 56.5 1899
1712201305175 56.5 1900
1712201315314 56.5 1901
1712201325466 56.5 1902
1712201335602 56.5 1903
1712201345841 56.5 1904
1712201356007 56.5 1905
1712201366183 56.5 1906
1712201376321 56.5 1907
1712201386468 56.5 1908
1712201396612 56.5 1909
1712201406766 56.5 1910
1712201416919 56.5 1911
1712201427090 56.5 1912
1712201437250 56.5 1913
1712201447411 56.5 1914
1712201457575 56.5 1915
1712201467714 56.5 1916
1712201477853 56.5 1917
1712201488006 56.5 1918
1712201498171 56.5 1919
1712201508312 56.5 1920
1712201518472 56.5 1921
1712201528618 56.5 1922
1712201538779 56.5 1923
1712201548925 56.5 1924
1712201559074 56.5 1925
1712201569354 56.5 1926
1712201579509 56.5 1927
1712201589661 56.5 1928
1712201599837 56.5 1929
1712201609980 56.5 1930
1712201620131 56.5 1931
1712201630288 56.5 1932
1712201640443 56.5 1933
1712201650585 56.5 1934
1712201660716 56.5 1935
1712201670848 56.5 1936
1712201680998 56.5 1937
1712201691152 56.5 1938
1712201701308 56.5 1939
1712201711463 56.5 1940
1712201721720 56.5 1941
1712201731882 56.5 1942
1712201742026 56.5 1943
1712201752168 56.5 1944
1712201762313 56.5 1945
1712201772455 56.5 1946
1712201782588 56.5 1947
1712201792716 56.5 1948
1712201802861 56.5 1949
1712201813011 56.5 1950
1712201823167 56.5 1951
1712201833307 56.5 1952
1712201843437 56.5 1953
1712201853617 56.5 1954
1712201863765 56.5 1955
1712201874021 56.5 1956
1712201884181 56.5 1957
1712201894343 56.5 1958
1712201904491 56.5 1959
1712201914635 56.5 1960
1712201924783 56.5 1961
1712201934882 56.5 1962
1712201944971 56.5 1963
1712201955106 56.5 1964
1712201965288 56.5 1965
1712201975431 56.5 1966
1712201985558 56.5 1967
1712201995694 56.5 1968
1712202005844 56.5 1969
1712202015970 56.5 1970
1712202026210 56.5 1971
1712202036349 56.5 1972
1712202046484 56.5 1973
1712202056618 56.5 1974
1712202066746 56.5 1975
1712202076874 56.5 1976
1712202086998 56.5 1977
1712202097147 56.5 1978
1712202107277 56.5 1979
1712202117409 56.5 1980
1712202127557 56.5 1981
1712202137684 56.5 1982
1712202147826 56.5 1983
1712202157963 56.5 1984
1712202168102 56.5 1985
1712202178329 56.5 1986
1712202188463 56.5 1987
1712202198597 56.5 1988
1712202208729 56.5 1989
1712202218847 56.5 1990
1712202228978 56.5 1991
1712202239113 56.5 1992
1712202249230 56.5 1993
1712202259362 56.5 1994
1712202269495 56.5 1995
1712202279634 56.5 1996
1712202289870 56.5 1997
1712202300027 56.5 1998
1712202310150 56.5 1999
1712202320286 56.5 2000
1712202330508 56.5 2001
1712202340638 56.5 2002
1712202350768 56.5 2003
1712202360909 56.5 2004
1712202371028 56.5 2005
1712202381163 56.5 2006
1712202391310 56.5 2007
1712202401454 56.5 2008
1712202411545 56.5 2009
1712202421684 56.5 2010
1712202431823 56.5 2011
1712202441923 56.5 2012
1712202452080 56.5 2013
1712202462221 56.5 2014
1712202472360 56.5 2015
1712202482525 56.5 2016
1712202492682 56.5 2017
1712202502852 56.5 2018
1712202513002 56.5 2019
1712202523085 56.5 2020
1712202533240 56.5 2021
1712202543392 56.9 2022
1712202553608 56.9 2023
1712202563762 56.9 2024
1712202573913 56.9 2025
1712202584030 56.9 2026
1712202594159 56.9 2027
1712202604292 56.9 2028
1712202614434 56.9 2029
1712202624600 56.9 2030
1712202634757 56.9 2031
1712202644918 56.9 2032
1712202655068 56.9 2033
1712202665200 56.9 2034
1712202675335 56.9 2035
1712202685455 56.9 2036
1712202695594 56.9 2037
1712202705742 56.9 2038
1712202715872 56.9 2039
1712202726007 56.9 2040
1712202736133 56.9 2041
1712202746283 56.9 2042
1712202756418 56.9 2043
1712202766569 56.9 2044
1712202776719 56.9 2045
1712202786848 56.9 2046
1712202796990 56.9 2047
1712202807126 56.9 2048
1712202817278 56.9 2049
1712202827425 56.9 2050
1712202837552 56.9 2051
1712202847681 56.9 2052
1712202857820 56.9 2053
1712202867965 56.9 2054
1712202878107 56.9 2055
1712202888238 56.9 2056
1712202898398 56.9 2057
1712202908483 56.9 2058
1712202918648 56.9 2059
1712202928779 56.9 2060
1712202938909 56.9 2061
1712202949070 56.9 2062
1712202959221 56.9 2063
1712202969362 56.9 2064
1712202979492 56.9 2065
1712202989621 56.9 2066
1712202999720 56.9 2067
1712203009965 56.9 2068
1712203020118 56.9 2069
1712203030262 56.9 2070
1712203040397 56.9 2071
1712203050545 56.9 2072
1712203060665 56.9 2073
1712203070808 56.9 2074
1712203080936 56.9 2075
1712203091107 56.9 2076
1712203101273 56.9 2077
1712203111459 56.9 2078
1712203121624 56.9 2079
1712203131800 56.9 2080
1712203141971 56.9 2081
1712203152170 56.9 2082
1712203162368 56.9 2083
1712203172557 56.9 2084
1712203182759 56.9 2085
1712203192973 56.9 2086
1712203203160 56.9 2087
1712203213354 56.9 2088
1712203223547 56.9 2089
1712203233803 56.9 2090
1712203244106 56.9 2091
1712203254312 56.9 2092
1712203264508 56.9 2093
1712203274707 56.9 2094
1712203284931 56.9 2095
1712203295206 56.9 2096
1712203305433 56.9 2097
1712203315718 56.9 2098
1712203325900 56.9 2099
1712203336049 56.9 2100
1712203346209 56.9 2101
1712203356349 56.9 2102
1712203366513 56.9 2103
1712203376701 56.9 2104
1712203386884 56.9 2105
1712203397065 56.9 2106
1712203407242 56.9 2107
1712203417385 56.9 2108
1712203427545 56.9 2109
1712203437717 56.9 2110
1712203447874 56.9 2111
1712203458053 56.9 2112
1712203468304 56.9 2113
1712203478468 56.9 2114
1712203488627 56.9 2115
1712203498799 56.9 2116
1712203508959 56.9 2117
1712203519112 56.9 2118
1712203529291 56.9 2119
1712203539447 56.9 2120
1712203549601 56.9 2121
1712203559778 56.9 2122
1712203569927 56.9 2123
1712203580085 56.9 2124
1712203590252 56.9 2125
1712203600401 56.9 2126
1712203610566 56.9 2127
1712203620792 56.9 2128
1712203630938 56.9 2129
1712203641122 56.9 2130
1712203651304 56.9 2131
1712203661458 56.9 2132
1712203671616 56.9 2133
1712203681785 56.9 2134
1712203691955 56.9 2135
1712203702110 56.9 2136
1712203712260 56.9 2137
1712203722414 56.9 2138
1712203732593 56.9 2139
1712203742730 56.9 2140
1712203752938 56.9 2141
1712203763109 56.9 2142
1712203773250 56.9 2143
1712203783393 56.9 2144
1712203793556 56.9 2145
1712203803774 56.9 2146
1712203813920 56.9 2147
1712203824100 56.9 2148
1712203834259 56.9 2149
1712203844427 56.9 2150
1712203854696 56.9 2151
1712203864873 56.9 2152
1712203875070 56.9 2153
1712203885268 56.9 2154
1712203895478 56.9 2155
1712203905654 56.9 2156
1712203915937 56.9 2157
1712203926114 56.9 2158
1712203936295 56.9 2159
1712203946474 56.9 2160
1712203956583 56.9 2161
1712203966721 56.9 2162
1712203977038 56.9 2163
1712203987220 56.9 2164
1712203997385 56.9 2165
1712204007501 56.9 2166
1712204017841 56.9 2167
1712204028042 56.9 2168
1712204038203 56.9 2169
1712204048409 56.9 2170
1712204058565 56.9 2171
1712204068701 56.9 2172
1712204078852 56.9 2173
1712204089086 56.9 2174
1712204099222 56.9 2175
1712204109364 56.9 2176
1712204119550 56.9 2177
1712204129794 56.9 2178
1712204139893 56.9 2179
1712204150091 56.9 2180
1712204160270 56.9 2181
1712204170500 56.9 2182
1712204180654 56.9 2183
1712204190826 56.9 2184
1712204200967 56.9 2185
1712204211147 56.9 2186
1712204221318 56.9 2187
1712204231469 56.9 2188
1712204241619 56.9 2189
1712204251810 56.9 2190
1712204262000 56.9 2191
1712204272168 56.9 2192
1712204282315 56.9 2193
1712204292484 56.9 2194
1712204302724 56.9 2195
1712204312868 56.9 2196
1712204323014 56.9 2197
1712204333161 56.9 2198
1712204343334 56.9 2199
1712204353495 56.9 2200
1712204363634 56.9 2201
1712204373781 56.9 2202
1712204383937 56.9 2203
1712204394164 56.9 2204
1712204404318 56.9 2205
1712204414497 56.9 2206
1712204424642 56.9 2207
1712204434811 56.9 2208
1712204444945 56.9 2209
1712204455112 56.9 2210
1712204465267 56.9 2211
1712204475514 56.9 2212
1712204485702 56.9 2213
1712204495859 56.9 2214
1712204505957 56.9 2215
1712204516227 56.9 2216
1712204526386 56.9 2217
1712204536537 56.9 2218
1712204546718 56.9 2219
1712204556961 56.9 2220
1712204567107 56.9 2221
1712204577267 56.9 2222
1712204587456 56.9 2223
1712204597605 56.9 2224
1712204607854 56.9 2225
1712204617989 56.9 2226
1712204628134 56.9 2227
1712204638291 56.9 2228
1712204648464 56.9 2229
1712204658699 56.9 2230
1712204668842 56.9 2231
1712204678976 56.9 2232
1712204689188 56.9 2233
1712204699442 56.9 2234
1712204709592 56.9 2235
1712204719766 56.9 2236
1712204729915 56.9 2237
1712204740077 56.9 2238
1712204750232 56.9 2239
1712204760393 56.9 2240
1712204770626 56.9 2241
1712204780798 56.9 2242
1712204790953 56.9 2243
1712204801105 56.9 2244
1712204811272 56.9 2245
1712204821440 56.9 2246
1712204831683 56.9 2247
1712204841842 56.9 2248
1712204852025 56.9 2249
1712204862157 56.9 2250
1712204872324 56.9 2251
1712204882599 56.9 2252
1712204892799 56.9 2253
1712204902987 56.9 2254
1712204913158 56.9 2255
1712204923347 56.9 2256
1712204933621 56.9 2257
1712204943892 56.9 2258
1712204954068 56.9 2259
1712204964258 56.9 2260
1712204974406 56.9 2261
1712204984682 56.9 2262
1712204994868 56.9 2263
1712205005090 56.9 2264
1712205015272 56.9 2265
1712205025447 56.9 2266
1712205035622 56.9 2267
1712205045909 56.9 2268
1712205056111 56.9 2269
1712205066288 56.9 2270
1712205076478 56.9 2271
1712205086645 56.9 2272
1712205096927 56.9 2273
1712205107118 56.9 2274
1712205117352 56.9 2275
1712205127590 56.9 2276
1712205137796 56.9 2277
1712205148075 56.9 2278
1712205158268 56.9 2279
1712205168437 56.9 2280
1712205178612 56.9 2281
1712205188804 56.9 2282
1712205198973 56.9 2283
1712205209257 56.9 2284
1712205219405 56.9 2285
1712205229563 56.9 2286
1712205239714 56.9 2287
1712205249881 56.9 2288
1712205260059 56.9 2289
1712205270329 56.9 2290
1712205280502 56.9 2291
1712205290654 56.9 2292
1712205300837 56.9 2293
1712205311028 56.9 2294
1712205321190 56.9 2295
1712205331472 56.9 2296
1712205341654 56.9 2297
1712205351822 56.9 2298
1712205361978 56.9 2299
1712205372109 56.9 2300
1712205382300 56.9 2301
1712205392557 56.9 2302
1712205402720 56.9 2303
1712205412897 56.9 2304
1712205423064 56.9 2305
1712205433238 56.9 2306
1712205443425 56.9 2307
1712205453586 56.9 2308
1712205463751 56.9 2309
1712205473917 56.9 2310
1712205484095 56.9 2311
1712205494273 56.9 2312
1712205504448 56.9 2313
1712205514626 56.9 2314
1712205524833 56.9 2315
1712205535008 56.9 2316
1712205545191 56.9 2317
1712205555391 56.9 2318
1712205565571 56.9 2319
1712205575747 56.9 2320
1712205585937 56.9 2321
1712205596118 56.9 2322
1712205606305 56.9 2323
1712205616480 56.9 2324
1712205626663 56.9 2325
1712205636824 56.9 2326
1712205647005 56.9 2327
1712205657182 56.9 2328
1712205667384 56.9 2329
1712205677567 56.9 2330
1712205687752 56.9 2331
1712205697929 56.9 2332
1712205708135 56.9 2333
1712205718323 56.9 2334
1712205728507 56.9 2335
1712205738668 56.9 2336
1712205748845 56.9 2337
1712205759042 56.9 2338
1712205769211 56.9 2339
1712205779395 56.9 2340
1712205789587 56.9 2341
1712205799761 56.9 2342
1712205809941 56.9 2343
1712205820141 56.9 2344
1712205830329 56.9 2345
1712205840509 56.9 2346
1712205850699 56.9 2347
1712205860874 56.9 2348
1712205871052 56.9 2349
1712205881224 56.9 2350
1712205891408 56.9 2351
1712205901591 56.9 2352
1712205911888 56.9 2353
1712205922064 56.9 2354
1712205932241 56.9 2355
1712205942420 56.9 2356
1712205952614 56.9 2357
1712205962797 56.9 2358
