1712182092670 6.6 0
1712182102755 95.2 1
1712182112830 95.2 2
1712182122893 95.2 3
1712182132952 95.2 4
1712182143014 95.2 5
1712182153076 95.2 6
1712182163143 95.2 7
1712182173220 95.2 8
1712182183282 95.2 9
1712182193346 95.2 10
1712182203413 95.2 11
1712182213487 95.2 12
1712182223561 95.2 13
1712182233636 95.2 14
1712182243709 95.2 15
1712182253770 95.2 16
1712182263850 95.2 17
1712182273920 95.2 18
1712182283984 95.2 19
1712182294075 95.2 20
1712182304148 95.2 21
1712182314224 95.2 22
1712182324291 95.2 23
1712182334364 95.2 24
1712182344446 95.2 25
1712182354508 95.2 26
1712182364579 95.2 27
1712182374661 95.2 28
1712182384737 95.2 29
1712182394801 95.2 30
1712182404868 95.2 31
1712182414943 95.2 32
1712182425025 95.2 33
1712182435097 95.2 34
1712182445164 95.2 35
1712182455247 95.2 36
1712182465319 95.2 37
1712182475394 95.2 38
1712182485465 95.2 39
1712182495534 95.2 40
1712182505615 95.2 41
1712182515687 95.2 42
1712182525761 95.2 43
1712182535842 95.2 44
1712182545909 95.2 45
1712182555990 95.2 46
1712182566073 95.2 47
1712182576146 95.2 48
1712182586244 95.2 49
1712182596321 95.2 50
1712182606406 95.2 51
1712182616486 95.2 52
1712182626560 95.2 53
1712182636633 95.2 54
1712182646724 95.2 55
1712182656793 95.2 56
1712182666866 95.2 57
1712182676943 95.2 58
1712182687015 95.2 59
1712182697081 95.2 60
1712182707163 95.2 61
1712182717248 95.2 62
1712182727329 95.2 63
1712182737404 95.2 64
1712182747477 95.2 65
1712182757552 95.2 66
1712182767630 95.2 67
1712182777719 95.2 68
1712182787791 95.2 69
1712182797870 95.2 70
1712182807945 95.2 71
1712182818022 95.2 72
1712182828087 95.2 73
1712182838182 95.2 74
1712182848257 95.2 75
1712182858339 95.2 76
1712182868408 95.2 77
1712182878483 95.2 78
1712182888564 95.2 79
1712182898636 95.2 80
1712182908738 95.2 81
1712182918824 95.2 82
1712182928901 95.2 83
1712182938980 95.2 84
1712182949058 95.2 85
1712182959141 95.2 86
1712182969230 95.2 87
1712182979305 95.2 88
1712182989379 95.2 89
1712182999457 95.2 90
1712183009527 95.2 91
1712183019607 95.2 92
1712183029700 95.2 93
1712183039779 95.2 94
1712183049846 95.2 95
1712183059935 95.2 96
1712183070044 95.2 97
1712183080119 95.2 98
1712183090159 95.2 99
1712183100192 95.2 100
1712183110225 95.2 101
1712183120303 95.2 102
1712183130334 95.2 103
1712183140381 95.2 104
1712183150464 95.2 105
1712183160503 95.2 106
1712183170555 95.2 107
1712183180657 95.2 108
1712183190694 95.2 109
1712183200739 95.2 110
1712183210824 95.2 111
1712183220901 95.2 112
1712183230946 95.2 113
1712183240994 95.2 114
1712183251086 95.2 115
1712183261129 95.2 116
1712183271178 95.2 117
1712183281256 95.2 118
1712183291303 95.2 119
1712183301345 95.2 120
1712183311432 95.2 121
1712183321471 95.2 122
1712183331506 95.2 123
1712183341594 95.2 124
1712183351688 95.2 125
1712183361798 95.2 126
1712183371883 95.2 127
1712183381924 95.2 128
1712183392015 95.2 129
1712183402096 95.2 130
1712183412185 95.2 131
1712183422283 95.2 132
1712183432374 95.2 133
1712183442413 95.2 134
1712183452511 95.2 135
1712183462603 95.2 136
1712183472688 95.2 137
1712183482781 95.2 138
1712183492859 95.2 139
1712183502892 95.2 140
1712183512987 95.2 141
1712183523086 95.2 142
1712183533174 95.2 143
1712183543263 95.2 144
1712183553341 95.2 145
1712183563385 95.2 146
1712183573467 95.2 147
1712183583550 95.2 148
1712183593631 95.2 149
1712183603722 95.2 150
1712183613808 95.2 151
1712183623838 95.2 152
1712183633925 95.2 153
1712183644030 95.2 154
1712183654125 95.2 155
1712183664225 95.2 156
1712183674299 95.2 157
1712183684335 95.2 158
1712183694432 95.2 159
1712183704513 95.2 160
1712183714613 95.2 161
1712183724709 95.2 162
1712183734798 95.2 163
1712183744842 95.2 164
1712183754932 95.2 165
1712183765014 95.2 166
1712183775122 95.2 167
1712183785204 95.2 168
1712183795292 95.2 169
1712183805334 95.2 170
1712183815418 95.2 171
1712183825508 95.2 172
1712183835614 95.2 173
1712183845699 95.2 174
1712183855784 95.2 175
1712183865838 95.2 176
1712183875928 95.2 177
1712183886021 95.2 178
1712183896108 95.2 179
1712183906202 95.2 180
1712183916280 95.2 181
1712183926322 95.2 182
1712183936406 95.2 183
1712183946489 95.2 184
1712183956581 95.2 185
1712183966669 95.2 186
1712183976754 95.2 187
1712183986800 95.2 188
1712183996882 95.2 189
1712184006969 95.2 190
1712184017057 95.2 191
1712184027143 95.2 192
1712184037239 95.2 193
1712184047337 95.2 194
1712184057425 95.2 195
1712184067512 95.2 196
1712184077597 95.2 197
1712184087683 95.2 198
1712184097713 95.2 199
1712184107801 95.2 200
1712184117887 95.2 201
1712184127987 95.2 202
1712184138065 95.2 203
1712184148151 95.2 204
1712184158189 95.2 205
1712184168293 95.2 206
1712184178385 95.2 207
1712184188475 95.2 208
1712184198580 95.2 209
1712184208674 95.2 210
1712184218715 95.2 211
1712184228806 95.2 212
1712184238896 95.2 213
1712184248995 95.2 214
1712184259082 95.2 215
1712184269185 95.2 216
1712184279230 95.2 217
1712184289339 95.2 218
1712184299431 95.2 219
1712184309540 95.2 220
1712184319648 95.2 221
1712184329736 95.2 222
1712184339778 95.2 223
1712184349887 95.2 224
1712184360001 95.2 225
1712184370086 95.2 226
1712184380196 95.2 227
1712184390292 95.2 228
1712184400359 95.2 229
1712184410468 95.2 230
1712184420567 95.2 231
1712184430667 95.2 232
1712184440766 95.2 233
1712184450875 95.2 234
1712184460907 95.2 235
1712184471006 95.2 236
1712184481100 95.2 237
1712184491190 95.2 238
1712184501276 95.2 239
1712184511357 95.2 240
1712184521402 95.2 241
1712184531503 95.2 242
1712184541585 95.2 243
1712184551676 95.2 244
1712184561778 95.2 245
1712184571874 95.2 246
1712184581910 95.2 247
1712184591999 95.2 248
1712184602096 95.2 249
1712184612185 95.2 250
1712184622308 95.2 251
1712184632403 95.2 252
1712184642442 95.2 253
1712184652533 95.2 254
1712184662618 95.2 255
1712184672708 95.2 256
1712184682808 95.2 257
1712184692900 95.2 258
1712184702944 95.2 259
1712184713045 95.2 260
1712184723134 95.2 261
1712184733238 95.2 262
1712184743326 95.2 263
1712184753427 95.2 264
1712184763461 95.2 265
1712184773583 95.2 266
1712184783685 95.2 267
1712184793778 95.2 268
1712184803863 95.2 269
1712184813950 95.2 270
1712184824001 95.2 271
1712184834104 95.2 272
1712184844204 95.2 273
1712184854288 95.2 274
1712184864386 95.2 275
1712184874507 95.2 276
1712184884547 95.2 277
1712184894654 95.2 278
1712184904756 95.2 279
1712184914854 95.2 280
1712184924960 95.2 281
1712184935067 95.2 282
1712184945114 95.2 283
1712184955214 95.2 284
1712184965329 95.2 285
1712184975420 95.2 286
1712184985507 95.2 287
1712184995598 95.2 288
1712185005645 95.2 289
1712185015733 95.2 290
1712185025811 95.2 291
1712185035897 95.2 292
1712185045992 95.2 293
1712185056086 95.2 294
1712185066127 95.2 295
1712185076211 95.2 296
1712185086307 95.2 297
1712185096406 95.2 298
1712185106505 95.2 299
1712185116602 95.2 300
1712185126641 95.2 301
1712185136732 95.2 302
1712185146835 95.2 303
1712185156930 95.2 304
1712185167030 95.2 305
1712185177108 95.2 306
1712185187142 95.2 307
1712185197227 95.2 308
1712185207310 95.2 309
1712185217421 95.2 310
1712185227513 95.2 311
1712185237561 95.2 312
1712185247603 95.2 313
1712185257648 95.2 314
1712185267679 95.2 315
1712185277785 95.2 316
1712185287845 95.2 317
1712185297953 95.2 318
1712185308046 95.2 319
1712185318101 95.2 320
1712185328202 95.2 321
1712185338299 95.2 322
1712185348389 95.2 323
1712185358496 95.2 324
1712185368580 95.2 325
1712185378678 95.2 326
1712185388766 95.2 327
1712185398857 95.2 328
1712185408937 95.2 329
1712185419034 95.2 330
1712185429122 95.2 331
1712185439212 95.2 332
1712185449298 95.2 333
1712185459394 95.2 334
1712185469484 95.2 335
1712185479577 95.2 336
1712185489667 95.2 337
1712185499762 95.2 338
1712185509861 95.2 339
1712185519965 95.2 340
1712185530049 95.2 341
1712185540136 95.2 342
1712185550235 95.2 343
1712185560329 95.2 344
1712185570438 95.2 345
1712185580527 95.2 346
1712185590620 95.2 347
1712185600734 95.2 348
1712185610828 95.2 349
1712185620917 95.2 350
1712185631001 95.2 351
1712185641094 95.2 352
1712185651180 95.2 353
1712185661269 95.2 354
1712185671384 95.2 355
1712185681501 95.2 356
1712185691589 95.2 357
1712185701668 95.2 358
1712185711757 95.2 359
1712185721855 95.2 360
1712185731954 95.2 361
1712185742037 95.2 362
1712185752146 95.2 363
1712185762242 95.2 364
1712185772329 95.2 365
1712185782405 95.2 366
1712185792493 95.2 367
1712185802589 95.2 368
1712185812686 95.2 369
1712185822771 95.2 370
1712185832866 95.2 371
1712185842954 95.2 372
1712185853057 95.2 373
1712185863152 95.2 374
1712185873245 95.2 375
1712185883329 95.2 376
1712185893415 95.2 377
1712185903516 95.2 378
1712185913612 95.2 379
1712185923661 95.2 380
1712185933758 95.2 381
1712185943852 95.2 382
1712185953954 95.2 383
1712185964064 95.2 384
1712185974119 95.2 385
1712185984222 95.2 386
1712185994316 95.2 387
1712186004422 95.2 388
1712186014523 95.2 389
1712186024619 95.2 390
1712186034726 95.2 391
1712186044822 95.2 392
1712186054931 95.2 393
1712186065045 95.2 394
1712186075151 95.2 395
1712186085266 95.2 396
1712186095370 95.2 397
1712186105476 95.2 398
1712186115580 95.2 399
1712186125683 95.2 400
1712186135783 95.2 401
1712186145897 95.2 402
1712186155996 95.2 403
1712186166108 95.2 404
1712186176201 95.2 405
1712186186300 95.2 406
1712186196408 95.2 407
1712186206516 95.2 408
1712186216616 95.2 409
1712186226717 95.2 410
1712186236828 95.2 411
1712186246924 95.2 412
1712186257026 95.2 413
1712186267123 95.2 414
1712186277222 95.2 415
1712186287319 95.2 416
1712186297415 95.2 417
1712186307520 95.2 418
1712186317622 95.2 419
1712186327718 95.2 420
1712186337823 95.2 421
1712186347915 95.2 422
1712186358004 95.2 423
1712186368113 95.2 424
1712186378211 95.2 425
1712186388304 95.2 426
1712186398406 95.2 427
1712186408509 95.2 428
1712186418609 95.2 429
1712186428701 95.2 430
1712186438802 95.2 431
1712186448899 95.2 432
1712186458997 95.2 433
1712186469089 95.2 434
1712186479195 95.2 435
1712186489299 95.2 436
1712186499411 95.2 437
1712186509501 95.2 438
1712186519619 95.2 439
1712186529681 95.2 440
1712186539724 95.2 441
1712186549772 95.2 442
1712186559817 95.2 443
1712186569865 95.2 444
1712186579967 95.2 445
1712186590011 95.2 446
1712186600050 95.2 447
1712186610136 95.2 448
1712186620189 95.2 449
1712186630283 95.2 450
1712186640400 95.2 451
1712186650503 95.2 452
1712186660616 95.2 453
1712186670727 95.2 454
1712186680777 95.2 455
1712186690875 95.2 456
1712186700980 95.2 457
1712186711091 95.2 458
1712186721196 95.2 459
1712186731287 95.2 460
1712186741332 95.2 461
1712186751450 95.2 462
1712186761557 95.2 463
1712186771668 95.2 464
1712186781780 95.2 465
1712186791892 95.2 466
1712186801951 95.2 467
1712186812056 95.2 468
1712186822158 95.2 469
1712186832266 95.2 470
1712186842381 95.2 471
1712186852470 95.2 472
1712186862516 95.2 473
1712186872613 95.2 474
1712186882706 95.2 475
1712186892807 95.2 476
1712186902906 95.2 477
1712186912995 95.2 478
1712186923040 95.2 479
1712186933131 95.2 480
1712186943225 95.2 481
1712186953323 95.2 482
1712186963410 95.2 483
1712186973510 95.2 484
1712186983549 95.2 485
1712186993650 95.2 486
1712187003745 95.2 487
1712187013833 95.2 488
1712187023951 95.2 489
1712187034055 95.2 490
1712187044113 95.2 491
1712187054241 95.2 492
1712187064330 95.2 493
1712187074432 95.2 494
1712187084546 95.2 495
1712187094593 95.2 496
1712187104700 95.2 497
1712187114757 95.2 498
1712187124803 95.2 499
1712187134901 95.2 500
1712187144961 95.2 501
1712187155001 95.2 502
1712187165110 95.2 503
1712187175153 95.2 504
1712187185200 95.2 505
1712187195302 95.2 506
1712187205349 95.2 507
1712187215424 95.2 508
1712187225516 95.2 509
1712187235567 95.2 510
1712187245608 95.2 511
1712187255717 95.2 512
1712187265771 95.2 513
1712187275821 95.2 514
1712187285934 95.2 515
1712187295987 95.2 516
1712187306040 95.2 517
1712187316137 95.2 518
1712187326187 95.2 519
1712187336234 95.2 520
1712187346346 95.2 521
1712187356464 95.2 522
1712187366564 95.2 523
1712187376674 95.2 524
1712187386790 95.2 525
1712187396844 95.2 526
1712187406953 95.2 527
1712187417049 95.2 528
1712187427147 95.2 529
1712187437256 95.2 530
1712187447366 95.2 531
1712187457412 95.2 532
1712187467531 95.2 533
1712187477638 95.2 534
1712187487755 95.2 535
1712187497859 95.2 536
1712187507960 95.2 537
1712187518010 95.2 538
1712187528109 95.2 539
1712187538234 95.2 540
1712187548334 95.2 541
1712187558443 95.2 542
1712187568549 95.2 543
1712187578596 95.2 544
1712187588711 95.2 545
1712187598835 95.2 546
1712187608940 95.2 547
1712187619031 95.2 548
1712187629127 95.2 549
1712187639182 95.2 550
1712187649290 95.2 551
1712187659383 95.2 552
1712187669495 95.2 553
1712187679605 95.2 554
1712187689708 95.2 555
1712187699757 95.2 556
1712187709858 95.2 557
1712187719960 95.2 558
1712187730061 95.2 559
1712187740159 95.2 560
1712187750256 95.2 561
1712187760388 95.2 562
1712187770497 95.2 563
1712187780600 95.2 564
1712187790689 95.2 565
1712187800786 95.2 566
1712187810903 95.2 567
1712187820963 95.2 568
1712187831101 95.2 569
1712187841199 95.2 570
1712187851310 95.2 571
1712187861425 95.2 572
1712187871525 95.2 573
1712187881568 95.2 574
1712187891678 95.2 575
1712187901794 95.2 576
1712187911912 95.2 577
1712187922028 95.2 578
1712187932129 95.2 579
1712187942177 95.2 580
1712187952290 95.2 581
1712187962402 95.2 582
1712187972508 95.2 583
1712187982608 95.2 584
1712187992727 95.2 585
1712188002776 95.2 586
1712188012888 95.2 587
1712188022993 95.2 588
1712188033093 95.2 589
1712188043215 95.2 590
1712188053331 95.2 591
1712188063375 95.2 592
1712188073425 95.2 593
1712188083481 95.2 594
1712188093538 95.2 595
1712188103593 95.2 596
1712188113636 95.2 597
1712188123737 95.2 598
1712188133783 95.2 599
1712188143885 95.2 600
1712188153928 95.2 601
1712188164042 95.2 602
1712188174143 95.2 603
1712188184197 95.2 604
1712188194247 95.2 605
1712188204303 95.2 606
1712188214408 95.2 607
1712188224525 95.2 608
1712188234632 95.2 609
1712188244676 95.2 610
1712188254780 95.2 611
1712188264902 95.2 612
1712188274962 95.2 613
1712188285004 95.2 614
1712188295045 95.2 615
1712188305136 95.2 616
1712188315177 95.2 617
1712188325240 95.2 618
1712188335338 95.2 619
1712188345432 95.2 620
1712188355538 95.2 621
1712188365606 95.2 622
1712188375705 95.2 623
1712188385744 95.2 624
1712188395795 95.2 625
1712188405887 95.2 626
1712188415926 95.2 627
1712188425967 95.2 628
1712188436056 95.2 629
1712188446164 95.2 630
1712188456217 95.2 631
1712188466311 95.2 632
1712188476406 95.2 633
1712188486454 95.2 634
1712188496563 95.2 635
1712188506658 95.2 636
1712188516752 95.2 637
1712188526872 95.2 638
1712188536969 95.2 639
1712188547027 95.2 640
1712188557124 95.2 641
1712188567223 95.2 642
1712188577319 95.2 643
1712188587414 95.2 644
1712188597470 95.2 645
1712188607563 95.2 646
1712188617658 95.2 647
1712188627746 95.2 648
1712188637843 95.2 649
1712188647939 95.2 650
1712188657984 95.2 651
1712188668080 95.2 652
1712188678169 95.2 653
1712188688265 95.2 654
1712188698373 95.2 655
1712188708463 95.2 656
1712188718506 95.2 657
1712188728614 95.2 658
1712188738721 95.2 659
1712188748821 95.2 660
1712188758934 95.2 661
1712188769035 95.2 662
1712188779077 95.2 663
1712188789161 95.2 664
1712188799264 95.2 665
1712188809371 95.2 666
1712188819479 95.2 667
1712188829675 95.2 668
1712188839719 95.2 669
1712188849824 95.2 670
1712188859946 95.2 671
1712188870042 95.2 672
1712188880144 95.2 673
1712188890252 95.2 674
1712188900297 95.2 675
1712188910411 95.2 676
1712188920511 95.2 677
1712188930618 95.2 678
1712188940707 95.2 679
1712188950796 95.2 680
1712188960843 95.2 681
1712188970950 95.2 682
1712188981054 95.2 683
1712188991164 95.2 684
1712189001277 95.2 685
1712189011381 95.2 686
1712189021447 95.2 687
1712189031548 95.2 688
1712189041668 95.2 689
1712189051793 95.2 690
1712189061914 95.2 691
1712189072038 95.2 692
1712189082093 95.2 693
1712189092200 95.2 694
1712189102311 95.2 695
1712189112426 95.2 696
1712189122533 95.2 697
1712189132651 95.2 698
1712189142726 95.2 699
1712189152837 95.2 700
1712189162956 95.2 701
1712189173065 95.2 702
1712189183192 95.2 703
1712189193277 95.2 704
1712189203333 95.2 705
1712189213420 95.2 706
1712189223507 95.2 707
1712189233616 95.2 708
1712189243712 95.2 709
1712189253810 95.2 710
1712189263852 95.2 711
1712189273945 95.2 712
1712189284054 95.2 713
1712189294144 95.2 714
1712189304251 95.2 715
1712189314351 95.2 716
1712189324395 95.2 717
1712189334507 95.2 718
1712189344594 95.2 719
1712189354703 95.2 720
1712189364802 95.2 721
1712189374902 95.2 722
1712189384957 95.2 723
1712189395052 95.2 724
1712189405146 95.2 725
1712189415242 95.2 726
1712189425337 95.2 727
1712189435437 95.2 728
1712189445484 95.2 729
1712189455580 95.2 730
1712189465686 95.2 731
1712189475780 95.2 732
1712189485896 95.2 733
1712189496005 95.2 734
1712189506123 95.2 735
1712189516233 95.2 736
1712189526336 95.2 737
1712189536434 95.2 738
1712189546538 95.2 739
1712189556637 95.2 740
1712189566691 95.2 741
1712189576793 95.2 742
1712189586888 95.2 743
1712189596998 95.2 744
1712189607086 95.2 745
1712189617188 95.2 746
1712189627233 95.2 747
1712189637328 95.2 748
1712189647444 95.2 749
1712189657549 95.2 750
1712189667653 95.2 751
1712189677692 95.2 752
1712189687787 95.2 753
1712189697888 95.2 754
1712189707986 95.2 755
1712189718090 95.2 756
1712189728199 95.2 757
1712189738336 95.2 758
1712189748442 95.2 759
1712189758537 95.2 760
1712189768637 95.2 761
1712189778747 95.2 762
1712189788850 95.2 763
1712189798901 95.2 764
1712189809022 95.2 765
1712189819127 95.2 766
1712189829239 95.2 767
1712189839349 95.2 768
1712189849456 95.2 769
1712189859507 95.2 770
1712189869604 95.2 771
1712189879714 95.2 772
1712189889809 95.2 773
1712189899907 95.2 774
1712189910020 95.2 775
1712189920064 95.2 776
1712189930168 95.2 777
1712189940264 95.2 778
1712189950354 95.2 779
1712189960555 95.2 780
1712189970669 95.2 781
1712189980715 95.2 782
1712189990819 95.2 783
1712190000914 95.2 784
1712190011024 95.2 785
1712190021138 95.2 786
1712190031256 95.2 787
1712190041316 95.2 788
1712190051426 95.2 789
1712190061532 95.2 790
1712190071653 95.2 791
1712190081781 95.2 792
1712190091982 95.2 793
1712190102035 95.2 794
1712190112125 95.2 795
1712190122229 95.2 796
1712190132359 95.2 797
1712190142452 95.2 798
1712190152565 95.2 799
1712190162610 95.2 800
1712190172718 95.2 801
1712190182827 95.2 802
1712190192922 95.2 803
1712190203024 95.2 804
1712190213124 95.2 805
1712190223180 95.2 806
1712190233284 95.2 807
1712190243387 95.2 808
1712190253502 95.2 809
1712190263613 95.2 810
1712190273722 95.2 811
1712190283769 95.2 812
1712190293871 95.2 813
1712190303968 95.2 814
1712190314079 95.2 815
1712190324186 95.2 816
1712190334303 95.2 817
1712190344346 95.2 818
1712190354440 95.2 819
1712190364561 95.2 820
1712190374653 95.2 821
1712190384764 95.2 822
1712190394863 95.2 823
1712190404913 95.2 824
1712190415017 95.2 825
1712190425105 95.2 826
1712190435215 95.2 827
1712190445325 95.2 828
1712190455417 95.2 829
1712190465478 95.2 830
1712190475582 95.2 831
1712190485688 95.2 832
1712190495788 95.2 833
1712190505879 95.2 834
1712190515982 95.2 835
1712190526035 95.2 836
1712190536135 95.2 837
1712190546224 95.2 838
1712190556322 95.2 839
1712190566436 95.2 840
1712190576547 95.2 841
1712190586609 95.2 842
1712190596702 95.2 843
1712190606806 95.2 844
1712190616902 95.2 845
1712190626993 95.2 846
1712190637100 95.2 847
1712190647149 95.2 848
1712190657255 95.2 849
1712190667356 95.2 850
1712190677414 95.2 851
1712190687480 95.2 852
1712190697578 95.2 853
1712190707647 95.2 854
1712190717697 95.2 855
1712190727801 95.2 856
1712190737856 95.2 857
1712190747903 95.2 858
1712190758004 95.2 859
1712190768056 95.2 860
1712190778100 95.2 861
1712190788209 95.2 862
1712190798253 95.2 863
1712190808302 95.2 864
1712190818402 95.2 865
1712190828453 95.2 866
1712190838509 95.2 867
1712190848618 95.2 868
1712190858758 95.2 869
1712190868806 95.2 870
1712190878897 95.2 871
1712190888950 95.2 872
1712190898999 95.2 873
1712190909112 95.2 874
1712190919216 95.2 875
1712190929317 95.2 876
1712190939385 95.2 877
1712190949478 95.2 878
1712190959582 95.2 879
1712190969734 95.2 880
1712190979864 95.2 881
1712190989969 95.2 882
1712191000020 95.2 883
1712191010143 95.2 884
1712191020250 95.2 885
1712191030348 95.2 886
1712191040449 95.2 887
1712191050549 95.2 888
1712191060605 95.2 889
1712191070716 95.2 890
1712191080928 95.2 891
1712191091025 95.2 892
1712191101141 95.2 893
1712191111256 95.2 894
1712191121304 95.2 895
1712191131421 95.2 896
1712191141521 95.2 897
1712191151629 95.2 898
1712191161736 95.2 899
1712191171846 95.2 900
1712191181898 95.2 901
1712191192019 95.2 902
1712191202132 95.2 903
1712191212237 95.2 904
1712191222336 95.2 905
1712191232442 95.2 906
1712191242494 95.2 907
1712191252603 95.2 908
1712191262708 95.2 909
1712191272827 95.2 910
1712191282935 95.2 911
1712191293043 95.2 912
1712191303096 95.2 913
1712191313203 95.2 914
1712191323305 95.2 915
1712191333420 95.2 916
1712191343543 95.2 917
1712191353670 95.2 918
1712191363728 95.2 919
1712191373845 95.2 920
1712191383962 95.2 921
1712191394086 95.2 922
1712191404207 95.2 923
1712191414330 95.2 924
1712191424391 95.2 925
1712191434513 95.2 926
1712191444629 95.2 927
1712191454756 95.2 928
1712191464886 95.2 929
1712191475000 95.2 930
1712191485060 95.2 931
1712191495188 95.2 932
1712191505323 95.2 933
1712191515439 95.2 934
1712191525582 95.2 935
1712191535697 95.3 936
1712191545745 95.3 937
1712191555844 95.3 938
1712191565974 95.3 939
1712191576106 95.3 940
1712191586211 95.3 941
1712191596321 95.3 942
1712191606373 95.3 943
1712191616485 95.3 944
1712191626601 95.3 945
1712191636731 95.3 946
1712191646853 95.3 947
1712191656963 95.3 948
1712191667017 95.3 949
1712191677135 95.3 950
1712191687242 95.3 951
1712191697357 95.3 952
1712191707461 95.3 953
1712191717528 95.3 954
1712191727660 95.3 955
1712191737787 95.3 956
1712191747888 95.3 957
1712191757988 95.3 958
1712191768086 95.3 959
1712191778146 95.3 960
1712191788269 95.3 961
1712191798373 95.3 962
1712191808490 95.3 963
1712191818597 95.3 964
1712191828704 95.3 965
1712191838753 95.3 966
1712191848869 95.3 967
1712191858996 95.3 968
1712191869112 95.3 969
1712191879221 95.3 970
1712191889324 95.3 971
1712191899380 95.3 972
1712191909489 95.3 973
1712191919597 95.3 974
1712191929698 95.3 975
1712191939803 95.3 976
1712191949915 95.3 977
1712191959969 95.3 978
1712191970070 95.3 979
1712191980183 95.3 980
1712191990295 95.3 981
1712192000389 95.3 982
1712192010506 95.3 983
1712192020553 95.3 984
1712192030646 95.3 985
1712192040757 95.3 986
1712192050865 95.3 987
1712192060970 95.3 988
1712192071088 95.3 989
1712192081148 95.3 990
1712192091262 95.3 991
1712192101366 95.3 992
1712192111476 95.3 993
1712192121596 95.3 994
1712192131691 95.3 995
1712192141746 95.3 996
1712192151858 95.3 997
1712192161967 95.3 998
1712192172077 95.3 999
1712192182177 95.3 1000
1712192192283 95.3 1001
1712192202341 95.3 1002
1712192212534 95.3 1003
1712192222633 95.3 1004
1712192232744 95.3 1005
1712192242852 95.3 1006
1712192252961 95.3 1007
1712192263005 95.3 1008
1712192273110 95.3 1009
1712192283234 95.3 1010
1712192293343 95.3 1011
1712192303461 95.3 1012
1712192313578 95.3 1013
1712192323638 95.3 1014
1712192333744 95.3 1015
1712192343881 95.3 1016
1712192354004 95.3 1017
1712192364127 95.3 1018
1712192374252 95.3 1019
1712192384305 95.3 1020
1712192394432 95.3 1021
1712192404485 95.3 1022
1712192414548 95.3 1023
1712192424606 95.3 1024
1712192434736 95.3 1025
1712192444863 95.3 1026
1712192454973 95.3 1027
1712192465116 95.3 1028
1712192475233 95.3 1029
1712192485346 95.3 1030
1712192495454 95.3 1031
1712192505586 95.3 1032
1712192515696 95.3 1033
1712192525835 95.3 1034
1712192535942 95.3 1035
1712192546066 95.3 1036
1712192556209 95.3 1037
1712192566331 95.3 1038
1712192576450 95.3 1039
1712192586577 95.3 1040
1712192596694 95.3 1041
1712192606819 95.3 1042
1712192616935 95.3 1043
1712192627060 95.3 1044
1712192637190 95.3 1045
1712192647314 95.3 1046
1712192657437 95.3 1047
1712192667553 95.3 1048
1712192677682 95.3 1049
1712192687796 95.3 1050
1712192697907 95.3 1051
1712192708021 95.3 1052
1712192718141 95.3 1053
1712192728271 95.3 1054
1712192738396 95.3 1055
1712192748529 95.3 1056
1712192758659 95.3 1057
1712192768775 95.3 1058
1712192778893 95.3 1059
1712192789032 95.3 1060
1712192799155 95.3 1061
1712192809277 95.3 1062
1712192819405 95.3 1063
1712192829535 95.3 1064
1712192839650 95.3 1065
1712192849774 95.3 1066
1712192859896 95.3 1067
1712192870022 95.3 1068
1712192880138 95.3 1069
1712192890250 95.3 1070
1712192900386 95.3 1071
1712192910500 95.3 1072
1712192920640 95.3 1073
1712192930754 95.3 1074
1712192940880 95.3 1075
1712192951013 95.3 1076
1712192961132 95.3 1077
1712192971261 95.3 1078
1712192981383 95.3 1079
1712192991518 95.3 1080
1712193001633 95.3 1081
1712193011782 95.3 1082
1712193021913 95.3 1083
1712193032044 95.3 1084
1712193042165 95.3 1085
1712193052298 95.3 1086
1712193062418 95.3 1087
1712193072547 95.3 1088
1712193082671 95.3 1089
1712193092895 95.3 1090
1712193103020 95.3 1091
1712193113145 95.3 1092
1712193123271 95.3 1093
1712193133402 95.3 1094
1712193143536 95.3 1095
1712193153649 95.3 1096
1712193163764 95.3 1097
1712193173880 95.3 1098
1712193183999 95.3 1099
1712193194115 95.3 1100
1712193204233 95.3 1101
1712193214350 95.3 1102
1712193224488 95.3 1103
1712193234604 95.3 1104
1712193244737 95.3 1105
1712193254967 95.3 1106
1712193265098 95.3 1107
1712193275207 95.3 1108
1712193285329 95.3 1109
1712193295448 95.3 1110
1712193305577 95.3 1111
1712193315701 95.3 1112
1712193325815 95.3 1113
1712193335933 95.3 1114
1712193346061 95.3 1115
1712193356189 95.3 1116
1712193366324 95.3 1117
1712193376457 95.3 1118
1712193386566 95.3 1119
1712193396683 95.3 1120
1712193406905 95.3 1121
1712193417024 95.3 1122
1712193427158 95.3 1123
1712193437292 95.3 1124
1712193447408 95.3 1125
1712193457540 95.3 1126
1712193467659 95.3 1127
1712193477773 95.3 1128
1712193487912 95.3 1129
1712193498058 95.3 1130
1712193508182 95.3 1131
1712193518310 95.3 1132
1712193528494 95.3 1133
1712193538705 95.3 1134
1712193548828 95.3 1135
1712193558946 95.3 1136
1712193569064 95.3 1137
1712193579192 95.3 1138
1712193589305 95.3 1139
1712193599416 95.3 1140
1712193609553 95.3 1141
1712193619686 95.3 1142
1712193629813 95.3 1143
1712193639929 95.3 1144
1712193650060 95.3 1145
1712193660178 95.3 1146
1712193670326 95.3 1147
1712193680459 95.3 1148
1712193690598 95.3 1149
1712193700745 95.3 1150
1712193710872 95.3 1151
1712193721002 95.3 1152
1712193731154 95.3 1153
1712193741293 95.3 1154
1712193751425 95.3 1155
1712193761581 95.3 1156
1712193771726 95.3 1157
1712193781847 95.3 1158
1712193791999 95.3 1159
1712193802143 95.3 1160
1712193812298 95.3 1161
1712193822532 95.3 1162
1712193832672 95.3 1163
1712193842810 95.3 1164
1712193852950 95.3 1165
1712193863097 95.3 1166
1712193873238 95.3 1167
1712193883376 95.3 1168
1712193893497 95.3 1169
1712193903634 95.3 1170
1712193913717 95.3 1171
1712193923879 95.3 1172
1712193933935 95.3 1173
1712193944052 95.3 1174
1712193954188 95.3 1175
1712193964326 95.3 1176
1712193974455 95.3 1177
1712193984596 95.3 1178
1712193994749 95.3 1179
1712194004888 95.3 1180
1712194015005 95.3 1181
1712194025135 95.3 1182
1712194035257 95.3 1183
1712194045368 95.3 1184
1712194055489 95.3 1185
1712194065590 95.3 1186
1712194075705 95.3 1187
1712194085821 95.3 1188
1712194095931 95.3 1189
1712194106057 95.3 1190
1712194116249 95.3 1191
1712194126387 95.3 1192
1712194136500 95.3 1193
1712194146604 95.3 1194
1712194156719 95.3 1195
1712194166848 95.3 1196
1712194176969 95.3 1197
1712194187050 95.3 1198
1712194197173 95.3 1199
1712194207242 95.3 1200
1712194217356 95.3 1201
1712194227423 95.3 1202
1712194237546 95.3 1203
1712194247658 95.3 1204
1712194257726 95.3 1205
1712194267845 95.3 1206
1712194277978 95.3 1207
1712194288031 95.3 1208
1712194298149 95.3 1209
1712194308260 95.3 1210
1712194318373 95.3 1211
1712194328493 95.3 1212
1712194338604 95.3 1213
1712194348720 95.3 1214
1712194358833 95.3 1215
1712194368944 95.3 1216
1712194379075 95.3 1217
1712194389179 95.3 1218
1712194399290 95.3 1219
1712194409400 95.3 1220
1712194419517 95.3 1221
1712194429727 95.3 1222
1712194439831 95.3 1223
1712194449937 95.3 1224
1712194460066 95.3 1225
1712194470131 95.3 1226
1712194480295 95.3 1227
1712194490357 95.3 1228
1712194500491 95.3 1229
1712194510615 95.3 1230
1712194520721 95.3 1231
1712194530859 95.3 1232
1712194540970 95.3 1233
1712194551095 95.3 1234
1712194561205 95.3 1235
1712194571325 95.3 1236
1712194581457 95.3 1237
1712194591575 95.3 1238
1712194601693 95.3 1239
1712194611812 95.3 1240
1712194621924 95.3 1241
1712194632043 95.3 1242
1712194642145 95.3 1243
1712194652268 95.3 1244
1712194662336 95.3 1245
1712194672416 95.3 1246
1712194682526 95.3 1247
1712194692636 95.3 1248
1712194702740 95.3 1249
1712194712848 95.3 1250
1712194722975 95.3 1251
1712194733086 95.3 1252
1712194743197 95.3 1253
1712194753314 95.3 1254
1712194763431 95.3 1255
1712194773560 95.3 1256
1712194783673 95.3 1257
1712194793789 95.3 1258
1712194803899 95.3 1259
1712194814008 95.3 1260
1712194824134 95.3 1261
1712194834245 95.3 1262
1712194844364 95.3 1263
1712194854467 95.3 1264
1712194864568 95.3 1265
1712194874689 95.3 1266
1712194884796 95.3 1267
1712194894907 95.3 1268
1712194905008 95.3 1269
1712194915122 95.3 1270
1712194925244 95.3 1271
1712194935355 95.3 1272
1712194945479 95.3 1273
1712194955581 95.3 1274
1712194965692 95.3 1275
1712194975814 95.3 1276
1712194985928 95.3 1277
1712194996038 95.3 1278
1712195006139 95.3 1279
1712195016263 95.3 1280
1712195026371 95.3 1281
1712195036485 95.3 1282
1712195046593 95.3 1283
1712195056697 95.3 1284
1712195066801 95.3 1285
1712195076930 95.3 1286
1712195087044 95.3 1287
1712195097165 95.3 1288
1712195107273 95.3 1289
1712195117384 95.3 1290
1712195127502 95.3 1291
1712195137612 95.3 1292
1712195147732 95.3 1293
1712195157836 95.3 1294
1712195167955 95.3 1295
1712195178068 95.3 1296
1712195188168 95.3 1297
1712195198292 95.3 1298
1712195208403 95.3 1299
1712195218518 95.3 1300
1712195228637 95.3 1301
1712195238749 95.3 1302
1712195248863 95.3 1303
1712195258975 95.3 1304
1712195269087 95.3 1305
1712195279199 95.3 1306
1712195289310 95.3 1307
1712195299425 95.3 1308
1712195309539 95.3 1309
1712195319655 95.3 1310
1712195329777 95.3 1311
1712195339911 95.3 1312
1712195350024 95.3 1313
1712195360146 95.3 1314
1712195370265 95.3 1315
1712195380375 95.3 1316
1712195390507 95.3 1317
1712195400613 95.3 1318
1712195410715 95.3 1319
1712195420817 95.3 1320
1712195430928 95.3 1321
1712195441078 95.3 1322
1712195451182 95.3 1323
1712195461302 95.3 1324
1712195471416 95.3 1325
1712195481518 95.3 1326
1712195491637 95.3 1327
1712195501745 95.3 1328
1712195511860 95.3 1329
1712195521959 95.3 1330
1712195532070 95.3 1331
1712195542189 95.3 1332
1712195552291 95.3 1333
1712195562405 95.3 1334
1712195572513 95.3 1335
1712195582625 95.3 1336
1712195592840 95.3 1337
1712195602956 95.3 1338
1712195613090 95.3 1339
1712195623209 95.3 1340
1712195633338 95.3 1341
1712195643447 95.3 1342
1712195653569 95.3 1343
1712195663686 95.3 1344
1712195673798 95.3 1345
1712195683915 95.3 1346
1712195694029 95.3 1347
1712195704150 95.3 1348
1712195714257 95.3 1349
1712195724368 95.3 1350
1712195734485 95.3 1351
1712195744673 95.3 1352
1712195754781 95.3 1353
1712195764888 95.3 1354
1712195774998 95.3 1355
1712195785132 95.3 1356
1712195795249 95.3 1357
1712195805363 95.3 1358
1712195815481 95.3 1359
1712195825599 95.3 1360
1712195835713 95.3 1361
1712195845838 95.3 1362
1712195855945 95.3 1363
1712195866071 95.3 1364
1712195876183 95.3 1365
1712195886299 95.3 1366
1712195896478 95.3 1367
1712195906589 95.3 1368
1712195916718 95.3 1369
1712195926830 95.3 1370
1712195936956 95.3 1371
1712195947065 95.3 1372
1712195957182 95.3 1373
1712195967307 95.3 1374
1712195977413 95.3 1375
1712195987528 95.3 1376
1712195997640 95.3 1377
1712196007768 95.3 1378
1712196017840 95.3 1379
1712196027963 95.3 1380
1712196038044 95.3 1381
1712196048119 95.3 1382
1712196058260 95.3 1383
1712196068406 95.3 1384
1712196078557 95.3 1385
1712196088652 95.3 1386
1712196098795 95.3 1387
1712196108934 95.3 1388
1712196119075 95.3 1389
1712196129210 95.3 1390
1712196139336 95.3 1391
1712196149469 95.3 1392
1712196159606 95.3 1393
1712196169745 95.3 1394
1712196179972 95.3 1395
1712196190106 95.3 1396
1712196200244 95.3 1397
1712196210375 95.3 1398
1712196220500 95.3 1399
1712196230645 95.3 1400
1712196240776 95.3 1401
1712196250913 95.3 1402
1712196261015 95.3 1403
1712196271141 95.3 1404
1712196281274 95.3 1405
1712196291408 95.3 1406
1712196301534 95.3 1407
1712196311643 95.3 1408
1712196321752 95.3 1409
1712196331885 95.3 1410
1712196341989 95.3 1411
1712196352111 95.3 1412
1712196362219 95.3 1413
1712196372321 95.3 1414
1712196382439 95.3 1415
1712196392548 95.3 1416
1712196402658 95.3 1417
1712196412777 95.3 1418
1712196422897 95.3 1419
1712196433022 95.3 1420
1712196443146 95.3 1421
1712196453260 95.3 1422
1712196463395 95.3 1423
1712196473600 95.3 1424
1712196483718 95.3 1425
1712196493839 95.3 1426
1712196503943 95.3 1427
1712196514053 95.3 1428
1712196524163 95.3 1429
1712196534263 95.3 1430
1712196544393 95.3 1431
1712196554506 95.3 1432
1712196564633 95.3 1433
1712196574749 95.3 1434
1712196584861 95.3 1435
1712196594978 95.3 1436
1712196605084 95.3 1437
1712196615222 95.3 1438
1712196625464 95.3 1439
1712196635571 95.3 1440
1712196645705 95.3 1441
1712196655841 95.3 1442
1712196665954 95.3 1443
1712196676087 95.3 1444
1712196686216 95.3 1445
1712196696310 95.3 1446
1712196706447 95.3 1447
1712196716607 95.3 1448
1712196726751 95.3 1449
1712196736887 95.3 1450
1712196747108 95.3 1451
1712196757247 95.3 1452
1712196767390 95.3 1453
1712196777502 95.3 1454
1712196787635 95.3 1455
1712196797769 95.3 1456
1712196807905 95.3 1457
1712196818046 95.3 1458
1712196828180 95.3 1459
1712196838315 95.3 1460
1712196848525 95.3 1461
1712196858675 95.3 1462
1712196868795 95.3 1463
1712196878942 95.3 1464
1712196889097 95.3 1465
1712196899244 95.3 1466
1712196909375 95.3 1467
1712196919512 95.3 1468
1712196929633 95.3 1469
1712196939755 95.3 1470
1712196949992 95.3 1471
1712196960119 95.3 1472
1712196970246 95.3 1473
1712196980392 95.3 1474
1712196990523 95.3 1475
1712197000603 95.3 1476
1712197010735 95.3 1477
1712197020885 95.3 1478
1712197031017 95.3 1479
1712197041161 95.3 1480
1712197051321 95.3 1481
1712197061554 95.3 1482
1712197071718 95.3 1483
1712197081866 95.3 1484
1712197092000 95.3 1485
1712197102162 95.3 1486
1712197112341 95.3 1487
1712197122483 95.3 1488
1712197132643 95.3 1489
1712197142792 95.3 1490
1712197152923 95.3 1491
1712197163078 95.3 1492
1712197173225 95.3 1493
1712197183473 95.3 1494
1712197193639 95.3 1495
1712197203763 95.3 1496
1712197213899 95.3 1497
1712197224036 95.3 1498
1712197234213 95.3 1499
1712197244381 95.3 1500
1712197254518 95.3 1501
1712197264672 95.3 1502
1712197274839 95.3 1503
1712197284963 95.3 1504
1712197295213 95.3 1505
1712197305389 95.3 1506
1712197315538 95.3 1507
1712197325662 95.3 1508
1712197335817 95.3 1509
1712197345984 95.3 1510
1712197356111 95.3 1511
1712197366253 95.3 1512
1712197376384 95.3 1513
1712197386512 95.3 1514
1712197396655 95.3 1515
1712197406799 95.3 1516
1712197416931 95.3 1517
1712197427091 95.3 1518
1712197437258 95.3 1519
1712197447389 95.3 1520
1712197457536 95.3 1521
1712197467667 95.3 1522
1712197477784 95.3 1523
1712197488028 95.3 1524
1712197498188 95.3 1525
1712197508349 95.3 1526
1712197518494 95.3 1527
1712197528662 95.3 1528
1712197538806 95.3 1529
1712197548943 95.3 1530
1712197559095 95.3 1531
1712197569244 95.3 1532
1712197579530 95.3 1533
1712197589679 95.3 1534
1712197599823 95.3 1535
1712197609989 95.3 1536
1712197620138 95.3 1537
1712197630284 95.3 1538
1712197640427 95.3 1539
1712197650606 95.3 1540
1712197660757 95.3 1541
1712197670923 95.3 1542
1712197681209 95.3 1543
1712197691358 95.3 1544
1712197701518 95.3 1545
1712197711652 95.3 1546
1712197721823 95.3 1547
1712197731970 95.3 1548
1712197742135 95.3 1549
1712197752293 95.3 1550
1712197762444 95.3 1551
1712197772580 95.3 1552
1712197782756 95.3 1553
1712197792987 95.3 1554
1712197803142 95.3 1555
1712197813270 95.3 1556
1712197823426 95.3 1557
1712197833589 95.3 1558
1712197843755 95.3 1559
1712197853922 95.3 1560
1712197864105 95.3 1561
1712197874256 95.3 1562
1712197884386 95.3 1563
1712197894542 95.3 1564
1712197904808 95.3 1565
1712197915000 95.3 1566
1712197925135 95.3 1567
1712197935297 95.3 1568
1712197945485 95.3 1569
1712197955657 95.3 1570
1712197965809 95.3 1571
1712197975971 95.3 1572
1712197986111 95.3 1573
1712197996267 95.3 1574
1712198006425 95.3 1575
1712198016577 95.3 1576
1712198026743 95.3 1577
1712198036885 95.3 1578
1712198047030 95.3 1579
1712198057173 95.3 1580
1712198067327 95.3 1581
1712198077486 95.3 1582
1712198087615 95.3 1583
1712198097802 95.3 1584
1712198107931 95.3 1585
1712198118192 95.3 1586
1712198128354 95.3 1587
1712198138508 95.3 1588
1712198148666 95.3 1589
1712198158807 95.3 1590
1712198168961 95.3 1591
1712198179141 95.3 1592
1712198189311 95.3 1593
1712198199452 95.3 1594
1712198209599 95.3 1595
1712198219866 95.3 1596
1712198230017 95.3 1597
1712198240156 95.3 1598
1712198250252 95.3 1599
1712198260403 95.3 1600
1712198270529 95.3 1601
1712198280651 95.3 1602
1712198290802 95.3 1603
1712198300888 95.3 1604
1712198311051 95.3 1605
1712198321233 95.3 1606
1712198331355 95.3 1607
1712198341543 95.3 1608
1712198351792 95.3 1609
1712198361947 95.3 1610
1712198372116 95.3 1611
1712198382243 95.3 1612
1712198392442 95.3 1613
1712198402642 95.3 1614
1712198412742 95.3 1615
1712198422909 95.3 1616
1712198433089 95.3 1617
1712198443220 95.3 1618
1712198453473 95.3 1619
1712198463663 95.3 1620
1712198473810 95.3 1621
1712198483977 95.3 1622
1712198494157 95.3 1623
1712198504264 95.3 1624
1712198514440 95.3 1625
1712198524605 95.3 1626
1712198534759 95.3 1627
1712198544935 95.3 1628
1712198555195 95.3 1629
1712198565322 95.3 1630
1712198575497 95.3 1631
1712198585661 95.3 1632
1712198595841 95.3 1633
1712198606030 95.3 1634
1712198616186 95.3 1635
1712198626266 95.3 1636
1712198636416 95.3 1637
1712198646573 95.3 1638
1712198656794 95.3 1639
1712198666925 95.3 1640
1712198677085 95.3 1641
1712198687167 95.3 1642
1712198697301 95.3 1643
1712198707453 95.3 1644
1712198717602 95.3 1645
1712198727735 95.3 1646
1712198737845 95.3 1647
1712198747991 95.3 1648
1712198758217 95.3 1649
1712198768376 95.3 1650
1712198778510 95.3 1651
1712198788648 95.3 1652
1712198798724 95.3 1653
1712198808854 95.3 1654
1712198818990 95.3 1655
1712198829157 95.3 1656
1712198839284 95.3 1657
1712198849426 95.3 1658
1712198859538 95.3 1659
1712198869782 95.3 1660
1712198879932 95.3 1661
1712198890085 95.3 1662
1712198900238 95.3 1663
1712198910380 95.3 1664
1712198920501 95.3 1665
1712198930661 95.3 1666
1712198940807 95.3 1667
1712198950953 95.3 1668
1712198961099 95.3 1669
1712198971241 95.3 1670
1712198981337 95.3 1671
1712198991521 95.3 1672
1712199001670 95.3 1673
1712199011804 95.3 1674
1712199021953 95.3 1675
1712199032088 95.3 1676
1712199042203 95.3 1677
1712199052347 95.3 1678
1712199062485 95.3 1679
1712199072633 95.3 1680
1712199082853 95.3 1681
1712199092987 95.3 1682
1712199103084 95.3 1683
1712199113241 95.3 1684
1712199123397 95.3 1685
1712199133555 95.3 1686
1712199143710 95.3 1687
1712199153840 95.3 1688
1712199163950 95.3 1689
1712199174114 95.3 1690
1712199184255 95.3 1691
1712199194389 95.3 1692
1712199204551 95.3 1693
1712199214681 95.3 1694
1712199224774 95.3 1695
1712199234950 95.3 1696
1712199245089 95.3 1697
1712199255242 95.3 1698
1712199265405 95.3 1699
1712199275548 95.3 1700
1712199285709 95.3 1701
1712199295870 95.3 1702
1712199306003 95.3 1703
1712199316147 95.3 1704
1712199326307 95.3 1705
1712199336450 95.3 1706
1712199346537 95.3 1707
1712199356679 95.3 1708
1712199366801 95.3 1709
1712199376928 95.3 1710
1712199387085 95.3 1711
1712199397303 95.3 1712
1712199407468 95.3 1713
1712199417615 95.3 1714
1712199427760 95.3 1715
1712199437894 95.3 1716
1712199448044 95.3 1717
1712199458127 95.3 1718
1712199468267 95.3 1719
1712199478408 95.3 1720
1712199488544 95.3 1721
1712199498687 95.3 1722
1712199508835 95.3 1723
1712199518986 95.3 1724
1712199529112 95.3 1725
1712199539251 95.3 1726
1712199549374 95.3 1727
1712199559497 95.3 1728
1712199569639 95.3 1729
1712199579703 95.3 1730
1712199589853 95.3 1731
1712199599989 95.3 1732
1712199610109 95.3 1733
1712199620239 95.3 1734
1712199630441 95.3 1735
1712199640515 95.3 1736
1712199650656 95.3 1737
1712199660801 95.3 1738
1712199670920 95.3 1739
1712199681057 95.3 1740
1712199691178 95.3 1741
1712199701239 95.3 1742
1712199711382 95.3 1743
1712199721506 95.3 1744
1712199731714 95.3 1745
1712199741860 95.3 1746
1712199751978 95.3 1747
1712199762051 95.3 1748
1712199772182 95.3 1749
1712199782316 95.3 1750
1712199792456 95.3 1751
1712199802599 95.3 1752
1712199812752 95.3 1753
1712199822832 95.3 1754
1712199832947 95.3 1755
1712199843079 95.3 1756
1712199853213 95.3 1757
1712199863348 95.3 1758
1712199873480 95.3 1759
1712199883552 95.3 1760
1712199893686 95.3 1761
1712199903808 95.3 1762
1712199913946 95.3 1763
1712199924066 95.3 1764
1712199934206 95.3 1765
1712199944273 95.3 1766
1712199954395 95.3 1767
1712199964532 95.3 1768
1712199974658 95.3 1769
1712199984789 95.3 1770
1712199994926 95.3 1771
1712200004991 95.3 1772
1712200015123 95.3 1773
1712200025269 95.3 1774
1712200035482 95.3 1775
1712200045613 95.3 1776
1712200055738 95.3 1777
1712200065809 95.3 1778
1712200075954 95.3 1779
1712200086090 95.3 1780
1712200096206 95.3 1781
1712200106335 95.3 1782
1712200116466 95.3 1783
1712200126548 95.3 1784
1712200136734 95.3 1785
1712200146867 95.3 1786
1712200157006 95.3 1787
1712200167143 95.3 1788
1712200177315 95.3 1789
1712200187469 95.3 1790
1712200197611 95.3 1791
1712200207756 95.3 1792
1712200217870 95.3 1793
1712200228040 95.3 1794
1712200238133 95.3 1795
1712200248318 95.3 1796
1712200258454 95.3 1797
1712200268596 95.3 1798
1712200278760 95.3 1799
1712200288909 95.3 1800
1712200299116 95.3 1801
1712200309278 95.3 1802
1712200319412 95.3 1803
1712200329572 95.3 1804
1712200339732 95.3 1805
1712200349869 95.3 1806
1712200360030 95.3 1807
1712200370187 95.3 1808
1712200380448 95.3 1809
1712200390606 95.3 1810
1712200400763 95.3 1811
1712200410901 95.3 1812
1712200421053 95.3 1813
1712200431205 95.3 1814
1712200441395 95.3 1815
1712200451531 95.3 1816
1712200461690 95.3 1817
1712200471868 95.3 1818
1712200482017 95.3 1819
1712200492179 95.3 1820
1712200502307 95.3 1821
1712200512460 95.3 1822
1712200522600 95.3 1823
1712200532745 95.3 1824
1712200542898 95.3 1825
1712200553040 95.3 1826
1712200563193 95.3 1827
1712200573330 95.3 1828
1712200583479 95.3 1829
1712200593630 95.3 1830
1712200603853 95.3 1831
1712200613998 95.3 1832
1712200624170 95.3 1833
1712200634318 95.3 1834
1712200644464 95.3 1835
1712200654625 95.3 1836
1712200664791 95.3 1837
1712200674941 95.3 1838
1712200685101 95.3 1839
1712200695235 95.3 1840
1712200705369 95.3 1841
1712200715522 95.3 1842
1712200725697 95.3 1843
1712200735829 95.3 1844
1712200745992 95.3 1845
1712200756257 95.3 1846
1712200766418 95.3 1847
1712200776574 95.3 1848
1712200786743 95.3 1849
1712200796904 95.3 1850
1712200807066 95.3 1851
1712200817243 95.3 1852
1712200827417 95.3 1853
1712200837594 95.3 1854
1712200847770 95.3 1855
1712200857944 95.3 1856
1712200868112 95.3 1857
1712200878277 95.3 1858
1712200888426 95.3 1859
1712200898613 95.3 1860
1712200908803 95.3 1861
1712200918957 95.3 1862
1712200929115 95.3 1863
1712200939273 95.3 1864
1712200949434 95.3 1865
1712200959607 95.3 1866
1712200969769 95.3 1867
1712200979939 95.3 1868
1712200990111 95.3 1869
1712201000252 95.3 1870
1712201010412 95.3 1871
1712201020590 95.3 1872
1712201030730 95.3 1873
1712201040885 95.3 1874
1712201051124 95.3 1875
1712201061302 95.3 1876
1712201071452 95.3 1877
1712201081611 95.3 1878
1712201091770 95.3 1879
1712201101917 95.3 1880
1712201112076 95.3 1881
1712201122421 95.3 1882
1712201132592 95.3 1883
1712201142749 95.3 1884
1712201152910 95.3 1885
1712201163073 95.3 1886
1712201173239 95.3 1887
1712201183371 95.3 1888
1712201193523 95.3 1889
1712201203683 95.3 1890
1712201213828 95.3 1891
1712201223991 95.3 1892
1712201234194 95.3 1893
1712201244336 95.3 1894
1712201254483 95.3 1895
1712201264615 95.3 1896
1712201274750 95.3 1897
1712201284915 95.3 1898
1712201295037 95.3 1899
1712201305175 95.3 1900
1712201315314 95.3 1901
1712201325466 95.3 1902
1712201335602 95.3 1903
1712201345841 95.3 1904
1712201356007 95.3 1905
1712201366183 95.3 1906
1712201376321 95.3 1907
1712201386468 95.3 1908
1712201396612 95.3 1909
1712201406766 95.3 1910
1712201416919 95.3 1911
1712201427090 95.3 1912
1712201437250 95.3 1913
1712201447411 95.3 1914
1712201457575 95.3 1915
1712201467714 95.3 1916
1712201477853 95.3 1917
1712201488006 95.3 1918
1712201498171 95.3 1919
1712201508312 95.3 1920
1712201518472 95.3 1921
1712201528618 95.3 1922
1712201538779 95.3 1923
1712201548925 95.3 1924
1712201559074 95.3 1925
1712201569354 95.3 1926
1712201579509 95.3 1927
1712201589661 95.3 1928
1712201599837 95.3 1929
1712201609980 95.3 1930
1712201620131 95.3 1931
1712201630288 95.3 1932
1712201640443 95.3 1933
1712201650585 95.3 1934
1712201660716 95.3 1935
1712201670848 95.3 1936
1712201680998 95.3 1937
1712201691152 95.3 1938
1712201701308 95.3 1939
1712201711463 95.3 1940
1712201721720 95.3 1941
1712201731882 95.3 1942
1712201742026 95.3 1943
1712201752168 95.3 1944
1712201762313 95.3 1945
1712201772455 95.3 1946
1712201782588 95.3 1947
1712201792716 95.3 1948
1712201802861 95.3 1949
1712201813011 95.3 1950
1712201823167 95.3 1951
1712201833307 95.3 1952
1712201843437 95.3 1953
1712201853617 95.3 1954
1712201863765 95.3 1955
1712201874021 95.3 1956
1712201884181 95.3 1957
1712201894343 95.3 1958
1712201904491 95.3 1959
1712201914635 95.3 1960
1712201924783 95.3 1961
1712201934882 95.3 1962
1712201944971 95.3 1963
1712201955106 95.3 1964
1712201965288 95.3 1965
1712201975431 95.3 1966
1712201985558 95.3 1967
1712201995694 95.3 1968
1712202005844 95.3 1969
1712202015970 95.3 1970
1712202026210 95.3 1971
1712202036349 95.3 1972
1712202046484 95.3 1973
1712202056618 95.3 1974
1712202066746 95.3 1975
1712202076874 95.3 1976
1712202086998 95.3 1977
1712202097147 95.3 1978
1712202107277 95.3 1979
1712202117409 95.3 1980
1712202127557 95.3 1981
1712202137684 95.3 1982
1712202147826 95.3 1983
1712202157963 95.3 1984
1712202168102 95.3 1985
1712202178329 95.3 1986
1712202188463 95.3 1987
1712202198597 95.3 1988
1712202208729 95.3 1989
1712202218847 95.3 1990
1712202228978 95.3 1991
1712202239113 95.3 1992
1712202249230 95.3 1993
1712202259362 95.3 1994
1712202269495 95.3 1995
1712202279634 95.3 1996
1712202289870 95.3 1997
1712202300027 95.3 1998
1712202310150 95.3 1999
1712202320286 95.3 2000
1712202330508 95.3 2001
1712202340638 95.3 2002
1712202350768 95.3 2003
1712202360909 95.3 2004
1712202371028 95.3 2005
1712202381163 95.3 2006
1712202391310 95.3 2007
1712202401454 95.3 2008
1712202411545 95.3 2009
1712202421684 95.3 2010
1712202431823 95.3 2011
1712202441923 95.3 2012
1712202452080 95.3 2013
1712202462221 95.3 2014
1712202472360 95.3 2015
1712202482525 95.3 2016
1712202492682 95.3 2017
1712202502852 95.3 2018
1712202513002 95.3 2019
1712202523085 95.3 2020
1712202533240 95.3 2021
1712202543392 95.3 2022
1712202553608 95.3 2023
1712202563762 95.3 2024
1712202573913 95.3 2025
1712202584030 95.3 2026
1712202594159 95.3 2027
1712202604292 95.3 2028
1712202614434 95.3 2029
1712202624600 95.3 2030
1712202634757 95.3 2031
1712202644918 95.3 2032
1712202655068 95.3 2033
1712202665200 95.3 2034
1712202675335 95.3 2035
1712202685455 95.3 2036
1712202695594 95.3 2037
1712202705742 95.3 2038
1712202715872 95.3 2039
1712202726007 95.3 2040
1712202736133 95.3 2041
1712202746283 95.3 2042
1712202756418 95.3 2043
1712202766569 95.3 2044
1712202776719 95.3 2045
1712202786848 95.3 2046
1712202796990 95.3 2047
1712202807126 95.3 2048
1712202817278 95.3 2049
1712202827425 95.3 2050
1712202837552 95.3 2051
1712202847681 95.3 2052
1712202857820 95.3 2053
1712202867965 95.3 2054
1712202878107 95.3 2055
1712202888238 95.3 2056
1712202898398 95.3 2057
1712202908483 95.3 2058
1712202918648 98.7 2059
1712202928779 98.6 2060
1712202938909 98.8 2061
1712202949070 99.0 2062
1712202959221 99.0 2063
1712202969362 99.0 2064
1712202979492 95.3 2065
1712202989621 95.3 2066
1712202999720 95.3 2067
1712203009965 95.3 2068
1712203020118 95.3 2069
1712203030262 95.3 2070
1712203040397 95.3 2071
1712203050545 95.3 2072
1712203060665 95.3 2073
1712203070808 95.3 2074
1712203080936 95.3 2075
1712203091107 95.3 2076
1712203101273 95.3 2077
1712203111459 95.3 2078
1712203121624 95.3 2079
1712203131800 95.3 2080
1712203141971 95.3 2081
1712203152170 95.3 2082
1712203162368 95.3 2083
1712203172557 95.3 2084
1712203182759 95.3 2085
1712203192973 95.3 2086
1712203203160 95.3 2087
1712203213354 95.3 2088
1712203223547 95.3 2089
1712203233803 95.3 2090
1712203244106 95.3 2091
1712203254312 95.3 2092
1712203264508 95.3 2093
1712203274707 95.3 2094
1712203284931 95.3 2095
1712203295206 95.3 2096
1712203305433 95.3 2097
1712203315718 95.3 2098
1712203325900 95.3 2099
1712203336049 95.3 2100
1712203346209 95.3 2101
1712203356349 95.3 2102
1712203366513 95.3 2103
1712203376701 95.3 2104
1712203386884 95.3 2105
1712203397065 95.3 2106
1712203407242 95.3 2107
1712203417385 95.3 2108
1712203427545 95.3 2109
1712203437717 95.3 2110
1712203447874 95.3 2111
1712203458053 95.3 2112
1712203468304 95.3 2113
1712203478468 95.3 2114
1712203488627 95.3 2115
1712203498799 95.3 2116
1712203508959 95.3 2117
1712203519112 95.3 2118
1712203529291 95.3 2119
1712203539447 95.3 2120
1712203549601 95.3 2121
1712203559778 95.3 2122
1712203569927 95.3 2123
1712203580085 95.3 2124
1712203590252 95.3 2125
1712203600401 95.3 2126
1712203610566 95.3 2127
1712203620792 95.3 2128
1712203630938 95.3 2129
1712203641122 95.3 2130
1712203651304 95.3 2131
1712203661458 95.3 2132
1712203671616 95.3 2133
1712203681785 95.3 2134
1712203691955 95.3 2135
1712203702110 95.3 2136
1712203712260 95.3 2137
1712203722414 95.3 2138
1712203732593 95.3 2139
1712203742730 95.3 2140
1712203752938 95.3 2141
1712203763109 95.3 2142
1712203773250 95.3 2143
1712203783393 95.3 2144
1712203793556 95.3 2145
1712203803774 95.3 2146
1712203813920 95.3 2147
1712203824100 95.3 2148
1712203834259 95.3 2149
1712203844427 95.3 2150
1712203854696 95.3 2151
1712203864873 95.3 2152
1712203875070 95.3 2153
1712203885268 95.3 2154
1712203895478 95.3 2155
1712203905654 95.3 2156
1712203915937 95.3 2157
1712203926114 95.3 2158
1712203936295 95.3 2159
1712203946474 95.3 2160
1712203956583 95.3 2161
1712203966721 95.3 2162
1712203977038 95.3 2163
1712203987220 95.3 2164
1712203997385 95.3 2165
1712204007501 95.3 2166
1712204017841 95.3 2167
1712204028042 95.3 2168
1712204038203 95.3 2169
1712204048409 95.3 2170
1712204058565 95.3 2171
1712204068701 95.3 2172
1712204078852 95.3 2173
1712204089086 95.3 2174
1712204099222 95.3 2175
1712204109364 95.3 2176
1712204119550 95.3 2177
1712204129794 95.3 2178
1712204139893 95.3 2179
1712204150091 95.3 2180
1712204160270 95.3 2181
1712204170500 95.3 2182
1712204180654 95.3 2183
1712204190826 95.3 2184
1712204200967 95.3 2185
1712204211147 95.3 2186
1712204221318 95.3 2187
1712204231469 95.3 2188
1712204241619 95.3 2189
1712204251810 95.3 2190
1712204262000 95.3 2191
1712204272168 95.3 2192
1712204282315 95.3 2193
1712204292484 95.3 2194
1712204302724 95.3 2195
1712204312868 95.3 2196
1712204323014 95.3 2197
1712204333161 95.3 2198
1712204343334 95.3 2199
1712204353495 95.3 2200
1712204363634 95.3 2201
1712204373781 95.3 2202
1712204383937 95.3 2203
1712204394164 95.3 2204
1712204404318 95.3 2205
1712204414497 95.3 2206
1712204424642 95.3 2207
1712204434811 95.3 2208
1712204444945 95.3 2209
1712204455112 95.3 2210
1712204465267 95.3 2211
1712204475514 95.3 2212
1712204485702 95.3 2213
1712204495859 95.3 2214
1712204505957 95.3 2215
1712204516227 95.3 2216
1712204526386 95.3 2217
1712204536537 95.3 2218
1712204546718 95.3 2219
1712204556961 95.3 2220
1712204567107 95.3 2221
1712204577267 95.3 2222
1712204587456 95.3 2223
1712204597605 95.3 2224
1712204607854 95.3 2225
1712204617989 95.3 2226
1712204628134 95.3 2227
1712204638291 95.3 2228
1712204648464 95.3 2229
1712204658699 95.3 2230
1712204668842 95.3 2231
1712204678976 95.3 2232
1712204689188 95.3 2233
1712204699442 95.3 2234
1712204709592 95.3 2235
1712204719766 95.3 2236
1712204729915 95.3 2237
1712204740077 95.3 2238
1712204750232 95.3 2239
1712204760393 95.3 2240
1712204770626 95.3 2241
1712204780798 95.3 2242
1712204790953 95.3 2243
1712204801105 95.3 2244
1712204811272 95.3 2245
1712204821440 95.3 2246
1712204831683 95.3 2247
1712204841842 95.3 2248
1712204852025 95.3 2249
1712204862157 95.3 2250
1712204872324 95.3 2251
1712204882599 95.3 2252
1712204892799 95.3 2253
1712204902987 95.3 2254
1712204913158 95.3 2255
1712204923347 95.3 2256
1712204933621 95.3 2257
1712204943892 95.3 2258
1712204954068 95.3 2259
1712204964258 95.3 2260
1712204974406 95.3 2261
1712204984682 95.3 2262
1712204994868 95.3 2263
1712205005090 95.3 2264
1712205015272 95.3 2265
1712205025447 95.3 2266
1712205035622 95.3 2267
1712205045909 95.3 2268
1712205056111 95.3 2269
1712205066288 95.3 2270
1712205076478 95.3 2271
1712205086645 95.3 2272
1712205096927 95.3 2273
1712205107118 95.3 2274
1712205117352 95.3 2275
1712205127590 95.3 2276
1712205137796 95.3 2277
1712205148075 95.3 2278
1712205158268 95.3 2279
1712205168437 95.3 2280
1712205178612 95.3 2281
1712205188804 95.3 2282
1712205198973 95.3 2283
1712205209257 95.3 2284
1712205219405 95.3 2285
1712205229563 95.3 2286
1712205239714 95.3 2287
1712205249881 95.3 2288
1712205260059 95.3 2289
1712205270329 95.3 2290
1712205280502 95.3 2291
1712205290654 95.3 2292
1712205300837 95.3 2293
1712205311028 95.3 2294
1712205321190 95.3 2295
1712205331472 95.3 2296
1712205341654 95.3 2297
1712205351822 95.3 2298
1712205361978 95.3 2299
1712205372109 95.3 2300
1712205382300 95.3 2301
1712205392557 95.3 2302
1712205402720 95.3 2303
1712205412897 95.3 2304
1712205423064 95.3 2305
1712205433238 95.3 2306
1712205443425 95.3 2307
1712205453586 95.3 2308
1712205463751 95.3 2309
1712205473917 95.3 2310
1712205484095 95.3 2311
1712205494273 95.3 2312
1712205504448 95.3 2313
1712205514626 95.3 2314
1712205524833 95.3 2315
1712205535008 95.3 2316
1712205545191 95.3 2317
1712205555391 95.3 2318
1712205565571 95.3 2319
1712205575747 95.3 2320
1712205585937 95.3 2321
1712205596118 95.3 2322
1712205606305 95.3 2323
1712205616480 95.3 2324
1712205626663 95.3 2325
1712205636824 95.3 2326
1712205647005 95.3 2327
1712205657182 95.3 2328
1712205667384 95.3 2329
1712205677567 95.3 2330
1712205687752 95.3 2331
1712205697929 95.3 2332
1712205708135 95.3 2333
1712205718323 95.3 2334
1712205728507 95.3 2335
1712205738668 95.3 2336
1712205748845 95.3 2337
1712205759042 95.3 2338
1712205769211 95.3 2339
1712205779395 95.3 2340
1712205789587 95.3 2341
1712205799761 95.3 2342
1712205809941 95.3 2343
1712205820141 95.3 2344
1712205830329 95.3 2345
1712205840509 95.3 2346
1712205850699 95.3 2347
1712205860874 95.3 2348
1712205871052 95.3 2349
1712205881224 95.3 2350
1712205891408 95.3 2351
1712205901591 95.3 2352
1712205911888 95.3 2353
1712205922064 95.3 2354
1712205932241 95.3 2355
1712205942420 95.3 2356
1712205952614 95.3 2357
1712205962797 95.3 2358
