1712182092670 7.0 0
1712182102755 99.0 1
1712182112830 100.0 2
1712182122893 100.0 3
1712182132952 100.0 4
1712182143014 100.0 5
1712182153076 99.0 6
1712182163143 99.0 7
1712182173220 100.0 8
1712182183282 100.0 9
1712182193346 100.0 10
1712182203413 99.0 11
1712182213487 100.0 12
1712182223561 99.0 13
1712182233636 100.0 14
1712182243709 100.0 15
1712182253770 100.0 16
1712182263850 100.0 17
1712182273920 100.0 18
1712182283984 100.0 19
1712182294075 99.0 20
1712182304148 100.0 21
1712182314224 99.0 22
1712182324291 100.0 23
1712182334364 100.0 24
1712182344446 100.0 25
1712182354508 100.0 26
1712182364579 99.0 27
1712182374661 100.0 28
1712182384737 99.0 29
1712182394801 100.0 30
1712182404868 99.0 31
1712182414943 100.0 32
1712182425025 99.0 33
1712182435097 100.0 34
1712182445164 99.0 35
1712182455247 100.0 36
1712182465319 100.0 37
1712182475394 99.0 38
1712182485465 100.0 39
1712182495534 99.0 40
1712182505615 100.0 41
1712182515687 100.0 42
1712182525761 100.0 43
1712182535842 100.0 44
1712182545909 100.0 45
1712182555990 100.0 46
1712182566073 99.0 47
1712182576146 99.0 48
1712182586244 100.0 49
1712182596321 100.0 50
1712182606406 100.0 51
1712182616486 100.0 52
1712182626560 100.0 53
1712182636633 99.0 54
1712182646724 99.0 55
1712182656793 100.0 56
1712182666866 99.0 57
1712182676943 100.0 58
1712182687015 100.0 59
1712182697081 100.0 60
1712182707163 100.0 61
1712182717248 99.0 62
1712182727329 100.0 63
1712182737404 100.0 64
1712182747477 100.0 65
1712182757552 100.0 66
1712182767630 99.0 67
1712182777719 100.0 68
1712182787791 100.0 69
1712182797870 100.0 70
1712182807945 100.0 71
1712182818022 100.0 72
1712182828087 100.0 73
1712182838182 100.0 74
1712182848257 99.0 75
1712182858339 100.0 76
1712182868408 99.0 77
1712182878483 100.0 78
1712182888564 100.0 79
1712182898636 99.0 80
1712182908738 100.0 81
1712182918824 100.0 82
1712182928901 99.0 83
1712182938980 100.0 84
1712182949058 100.0 85
1712182959141 99.0 86
1712182969230 100.0 87
1712182979305 100.0 88
1712182989379 100.0 89
1712182999457 100.0 90
1712183009527 100.0 91
1712183019607 99.0 92
1712183029700 100.0 93
1712183039779 99.0 94
1712183049846 100.0 95
1712183059935 100.0 96
1712183070044 99.0 97
1712183080119 99.0 98
1712183090159 100.0 99
1712183100192 99.0 100
1712183110225 99.0 101
1712183120303 99.0 102
1712183130334 99.0 103
1712183140381 99.0 104
1712183150464 98.0 105
1712183160503 100.0 106
1712183170555 99.0 107
1712183180657 99.0 108
1712183190694 100.0 109
1712183200739 100.0 110
1712183210824 99.0 111
1712183220901 100.0 112
1712183230946 99.0 113
1712183240994 100.0 114
1712183251086 100.0 115
1712183261129 100.0 116
1712183271178 99.0 117
1712183281256 98.0 118
1712183291303 100.0 119
1712183301345 100.0 120
1712183311432 99.0 121
1712183321471 100.0 122
1712183331506 100.0 123
1712183341594 100.0 124
1712183351688 99.0 125
1712183361798 100.0 126
1712183371883 100.0 127
1712183381924 99.0 128
1712183392015 100.0 129
1712183402096 100.0 130
1712183412185 99.0 131
1712183422283 100.0 132
1712183432374 99.0 133
1712183442413 100.0 134
1712183452511 100.0 135
1712183462603 100.0 136
1712183472688 99.0 137
1712183482781 100.0 138
1712183492859 100.0 139
1712183502892 99.0 140
1712183512987 99.0 141
1712183523086 100.0 142
1712183533174 99.0 143
1712183543263 99.0 144
1712183553341 100.0 145
1712183563385 100.0 146
1712183573467 100.0 147
1712183583550 100.0 148
1712183593631 98.0 149
1712183603722 100.0 150
1712183613808 99.0 151
1712183623838 99.0 152
1712183633925 100.0 153
1712183644030 100.0 154
1712183654125 100.0 155
1712183664225 100.0 156
1712183674299 99.0 157
1712183684335 100.0 158
1712183694432 100.0 159
1712183704513 100.0 160
1712183714613 99.0 161
1712183724709 100.0 162
1712183734798 98.0 163
1712183744842 99.0 164
1712183754932 99.0 165
1712183765014 99.0 166
1712183775122 100.0 167
1712183785204 100.0 168
1712183795292 100.0 169
1712183805334 100.0 170
1712183815418 100.0 171
1712183825508 100.0 172
1712183835614 99.0 173
1712183845699 99.0 174
1712183855784 99.0 175
1712183865838 100.0 176
1712183875928 100.0 177
1712183886021 100.0 178
1712183896108 100.0 179
1712183906202 100.0 180
1712183916280 100.0 181
1712183926322 100.0 182
1712183936406 100.0 183
1712183946489 99.0 184
1712183956581 100.0 185
1712183966669 100.0 186
1712183976754 100.0 187
1712183986800 100.0 188
1712183996882 100.0 189
1712184006969 100.0 190
1712184017057 100.0 191
1712184027143 100.0 192
1712184037239 100.0 193
1712184047337 99.0 194
1712184057425 100.0 195
1712184067512 99.0 196
1712184077597 100.0 197
1712184087683 99.0 198
1712184097713 99.0 199
1712184107801 100.0 200
1712184117887 100.0 201
1712184127987 99.0 202
1712184138065 100.0 203
1712184148151 100.0 204
1712184158189 99.0 205
1712184168293 100.0 206
1712184178385 100.0 207
1712184188475 98.0 208
1712184198580 100.0 209
1712184208674 100.0 210
1712184218715 100.0 211
1712184228806 100.0 212
1712184238896 100.0 213
1712184248995 100.0 214
1712184259082 80.0 215
1712184269185 80.0 216
1712184279230 85.0 217
1712184289339 73.0 218
1712184299431 74.0 219
1712184309540 75.0 220
1712184319648 71.0 221
1712184329736 70.0 222
1712184339778 67.0 223
1712184349887 72.0 224
1712184360001 87.0 225
1712184370086 75.0 226
1712184380196 69.0 227
1712184390292 70.0 228
1712184400359 72.0 229
1712184410468 69.0 230
1712184420567 90.0 231
1712184430667 81.0 232
1712184440766 73.0 233
1712184450875 69.0 234
1712184460907 70.0 235
1712184471006 72.0 236
1712184481100 100.0 237
1712184491190 100.0 238
1712184501276 100.0 239
1712184511357 100.0 240
1712184521402 99.0 241
1712184531503 100.0 242
1712184541585 100.0 243
1712184551676 100.0 244
1712184561778 99.0 245
1712184571874 99.0 246
1712184581910 100.0 247
1712184591999 99.0 248
1712184602096 100.0 249
1712184612185 99.0 250
1712184622308 100.0 251
1712184632403 100.0 252
1712184642442 99.0 253
1712184652533 99.0 254
1712184662618 100.0 255
1712184672708 98.0 256
1712184682808 99.0 257
1712184692900 100.0 258
1712184702944 99.0 259
1712184713045 100.0 260
1712184723134 100.0 261
1712184733238 99.0 262
1712184743326 100.0 263
1712184753427 100.0 264
1712184763461 99.0 265
1712184773583 99.0 266
1712184783685 98.0 267
1712184793778 100.0 268
1712184803863 100.0 269
1712184813950 99.0 270
1712184824001 99.0 271
1712184834104 100.0 272
1712184844204 99.0 273
1712184854288 99.0 274
1712184864386 100.0 275
1712184874507 100.0 276
1712184884547 100.0 277
1712184894654 100.0 278
1712184904756 99.0 279
1712184914854 100.0 280
1712184924960 99.0 281
1712184935067 99.0 282
1712184945114 100.0 283
1712184955214 100.0 284
1712184965329 99.0 285
1712184975420 100.0 286
1712184985507 99.0 287
1712184995598 100.0 288
1712185005645 100.0 289
1712185015733 99.0 290
1712185025811 98.0 291
1712185035897 100.0 292
1712185045992 99.0 293
1712185056086 99.0 294
1712185066127 99.0 295
1712185076211 100.0 296
1712185086307 99.0 297
1712185096406 100.0 298
1712185106505 99.0 299
1712185116602 99.0 300
1712185126641 100.0 301
1712185136732 99.0 302
1712185146835 98.0 303
1712185156930 99.0 304
1712185167030 100.0 305
1712185177108 100.0 306
1712185187142 100.0 307
1712185197227 99.0 308
1712185207310 100.0 309
1712185217421 100.0 310
1712185227513 99.0 311
1712185237561 100.0 312
1712185247603 100.0 313
1712185257648 100.0 314
1712185267679 99.0 315
1712185277785 100.0 316
1712185287845 100.0 317
1712185297953 99.0 318
1712185308046 100.0 319
1712185318101 99.0 320
1712185328202 99.0 321
1712185338299 100.0 322
1712185348389 100.0 323
1712185358496 99.0 324
1712185368580 100.0 325
1712185378678 99.0 326
1712185388766 100.0 327
1712185398857 100.0 328
1712185408937 99.0 329
1712185419034 100.0 330
1712185429122 100.0 331
1712185439212 100.0 332
1712185449298 99.0 333
1712185459394 100.0 334
1712185469484 99.0 335
1712185479577 100.0 336
1712185489667 100.0 337
1712185499762 99.0 338
1712185509861 100.0 339
1712185519965 99.0 340
1712185530049 100.0 341
1712185540136 100.0 342
1712185550235 100.0 343
1712185560329 99.0 344
1712185570438 99.0 345
1712185580527 100.0 346
1712185590620 99.0 347
1712185600734 100.0 348
1712185610828 100.0 349
1712185620917 99.0 350
1712185631001 100.0 351
1712185641094 100.0 352
1712185651180 100.0 353
1712185661269 100.0 354
1712185671384 99.0 355
1712185681501 99.0 356
1712185691589 100.0 357
1712185701668 100.0 358
1712185711757 100.0 359
1712185721855 99.0 360
1712185731954 100.0 361
1712185742037 100.0 362
1712185752146 99.0 363
1712185762242 100.0 364
1712185772329 100.0 365
1712185782405 99.0 366
1712185792493 100.0 367
1712185802589 99.0 368
1712185812686 100.0 369
1712185822771 100.0 370
1712185832866 99.0 371
1712185842954 100.0 372
1712185853057 100.0 373
1712185863152 100.0 374
1712185873245 99.0 375
1712185883329 99.0 376
1712185893415 100.0 377
1712185903516 99.0 378
1712185913612 99.0 379
1712185923661 100.0 380
1712185933758 99.0 381
1712185943852 100.0 382
1712185953954 99.0 383
1712185964064 99.0 384
1712185974119 100.0 385
1712185984222 99.0 386
1712185994316 100.0 387
1712186004422 100.0 388
1712186014523 100.0 389
1712186024619 100.0 390
1712186034726 100.0 391
1712186044822 100.0 392
1712186054931 99.0 393
1712186065045 100.0 394
1712186075151 99.0 395
1712186085266 99.0 396
1712186095370 99.0 397
1712186105476 100.0 398
1712186115580 99.0 399
1712186125683 100.0 400
1712186135783 100.0 401
1712186145897 99.0 402
1712186155996 100.0 403
1712186166108 99.0 404
1712186176201 100.0 405
1712186186300 99.0 406
1712186196408 100.0 407
1712186206516 100.0 408
1712186216616 99.0 409
1712186226717 100.0 410
1712186236828 100.0 411
1712186246924 98.0 412
1712186257026 100.0 413
1712186267123 100.0 414
1712186277222 100.0 415
1712186287319 100.0 416
1712186297415 99.0 417
1712186307520 100.0 418
1712186317622 100.0 419
1712186327718 99.0 420
1712186337823 99.0 421
1712186347915 100.0 422
1712186358004 100.0 423
1712186368113 100.0 424
1712186378211 100.0 425
1712186388304 99.0 426
1712186398406 100.0 427
1712186408509 99.0 428
1712186418609 99.0 429
1712186428701 100.0 430
1712186438802 99.0 431
1712186448899 100.0 432
1712186458997 98.0 433
1712186469089 99.0 434
1712186479195 100.0 435
1712186489299 98.0 436
1712186499411 99.0 437
1712186509501 100.0 438
1712186519619 98.0 439
1712186529681 100.0 440
1712186539724 99.0 441
1712186549772 99.0 442
1712186559817 100.0 443
1712186569865 100.0 444
1712186579967 99.0 445
1712186590011 99.0 446
1712186600050 100.0 447
1712186610136 100.0 448
1712186620189 100.0 449
1712186630283 82.0 450
1712186640400 87.0 451
1712186650503 74.0 452
1712186660616 82.0 453
1712186670727 73.0 454
1712186680777 77.0 455
1712186690875 72.0 456
1712186700980 84.0 457
1712186711091 89.0 458
1712186721196 75.0 459
1712186731287 76.0 460
1712186741332 79.0 461
1712186751450 75.0 462
1712186761557 94.0 463
1712186771668 76.0 464
1712186781780 74.0 465
1712186791892 72.0 466
1712186801951 93.0 467
1712186812056 75.0 468
1712186822158 74.0 469
1712186832266 76.0 470
1712186842381 99.0 471
1712186852470 99.0 472
1712186862516 100.0 473
1712186872613 100.0 474
1712186882706 100.0 475
1712186892807 99.0 476
1712186902906 100.0 477
1712186912995 100.0 478
1712186923040 99.0 479
1712186933131 100.0 480
1712186943225 99.0 481
1712186953323 100.0 482
1712186963410 99.0 483
1712186973510 99.0 484
1712186983549 100.0 485
1712186993650 100.0 486
1712187003745 100.0 487
1712187013833 99.0 488
1712187023951 99.0 489
1712187034055 100.0 490
1712187044113 99.0 491
1712187054241 99.0 492
1712187064330 100.0 493
1712187074432 99.0 494
1712187084546 100.0 495
1712187094593 100.0 496
1712187104700 99.0 497
1712187114757 100.0 498
1712187124803 99.0 499
1712187134901 100.0 500
1712187144961 100.0 501
1712187155001 99.0 502
1712187165110 99.0 503
1712187175153 100.0 504
1712187185200 100.0 505
1712187195302 100.0 506
1712187205349 100.0 507
1712187215424 99.0 508
1712187225516 100.0 509
1712187235567 98.0 510
1712187245608 100.0 511
1712187255717 99.0 512
1712187265771 100.0 513
1712187275821 99.0 514
1712187285934 100.0 515
1712187295987 100.0 516
1712187306040 100.0 517
1712187316137 100.0 518
1712187326187 100.0 519
1712187336234 100.0 520
1712187346346 99.0 521
1712187356464 100.0 522
1712187366564 98.0 523
1712187376674 99.0 524
1712187386790 100.0 525
1712187396844 99.0 526
1712187406953 99.0 527
1712187417049 100.0 528
1712187427147 100.0 529
1712187437256 99.0 530
1712187447366 100.0 531
1712187457412 100.0 532
1712187467531 99.0 533
1712187477638 99.0 534
1712187487755 99.0 535
1712187497859 100.0 536
1712187507960 99.0 537
1712187518010 98.0 538
1712187528109 100.0 539
1712187538234 100.0 540
1712187548334 100.0 541
1712187558443 99.0 542
1712187568549 99.0 543
1712187578596 100.0 544
1712187588711 99.0 545
1712187598835 100.0 546
1712187608940 100.0 547
1712187619031 98.0 548
1712187629127 99.0 549
1712187639182 100.0 550
1712187649290 99.0 551
1712187659383 100.0 552
1712187669495 98.0 553
1712187679605 100.0 554
1712187689708 100.0 555
1712187699757 99.0 556
1712187709858 99.0 557
1712187719960 99.0 558
1712187730061 100.0 559
1712187740159 100.0 560
1712187750256 99.0 561
1712187760388 100.0 562
1712187770497 100.0 563
1712187780600 99.0 564
1712187790689 100.0 565
1712187800786 100.0 566
1712187810903 100.0 567
1712187820963 100.0 568
1712187831101 99.0 569
1712187841199 99.0 570
1712187851310 99.0 571
1712187861425 99.0 572
1712187871525 100.0 573
1712187881568 100.0 574
1712187891678 100.0 575
1712187901794 100.0 576
1712187911912 98.0 577
1712187922028 99.0 578
1712187932129 99.0 579
1712187942177 99.0 580
1712187952290 100.0 581
1712187962402 100.0 582
1712187972508 100.0 583
1712187982608 99.0 584
1712187992727 100.0 585
1712188002776 99.0 586
1712188012888 100.0 587
1712188022993 98.0 588
1712188033093 100.0 589
1712188043215 100.0 590
1712188053331 98.0 591
1712188063375 99.0 592
1712188073425 99.0 593
1712188083481 100.0 594
1712188093538 100.0 595
1712188103593 99.0 596
1712188113636 100.0 597
1712188123737 99.0 598
1712188133783 100.0 599
1712188143885 99.0 600
1712188153928 100.0 601
1712188164042 99.0 602
1712188174143 100.0 603
1712188184197 100.0 604
1712188194247 99.0 605
1712188204303 100.0 606
1712188214408 100.0 607
1712188224525 100.0 608
1712188234632 99.0 609
1712188244676 99.0 610
1712188254780 100.0 611
1712188264902 99.0 612
1712188274962 100.0 613
1712188285004 100.0 614
1712188295045 100.0 615
1712188305136 99.0 616
1712188315177 99.0 617
1712188325240 100.0 618
1712188335338 100.0 619
1712188345432 100.0 620
1712188355538 100.0 621
1712188365606 100.0 622
1712188375705 100.0 623
1712188385744 99.0 624
1712188395795 100.0 625
1712188405887 99.0 626
1712188415926 100.0 627
1712188425967 99.0 628
1712188436056 100.0 629
1712188446164 100.0 630
1712188456217 100.0 631
1712188466311 99.0 632
1712188476406 99.0 633
1712188486454 100.0 634
1712188496563 100.0 635
1712188506658 100.0 636
1712188516752 100.0 637
1712188526872 99.0 638
1712188536969 100.0 639
1712188547027 100.0 640
1712188557124 100.0 641
1712188567223 100.0 642
1712188577319 99.0 643
1712188587414 100.0 644
1712188597470 100.0 645
1712188607563 100.0 646
1712188617658 99.0 647
1712188627746 99.0 648
1712188637843 100.0 649
1712188647939 99.0 650
1712188657984 100.0 651
1712188668080 100.0 652
1712188678169 99.0 653
1712188688265 100.0 654
1712188698373 99.0 655
1712188708463 99.0 656
1712188718506 100.0 657
1712188728614 100.0 658
1712188738721 100.0 659
1712188748821 99.0 660
1712188758934 100.0 661
1712188769035 100.0 662
1712188779077 99.0 663
1712188789161 100.0 664
1712188799264 100.0 665
1712188809371 99.0 666
1712188819479 100.0 667
1712188829675 99.0 668
1712188839719 100.0 669
1712188849824 100.0 670
1712188859946 99.0 671
1712188870042 100.0 672
1712188880144 100.0 673
1712188890252 99.0 674
1712188900297 100.0 675
1712188910411 100.0 676
1712188920511 100.0 677
1712188930618 100.0 678
1712188940707 99.0 679
1712188950796 100.0 680
1712188960843 99.0 681
1712188970950 100.0 682
1712188981054 87.0 683
1712188991164 84.0 684
1712189001277 80.0 685
1712189011381 81.0 686
1712189021447 74.0 687
1712189031548 75.0 688
1712189041668 73.0 689
1712189051793 78.0 690
1712189061914 75.0 691
1712189072038 78.0 692
1712189082093 80.0 693
1712189092200 80.0 694
1712189102311 96.0 695
1712189112426 95.0 696
1712189122533 79.0 697
1712189132651 82.0 698
1712189142726 94.0 699
1712189152837 81.0 700
1712189162956 86.0 701
1712189173065 71.0 702
1712189183192 70.0 703
1712189193277 99.0 704
1712189203333 100.0 705
1712189213420 100.0 706
1712189223507 100.0 707
1712189233616 99.0 708
1712189243712 100.0 709
1712189253810 100.0 710
1712189263852 99.0 711
1712189273945 100.0 712
1712189284054 99.0 713
1712189294144 100.0 714
1712189304251 99.0 715
1712189314351 99.0 716
1712189324395 100.0 717
1712189334507 99.0 718
1712189344594 100.0 719
1712189354703 100.0 720
1712189364802 99.0 721
1712189374902 100.0 722
1712189384957 99.0 723
1712189395052 99.0 724
1712189405146 100.0 725
1712189415242 100.0 726
1712189425337 100.0 727
1712189435437 100.0 728
1712189445484 100.0 729
1712189455580 100.0 730
1712189465686 99.0 731
1712189475780 100.0 732
1712189485896 100.0 733
1712189496005 99.0 734
1712189506123 100.0 735
1712189516233 100.0 736
1712189526336 100.0 737
1712189536434 100.0 738
1712189546538 99.0 739
1712189556637 100.0 740
1712189566691 100.0 741
1712189576793 99.0 742
1712189586888 100.0 743
1712189596998 100.0 744
1712189607086 100.0 745
1712189617188 100.0 746
1712189627233 99.0 747
1712189637328 100.0 748
1712189647444 99.0 749
1712189657549 99.0 750
1712189667653 100.0 751
1712189677692 99.0 752
1712189687787 100.0 753
1712189697888 99.0 754
1712189707986 99.0 755
1712189718090 100.0 756
1712189728199 99.0 757
1712189738336 100.0 758
1712189748442 100.0 759
1712189758537 99.0 760
1712189768637 100.0 761
1712189778747 100.0 762
1712189788850 100.0 763
1712189798901 100.0 764
1712189809022 99.0 765
1712189819127 100.0 766
1712189829239 99.0 767
1712189839349 99.0 768
1712189849456 100.0 769
1712189859507 99.0 770
1712189869604 100.0 771
1712189879714 100.0 772
1712189889809 100.0 773
1712189899907 100.0 774
1712189910020 100.0 775
1712189920064 100.0 776
1712189930168 100.0 777
1712189940264 99.0 778
1712189950354 100.0 779
1712189960555 100.0 780
1712189970669 100.0 781
1712189980715 100.0 782
1712189990819 99.0 783
1712190000914 100.0 784
1712190011024 100.0 785
1712190021138 99.0 786
1712190031256 100.0 787
1712190041316 99.0 788
1712190051426 99.0 789
1712190061532 100.0 790
1712190071653 99.0 791
1712190081781 100.0 792
1712190091982 100.0 793
1712190102035 100.0 794
1712190112125 100.0 795
1712190122229 100.0 796
1712190132359 99.0 797
1712190142452 100.0 798
1712190152565 99.0 799
1712190162610 99.0 800
1712190172718 100.0 801
1712190182827 99.0 802
1712190192922 99.0 803
1712190203024 100.0 804
1712190213124 99.0 805
1712190223180 100.0 806
1712190233284 99.0 807
1712190243387 99.0 808
1712190253502 100.0 809
1712190263613 99.0 810
1712190273722 99.0 811
1712190283769 100.0 812
1712190293871 100.0 813
1712190303968 100.0 814
1712190314079 99.0 815
1712190324186 100.0 816
1712190334303 100.0 817
1712190344346 99.0 818
1712190354440 100.0 819
1712190364561 99.0 820
1712190374653 99.0 821
1712190384764 100.0 822
1712190394863 100.0 823
1712190404913 100.0 824
1712190415017 99.0 825
1712190425105 100.0 826
1712190435215 100.0 827
1712190445325 99.0 828
1712190455417 100.0 829
1712190465478 100.0 830
1712190475582 100.0 831
1712190485688 100.0 832
1712190495788 99.0 833
1712190505879 100.0 834
1712190515982 99.0 835
1712190526035 99.0 836
1712190536135 100.0 837
1712190546224 99.0 838
1712190556322 100.0 839
1712190566436 100.0 840
1712190576547 100.0 841
1712190586609 100.0 842
1712190596702 99.0 843
1712190606806 100.0 844
1712190616902 100.0 845
1712190626993 99.0 846
1712190637100 100.0 847
1712190647149 99.0 848
1712190657255 100.0 849
1712190667356 99.0 850
1712190677414 99.0 851
1712190687480 100.0 852
1712190697578 99.0 853
1712190707647 100.0 854
1712190717697 99.0 855
1712190727801 100.0 856
1712190737856 99.0 857
1712190747903 100.0 858
1712190758004 99.0 859
1712190768056 100.0 860
1712190778100 100.0 861
1712190788209 99.0 862
1712190798253 100.0 863
1712190808302 99.0 864
1712190818402 100.0 865
1712190828453 99.0 866
1712190838509 100.0 867
1712190848618 99.0 868
1712190858758 100.0 869
1712190868806 100.0 870
1712190878897 100.0 871
1712190888950 100.0 872
1712190898999 100.0 873
1712190909112 100.0 874
1712190919216 99.0 875
1712190929317 100.0 876
1712190939385 100.0 877
1712190949478 100.0 878
1712190959582 100.0 879
1712190969734 99.0 880
1712190979864 100.0 881
1712190989969 100.0 882
1712191000020 99.0 883
1712191010143 100.0 884
1712191020250 99.0 885
1712191030348 100.0 886
1712191040449 100.0 887
1712191050549 99.0 888
1712191060605 100.0 889
1712191070716 100.0 890
1712191080928 100.0 891
1712191091025 100.0 892
1712191101141 99.0 893
1712191111256 100.0 894
1712191121304 100.0 895
1712191131421 99.0 896
1712191141521 100.0 897
1712191151629 99.0 898
1712191161736 100.0 899
1712191171846 100.0 900
1712191181898 99.0 901
1712191192019 100.0 902
1712191202132 100.0 903
1712191212237 99.0 904
1712191222336 100.0 905
1712191232442 100.0 906
1712191242494 100.0 907
1712191252603 99.0 908
1712191262708 99.0 909
1712191272827 100.0 910
1712191282935 99.0 911
1712191293043 99.0 912
1712191303096 100.0 913
1712191313203 99.0 914
1712191323305 84.0 915
1712191333420 83.0 916
1712191343543 80.0 917
1712191353670 77.0 918
1712191363728 77.0 919
1712191373845 74.0 920
1712191383962 75.0 921
1712191394086 73.0 922
1712191404207 91.0 923
1712191414330 74.0 924
1712191424391 71.0 925
1712191434513 88.0 926
1712191444629 76.0 927
1712191454756 73.0 928
1712191464886 76.0 929
1712191475000 96.0 930
1712191485060 75.0 931
1712191495188 71.0 932
1712191505323 71.0 933
1712191515439 75.0 934
1712191525582 77.0 935
1712191535697 95.0 936
1712191545745 99.0 937
1712191555844 100.0 938
1712191565974 100.0 939
1712191576106 100.0 940
1712191586211 100.0 941
1712191596321 99.0 942
1712191606373 100.0 943
1712191616485 99.0 944
1712191626601 100.0 945
1712191636731 100.0 946
1712191646853 99.0 947
1712191656963 100.0 948
1712191667017 100.0 949
1712191677135 99.0 950
1712191687242 100.0 951
1712191697357 100.0 952
1712191707461 99.0 953
1712191717528 100.0 954
1712191727660 100.0 955
1712191737787 100.0 956
1712191747888 100.0 957
1712191757988 100.0 958
1712191768086 100.0 959
1712191778146 99.0 960
1712191788269 99.0 961
1712191798373 100.0 962
1712191808490 99.0 963
1712191818597 98.0 964
1712191828704 100.0 965
1712191838753 99.0 966
1712191848869 100.0 967
1712191858996 100.0 968
1712191869112 100.0 969
1712191879221 100.0 970
1712191889324 99.0 971
1712191899380 100.0 972
1712191909489 99.0 973
1712191919597 99.0 974
1712191929698 100.0 975
1712191939803 99.0 976
1712191949915 99.0 977
1712191959969 100.0 978
1712191970070 99.0 979
1712191980183 100.0 980
1712191990295 99.0 981
1712192000389 100.0 982
1712192010506 100.0 983
1712192020553 99.0 984
1712192030646 100.0 985
1712192040757 99.0 986
1712192050865 100.0 987
1712192060970 100.0 988
1712192071088 99.0 989
1712192081148 100.0 990
1712192091262 100.0 991
1712192101366 99.0 992
1712192111476 100.0 993
1712192121596 100.0 994
1712192131691 99.0 995
1712192141746 100.0 996
1712192151858 99.0 997
1712192161967 100.0 998
1712192172077 99.0 999
1712192182177 99.0 1000
1712192192283 100.0 1001
1712192202341 99.0 1002
1712192212534 100.0 1003
1712192222633 99.0 1004
1712192232744 99.0 1005
1712192242852 100.0 1006
1712192252961 100.0 1007
1712192263005 99.0 1008
1712192273110 100.0 1009
1712192283234 99.0 1010
1712192293343 100.0 1011
1712192303461 100.0 1012
1712192313578 99.0 1013
1712192323638 99.0 1014
1712192333744 100.0 1015
1712192343881 100.0 1016
1712192354004 99.0 1017
1712192364127 100.0 1018
1712192374252 99.0 1019
1712192384305 100.0 1020
1712192394432 100.0 1021
1712192404485 100.0 1022
1712192414548 99.0 1023
1712192424606 99.0 1024
1712192434736 100.0 1025
1712192444863 99.0 1026
1712192454973 100.0 1027
1712192465116 99.0 1028
1712192475233 98.0 1029
1712192485346 100.0 1030
1712192495454 99.0 1031
1712192505586 100.0 1032
1712192515696 100.0 1033
1712192525835 99.0 1034
1712192535942 100.0 1035
1712192546066 99.0 1036
1712192556209 100.0 1037
1712192566331 99.0 1038
1712192576450 99.0 1039
1712192586577 99.0 1040
1712192596694 100.0 1041
1712192606819 99.0 1042
1712192616935 99.0 1043
1712192627060 100.0 1044
1712192637190 99.0 1045
1712192647314 100.0 1046
1712192657437 100.0 1047
1712192667553 100.0 1048
1712192677682 100.0 1049
1712192687796 100.0 1050
1712192697907 100.0 1051
1712192708021 100.0 1052
1712192718141 100.0 1053
1712192728271 100.0 1054
1712192738396 100.0 1055
1712192748529 100.0 1056
1712192758659 98.0 1057
1712192768775 100.0 1058
1712192778893 98.0 1059
1712192789032 99.0 1060
1712192799155 100.0 1061
1712192809277 100.0 1062
1712192819405 100.0 1063
1712192829535 100.0 1064
1712192839650 100.0 1065
1712192849774 99.0 1066
1712192859896 100.0 1067
1712192870022 100.0 1068
1712192880138 100.0 1069
1712192890250 100.0 1070
1712192900386 100.0 1071
1712192910500 100.0 1072
1712192920640 100.0 1073
1712192930754 99.0 1074
1712192940880 99.0 1075
1712192951013 99.0 1076
1712192961132 100.0 1077
1712192971261 99.0 1078
1712192981383 99.0 1079
1712192991518 99.0 1080
1712193001633 99.0 1081
1712193011782 99.0 1082
1712193021913 100.0 1083
1712193032044 99.0 1084
1712193042165 99.0 1085
1712193052298 100.0 1086
1712193062418 99.0 1087
1712193072547 99.0 1088
1712193082671 100.0 1089
1712193092895 99.0 1090
1712193103020 98.0 1091
1712193113145 99.0 1092
1712193123271 100.0 1093
1712193133402 99.0 1094
1712193143536 99.0 1095
1712193153649 100.0 1096
1712193163764 99.0 1097
1712193173880 100.0 1098
1712193183999 100.0 1099
1712193194115 100.0 1100
1712193204233 100.0 1101
1712193214350 100.0 1102
1712193224488 100.0 1103
1712193234604 100.0 1104
1712193244737 100.0 1105
1712193254967 99.0 1106
1712193265098 100.0 1107
1712193275207 100.0 1108
1712193285329 99.0 1109
1712193295448 100.0 1110
1712193305577 100.0 1111
1712193315701 99.0 1112
1712193325815 100.0 1113
1712193335933 100.0 1114
1712193346061 100.0 1115
1712193356189 100.0 1116
1712193366324 100.0 1117
1712193376457 99.0 1118
1712193386566 100.0 1119
1712193396683 100.0 1120
1712193406905 99.0 1121
1712193417024 100.0 1122
1712193427158 98.0 1123
1712193437292 98.0 1124
1712193447408 100.0 1125
1712193457540 99.0 1126
1712193467659 100.0 1127
1712193477773 100.0 1128
1712193487912 99.0 1129
1712193498058 100.0 1130
1712193508182 100.0 1131
1712193518310 98.0 1132
1712193528494 100.0 1133
1712193538705 100.0 1134
1712193548828 100.0 1135
1712193558946 100.0 1136
1712193569064 100.0 1137
1712193579192 99.0 1138
1712193589305 98.0 1139
1712193599416 99.0 1140
1712193609553 99.0 1141
1712193619686 100.0 1142
1712193629813 100.0 1143
1712193639929 99.0 1144
1712193650060 100.0 1145
1712193660178 93.0 1146
1712193670326 99.0 1147
1712193680459 78.0 1148
1712193690598 94.0 1149
1712193700745 83.0 1150
1712193710872 94.0 1151
1712193721002 91.0 1152
1712193731154 77.0 1153
1712193741293 73.0 1154
1712193751425 70.0 1155
1712193761581 82.0 1156
1712193771726 92.0 1157
1712193781847 92.0 1158
1712193791999 70.0 1159
1712193802143 71.0 1160
1712193812298 74.0 1161
1712193822532 79.0 1162
1712193832672 94.0 1163
1712193842810 66.0 1164
1712193852950 89.0 1165
1712193863097 90.0 1166
1712193873238 74.0 1167
1712193883376 71.0 1168
1712193893497 100.0 1169
1712193903634 99.0 1170
1712193913717 99.0 1171
1712193923879 100.0 1172
1712193933935 99.0 1173
1712193944052 100.0 1174
1712193954188 99.0 1175
1712193964326 100.0 1176
1712193974455 100.0 1177
1712193984596 99.0 1178
1712193994749 100.0 1179
1712194004888 100.0 1180
1712194015005 100.0 1181
1712194025135 100.0 1182
1712194035257 100.0 1183
1712194045368 100.0 1184
1712194055489 100.0 1185
1712194065590 100.0 1186
1712194075705 100.0 1187
1712194085821 99.0 1188
1712194095931 100.0 1189
1712194106057 99.0 1190
1712194116249 100.0 1191
1712194126387 100.0 1192
1712194136500 100.0 1193
1712194146604 100.0 1194
1712194156719 100.0 1195
1712194166848 100.0 1196
1712194176969 100.0 1197
1712194187050 100.0 1198
1712194197173 99.0 1199
1712194207242 100.0 1200
1712194217356 99.0 1201
1712194227423 100.0 1202
1712194237546 99.0 1203
1712194247658 99.0 1204
1712194257726 99.0 1205
1712194267845 99.0 1206
1712194277978 99.0 1207
1712194288031 98.0 1208
1712194298149 100.0 1209
1712194308260 99.0 1210
1712194318373 100.0 1211
1712194328493 99.0 1212
1712194338604 99.0 1213
1712194348720 99.0 1214
1712194358833 99.0 1215
1712194368944 100.0 1216
1712194379075 99.0 1217
1712194389179 99.0 1218
1712194399290 100.0 1219
1712194409400 99.0 1220
1712194419517 100.0 1221
1712194429727 99.0 1222
1712194439831 99.0 1223
1712194449937 100.0 1224
1712194460066 99.0 1225
1712194470131 100.0 1226
1712194480295 99.0 1227
1712194490357 99.0 1228
1712194500491 100.0 1229
1712194510615 99.0 1230
1712194520721 100.0 1231
1712194530859 99.0 1232
1712194540970 99.0 1233
1712194551095 100.0 1234
1712194561205 99.0 1235
1712194571325 100.0 1236
1712194581457 99.0 1237
1712194591575 100.0 1238
1712194601693 100.0 1239
1712194611812 99.0 1240
1712194621924 99.0 1241
1712194632043 99.0 1242
1712194642145 100.0 1243
1712194652268 100.0 1244
1712194662336 99.0 1245
1712194672416 100.0 1246
1712194682526 99.0 1247
1712194692636 100.0 1248
1712194702740 99.0 1249
1712194712848 100.0 1250
1712194722975 100.0 1251
1712194733086 99.0 1252
1712194743197 100.0 1253
1712194753314 99.0 1254
1712194763431 100.0 1255
1712194773560 99.0 1256
1712194783673 99.0 1257
1712194793789 100.0 1258
1712194803899 99.0 1259
1712194814008 100.0 1260
1712194824134 99.0 1261
1712194834245 99.0 1262
1712194844364 100.0 1263
1712194854467 99.0 1264
1712194864568 100.0 1265
1712194874689 99.0 1266
1712194884796 100.0 1267
1712194894907 100.0 1268
1712194905008 99.0 1269
1712194915122 100.0 1270
1712194925244 99.0 1271
1712194935355 98.0 1272
1712194945479 100.0 1273
1712194955581 99.0 1274
1712194965692 100.0 1275
1712194975814 99.0 1276
1712194985928 100.0 1277
1712194996038 100.0 1278
1712195006139 99.0 1279
1712195016263 100.0 1280
1712195026371 100.0 1281
1712195036485 100.0 1282
1712195046593 100.0 1283
1712195056697 99.0 1284
1712195066801 100.0 1285
1712195076930 99.0 1286
1712195087044 100.0 1287
1712195097165 100.0 1288
1712195107273 100.0 1289
1712195117384 100.0 1290
1712195127502 100.0 1291
1712195137612 100.0 1292
1712195147732 100.0 1293
1712195157836 100.0 1294
1712195167955 100.0 1295
1712195178068 99.0 1296
1712195188168 100.0 1297
1712195198292 100.0 1298
1712195208403 99.0 1299
1712195218518 100.0 1300
1712195228637 100.0 1301
1712195238749 99.0 1302
1712195248863 100.0 1303
1712195258975 99.0 1304
1712195269087 100.0 1305
1712195279199 99.0 1306
1712195289310 99.0 1307
1712195299425 100.0 1308
1712195309539 99.0 1309
1712195319655 100.0 1310
1712195329777 100.0 1311
1712195339911 99.0 1312
1712195350024 100.0 1313
1712195360146 99.0 1314
1712195370265 99.0 1315
1712195380375 100.0 1316
1712195390507 99.0 1317
1712195400613 100.0 1318
1712195410715 100.0 1319
1712195420817 100.0 1320
1712195430928 100.0 1321
1712195441078 99.0 1322
1712195451182 100.0 1323
1712195461302 100.0 1324
1712195471416 99.0 1325
1712195481518 100.0 1326
1712195491637 100.0 1327
1712195501745 100.0 1328
1712195511860 100.0 1329
1712195521959 99.0 1330
1712195532070 100.0 1331
1712195542189 100.0 1332
1712195552291 99.0 1333
1712195562405 100.0 1334
1712195572513 99.0 1335
1712195582625 100.0 1336
1712195592840 100.0 1337
1712195602956 99.0 1338
1712195613090 100.0 1339
1712195623209 100.0 1340
1712195633338 99.0 1341
1712195643447 100.0 1342
1712195653569 100.0 1343
1712195663686 100.0 1344
1712195673798 100.0 1345
1712195683915 100.0 1346
1712195694029 100.0 1347
1712195704150 100.0 1348
1712195714257 100.0 1349
1712195724368 100.0 1350
1712195734485 99.0 1351
1712195744673 100.0 1352
1712195754781 100.0 1353
1712195764888 99.0 1354
1712195774998 100.0 1355
1712195785132 100.0 1356
1712195795249 99.0 1357
1712195805363 100.0 1358
1712195815481 99.0 1359
1712195825599 100.0 1360
1712195835713 100.0 1361
1712195845838 100.0 1362
1712195855945 100.0 1363
1712195866071 100.0 1364
1712195876183 100.0 1365
1712195886299 100.0 1366
1712195896478 99.0 1367
1712195906589 100.0 1368
1712195916718 100.0 1369
1712195926830 99.0 1370
1712195936956 100.0 1371
1712195947065 99.0 1372
1712195957182 100.0 1373
1712195967307 100.0 1374
1712195977413 99.0 1375
1712195987528 100.0 1376
1712195997640 99.0 1377
1712196007768 100.0 1378
1712196017840 100.0 1379
1712196027963 99.0 1380
1712196038044 79.0 1381
1712196048119 79.0 1382
1712196058260 83.0 1383
1712196068406 56.0 1384
1712196078557 71.0 1385
1712196088652 69.0 1386
1712196098795 36.0 1387
1712196108934 64.0 1388
1712196119075 68.0 1389
1712196129210 70.0 1390
1712196139336 74.0 1391
1712196149469 60.0 1392
1712196159606 74.0 1393
1712196169745 61.0 1394
1712196179972 53.0 1395
1712196190106 67.0 1396
1712196200244 73.0 1397
1712196210375 69.0 1398
1712196220500 59.0 1399
1712196230645 62.0 1400
1712196240776 73.0 1401
1712196250913 73.0 1402
1712196261015 99.0 1403
1712196271141 100.0 1404
1712196281274 99.0 1405
1712196291408 100.0 1406
1712196301534 99.0 1407
1712196311643 99.0 1408
1712196321752 100.0 1409
1712196331885 99.0 1410
1712196341989 100.0 1411
1712196352111 100.0 1412
1712196362219 98.0 1413
1712196372321 100.0 1414
1712196382439 99.0 1415
1712196392548 100.0 1416
1712196402658 100.0 1417
1712196412777 99.0 1418
1712196422897 100.0 1419
1712196433022 99.0 1420
1712196443146 98.0 1421
1712196453260 99.0 1422
1712196463395 99.0 1423
1712196473600 99.0 1424
1712196483718 100.0 1425
1712196493839 99.0 1426
1712196503943 99.0 1427
1712196514053 100.0 1428
1712196524163 98.0 1429
1712196534263 100.0 1430
1712196544393 99.0 1431
1712196554506 100.0 1432
1712196564633 100.0 1433
1712196574749 99.0 1434
1712196584861 100.0 1435
1712196594978 99.0 1436
1712196605084 98.0 1437
1712196615222 100.0 1438
1712196625464 99.0 1439
1712196635571 99.0 1440
1712196645705 99.0 1441
1712196655841 100.0 1442
1712196665954 100.0 1443
1712196676087 100.0 1444
1712196686216 100.0 1445
1712196696310 100.0 1446
1712196706447 99.0 1447
1712196716607 100.0 1448
1712196726751 100.0 1449
1712196736887 99.0 1450
1712196747108 100.0 1451
1712196757247 100.0 1452
1712196767390 99.0 1453
1712196777502 100.0 1454
1712196787635 100.0 1455
1712196797769 99.0 1456
1712196807905 100.0 1457
1712196818046 100.0 1458
1712196828180 99.0 1459
1712196838315 97.0 1460
1712196848525 100.0 1461
1712196858675 99.0 1462
1712196868795 99.0 1463
1712196878942 100.0 1464
1712196889097 99.0 1465
1712196899244 100.0 1466
1712196909375 100.0 1467
1712196919512 100.0 1468
1712196929633 100.0 1469
1712196939755 100.0 1470
1712196949992 100.0 1471
1712196960119 99.0 1472
1712196970246 100.0 1473
1712196980392 100.0 1474
1712196990523 99.0 1475
1712197000603 100.0 1476
1712197010735 99.0 1477
1712197020885 100.0 1478
1712197031017 100.0 1479
1712197041161 99.0 1480
1712197051321 100.0 1481
1712197061554 99.0 1482
1712197071718 100.0 1483
1712197081866 99.0 1484
1712197092000 100.0 1485
1712197102162 99.0 1486
1712197112341 99.0 1487
1712197122483 100.0 1488
1712197132643 98.0 1489
1712197142792 100.0 1490
1712197152923 99.0 1491
1712197163078 100.0 1492
1712197173225 99.0 1493
1712197183473 100.0 1494
1712197193639 100.0 1495
1712197203763 99.0 1496
1712197213899 98.0 1497
1712197224036 100.0 1498
1712197234213 100.0 1499
1712197244381 100.0 1500
1712197254518 100.0 1501
1712197264672 99.0 1502
1712197274839 99.0 1503
1712197284963 100.0 1504
1712197295213 99.0 1505
1712197305389 100.0 1506
1712197315538 100.0 1507
1712197325662 100.0 1508
1712197335817 99.0 1509
1712197345984 99.0 1510
1712197356111 100.0 1511
1712197366253 99.0 1512
1712197376384 98.0 1513
1712197386512 100.0 1514
1712197396655 99.0 1515
1712197406799 100.0 1516
1712197416931 98.0 1517
1712197427091 99.0 1518
1712197437258 99.0 1519
1712197447389 99.0 1520
1712197457536 99.0 1521
1712197467667 100.0 1522
1712197477784 99.0 1523
1712197488028 100.0 1524
1712197498188 98.0 1525
1712197508349 99.0 1526
1712197518494 98.0 1527
1712197528662 99.0 1528
1712197538806 99.0 1529
1712197548943 99.0 1530
1712197559095 100.0 1531
1712197569244 100.0 1532
1712197579530 100.0 1533
1712197589679 90.0 1534
1712197599823 99.0 1535
1712197609989 99.0 1536
1712197620138 99.0 1537
1712197630284 100.0 1538
1712197640427 100.0 1539
1712197650606 99.0 1540
1712197660757 100.0 1541
1712197670923 100.0 1542
1712197681209 99.0 1543
1712197691358 100.0 1544
1712197701518 100.0 1545
1712197711652 99.0 1546
1712197721823 99.0 1547
1712197731970 100.0 1548
1712197742135 99.0 1549
1712197752293 98.0 1550
1712197762444 99.0 1551
1712197772580 100.0 1552
1712197782756 98.0 1553
1712197792987 100.0 1554
1712197803142 100.0 1555
1712197813270 100.0 1556
1712197823426 99.0 1557
1712197833589 99.0 1558
1712197843755 100.0 1559
1712197853922 100.0 1560
1712197864105 99.0 1561
1712197874256 97.0 1562
1712197884386 100.0 1563
1712197894542 100.0 1564
1712197904808 100.0 1565
1712197915000 100.0 1566
1712197925135 100.0 1567
1712197935297 98.0 1568
1712197945485 99.0 1569
1712197955657 99.0 1570
1712197965809 96.0 1571
1712197975971 99.0 1572
1712197986111 99.0 1573
1712197996267 100.0 1574
1712198006425 100.0 1575
1712198016577 100.0 1576
1712198026743 99.0 1577
1712198036885 100.0 1578
1712198047030 100.0 1579
1712198057173 99.0 1580
1712198067327 99.0 1581
1712198077486 100.0 1582
1712198087615 98.0 1583
1712198097802 100.0 1584
1712198107931 98.0 1585
1712198118192 100.0 1586
1712198128354 100.0 1587
1712198138508 99.0 1588
1712198148666 100.0 1589
1712198158807 100.0 1590
1712198168961 98.0 1591
1712198179141 96.0 1592
1712198189311 100.0 1593
1712198199452 100.0 1594
1712198209599 99.0 1595
1712198219866 99.0 1596
1712198230017 99.0 1597
1712198240156 100.0 1598
1712198250252 99.0 1599
1712198260403 97.0 1600
1712198270529 100.0 1601
1712198280651 99.0 1602
1712198290802 100.0 1603
1712198300888 100.0 1604
1712198311051 99.0 1605
1712198321233 99.0 1606
1712198331355 100.0 1607
1712198341543 99.0 1608
1712198351792 100.0 1609
1712198361947 99.0 1610
1712198372116 100.0 1611
1712198382243 99.0 1612
1712198392442 94.0 1613
1712198402642 79.0 1614
1712198412742 74.0 1615
1712198422909 75.0 1616
1712198433089 71.0 1617
1712198443220 88.0 1618
1712198453473 92.0 1619
1712198463663 95.0 1620
1712198473810 71.0 1621
1712198483977 96.0 1622
1712198494157 73.0 1623
1712198504264 71.0 1624
1712198514440 69.0 1625
1712198524605 69.0 1626
1712198534759 91.0 1627
1712198544935 96.0 1628
1712198555195 74.0 1629
1712198565322 66.0 1630
1712198575497 88.0 1631
1712198585661 72.0 1632
1712198595841 81.0 1633
1712198606030 91.0 1634
1712198616186 100.0 1635
1712198626266 100.0 1636
1712198636416 100.0 1637
1712198646573 100.0 1638
1712198656794 99.0 1639
1712198666925 100.0 1640
1712198677085 99.0 1641
1712198687167 99.0 1642
1712198697301 100.0 1643
1712198707453 99.0 1644
1712198717602 99.0 1645
1712198727735 100.0 1646
1712198737845 99.0 1647
1712198747991 100.0 1648
1712198758217 100.0 1649
1712198768376 100.0 1650
1712198778510 100.0 1651
1712198788648 94.0 1652
1712198798724 100.0 1653
1712198808854 100.0 1654
1712198818990 100.0 1655
1712198829157 100.0 1656
1712198839284 99.0 1657
1712198849426 100.0 1658
1712198859538 100.0 1659
1712198869782 99.0 1660
1712198879932 100.0 1661
1712198890085 98.0 1662
1712198900238 100.0 1663
1712198910380 100.0 1664
1712198920501 100.0 1665
1712198930661 100.0 1666
1712198940807 100.0 1667
1712198950953 100.0 1668
1712198961099 99.0 1669
1712198971241 98.0 1670
1712198981337 100.0 1671
1712198991521 99.0 1672
1712199001670 97.0 1673
1712199011804 99.0 1674
1712199021953 99.0 1675
1712199032088 100.0 1676
1712199042203 100.0 1677
1712199052347 99.0 1678
1712199062485 100.0 1679
1712199072633 100.0 1680
1712199082853 99.0 1681
1712199092987 100.0 1682
1712199103084 100.0 1683
1712199113241 99.0 1684
1712199123397 97.0 1685
1712199133555 100.0 1686
1712199143710 99.0 1687
1712199153840 100.0 1688
1712199163950 100.0 1689
1712199174114 100.0 1690
1712199184255 100.0 1691
1712199194389 100.0 1692
1712199204551 100.0 1693
1712199214681 100.0 1694
1712199224774 100.0 1695
1712199234950 99.0 1696
1712199245089 99.0 1697
1712199255242 100.0 1698
1712199265405 100.0 1699
1712199275548 99.0 1700
1712199285709 100.0 1701
1712199295870 100.0 1702
1712199306003 99.0 1703
1712199316147 100.0 1704
1712199326307 99.0 1705
1712199336450 99.0 1706
1712199346537 100.0 1707
1712199356679 100.0 1708
1712199366801 99.0 1709
1712199376928 100.0 1710
1712199387085 100.0 1711
1712199397303 99.0 1712
1712199407468 100.0 1713
1712199417615 100.0 1714
1712199427760 99.0 1715
1712199437894 100.0 1716
1712199448044 100.0 1717
1712199458127 99.0 1718
1712199468267 100.0 1719
1712199478408 99.0 1720
1712199488544 99.0 1721
1712199498687 100.0 1722
1712199508835 100.0 1723
1712199518986 99.0 1724
1712199529112 100.0 1725
1712199539251 100.0 1726
1712199549374 100.0 1727
1712199559497 100.0 1728
1712199569639 99.0 1729
1712199579703 99.0 1730
1712199589853 100.0 1731
1712199599989 98.0 1732
1712199610109 100.0 1733
1712199620239 100.0 1734
1712199630441 100.0 1735
1712199640515 87.0 1736
1712199650656 100.0 1737
1712199660801 99.0 1738
1712199670920 100.0 1739
1712199681057 100.0 1740
1712199691178 99.0 1741
1712199701239 100.0 1742
1712199711382 100.0 1743
1712199721506 100.0 1744
1712199731714 100.0 1745
1712199741860 99.0 1746
1712199751978 99.0 1747
1712199762051 100.0 1748
1712199772182 99.0 1749
1712199782316 98.0 1750
1712199792456 100.0 1751
1712199802599 99.0 1752
1712199812752 99.0 1753
1712199822832 100.0 1754
1712199832947 99.0 1755
1712199843079 100.0 1756
1712199853213 100.0 1757
1712199863348 99.0 1758
1712199873480 100.0 1759
1712199883552 100.0 1760
1712199893686 99.0 1761
1712199903808 100.0 1762
1712199913946 99.0 1763
1712199924066 99.0 1764
1712199934206 100.0 1765
1712199944273 99.0 1766
1712199954395 100.0 1767
1712199964532 100.0 1768
1712199974658 100.0 1769
1712199984789 100.0 1770
1712199994926 100.0 1771
1712200004991 100.0 1772
1712200015123 100.0 1773
1712200025269 100.0 1774
1712200035482 99.0 1775
1712200045613 100.0 1776
1712200055738 100.0 1777
1712200065809 99.0 1778
1712200075954 100.0 1779
1712200086090 100.0 1780
1712200096206 99.0 1781
1712200106335 100.0 1782
1712200116466 99.0 1783
1712200126548 99.0 1784
1712200136734 100.0 1785
1712200146867 99.0 1786
1712200157006 100.0 1787
1712200167143 100.0 1788
1712200177315 99.0 1789
1712200187469 99.0 1790
1712200197611 100.0 1791
1712200207756 99.0 1792
1712200217870 100.0 1793
1712200228040 100.0 1794
1712200238133 99.0 1795
1712200248318 99.0 1796
1712200258454 100.0 1797
1712200268596 100.0 1798
1712200278760 100.0 1799
1712200288909 100.0 1800
1712200299116 99.0 1801
1712200309278 100.0 1802
1712200319412 100.0 1803
1712200329572 100.0 1804
1712200339732 99.0 1805
1712200349869 100.0 1806
1712200360030 99.0 1807
1712200370187 95.0 1808
1712200380448 100.0 1809
1712200390606 100.0 1810
1712200400763 99.0 1811
1712200410901 100.0 1812
1712200421053 100.0 1813
1712200431205 99.0 1814
1712200441395 100.0 1815
1712200451531 99.0 1816
1712200461690 99.0 1817
1712200471868 100.0 1818
1712200482017 100.0 1819
1712200492179 99.0 1820
1712200502307 99.0 1821
1712200512460 100.0 1822
1712200522600 98.0 1823
1712200532745 99.0 1824
1712200542898 100.0 1825
1712200553040 99.0 1826
1712200563193 100.0 1827
1712200573330 100.0 1828
1712200583479 100.0 1829
1712200593630 99.0 1830
1712200603853 99.0 1831
1712200613998 100.0 1832
1712200624170 98.0 1833
1712200634318 100.0 1834
1712200644464 98.0 1835
1712200654625 100.0 1836
1712200664791 99.0 1837
1712200674941 100.0 1838
1712200685101 100.0 1839
1712200695235 99.0 1840
1712200705369 100.0 1841
1712200715522 99.0 1842
1712200725697 98.0 1843
1712200735829 100.0 1844
1712200745992 99.0 1845
1712200756257 87.0 1846
1712200766418 14.0 1847
1712200776574 79.0 1848
1712200786743 70.0 1849
1712200796904 72.0 1850
1712200807066 68.0 1851
1712200817243 71.0 1852
1712200827417 71.0 1853
1712200837594 96.0 1854
1712200847770 70.0 1855
1712200857944 72.0 1856
1712200868112 83.0 1857
1712200878277 73.0 1858
1712200888426 93.0 1859
1712200898613 69.0 1860
1712200908803 77.0 1861
1712200918957 71.0 1862
1712200929115 67.0 1863
1712200939273 84.0 1864
1712200949434 66.0 1865
1712200959607 80.0 1866
1712200969769 62.0 1867
1712200979939 99.0 1868
1712200990111 100.0 1869
1712201000252 100.0 1870
1712201010412 98.0 1871
1712201020590 98.0 1872
1712201030730 100.0 1873
1712201040885 100.0 1874
1712201051124 99.0 1875
1712201061302 98.0 1876
1712201071452 100.0 1877
1712201081611 98.0 1878
1712201091770 99.0 1879
1712201101917 99.0 1880
1712201112076 99.0 1881
1712201122421 99.0 1882
1712201132592 82.0 1883
1712201142749 100.0 1884
1712201152910 99.0 1885
1712201163073 98.0 1886
1712201173239 100.0 1887
1712201183371 100.0 1888
1712201193523 98.0 1889
1712201203683 100.0 1890
1712201213828 99.0 1891
1712201223991 99.0 1892
1712201234194 99.0 1893
1712201244336 100.0 1894
1712201254483 100.0 1895
1712201264615 99.0 1896
1712201274750 100.0 1897
1712201284915 100.0 1898
1712201295037 98.0 1899
1712201305175 100.0 1900
1712201315314 99.0 1901
1712201325466 98.0 1902
1712201335602 100.0 1903
1712201345841 99.0 1904
1712201356007 98.0 1905
1712201366183 100.0 1906
1712201376321 100.0 1907
1712201386468 100.0 1908
1712201396612 99.0 1909
1712201406766 99.0 1910
1712201416919 99.0 1911
1712201427090 99.0 1912
1712201437250 99.0 1913
1712201447411 100.0 1914
1712201457575 99.0 1915
1712201467714 100.0 1916
1712201477853 100.0 1917
1712201488006 99.0 1918
1712201498171 99.0 1919
1712201508312 100.0 1920
1712201518472 98.0 1921
1712201528618 99.0 1922
1712201538779 100.0 1923
1712201548925 100.0 1924
1712201559074 99.0 1925
1712201569354 100.0 1926
1712201579509 100.0 1927
1712201589661 98.0 1928
1712201599837 99.0 1929
1712201609980 100.0 1930
1712201620131 99.0 1931
1712201630288 100.0 1932
1712201640443 99.0 1933
1712201650585 100.0 1934
1712201660716 99.0 1935
1712201670848 100.0 1936
1712201680998 100.0 1937
1712201691152 99.0 1938
1712201701308 100.0 1939
1712201711463 99.0 1940
1712201721720 99.0 1941
1712201731882 99.0 1942
1712201742026 99.0 1943
1712201752168 100.0 1944
1712201762313 99.0 1945
1712201772455 100.0 1946
1712201782588 100.0 1947
1712201792716 99.0 1948
1712201802861 99.0 1949
1712201813011 99.0 1950
1712201823167 99.0 1951
1712201833307 99.0 1952
1712201843437 98.0 1953
1712201853617 98.0 1954
1712201863765 100.0 1955
1712201874021 100.0 1956
1712201884181 98.0 1957
1712201894343 98.0 1958
1712201904491 100.0 1959
1712201914635 100.0 1960
1712201924783 100.0 1961
1712201934882 99.0 1962
1712201944971 100.0 1963
1712201955106 100.0 1964
1712201965288 100.0 1965
1712201975431 100.0 1966
1712201985558 100.0 1967
1712201995694 100.0 1968
1712202005844 100.0 1969
1712202015970 99.0 1970
1712202026210 100.0 1971
1712202036349 99.0 1972
1712202046484 99.0 1973
1712202056618 100.0 1974
1712202066746 100.0 1975
1712202076874 99.0 1976
1712202086998 100.0 1977
1712202097147 100.0 1978
1712202107277 100.0 1979
1712202117409 100.0 1980
1712202127557 99.0 1981
1712202137684 100.0 1982
1712202147826 100.0 1983
1712202157963 99.0 1984
1712202168102 100.0 1985
1712202178329 99.0 1986
1712202188463 99.0 1987
1712202198597 100.0 1988
1712202208729 99.0 1989
1712202218847 100.0 1990
1712202228978 100.0 1991
1712202239113 99.0 1992
1712202249230 100.0 1993
1712202259362 100.0 1994
1712202269495 99.0 1995
1712202279634 100.0 1996
1712202289870 100.0 1997
1712202300027 99.0 1998
1712202310150 99.0 1999
1712202320286 100.0 2000
1712202330508 99.0 2001
1712202340638 100.0 2002
1712202350768 100.0 2003
1712202360909 100.0 2004
1712202371028 100.0 2005
1712202381163 100.0 2006
1712202391310 100.0 2007
1712202401454 99.0 2008
1712202411545 100.0 2009
1712202421684 99.0 2010
1712202431823 100.0 2011
1712202441923 100.0 2012
1712202452080 99.0 2013
1712202462221 100.0 2014
1712202472360 99.0 2015
1712202482525 100.0 2016
1712202492682 100.0 2017
1712202502852 100.0 2018
1712202513002 99.0 2019
1712202523085 99.0 2020
1712202533240 100.0 2021
1712202543392 99.0 2022
1712202553608 100.0 2023
1712202563762 100.0 2024
1712202573913 100.0 2025
1712202584030 99.0 2026
1712202594159 100.0 2027
1712202604292 99.0 2028
1712202614434 100.0 2029
1712202624600 99.0 2030
1712202634757 99.0 2031
1712202644918 100.0 2032
1712202655068 99.0 2033
1712202665200 100.0 2034
1712202675335 99.0 2035
1712202685455 99.0 2036
1712202695594 100.0 2037
1712202705742 99.0 2038
1712202715872 100.0 2039
1712202726007 100.0 2040
1712202736133 100.0 2041
1712202746283 100.0 2042
1712202756418 99.0 2043
1712202766569 100.0 2044
1712202776719 99.0 2045
1712202786848 99.0 2046
1712202796990 100.0 2047
1712202807126 100.0 2048
1712202817278 100.0 2049
1712202827425 100.0 2050
1712202837552 99.0 2051
1712202847681 100.0 2052
1712202857820 99.0 2053
1712202867965 100.0 2054
1712202878107 100.0 2055
1712202888238 99.0 2056
1712202898398 100.0 2057
1712202908483 100.0 2058
1712202918648 100.0 2059
1712202928779 99.0 2060
1712202938909 100.0 2061
1712202949070 100.0 2062
1712202959221 100.0 2063
1712202969362 98.0 2064
1712202979492 99.0 2065
1712202989621 100.0 2066
1712202999720 100.0 2067
1712203009965 99.0 2068
1712203020118 100.0 2069
1712203030262 100.0 2070
1712203040397 98.0 2071
1712203050545 100.0 2072
1712203060665 99.0 2073
1712203070808 99.0 2074
1712203080936 98.0 2075
1712203091107 100.0 2076
1712203101273 100.0 2077
1712203111459 99.0 2078
1712203121624 85.0 2079
1712203131800 82.0 2080
1712203141971 82.0 2081
1712203152170 70.0 2082
1712203162368 57.0 2083
1712203172557 66.0 2084
1712203182759 78.0 2085
1712203192973 86.0 2086
1712203203160 74.0 2087
1712203213354 88.0 2088
1712203223547 77.0 2089
1712203233803 86.0 2090
1712203244106 73.0 2091
1712203254312 95.0 2092
1712203264508 68.0 2093
1712203274707 67.0 2094
1712203284931 95.0 2095
1712203295206 95.0 2096
1712203305433 10.0 2097
1712203315718 37.0 2098
1712203325900 40.0 2099
1712203336049 74.0 2100
1712203346209 100.0 2101
1712203356349 100.0 2102
1712203366513 100.0 2103
1712203376701 100.0 2104
1712203386884 99.0 2105
1712203397065 100.0 2106
1712203407242 100.0 2107
1712203417385 99.0 2108
1712203427545 99.0 2109
1712203437717 100.0 2110
1712203447874 100.0 2111
1712203458053 100.0 2112
1712203468304 99.0 2113
1712203478468 97.0 2114
1712203488627 100.0 2115
1712203498799 100.0 2116
1712203508959 99.0 2117
1712203519112 100.0 2118
1712203529291 99.0 2119
1712203539447 100.0 2120
1712203549601 100.0 2121
1712203559778 100.0 2122
1712203569927 99.0 2123
1712203580085 100.0 2124
1712203590252 100.0 2125
1712203600401 100.0 2126
1712203610566 100.0 2127
1712203620792 100.0 2128
1712203630938 77.0 2129
1712203641122 99.0 2130
1712203651304 100.0 2131
1712203661458 100.0 2132
1712203671616 99.0 2133
1712203681785 99.0 2134
1712203691955 100.0 2135
1712203702110 100.0 2136
1712203712260 99.0 2137
1712203722414 99.0 2138
1712203732593 100.0 2139
1712203742730 99.0 2140
1712203752938 100.0 2141
1712203763109 100.0 2142
1712203773250 99.0 2143
1712203783393 100.0 2144
1712203793556 94.0 2145
1712203803774 99.0 2146
1712203813920 100.0 2147
1712203824100 100.0 2148
1712203834259 99.0 2149
1712203844427 100.0 2150
1712203854696 100.0 2151
1712203864873 100.0 2152
1712203875070 99.0 2153
1712203885268 100.0 2154
1712203895478 100.0 2155
1712203905654 99.0 2156
1712203915937 99.0 2157
1712203926114 88.0 2158
1712203936295 99.0 2159
1712203946474 99.0 2160
1712203956583 99.0 2161
1712203966721 100.0 2162
1712203977038 100.0 2163
1712203987220 61.0 2164
1712203997385 100.0 2165
1712204007501 98.0 2166
1712204017841 99.0 2167
1712204028042 100.0 2168
1712204038203 99.0 2169
1712204048409 100.0 2170
1712204058565 100.0 2171
1712204068701 99.0 2172
1712204078852 100.0 2173
1712204089086 100.0 2174
1712204099222 99.0 2175
1712204109364 100.0 2176
1712204119550 100.0 2177
1712204129794 100.0 2178
1712204139893 99.0 2179
1712204150091 100.0 2180
1712204160270 99.0 2181
1712204170500 99.0 2182
1712204180654 71.0 2183
1712204190826 100.0 2184
1712204200967 99.0 2185
1712204211147 100.0 2186
1712204221318 100.0 2187
1712204231469 99.0 2188
1712204241619 100.0 2189
1712204251810 100.0 2190
1712204262000 99.0 2191
1712204272168 100.0 2192
1712204282315 100.0 2193
1712204292484 100.0 2194
1712204302724 92.0 2195
1712204312868 99.0 2196
1712204323014 99.0 2197
1712204333161 100.0 2198
1712204343334 100.0 2199
1712204353495 100.0 2200
1712204363634 99.0 2201
1712204373781 100.0 2202
1712204383937 99.0 2203
1712204394164 99.0 2204
1712204404318 100.0 2205
1712204414497 100.0 2206
1712204424642 99.0 2207
1712204434811 98.0 2208
1712204444945 98.0 2209
1712204455112 99.0 2210
1712204465267 100.0 2211
1712204475514 100.0 2212
1712204485702 99.0 2213
1712204495859 99.0 2214
1712204505957 100.0 2215
1712204516227 99.0 2216
1712204526386 99.0 2217
1712204536537 100.0 2218
1712204546718 99.0 2219
1712204556961 99.0 2220
1712204567107 100.0 2221
1712204577267 100.0 2222
1712204587456 99.0 2223
1712204597605 99.0 2224
1712204607854 100.0 2225
1712204617989 100.0 2226
1712204628134 99.0 2227
1712204638291 100.0 2228
1712204648464 100.0 2229
1712204658699 99.0 2230
1712204668842 100.0 2231
1712204678976 100.0 2232
1712204689188 100.0 2233
1712204699442 99.0 2234
1712204709592 100.0 2235
1712204719766 100.0 2236
1712204729915 99.0 2237
1712204740077 100.0 2238
1712204750232 99.0 2239
1712204760393 99.0 2240
1712204770626 100.0 2241
1712204780798 100.0 2242
1712204790953 99.0 2243
1712204801105 100.0 2244
1712204811272 97.0 2245
1712204821440 99.0 2246
1712204831683 97.0 2247
1712204841842 100.0 2248
1712204852025 99.0 2249
1712204862157 100.0 2250
1712204872324 100.0 2251
1712204882599 100.0 2252
1712204892799 99.0 2253
1712204902987 100.0 2254
1712204913158 99.0 2255
1712204923347 100.0 2256
1712204933621 99.0 2257
1712204943892 100.0 2258
1712204954068 80.0 2259
1712204964258 100.0 2260
1712204974406 100.0 2261
1712204984682 99.0 2262
1712204994868 93.0 2263
1712205005090 100.0 2264
1712205015272 94.0 2265
1712205025447 99.0 2266
1712205035622 100.0 2267
1712205045909 99.0 2268
1712205056111 96.0 2269
1712205066288 99.0 2270
1712205076478 100.0 2271
1712205086645 98.0 2272
1712205096927 100.0 2273
1712205107118 100.0 2274
1712205117352 99.0 2275
1712205127590 100.0 2276
1712205137796 100.0 2277
1712205148075 88.0 2278
1712205158268 100.0 2279
1712205168437 99.0 2280
1712205178612 100.0 2281
1712205188804 100.0 2282
1712205198973 98.0 2283
1712205209257 97.0 2284
1712205219405 97.0 2285
1712205229563 100.0 2286
1712205239714 99.0 2287
1712205249881 100.0 2288
1712205260059 98.0 2289
1712205270329 98.0 2290
1712205280502 100.0 2291
1712205290654 98.0 2292
1712205300837 99.0 2293
1712205311028 99.0 2294
1712205321190 100.0 2295
1712205331472 99.0 2296
1712205341654 93.0 2297
1712205351822 99.0 2298
1712205361978 100.0 2299
1712205372109 99.0 2300
1712205382300 99.0 2301
1712205392557 99.0 2302
1712205402720 98.0 2303
1712205412897 98.0 2304
1712205423064 97.0 2305
1712205433238 100.0 2306
1712205443425 99.0 2307
1712205453586 100.0 2308
1712205463751 100.0 2309
1712205473917 98.0 2310
1712205484095 99.0 2311
1712205494273 79.0 2312
1712205504448 87.0 2313
1712205514626 95.0 2314
1712205524833 68.0 2315
1712205535008 43.0 2316
1712205545191 76.0 2317
1712205555391 74.0 2318
1712205565571 69.0 2319
1712205575747 88.0 2320
1712205585937 72.0 2321
1712205596118 79.0 2322
1712205606305 78.0 2323
1712205616480 74.0 2324
1712205626663 93.0 2325
1712205636824 80.0 2326
1712205647005 83.0 2327
1712205657182 96.0 2328
1712205667384 70.0 2329
1712205677567 92.0 2330
1712205687752 70.0 2331
1712205697929 79.0 2332
1712205708135 69.0 2333
1712205718323 81.0 2334
1712205728507 81.0 2335
1712205738668 75.0 2336
1712205748845 72.0 2337
1712205759042 69.0 2338
1712205769211 65.0 2339
1712205779395 71.0 2340
1712205789587 95.0 2341
1712205799761 83.0 2342
1712205809941 81.0 2343
1712205820141 87.0 2344
1712205830329 38.0 2345
1712205840509 85.0 2346
1712205850699 55.0 2347
1712205860874 47.0 2348
1712205871052 21.0 2349
1712205881224 68.0 2350
1712205891408 33.0 2351
1712205901591 41.0 2352
1712205911888 59.0 2353
1712205922064 43.0 2354
1712205932241 58.0 2355
1712205942420 0.0 2356
1712205952614 0.0 2357
1712205962797 0.0 2358
