1712182092670 284.7 0
1712182102755 4086.8 1
1712182112830 4086.8 2
1712182122893 4086.8 3
1712182132952 4086.8 4
1712182143014 4086.8 5
1712182153076 4086.8 6
1712182163143 4086.8 7
1712182173220 4086.8 8
1712182183282 4086.8 9
1712182193346 4086.8 10
1712182203413 4086.8 11
1712182213487 4086.8 12
1712182223561 4086.8 13
1712182233636 4086.8 14
1712182243709 4086.8 15
1712182253770 4086.8 16
1712182263850 4086.8 17
1712182273920 4086.8 18
1712182283984 4086.8 19
1712182294075 4086.8 20
1712182304148 4086.8 21
1712182314224 4086.8 22
1712182324291 4086.8 23
1712182334364 4086.8 24
1712182344446 4086.8 25
1712182354508 4086.8 26
1712182364579 4086.8 27
1712182374661 4086.8 28
1712182384737 4086.8 29
1712182394801 4086.8 30
1712182404868 4086.8 31
1712182414943 4086.8 32
1712182425025 4086.8 33
1712182435097 4086.8 34
1712182445164 4086.8 35
1712182455247 4086.8 36
1712182465319 4086.8 37
1712182475394 4086.8 38
1712182485465 4086.8 39
1712182495534 4086.8 40
1712182505615 4086.8 41
1712182515687 4086.8 42
1712182525761 4086.8 43
1712182535842 4086.8 44
1712182545909 4086.8 45
1712182555990 4086.8 46
1712182566073 4086.8 47
1712182576146 4086.8 48
1712182586244 4086.8 49
1712182596321 4086.8 50
1712182606406 4086.8 51
1712182616486 4086.8 52
1712182626560 4086.8 53
1712182636633 4086.8 54
1712182646724 4086.8 55
1712182656793 4086.8 56
1712182666866 4086.8 57
1712182676943 4086.8 58
1712182687015 4086.8 59
1712182697081 4086.8 60
1712182707163 4086.8 61
1712182717248 4086.8 62
1712182727329 4086.8 63
1712182737404 4086.8 64
1712182747477 4086.8 65
1712182757552 4086.8 66
1712182767630 4086.8 67
1712182777719 4086.8 68
1712182787791 4086.8 69
1712182797870 4086.8 70
1712182807945 4086.8 71
1712182818022 4086.8 72
1712182828087 4086.8 73
1712182838182 4086.8 74
1712182848257 4086.8 75
1712182858339 4086.8 76
1712182868408 4086.8 77
1712182878483 4086.8 78
1712182888564 4086.8 79
1712182898636 4086.8 80
1712182908738 4086.8 81
1712182918824 4086.8 82
1712182928901 4086.8 83
1712182938980 4086.8 84
1712182949058 4086.8 85
1712182959141 4086.8 86
1712182969230 4086.8 87
1712182979305 4086.8 88
1712182989379 4086.8 89
1712182999457 4086.8 90
1712183009527 4086.8 91
1712183019607 4086.8 92
1712183029700 4086.8 93
1712183039779 4086.8 94
1712183049846 4086.8 95
1712183059935 4086.8 96
1712183070044 4086.8 97
1712183080119 4086.8 98
1712183090159 4086.8 99
1712183100192 4086.8 100
1712183110225 4086.8 101
1712183120303 4086.8 102
1712183130334 4086.8 103
1712183140381 4086.8 104
1712183150464 4086.8 105
1712183160503 4086.8 106
1712183170555 4086.8 107
1712183180657 4086.8 108
1712183190694 4086.8 109
1712183200739 4086.8 110
1712183210824 4086.8 111
1712183220901 4086.8 112
1712183230946 4086.8 113
1712183240994 4086.8 114
1712183251086 4086.8 115
1712183261129 4086.8 116
1712183271178 4086.8 117
1712183281256 4086.8 118
1712183291303 4086.8 119
1712183301345 4086.8 120
1712183311432 4086.8 121
1712183321471 4086.8 122
1712183331506 4086.8 123
1712183341594 4086.8 124
1712183351688 4086.8 125
1712183361798 4086.8 126
1712183371883 4086.8 127
1712183381924 4086.8 128
1712183392015 4086.8 129
1712183402096 4086.8 130
1712183412185 4086.8 131
1712183422283 4086.8 132
1712183432374 4086.8 133
1712183442413 4086.8 134
1712183452511 4086.8 135
1712183462603 4086.8 136
1712183472688 4086.8 137
1712183482781 4086.8 138
1712183492859 4086.8 139
1712183502892 4086.8 140
1712183512987 4086.8 141
1712183523086 4086.8 142
1712183533174 4086.8 143
1712183543263 4086.8 144
1712183553341 4086.8 145
1712183563385 4086.8 146
1712183573467 4086.8 147
1712183583550 4086.8 148
1712183593631 4086.8 149
1712183603722 4086.8 150
1712183613808 4086.8 151
1712183623838 4086.8 152
1712183633925 4086.8 153
1712183644030 4086.8 154
1712183654125 4086.8 155
1712183664225 4086.8 156
1712183674299 4086.8 157
1712183684335 4086.8 158
1712183694432 4086.8 159
1712183704513 4086.8 160
1712183714613 4086.8 161
1712183724709 4086.8 162
1712183734798 4086.8 163
1712183744842 4086.8 164
1712183754932 4086.8 165
1712183765014 4086.8 166
1712183775122 4086.8 167
1712183785204 4086.8 168
1712183795292 4086.8 169
1712183805334 4086.8 170
1712183815418 4086.8 171
1712183825508 4086.8 172
1712183835614 4086.8 173
1712183845699 4086.8 174
1712183855784 4086.8 175
1712183865838 4086.8 176
1712183875928 4086.8 177
1712183886021 4086.8 178
1712183896108 4086.8 179
1712183906202 4086.8 180
1712183916280 4086.8 181
1712183926322 4086.8 182
1712183936406 4086.8 183
1712183946489 4086.8 184
1712183956581 4086.8 185
1712183966669 4086.8 186
1712183976754 4086.8 187
1712183986800 4086.8 188
1712183996882 4086.8 189
1712184006969 4086.8 190
1712184017057 4086.8 191
1712184027143 4086.8 192
1712184037239 4086.8 193
1712184047337 4086.8 194
1712184057425 4086.8 195
1712184067512 4086.8 196
1712184077597 4086.8 197
1712184087683 4086.8 198
1712184097713 4086.8 199
1712184107801 4086.8 200
1712184117887 4086.8 201
1712184127987 4086.8 202
1712184138065 4086.8 203
1712184148151 4086.8 204
1712184158189 4086.8 205
1712184168293 4086.8 206
1712184178385 4086.8 207
1712184188475 4086.8 208
1712184198580 4086.8 209
1712184208674 4086.8 210
1712184218715 4086.8 211
1712184228806 4086.8 212
1712184238896 4086.8 213
1712184248995 4086.8 214
1712184259082 4086.8 215
1712184269185 4086.8 216
1712184279230 4086.8 217
1712184289339 4086.8 218
1712184299431 4086.8 219
1712184309540 4086.8 220
1712184319648 4086.8 221
1712184329736 4086.8 222
1712184339778 4086.8 223
1712184349887 4086.8 224
1712184360001 4086.8 225
1712184370086 4086.8 226
1712184380196 4086.8 227
1712184390292 4086.8 228
1712184400359 4086.8 229
1712184410468 4086.8 230
1712184420567 4086.8 231
1712184430667 4086.8 232
1712184440766 4086.8 233
1712184450875 4086.8 234
1712184460907 4086.8 235
1712184471006 4086.8 236
1712184481100 4088.9 237
1712184491190 4088.9 238
1712184501276 4088.9 239
1712184511357 4088.9 240
1712184521402 4088.9 241
1712184531503 4088.9 242
1712184541585 4088.9 243
1712184551676 4088.9 244
1712184561778 4088.9 245
1712184571874 4088.9 246
1712184581910 4088.9 247
1712184591999 4088.9 248
1712184602096 4088.9 249
1712184612185 4088.9 250
1712184622308 4088.9 251
1712184632403 4088.9 252
1712184642442 4088.9 253
1712184652533 4088.9 254
1712184662618 4088.9 255
1712184672708 4088.9 256
1712184682808 4088.9 257
1712184692900 4088.9 258
1712184702944 4088.9 259
1712184713045 4088.9 260
1712184723134 4088.9 261
1712184733238 4088.9 262
1712184743326 4088.9 263
1712184753427 4088.9 264
1712184763461 4088.9 265
1712184773583 4088.9 266
1712184783685 4088.9 267
1712184793778 4088.9 268
1712184803863 4088.9 269
1712184813950 4088.9 270
1712184824001 4088.9 271
1712184834104 4088.9 272
1712184844204 4088.9 273
1712184854288 4088.9 274
1712184864386 4088.9 275
1712184874507 4088.9 276
1712184884547 4088.9 277
1712184894654 4088.9 278
1712184904756 4088.9 279
1712184914854 4088.9 280
1712184924960 4088.9 281
1712184935067 4088.9 282
1712184945114 4088.9 283
1712184955214 4088.9 284
1712184965329 4088.9 285
1712184975420 4088.9 286
1712184985507 4088.9 287
1712184995598 4088.9 288
1712185005645 4088.9 289
1712185015733 4088.9 290
1712185025811 4088.9 291
1712185035897 4088.9 292
1712185045992 4088.9 293
1712185056086 4088.9 294
1712185066127 4088.9 295
1712185076211 4088.9 296
1712185086307 4088.9 297
1712185096406 4088.9 298
1712185106505 4088.9 299
1712185116602 4088.9 300
1712185126641 4088.9 301
1712185136732 4088.9 302
1712185146835 4088.9 303
1712185156930 4088.9 304
1712185167030 4088.9 305
1712185177108 4088.9 306
1712185187142 4088.9 307
1712185197227 4088.9 308
1712185207310 4088.9 309
1712185217421 4088.9 310
1712185227513 4088.9 311
1712185237561 4088.9 312
1712185247603 4088.9 313
1712185257648 4088.9 314
1712185267679 4088.9 315
1712185277785 4088.9 316
1712185287845 4088.9 317
1712185297953 4088.9 318
1712185308046 4088.9 319
1712185318101 4088.9 320
1712185328202 4088.9 321
1712185338299 4088.9 322
1712185348389 4088.9 323
1712185358496 4088.9 324
1712185368580 4088.9 325
1712185378678 4088.9 326
1712185388766 4088.9 327
1712185398857 4088.9 328
1712185408937 4088.9 329
1712185419034 4088.9 330
1712185429122 4088.9 331
1712185439212 4088.9 332
1712185449298 4088.9 333
1712185459394 4088.9 334
1712185469484 4088.9 335
1712185479577 4088.9 336
1712185489667 4088.9 337
1712185499762 4088.9 338
1712185509861 4088.9 339
1712185519965 4088.9 340
1712185530049 4088.9 341
1712185540136 4088.9 342
1712185550235 4088.9 343
1712185560329 4088.9 344
1712185570438 4088.9 345
1712185580527 4088.9 346
1712185590620 4088.9 347
1712185600734 4088.9 348
1712185610828 4088.9 349
1712185620917 4088.9 350
1712185631001 4088.9 351
1712185641094 4088.9 352
1712185651180 4088.9 353
1712185661269 4088.9 354
1712185671384 4088.9 355
1712185681501 4088.9 356
1712185691589 4088.9 357
1712185701668 4088.9 358
1712185711757 4088.9 359
1712185721855 4088.9 360
1712185731954 4088.9 361
1712185742037 4088.9 362
1712185752146 4088.9 363
1712185762242 4088.9 364
1712185772329 4088.9 365
1712185782405 4088.9 366
1712185792493 4088.9 367
1712185802589 4088.9 368
1712185812686 4088.9 369
1712185822771 4088.9 370
1712185832866 4088.9 371
1712185842954 4088.9 372
1712185853057 4088.9 373
1712185863152 4088.9 374
1712185873245 4088.9 375
1712185883329 4088.9 376
1712185893415 4088.9 377
1712185903516 4088.9 378
1712185913612 4088.9 379
1712185923661 4088.9 380
1712185933758 4088.9 381
1712185943852 4088.9 382
1712185953954 4088.9 383
1712185964064 4088.9 384
1712185974119 4088.9 385
1712185984222 4088.9 386
1712185994316 4088.9 387
1712186004422 4088.9 388
1712186014523 4088.9 389
1712186024619 4088.9 390
1712186034726 4088.9 391
1712186044822 4088.9 392
1712186054931 4088.9 393
1712186065045 4088.9 394
1712186075151 4088.9 395
1712186085266 4088.9 396
1712186095370 4088.9 397
1712186105476 4088.9 398
1712186115580 4088.9 399
1712186125683 4088.9 400
1712186135783 4088.9 401
1712186145897 4088.9 402
1712186155996 4088.9 403
1712186166108 4088.9 404
1712186176201 4088.9 405
1712186186300 4088.9 406
1712186196408 4088.9 407
1712186206516 4088.9 408
1712186216616 4088.9 409
1712186226717 4088.9 410
1712186236828 4088.9 411
1712186246924 4088.9 412
1712186257026 4088.9 413
1712186267123 4088.9 414
1712186277222 4088.9 415
1712186287319 4088.9 416
1712186297415 4088.9 417
1712186307520 4088.9 418
1712186317622 4088.9 419
1712186327718 4088.9 420
1712186337823 4088.9 421
1712186347915 4088.9 422
1712186358004 4088.9 423
1712186368113 4088.9 424
1712186378211 4088.9 425
1712186388304 4088.9 426
1712186398406 4088.9 427
1712186408509 4088.9 428
1712186418609 4088.9 429
1712186428701 4088.9 430
1712186438802 4088.9 431
1712186448899 4088.9 432
1712186458997 4088.9 433
1712186469089 4088.9 434
1712186479195 4088.9 435
1712186489299 4088.9 436
1712186499411 4088.9 437
1712186509501 4088.9 438
1712186519619 4088.9 439
1712186529681 4088.9 440
1712186539724 4088.9 441
1712186549772 4088.9 442
1712186559817 4088.9 443
1712186569865 4088.9 444
1712186579967 4088.9 445
1712186590011 4088.9 446
1712186600050 4088.9 447
1712186610136 4088.9 448
1712186620189 4088.9 449
1712186630283 4088.9 450
1712186640400 4088.9 451
1712186650503 4088.9 452
1712186660616 4088.9 453
1712186670727 4088.9 454
1712186680777 4088.9 455
1712186690875 4088.9 456
1712186700980 4088.9 457
1712186711091 4088.9 458
1712186721196 4088.9 459
1712186731287 4088.9 460
1712186741332 4088.9 461
1712186751450 4088.9 462
1712186761557 4088.9 463
1712186771668 4088.9 464
1712186781780 4088.9 465
1712186791892 4088.9 466
1712186801951 4088.9 467
1712186812056 4088.9 468
1712186822158 4088.9 469
1712186832266 4088.9 470
1712186842381 4088.9 471
1712186852470 4088.9 472
1712186862516 4088.9 473
1712186872613 4088.9 474
1712186882706 4088.9 475
1712186892807 4088.9 476
1712186902906 4088.9 477
1712186912995 4088.9 478
1712186923040 4088.9 479
1712186933131 4088.9 480
1712186943225 4088.9 481
1712186953323 4088.9 482
1712186963410 4088.9 483
1712186973510 4088.9 484
1712186983549 4088.9 485
1712186993650 4088.9 486
1712187003745 4088.9 487
1712187013833 4088.9 488
1712187023951 4088.9 489
1712187034055 4088.9 490
1712187044113 4088.9 491
1712187054241 4088.9 492
1712187064330 4088.9 493
1712187074432 4088.9 494
1712187084546 4088.9 495
1712187094593 4088.9 496
1712187104700 4088.9 497
1712187114757 4088.9 498
1712187124803 4088.9 499
1712187134901 4088.9 500
1712187144961 4088.9 501
1712187155001 4088.9 502
1712187165110 4088.9 503
1712187175153 4088.9 504
1712187185200 4088.9 505
1712187195302 4088.9 506
1712187205349 4088.9 507
1712187215424 4088.9 508
1712187225516 4088.9 509
1712187235567 4088.9 510
1712187245608 4088.9 511
1712187255717 4088.9 512
1712187265771 4088.9 513
1712187275821 4088.9 514
1712187285934 4088.9 515
1712187295987 4088.9 516
1712187306040 4088.9 517
1712187316137 4088.9 518
1712187326187 4088.9 519
1712187336234 4088.9 520
1712187346346 4088.9 521
1712187356464 4088.9 522
1712187366564 4088.9 523
1712187376674 4088.9 524
1712187386790 4088.9 525
1712187396844 4088.9 526
1712187406953 4088.9 527
1712187417049 4088.9 528
1712187427147 4088.9 529
1712187437256 4088.9 530
1712187447366 4088.9 531
1712187457412 4088.9 532
1712187467531 4088.9 533
1712187477638 4088.9 534
1712187487755 4088.9 535
1712187497859 4088.9 536
1712187507960 4088.9 537
1712187518010 4088.9 538
1712187528109 4088.9 539
1712187538234 4088.9 540
1712187548334 4088.9 541
1712187558443 4088.9 542
1712187568549 4088.9 543
1712187578596 4088.9 544
1712187588711 4088.9 545
1712187598835 4088.9 546
1712187608940 4088.9 547
1712187619031 4088.9 548
1712187629127 4088.9 549
1712187639182 4088.9 550
1712187649290 4088.9 551
1712187659383 4088.9 552
1712187669495 4088.9 553
1712187679605 4088.9 554
1712187689708 4088.9 555
1712187699757 4088.9 556
1712187709858 4088.9 557
1712187719960 4088.9 558
1712187730061 4088.9 559
1712187740159 4088.9 560
1712187750256 4088.9 561
1712187760388 4088.9 562
1712187770497 4088.9 563
1712187780600 4088.9 564
1712187790689 4088.9 565
1712187800786 4088.9 566
1712187810903 4088.9 567
1712187820963 4088.9 568
1712187831101 4088.9 569
1712187841199 4088.9 570
1712187851310 4088.9 571
1712187861425 4088.9 572
1712187871525 4088.9 573
1712187881568 4088.9 574
1712187891678 4088.9 575
1712187901794 4088.9 576
1712187911912 4088.9 577
1712187922028 4088.9 578
1712187932129 4088.9 579
1712187942177 4088.9 580
1712187952290 4088.9 581
1712187962402 4088.9 582
1712187972508 4088.9 583
1712187982608 4088.9 584
1712187992727 4088.9 585
1712188002776 4088.9 586
1712188012888 4088.9 587
1712188022993 4088.9 588
1712188033093 4088.9 589
1712188043215 4088.9 590
1712188053331 4088.9 591
1712188063375 4088.9 592
1712188073425 4088.9 593
1712188083481 4088.9 594
1712188093538 4088.9 595
1712188103593 4088.9 596
1712188113636 4088.9 597
1712188123737 4088.9 598
1712188133783 4088.9 599
1712188143885 4088.9 600
1712188153928 4088.9 601
1712188164042 4088.9 602
1712188174143 4088.9 603
1712188184197 4088.9 604
1712188194247 4088.9 605
1712188204303 4088.9 606
1712188214408 4088.9 607
1712188224525 4088.9 608
1712188234632 4088.9 609
1712188244676 4088.9 610
1712188254780 4088.9 611
1712188264902 4088.9 612
1712188274962 4088.9 613
1712188285004 4088.9 614
1712188295045 4088.9 615
1712188305136 4088.9 616
1712188315177 4088.9 617
1712188325240 4088.9 618
1712188335338 4088.9 619
1712188345432 4088.9 620
1712188355538 4088.9 621
1712188365606 4088.9 622
1712188375705 4088.9 623
1712188385744 4088.9 624
1712188395795 4088.9 625
1712188405887 4088.9 626
1712188415926 4088.9 627
1712188425967 4088.9 628
1712188436056 4088.9 629
1712188446164 4088.9 630
1712188456217 4088.9 631
1712188466311 4088.9 632
1712188476406 4088.9 633
1712188486454 4088.9 634
1712188496563 4088.9 635
1712188506658 4088.9 636
1712188516752 4088.9 637
1712188526872 4088.9 638
1712188536969 4088.9 639
1712188547027 4088.9 640
1712188557124 4088.9 641
1712188567223 4088.9 642
1712188577319 4088.9 643
1712188587414 4088.9 644
1712188597470 4088.9 645
1712188607563 4088.9 646
1712188617658 4088.9 647
1712188627746 4088.9 648
1712188637843 4088.9 649
1712188647939 4088.9 650
1712188657984 4088.9 651
1712188668080 4088.9 652
1712188678169 4088.9 653
1712188688265 4088.9 654
1712188698373 4088.9 655
1712188708463 4088.9 656
1712188718506 4088.9 657
1712188728614 4088.9 658
1712188738721 4088.9 659
1712188748821 4088.9 660
1712188758934 4088.9 661
1712188769035 4088.9 662
1712188779077 4088.9 663
1712188789161 4088.9 664
1712188799264 4088.9 665
1712188809371 4088.9 666
1712188819479 4088.9 667
1712188829675 4088.9 668
1712188839719 4088.9 669
1712188849824 4088.9 670
1712188859946 4088.9 671
1712188870042 4088.9 672
1712188880144 4088.9 673
1712188890252 4088.9 674
1712188900297 4088.9 675
1712188910411 4088.9 676
1712188920511 4088.9 677
1712188930618 4088.9 678
1712188940707 4088.9 679
1712188950796 4088.9 680
1712188960843 4088.9 681
1712188970950 4088.9 682
1712188981054 4088.9 683
1712188991164 4088.9 684
1712189001277 4088.9 685
1712189011381 4088.9 686
1712189021447 4088.9 687
1712189031548 4088.9 688
1712189041668 4088.9 689
1712189051793 4088.9 690
1712189061914 4088.9 691
1712189072038 4088.9 692
1712189082093 4088.9 693
1712189092200 4088.9 694
1712189102311 4088.9 695
1712189112426 4088.9 696
1712189122533 4088.9 697
1712189132651 4088.9 698
1712189142726 4088.9 699
1712189152837 4088.9 700
1712189162956 4088.9 701
1712189173065 4088.9 702
1712189183192 4088.9 703
1712189193277 4088.9 704
1712189203333 4088.9 705
1712189213420 4088.9 706
1712189223507 4088.9 707
1712189233616 4088.9 708
1712189243712 4088.9 709
1712189253810 4088.9 710
1712189263852 4088.9 711
1712189273945 4088.9 712
1712189284054 4088.9 713
1712189294144 4088.9 714
1712189304251 4088.9 715
1712189314351 4088.9 716
1712189324395 4088.9 717
1712189334507 4088.9 718
1712189344594 4088.9 719
1712189354703 4088.9 720
1712189364802 4088.9 721
1712189374902 4088.9 722
1712189384957 4088.9 723
1712189395052 4088.9 724
1712189405146 4088.9 725
1712189415242 4088.9 726
1712189425337 4088.9 727
1712189435437 4088.9 728
1712189445484 4088.9 729
1712189455580 4088.9 730
1712189465686 4088.9 731
1712189475780 4088.9 732
1712189485896 4088.9 733
1712189496005 4088.9 734
1712189506123 4088.9 735
1712189516233 4088.9 736
1712189526336 4088.9 737
1712189536434 4088.9 738
1712189546538 4088.9 739
1712189556637 4088.9 740
1712189566691 4088.9 741
1712189576793 4088.9 742
1712189586888 4088.9 743
1712189596998 4088.9 744
1712189607086 4088.9 745
1712189617188 4088.9 746
1712189627233 4088.9 747
1712189637328 4088.9 748
1712189647444 4088.9 749
1712189657549 4088.9 750
1712189667653 4088.9 751
1712189677692 4088.9 752
1712189687787 4088.9 753
1712189697888 4088.9 754
1712189707986 4088.9 755
1712189718090 4088.9 756
1712189728199 4088.9 757
1712189738336 4088.9 758
1712189748442 4088.9 759
1712189758537 4088.9 760
1712189768637 4088.9 761
1712189778747 4088.9 762
1712189788850 4088.9 763
1712189798901 4088.9 764
1712189809022 4088.9 765
1712189819127 4088.9 766
1712189829239 4088.9 767
1712189839349 4088.9 768
1712189849456 4088.9 769
1712189859507 4088.9 770
1712189869604 4088.9 771
1712189879714 4088.9 772
1712189889809 4088.9 773
1712189899907 4088.9 774
1712189910020 4088.9 775
1712189920064 4088.9 776
1712189930168 4088.9 777
1712189940264 4088.9 778
1712189950354 4088.9 779
1712189960555 4088.9 780
1712189970669 4088.9 781
1712189980715 4088.9 782
1712189990819 4088.9 783
1712190000914 4088.9 784
1712190011024 4088.9 785
1712190021138 4088.9 786
1712190031256 4088.9 787
1712190041316 4088.9 788
1712190051426 4088.9 789
1712190061532 4088.9 790
1712190071653 4088.9 791
1712190081781 4088.9 792
1712190091982 4088.9 793
1712190102035 4088.9 794
1712190112125 4088.9 795
1712190122229 4088.9 796
1712190132359 4088.9 797
1712190142452 4088.9 798
1712190152565 4088.9 799
1712190162610 4088.9 800
1712190172718 4088.9 801
1712190182827 4088.9 802
1712190192922 4088.9 803
1712190203024 4088.9 804
1712190213124 4088.9 805
1712190223180 4088.9 806
1712190233284 4088.9 807
1712190243387 4088.9 808
1712190253502 4088.9 809
1712190263613 4088.9 810
1712190273722 4088.9 811
1712190283769 4088.9 812
1712190293871 4088.9 813
1712190303968 4088.9 814
1712190314079 4088.9 815
1712190324186 4088.9 816
1712190334303 4088.9 817
1712190344346 4088.9 818
1712190354440 4088.9 819
1712190364561 4088.9 820
1712190374653 4088.9 821
1712190384764 4088.9 822
1712190394863 4088.9 823
1712190404913 4088.9 824
1712190415017 4088.9 825
1712190425105 4088.9 826
1712190435215 4088.9 827
1712190445325 4088.9 828
1712190455417 4088.9 829
1712190465478 4088.9 830
1712190475582 4088.9 831
1712190485688 4088.9 832
1712190495788 4088.9 833
1712190505879 4088.9 834
1712190515982 4088.9 835
1712190526035 4088.9 836
1712190536135 4088.9 837
1712190546224 4088.9 838
1712190556322 4088.9 839
1712190566436 4088.9 840
1712190576547 4088.9 841
1712190586609 4088.9 842
1712190596702 4088.9 843
1712190606806 4088.9 844
1712190616902 4088.9 845
1712190626993 4088.9 846
1712190637100 4088.9 847
1712190647149 4088.9 848
1712190657255 4088.9 849
1712190667356 4088.9 850
1712190677414 4088.9 851
1712190687480 4088.9 852
1712190697578 4088.9 853
1712190707647 4088.9 854
1712190717697 4088.9 855
1712190727801 4088.9 856
1712190737856 4088.9 857
1712190747903 4088.9 858
1712190758004 4088.9 859
1712190768056 4088.9 860
1712190778100 4088.9 861
1712190788209 4088.9 862
1712190798253 4088.9 863
1712190808302 4088.9 864
1712190818402 4088.9 865
1712190828453 4088.9 866
1712190838509 4088.9 867
1712190848618 4088.9 868
1712190858758 4088.9 869
1712190868806 4088.9 870
1712190878897 4088.9 871
1712190888950 4088.9 872
1712190898999 4088.9 873
1712190909112 4088.9 874
1712190919216 4088.9 875
1712190929317 4088.9 876
1712190939385 4088.9 877
1712190949478 4088.9 878
1712190959582 4088.9 879
1712190969734 4088.9 880
1712190979864 4088.9 881
1712190989969 4088.9 882
1712191000020 4088.9 883
1712191010143 4088.9 884
1712191020250 4088.9 885
1712191030348 4088.9 886
1712191040449 4088.9 887
1712191050549 4088.9 888
1712191060605 4088.9 889
1712191070716 4088.9 890
1712191080928 4088.9 891
1712191091025 4088.9 892
1712191101141 4088.9 893
1712191111256 4088.9 894
1712191121304 4088.9 895
1712191131421 4088.9 896
1712191141521 4088.9 897
1712191151629 4088.9 898
1712191161736 4088.9 899
1712191171846 4088.9 900
1712191181898 4088.9 901
1712191192019 4088.9 902
1712191202132 4088.9 903
1712191212237 4088.9 904
1712191222336 4088.9 905
1712191232442 4088.9 906
1712191242494 4088.9 907
1712191252603 4088.9 908
1712191262708 4088.9 909
1712191272827 4088.9 910
1712191282935 4088.9 911
1712191293043 4088.9 912
1712191303096 4088.9 913
1712191313203 4088.9 914
1712191323305 4088.9 915
1712191333420 4088.9 916
1712191343543 4088.9 917
1712191353670 4088.9 918
1712191363728 4088.9 919
1712191373845 4088.9 920
1712191383962 4088.9 921
1712191394086 4088.9 922
1712191404207 4088.9 923
1712191414330 4088.9 924
1712191424391 4088.9 925
1712191434513 4088.9 926
1712191444629 4088.9 927
1712191454756 4088.9 928
1712191464886 4088.9 929
1712191475000 4088.9 930
1712191485060 4088.9 931
1712191495188 4088.9 932
1712191505323 4088.9 933
1712191515439 4088.9 934
1712191525582 4088.9 935
1712191535697 4091.0 936
1712191545745 4091.0 937
1712191555844 4091.0 938
1712191565974 4091.0 939
1712191576106 4091.0 940
1712191586211 4091.0 941
1712191596321 4091.0 942
1712191606373 4091.0 943
1712191616485 4091.0 944
1712191626601 4091.0 945
1712191636731 4091.0 946
1712191646853 4091.0 947
1712191656963 4091.0 948
1712191667017 4091.0 949
1712191677135 4091.0 950
1712191687242 4091.0 951
1712191697357 4091.0 952
1712191707461 4091.0 953
1712191717528 4091.0 954
1712191727660 4091.0 955
1712191737787 4091.0 956
1712191747888 4091.0 957
1712191757988 4091.0 958
1712191768086 4091.0 959
1712191778146 4091.0 960
1712191788269 4091.0 961
1712191798373 4091.0 962
1712191808490 4091.0 963
1712191818597 4091.0 964
1712191828704 4091.0 965
1712191838753 4091.0 966
1712191848869 4091.0 967
1712191858996 4091.0 968
1712191869112 4091.0 969
1712191879221 4091.0 970
1712191889324 4091.0 971
1712191899380 4091.0 972
1712191909489 4091.0 973
1712191919597 4091.0 974
1712191929698 4091.0 975
1712191939803 4091.0 976
1712191949915 4091.0 977
1712191959969 4091.0 978
1712191970070 4091.0 979
1712191980183 4091.0 980
1712191990295 4091.0 981
1712192000389 4091.0 982
1712192010506 4091.0 983
1712192020553 4091.0 984
1712192030646 4091.0 985
1712192040757 4091.0 986
1712192050865 4091.0 987
1712192060970 4091.0 988
1712192071088 4091.0 989
1712192081148 4091.0 990
1712192091262 4091.0 991
1712192101366 4091.0 992
1712192111476 4091.0 993
1712192121596 4091.0 994
1712192131691 4091.0 995
1712192141746 4091.0 996
1712192151858 4091.0 997
1712192161967 4091.0 998
1712192172077 4091.0 999
1712192182177 4091.0 1000
1712192192283 4091.0 1001
1712192202341 4091.0 1002
1712192212534 4091.0 1003
1712192222633 4091.0 1004
1712192232744 4091.0 1005
1712192242852 4091.0 1006
1712192252961 4091.0 1007
1712192263005 4091.0 1008
1712192273110 4091.0 1009
1712192283234 4091.0 1010
1712192293343 4091.0 1011
1712192303461 4091.0 1012
1712192313578 4091.0 1013
1712192323638 4091.0 1014
1712192333744 4091.0 1015
1712192343881 4091.0 1016
1712192354004 4091.0 1017
1712192364127 4091.0 1018
1712192374252 4091.0 1019
1712192384305 4091.0 1020
1712192394432 4091.0 1021
1712192404485 4091.0 1022
1712192414548 4091.0 1023
1712192424606 4091.0 1024
1712192434736 4091.0 1025
1712192444863 4091.0 1026
1712192454973 4091.0 1027
1712192465116 4091.0 1028
1712192475233 4091.0 1029
1712192485346 4091.0 1030
1712192495454 4091.0 1031
1712192505586 4091.0 1032
1712192515696 4091.0 1033
1712192525835 4091.0 1034
1712192535942 4091.0 1035
1712192546066 4091.0 1036
1712192556209 4091.0 1037
1712192566331 4091.0 1038
1712192576450 4091.0 1039
1712192586577 4091.0 1040
1712192596694 4091.0 1041
1712192606819 4091.0 1042
1712192616935 4091.0 1043
1712192627060 4091.0 1044
1712192637190 4091.0 1045
1712192647314 4091.0 1046
1712192657437 4091.0 1047
1712192667553 4091.0 1048
1712192677682 4091.0 1049
1712192687796 4091.0 1050
1712192697907 4091.0 1051
1712192708021 4091.0 1052
1712192718141 4091.0 1053
1712192728271 4091.0 1054
1712192738396 4091.0 1055
1712192748529 4091.0 1056
1712192758659 4091.0 1057
1712192768775 4091.0 1058
1712192778893 4091.0 1059
1712192789032 4091.0 1060
1712192799155 4091.0 1061
1712192809277 4091.0 1062
1712192819405 4091.0 1063
1712192829535 4091.0 1064
1712192839650 4091.0 1065
1712192849774 4091.0 1066
1712192859896 4091.0 1067
1712192870022 4091.0 1068
1712192880138 4091.0 1069
1712192890250 4091.0 1070
1712192900386 4091.0 1071
1712192910500 4091.0 1072
1712192920640 4091.0 1073
1712192930754 4091.0 1074
1712192940880 4091.0 1075
1712192951013 4091.0 1076
1712192961132 4091.0 1077
1712192971261 4091.0 1078
1712192981383 4091.0 1079
1712192991518 4091.0 1080
1712193001633 4091.0 1081
1712193011782 4091.0 1082
1712193021913 4091.0 1083
1712193032044 4091.0 1084
1712193042165 4091.0 1085
1712193052298 4091.0 1086
1712193062418 4091.0 1087
1712193072547 4091.0 1088
1712193082671 4091.0 1089
1712193092895 4091.0 1090
1712193103020 4091.0 1091
1712193113145 4091.0 1092
1712193123271 4091.0 1093
1712193133402 4091.0 1094
1712193143536 4091.0 1095
1712193153649 4091.0 1096
1712193163764 4091.0 1097
1712193173880 4091.0 1098
1712193183999 4091.0 1099
1712193194115 4091.0 1100
1712193204233 4091.0 1101
1712193214350 4091.0 1102
1712193224488 4091.0 1103
1712193234604 4091.0 1104
1712193244737 4091.0 1105
1712193254967 4091.0 1106
1712193265098 4091.0 1107
1712193275207 4091.0 1108
1712193285329 4091.0 1109
1712193295448 4091.0 1110
1712193305577 4091.0 1111
1712193315701 4091.0 1112
1712193325815 4091.0 1113
1712193335933 4091.0 1114
1712193346061 4091.0 1115
1712193356189 4091.0 1116
1712193366324 4091.0 1117
1712193376457 4091.0 1118
1712193386566 4091.0 1119
1712193396683 4091.0 1120
1712193406905 4091.0 1121
1712193417024 4091.0 1122
1712193427158 4091.0 1123
1712193437292 4091.0 1124
1712193447408 4091.0 1125
1712193457540 4091.0 1126
1712193467659 4091.0 1127
1712193477773 4091.0 1128
1712193487912 4091.0 1129
1712193498058 4091.0 1130
1712193508182 4091.0 1131
1712193518310 4091.0 1132
1712193528494 4091.0 1133
1712193538705 4091.0 1134
1712193548828 4091.0 1135
1712193558946 4091.0 1136
1712193569064 4091.0 1137
1712193579192 4091.0 1138
1712193589305 4091.0 1139
1712193599416 4091.0 1140
1712193609553 4091.0 1141
1712193619686 4091.0 1142
1712193629813 4091.0 1143
1712193639929 4091.0 1144
1712193650060 4091.0 1145
1712193660178 4091.0 1146
1712193670326 4091.0 1147
1712193680459 4091.0 1148
1712193690598 4091.0 1149
1712193700745 4091.0 1150
1712193710872 4091.0 1151
1712193721002 4091.0 1152
1712193731154 4091.0 1153
1712193741293 4091.0 1154
1712193751425 4091.0 1155
1712193761581 4091.0 1156
1712193771726 4091.0 1157
1712193781847 4091.0 1158
1712193791999 4091.0 1159
1712193802143 4091.0 1160
1712193812298 4091.0 1161
1712193822532 4091.0 1162
1712193832672 4091.0 1163
1712193842810 4091.0 1164
1712193852950 4091.0 1165
1712193863097 4091.0 1166
1712193873238 4091.0 1167
1712193883376 4091.0 1168
1712193893497 4091.0 1169
1712193903634 4091.0 1170
1712193913717 4091.0 1171
1712193923879 4091.0 1172
1712193933935 4091.0 1173
1712193944052 4091.0 1174
1712193954188 4091.0 1175
1712193964326 4091.0 1176
1712193974455 4091.0 1177
1712193984596 4091.0 1178
1712193994749 4091.0 1179
1712194004888 4091.0 1180
1712194015005 4091.0 1181
1712194025135 4091.0 1182
1712194035257 4091.0 1183
1712194045368 4091.0 1184
1712194055489 4091.0 1185
1712194065590 4091.0 1186
1712194075705 4091.0 1187
1712194085821 4091.0 1188
1712194095931 4091.0 1189
1712194106057 4091.0 1190
1712194116249 4091.0 1191
1712194126387 4091.0 1192
1712194136500 4091.0 1193
1712194146604 4091.0 1194
1712194156719 4091.0 1195
1712194166848 4091.0 1196
1712194176969 4091.0 1197
1712194187050 4091.0 1198
1712194197173 4091.0 1199
1712194207242 4091.0 1200
1712194217356 4091.0 1201
1712194227423 4091.0 1202
1712194237546 4091.0 1203
1712194247658 4091.0 1204
1712194257726 4091.0 1205
1712194267845 4091.0 1206
1712194277978 4091.0 1207
1712194288031 4091.0 1208
1712194298149 4091.0 1209
1712194308260 4091.0 1210
1712194318373 4091.0 1211
1712194328493 4091.0 1212
1712194338604 4091.0 1213
1712194348720 4091.0 1214
1712194358833 4091.0 1215
1712194368944 4091.0 1216
1712194379075 4091.0 1217
1712194389179 4091.0 1218
1712194399290 4091.0 1219
1712194409400 4091.0 1220
1712194419517 4091.0 1221
1712194429727 4091.0 1222
1712194439831 4091.0 1223
1712194449937 4091.0 1224
1712194460066 4091.0 1225
1712194470131 4091.0 1226
1712194480295 4091.0 1227
1712194490357 4091.0 1228
1712194500491 4091.0 1229
1712194510615 4091.0 1230
1712194520721 4091.0 1231
1712194530859 4091.0 1232
1712194540970 4091.0 1233
1712194551095 4091.0 1234
1712194561205 4091.0 1235
1712194571325 4091.0 1236
1712194581457 4091.0 1237
1712194591575 4091.0 1238
1712194601693 4091.0 1239
1712194611812 4091.0 1240
1712194621924 4091.0 1241
1712194632043 4091.0 1242
1712194642145 4091.0 1243
1712194652268 4091.0 1244
1712194662336 4091.0 1245
1712194672416 4091.0 1246
1712194682526 4091.0 1247
1712194692636 4091.0 1248
1712194702740 4091.0 1249
1712194712848 4091.0 1250
1712194722975 4091.0 1251
1712194733086 4091.0 1252
1712194743197 4091.0 1253
1712194753314 4091.0 1254
1712194763431 4091.0 1255
1712194773560 4091.0 1256
1712194783673 4091.0 1257
1712194793789 4091.0 1258
1712194803899 4091.0 1259
1712194814008 4091.0 1260
1712194824134 4091.0 1261
1712194834245 4091.0 1262
1712194844364 4091.0 1263
1712194854467 4091.0 1264
1712194864568 4091.0 1265
1712194874689 4091.0 1266
1712194884796 4091.0 1267
1712194894907 4091.0 1268
1712194905008 4091.0 1269
1712194915122 4091.0 1270
1712194925244 4091.0 1271
1712194935355 4091.0 1272
1712194945479 4091.0 1273
1712194955581 4091.0 1274
1712194965692 4091.0 1275
1712194975814 4091.0 1276
1712194985928 4091.0 1277
1712194996038 4091.0 1278
1712195006139 4091.0 1279
1712195016263 4091.0 1280
1712195026371 4091.0 1281
1712195036485 4091.0 1282
1712195046593 4091.0 1283
1712195056697 4091.0 1284
1712195066801 4091.0 1285
1712195076930 4091.0 1286
1712195087044 4091.0 1287
1712195097165 4091.0 1288
1712195107273 4091.0 1289
1712195117384 4091.0 1290
1712195127502 4091.0 1291
1712195137612 4091.0 1292
1712195147732 4091.0 1293
1712195157836 4091.0 1294
1712195167955 4091.0 1295
1712195178068 4091.0 1296
1712195188168 4091.0 1297
1712195198292 4091.0 1298
1712195208403 4091.0 1299
1712195218518 4091.0 1300
1712195228637 4091.0 1301
1712195238749 4091.0 1302
1712195248863 4091.0 1303
1712195258975 4091.0 1304
1712195269087 4091.0 1305
1712195279199 4091.0 1306
1712195289310 4091.0 1307
1712195299425 4091.0 1308
1712195309539 4091.0 1309
1712195319655 4091.0 1310
1712195329777 4091.0 1311
1712195339911 4091.0 1312
1712195350024 4091.0 1313
1712195360146 4091.0 1314
1712195370265 4091.0 1315
1712195380375 4091.0 1316
1712195390507 4091.0 1317
1712195400613 4091.0 1318
1712195410715 4091.0 1319
1712195420817 4091.0 1320
1712195430928 4091.0 1321
1712195441078 4091.0 1322
1712195451182 4091.0 1323
1712195461302 4091.0 1324
1712195471416 4091.0 1325
1712195481518 4091.0 1326
1712195491637 4091.0 1327
1712195501745 4091.0 1328
1712195511860 4091.0 1329
1712195521959 4091.0 1330
1712195532070 4091.0 1331
1712195542189 4091.0 1332
1712195552291 4091.0 1333
1712195562405 4091.0 1334
1712195572513 4091.0 1335
1712195582625 4091.0 1336
1712195592840 4091.0 1337
1712195602956 4091.0 1338
1712195613090 4091.0 1339
1712195623209 4091.0 1340
1712195633338 4091.0 1341
1712195643447 4091.0 1342
1712195653569 4091.0 1343
1712195663686 4091.0 1344
1712195673798 4091.0 1345
1712195683915 4091.0 1346
1712195694029 4091.0 1347
1712195704150 4091.0 1348
1712195714257 4091.0 1349
1712195724368 4091.0 1350
1712195734485 4091.0 1351
1712195744673 4091.0 1352
1712195754781 4091.0 1353
1712195764888 4091.0 1354
1712195774998 4091.0 1355
1712195785132 4091.0 1356
1712195795249 4091.0 1357
1712195805363 4091.0 1358
1712195815481 4091.0 1359
1712195825599 4091.0 1360
1712195835713 4091.0 1361
1712195845838 4091.0 1362
1712195855945 4091.0 1363
1712195866071 4091.0 1364
1712195876183 4091.0 1365
1712195886299 4091.0 1366
1712195896478 4091.0 1367
1712195906589 4091.0 1368
1712195916718 4091.0 1369
1712195926830 4091.0 1370
1712195936956 4091.0 1371
1712195947065 4091.0 1372
1712195957182 4091.0 1373
1712195967307 4091.0 1374
1712195977413 4091.0 1375
1712195987528 4091.0 1376
1712195997640 4091.0 1377
1712196007768 4091.0 1378
1712196017840 4091.0 1379
1712196027963 4091.0 1380
1712196038044 4091.0 1381
1712196048119 4091.0 1382
1712196058260 4091.0 1383
1712196068406 4091.0 1384
1712196078557 4091.0 1385
1712196088652 4091.0 1386
1712196098795 4091.0 1387
1712196108934 4091.0 1388
1712196119075 4091.0 1389
1712196129210 4091.0 1390
1712196139336 4091.0 1391
1712196149469 4091.0 1392
1712196159606 4091.0 1393
1712196169745 4091.0 1394
1712196179972 4091.0 1395
1712196190106 4091.0 1396
1712196200244 4091.0 1397
1712196210375 4091.0 1398
1712196220500 4091.0 1399
1712196230645 4091.0 1400
1712196240776 4091.0 1401
1712196250913 4091.0 1402
1712196261015 4091.0 1403
1712196271141 4091.0 1404
1712196281274 4091.0 1405
1712196291408 4091.0 1406
1712196301534 4091.0 1407
1712196311643 4091.0 1408
1712196321752 4091.0 1409
1712196331885 4091.0 1410
1712196341989 4091.0 1411
1712196352111 4091.0 1412
1712196362219 4091.0 1413
1712196372321 4091.0 1414
1712196382439 4091.0 1415
1712196392548 4091.0 1416
1712196402658 4091.0 1417
1712196412777 4091.0 1418
1712196422897 4091.0 1419
1712196433022 4091.0 1420
1712196443146 4091.0 1421
1712196453260 4091.0 1422
1712196463395 4091.0 1423
1712196473600 4091.0 1424
1712196483718 4091.0 1425
1712196493839 4091.0 1426
1712196503943 4091.0 1427
1712196514053 4091.0 1428
1712196524163 4091.0 1429
1712196534263 4091.0 1430
1712196544393 4091.0 1431
1712196554506 4091.0 1432
1712196564633 4091.0 1433
1712196574749 4091.0 1434
1712196584861 4091.0 1435
1712196594978 4091.0 1436
1712196605084 4091.0 1437
1712196615222 4091.0 1438
1712196625464 4091.0 1439
1712196635571 4091.0 1440
1712196645705 4091.0 1441
1712196655841 4091.0 1442
1712196665954 4091.0 1443
1712196676087 4091.0 1444
1712196686216 4091.0 1445
1712196696310 4091.0 1446
1712196706447 4091.0 1447
1712196716607 4091.0 1448
1712196726751 4091.0 1449
1712196736887 4091.0 1450
1712196747108 4091.0 1451
1712196757247 4091.0 1452
1712196767390 4091.0 1453
1712196777502 4091.0 1454
1712196787635 4091.0 1455
1712196797769 4091.0 1456
1712196807905 4091.0 1457
1712196818046 4091.0 1458
1712196828180 4091.0 1459
1712196838315 4091.0 1460
1712196848525 4091.0 1461
1712196858675 4091.0 1462
1712196868795 4091.0 1463
1712196878942 4091.0 1464
1712196889097 4091.0 1465
1712196899244 4091.0 1466
1712196909375 4091.0 1467
1712196919512 4091.0 1468
1712196929633 4091.0 1469
1712196939755 4091.0 1470
1712196949992 4091.0 1471
1712196960119 4091.0 1472
1712196970246 4091.0 1473
1712196980392 4091.0 1474
1712196990523 4091.0 1475
1712197000603 4091.0 1476
1712197010735 4091.0 1477
1712197020885 4091.0 1478
1712197031017 4091.0 1479
1712197041161 4091.0 1480
1712197051321 4091.0 1481
1712197061554 4091.0 1482
1712197071718 4091.0 1483
1712197081866 4091.0 1484
1712197092000 4091.0 1485
1712197102162 4091.0 1486
1712197112341 4091.0 1487
1712197122483 4091.0 1488
1712197132643 4091.0 1489
1712197142792 4091.0 1490
1712197152923 4091.0 1491
1712197163078 4091.0 1492
1712197173225 4091.0 1493
1712197183473 4091.0 1494
1712197193639 4091.0 1495
1712197203763 4091.0 1496
1712197213899 4091.0 1497
1712197224036 4091.0 1498
1712197234213 4091.0 1499
1712197244381 4091.0 1500
1712197254518 4091.0 1501
1712197264672 4091.0 1502
1712197274839 4091.0 1503
1712197284963 4091.0 1504
1712197295213 4091.0 1505
1712197305389 4091.0 1506
1712197315538 4091.0 1507
1712197325662 4091.0 1508
1712197335817 4091.0 1509
1712197345984 4091.0 1510
1712197356111 4091.0 1511
1712197366253 4091.0 1512
1712197376384 4091.0 1513
1712197386512 4091.0 1514
1712197396655 4091.0 1515
1712197406799 4091.0 1516
1712197416931 4091.0 1517
1712197427091 4091.0 1518
1712197437258 4091.0 1519
1712197447389 4091.0 1520
1712197457536 4091.0 1521
1712197467667 4091.0 1522
1712197477784 4091.0 1523
1712197488028 4091.0 1524
1712197498188 4091.0 1525
1712197508349 4091.0 1526
1712197518494 4091.0 1527
1712197528662 4091.0 1528
1712197538806 4091.0 1529
1712197548943 4091.0 1530
1712197559095 4091.0 1531
1712197569244 4091.0 1532
1712197579530 4091.0 1533
1712197589679 4091.0 1534
1712197599823 4091.0 1535
1712197609989 4091.0 1536
1712197620138 4091.0 1537
1712197630284 4091.0 1538
1712197640427 4091.0 1539
1712197650606 4091.0 1540
1712197660757 4091.0 1541
1712197670923 4091.0 1542
1712197681209 4091.0 1543
1712197691358 4091.0 1544
1712197701518 4091.0 1545
1712197711652 4091.0 1546
1712197721823 4091.0 1547
1712197731970 4091.0 1548
1712197742135 4091.0 1549
1712197752293 4091.0 1550
1712197762444 4091.0 1551
1712197772580 4091.0 1552
1712197782756 4091.0 1553
1712197792987 4091.0 1554
1712197803142 4091.0 1555
1712197813270 4091.0 1556
1712197823426 4091.0 1557
1712197833589 4091.0 1558
1712197843755 4091.0 1559
1712197853922 4091.0 1560
1712197864105 4091.0 1561
1712197874256 4091.0 1562
1712197884386 4091.0 1563
1712197894542 4091.0 1564
1712197904808 4091.0 1565
1712197915000 4091.0 1566
1712197925135 4091.0 1567
1712197935297 4091.0 1568
1712197945485 4091.0 1569
1712197955657 4091.0 1570
1712197965809 4091.0 1571
1712197975971 4091.0 1572
1712197986111 4091.0 1573
1712197996267 4091.0 1574
1712198006425 4091.0 1575
1712198016577 4091.0 1576
1712198026743 4091.0 1577
1712198036885 4091.0 1578
1712198047030 4091.0 1579
1712198057173 4091.0 1580
1712198067327 4091.0 1581
1712198077486 4091.0 1582
1712198087615 4091.0 1583
1712198097802 4091.0 1584
1712198107931 4091.0 1585
1712198118192 4091.0 1586
1712198128354 4091.0 1587
1712198138508 4091.0 1588
1712198148666 4091.0 1589
1712198158807 4091.0 1590
1712198168961 4091.0 1591
1712198179141 4091.0 1592
1712198189311 4091.0 1593
1712198199452 4091.0 1594
1712198209599 4091.0 1595
1712198219866 4091.0 1596
1712198230017 4091.0 1597
1712198240156 4091.0 1598
1712198250252 4091.0 1599
1712198260403 4091.0 1600
1712198270529 4091.0 1601
1712198280651 4091.0 1602
1712198290802 4091.0 1603
1712198300888 4091.0 1604
1712198311051 4091.0 1605
1712198321233 4091.0 1606
1712198331355 4091.0 1607
1712198341543 4091.0 1608
1712198351792 4091.0 1609
1712198361947 4091.0 1610
1712198372116 4091.0 1611
1712198382243 4091.0 1612
1712198392442 4091.0 1613
1712198402642 4091.0 1614
1712198412742 4091.0 1615
1712198422909 4091.0 1616
1712198433089 4091.0 1617
1712198443220 4091.0 1618
1712198453473 4091.0 1619
1712198463663 4091.0 1620
1712198473810 4091.0 1621
1712198483977 4091.0 1622
1712198494157 4091.0 1623
1712198504264 4091.0 1624
1712198514440 4091.0 1625
1712198524605 4091.0 1626
1712198534759 4091.0 1627
1712198544935 4091.0 1628
1712198555195 4091.0 1629
1712198565322 4091.0 1630
1712198575497 4091.0 1631
1712198585661 4091.0 1632
1712198595841 4091.0 1633
1712198606030 4091.0 1634
1712198616186 4091.0 1635
1712198626266 4091.0 1636
1712198636416 4091.0 1637
1712198646573 4091.0 1638
1712198656794 4091.0 1639
1712198666925 4091.0 1640
1712198677085 4091.0 1641
1712198687167 4091.0 1642
1712198697301 4091.0 1643
1712198707453 4091.0 1644
1712198717602 4091.0 1645
1712198727735 4091.0 1646
1712198737845 4091.0 1647
1712198747991 4091.0 1648
1712198758217 4091.0 1649
1712198768376 4091.0 1650
1712198778510 4091.0 1651
1712198788648 4091.0 1652
1712198798724 4091.0 1653
1712198808854 4091.0 1654
1712198818990 4091.0 1655
1712198829157 4091.0 1656
1712198839284 4091.0 1657
1712198849426 4091.0 1658
1712198859538 4091.0 1659
1712198869782 4091.0 1660
1712198879932 4091.0 1661
1712198890085 4091.0 1662
1712198900238 4091.0 1663
1712198910380 4091.0 1664
1712198920501 4091.0 1665
1712198930661 4091.0 1666
1712198940807 4091.0 1667
1712198950953 4091.0 1668
1712198961099 4091.0 1669
1712198971241 4091.0 1670
1712198981337 4091.0 1671
1712198991521 4091.0 1672
1712199001670 4091.0 1673
1712199011804 4091.0 1674
1712199021953 4091.0 1675
1712199032088 4091.0 1676
1712199042203 4091.0 1677
1712199052347 4091.0 1678
1712199062485 4091.0 1679
1712199072633 4091.0 1680
1712199082853 4091.0 1681
1712199092987 4091.0 1682
1712199103084 4091.0 1683
1712199113241 4091.0 1684
1712199123397 4091.0 1685
1712199133555 4091.0 1686
1712199143710 4091.0 1687
1712199153840 4091.0 1688
1712199163950 4091.0 1689
1712199174114 4091.0 1690
1712199184255 4091.0 1691
1712199194389 4091.0 1692
1712199204551 4091.0 1693
1712199214681 4091.0 1694
1712199224774 4091.0 1695
1712199234950 4091.0 1696
1712199245089 4091.0 1697
1712199255242 4091.0 1698
1712199265405 4091.0 1699
1712199275548 4091.0 1700
1712199285709 4091.0 1701
1712199295870 4091.0 1702
1712199306003 4091.0 1703
1712199316147 4091.0 1704
1712199326307 4091.0 1705
1712199336450 4091.0 1706
1712199346537 4091.0 1707
1712199356679 4091.0 1708
1712199366801 4091.0 1709
1712199376928 4091.0 1710
1712199387085 4091.0 1711
1712199397303 4091.0 1712
1712199407468 4091.0 1713
1712199417615 4091.0 1714
1712199427760 4091.0 1715
1712199437894 4091.0 1716
1712199448044 4091.0 1717
1712199458127 4091.0 1718
1712199468267 4091.0 1719
1712199478408 4091.0 1720
1712199488544 4091.0 1721
1712199498687 4091.0 1722
1712199508835 4091.0 1723
1712199518986 4091.0 1724
1712199529112 4091.0 1725
1712199539251 4091.0 1726
1712199549374 4091.0 1727
1712199559497 4091.0 1728
1712199569639 4091.0 1729
1712199579703 4091.0 1730
1712199589853 4091.0 1731
1712199599989 4091.0 1732
1712199610109 4091.0 1733
1712199620239 4091.0 1734
1712199630441 4091.0 1735
1712199640515 4091.0 1736
1712199650656 4091.0 1737
1712199660801 4091.0 1738
1712199670920 4091.0 1739
1712199681057 4091.0 1740
1712199691178 4091.0 1741
1712199701239 4091.0 1742
1712199711382 4091.0 1743
1712199721506 4091.0 1744
1712199731714 4091.0 1745
1712199741860 4091.0 1746
1712199751978 4091.0 1747
1712199762051 4091.0 1748
1712199772182 4091.0 1749
1712199782316 4091.0 1750
1712199792456 4091.0 1751
1712199802599 4091.0 1752
1712199812752 4091.0 1753
1712199822832 4091.0 1754
1712199832947 4091.0 1755
1712199843079 4091.0 1756
1712199853213 4091.0 1757
1712199863348 4091.0 1758
1712199873480 4091.0 1759
1712199883552 4091.0 1760
1712199893686 4091.0 1761
1712199903808 4091.0 1762
1712199913946 4091.0 1763
1712199924066 4091.0 1764
1712199934206 4091.0 1765
1712199944273 4091.0 1766
1712199954395 4091.0 1767
1712199964532 4091.0 1768
1712199974658 4091.0 1769
1712199984789 4091.0 1770
1712199994926 4091.0 1771
1712200004991 4091.0 1772
1712200015123 4091.0 1773
1712200025269 4091.0 1774
1712200035482 4091.0 1775
1712200045613 4091.0 1776
1712200055738 4091.0 1777
1712200065809 4091.0 1778
1712200075954 4091.0 1779
1712200086090 4091.0 1780
1712200096206 4091.0 1781
1712200106335 4091.0 1782
1712200116466 4091.0 1783
1712200126548 4091.0 1784
1712200136734 4091.0 1785
1712200146867 4091.0 1786
1712200157006 4091.0 1787
1712200167143 4091.0 1788
1712200177315 4091.0 1789
1712200187469 4091.0 1790
1712200197611 4091.0 1791
1712200207756 4091.0 1792
1712200217870 4091.0 1793
1712200228040 4091.0 1794
1712200238133 4091.0 1795
1712200248318 4091.0 1796
1712200258454 4091.0 1797
1712200268596 4091.0 1798
1712200278760 4091.0 1799
1712200288909 4091.0 1800
1712200299116 4091.0 1801
1712200309278 4091.0 1802
1712200319412 4091.0 1803
1712200329572 4091.0 1804
1712200339732 4091.0 1805
1712200349869 4091.0 1806
1712200360030 4091.0 1807
1712200370187 4091.0 1808
1712200380448 4091.0 1809
1712200390606 4091.0 1810
1712200400763 4091.0 1811
1712200410901 4091.0 1812
1712200421053 4091.0 1813
1712200431205 4091.0 1814
1712200441395 4091.0 1815
1712200451531 4091.0 1816
1712200461690 4091.0 1817
1712200471868 4091.0 1818
1712200482017 4091.0 1819
1712200492179 4091.0 1820
1712200502307 4091.0 1821
1712200512460 4091.0 1822
1712200522600 4091.0 1823
1712200532745 4091.0 1824
1712200542898 4091.0 1825
1712200553040 4091.0 1826
1712200563193 4091.0 1827
1712200573330 4091.0 1828
1712200583479 4091.0 1829
1712200593630 4091.0 1830
1712200603853 4091.0 1831
1712200613998 4091.0 1832
1712200624170 4091.0 1833
1712200634318 4091.0 1834
1712200644464 4091.0 1835
1712200654625 4091.0 1836
1712200664791 4091.0 1837
1712200674941 4091.0 1838
1712200685101 4091.0 1839
1712200695235 4091.0 1840
1712200705369 4091.0 1841
1712200715522 4091.0 1842
1712200725697 4091.0 1843
1712200735829 4091.0 1844
1712200745992 4091.0 1845
1712200756257 4091.0 1846
1712200766418 4091.0 1847
1712200776574 4091.0 1848
1712200786743 4091.0 1849
1712200796904 4091.0 1850
1712200807066 4091.0 1851
1712200817243 4091.0 1852
1712200827417 4091.0 1853
1712200837594 4091.0 1854
1712200847770 4091.0 1855
1712200857944 4091.0 1856
1712200868112 4091.0 1857
1712200878277 4091.0 1858
1712200888426 4091.0 1859
1712200898613 4091.0 1860
1712200908803 4091.0 1861
1712200918957 4091.0 1862
1712200929115 4091.0 1863
1712200939273 4091.0 1864
1712200949434 4091.0 1865
1712200959607 4091.0 1866
1712200969769 4091.0 1867
1712200979939 4091.0 1868
1712200990111 4091.0 1869
1712201000252 4091.0 1870
1712201010412 4091.0 1871
1712201020590 4091.0 1872
1712201030730 4091.0 1873
1712201040885 4091.0 1874
1712201051124 4091.0 1875
1712201061302 4091.0 1876
1712201071452 4091.0 1877
1712201081611 4091.0 1878
1712201091770 4091.0 1879
1712201101917 4091.0 1880
1712201112076 4091.0 1881
1712201122421 4091.0 1882
1712201132592 4091.0 1883
1712201142749 4091.0 1884
1712201152910 4091.0 1885
1712201163073 4091.0 1886
1712201173239 4091.0 1887
1712201183371 4091.0 1888
1712201193523 4091.0 1889
1712201203683 4091.0 1890
1712201213828 4091.0 1891
1712201223991 4091.0 1892
1712201234194 4091.0 1893
1712201244336 4091.0 1894
1712201254483 4091.0 1895
1712201264615 4091.0 1896
1712201274750 4091.0 1897
1712201284915 4091.0 1898
1712201295037 4091.0 1899
1712201305175 4091.0 1900
1712201315314 4091.0 1901
1712201325466 4091.0 1902
1712201335602 4091.0 1903
1712201345841 4091.0 1904
1712201356007 4091.0 1905
1712201366183 4091.0 1906
1712201376321 4091.0 1907
1712201386468 4091.0 1908
1712201396612 4091.0 1909
1712201406766 4091.0 1910
1712201416919 4091.0 1911
1712201427090 4091.0 1912
1712201437250 4091.0 1913
1712201447411 4091.0 1914
1712201457575 4091.0 1915
1712201467714 4091.0 1916
1712201477853 4091.0 1917
1712201488006 4091.0 1918
1712201498171 4091.0 1919
1712201508312 4091.0 1920
1712201518472 4091.0 1921
1712201528618 4091.0 1922
1712201538779 4091.0 1923
1712201548925 4091.0 1924
1712201559074 4091.0 1925
1712201569354 4091.0 1926
1712201579509 4091.0 1927
1712201589661 4091.0 1928
1712201599837 4091.0 1929
1712201609980 4091.0 1930
1712201620131 4091.0 1931
1712201630288 4091.0 1932
1712201640443 4091.0 1933
1712201650585 4091.0 1934
1712201660716 4091.0 1935
1712201670848 4091.0 1936
1712201680998 4091.0 1937
1712201691152 4091.0 1938
1712201701308 4091.0 1939
1712201711463 4091.0 1940
1712201721720 4091.0 1941
1712201731882 4091.0 1942
1712201742026 4091.0 1943
1712201752168 4091.0 1944
1712201762313 4091.0 1945
1712201772455 4091.0 1946
1712201782588 4091.0 1947
1712201792716 4091.0 1948
1712201802861 4091.0 1949
1712201813011 4091.0 1950
1712201823167 4091.0 1951
1712201833307 4091.0 1952
1712201843437 4091.0 1953
1712201853617 4091.0 1954
1712201863765 4091.0 1955
1712201874021 4091.0 1956
1712201884181 4091.0 1957
1712201894343 4091.0 1958
1712201904491 4091.0 1959
1712201914635 4091.0 1960
1712201924783 4091.0 1961
1712201934882 4091.0 1962
1712201944971 4091.0 1963
1712201955106 4091.0 1964
1712201965288 4091.0 1965
1712201975431 4091.0 1966
1712201985558 4091.0 1967
1712201995694 4091.0 1968
1712202005844 4091.0 1969
1712202015970 4091.0 1970
1712202026210 4091.0 1971
1712202036349 4091.0 1972
1712202046484 4091.0 1973
1712202056618 4091.0 1974
1712202066746 4091.0 1975
1712202076874 4091.0 1976
1712202086998 4091.0 1977
1712202097147 4091.0 1978
1712202107277 4091.0 1979
1712202117409 4091.0 1980
1712202127557 4091.0 1981
1712202137684 4091.0 1982
1712202147826 4091.0 1983
1712202157963 4091.0 1984
1712202168102 4091.0 1985
1712202178329 4091.0 1986
1712202188463 4091.0 1987
1712202198597 4091.0 1988
1712202208729 4091.0 1989
1712202218847 4091.0 1990
1712202228978 4091.0 1991
1712202239113 4091.0 1992
1712202249230 4091.0 1993
1712202259362 4091.0 1994
1712202269495 4091.0 1995
1712202279634 4091.0 1996
1712202289870 4091.0 1997
1712202300027 4091.0 1998
1712202310150 4091.0 1999
1712202320286 4091.0 2000
1712202330508 4091.0 2001
1712202340638 4091.0 2002
1712202350768 4091.0 2003
1712202360909 4091.0 2004
1712202371028 4091.0 2005
1712202381163 4091.0 2006
1712202391310 4091.0 2007
1712202401454 4091.0 2008
1712202411545 4091.0 2009
1712202421684 4091.0 2010
1712202431823 4091.0 2011
1712202441923 4091.0 2012
1712202452080 4091.0 2013
1712202462221 4091.0 2014
1712202472360 4091.0 2015
1712202482525 4091.0 2016
1712202492682 4091.0 2017
1712202502852 4091.0 2018
1712202513002 4091.0 2019
1712202523085 4091.0 2020
1712202533240 4091.0 2021
1712202543392 4091.0 2022
1712202553608 4091.0 2023
1712202563762 4091.0 2024
1712202573913 4091.0 2025
1712202584030 4091.0 2026
1712202594159 4091.0 2027
1712202604292 4091.0 2028
1712202614434 4091.0 2029
1712202624600 4091.0 2030
1712202634757 4091.0 2031
1712202644918 4091.0 2032
1712202655068 4091.0 2033
1712202665200 4091.0 2034
1712202675335 4091.0 2035
1712202685455 4091.0 2036
1712202695594 4091.0 2037
1712202705742 4091.0 2038
1712202715872 4091.0 2039
1712202726007 4091.0 2040
1712202736133 4091.0 2041
1712202746283 4091.0 2042
1712202756418 4091.0 2043
1712202766569 4091.0 2044
1712202776719 4091.0 2045
1712202786848 4091.0 2046
1712202796990 4091.0 2047
1712202807126 4091.0 2048
1712202817278 4091.0 2049
1712202827425 4091.0 2050
1712202837552 4091.0 2051
1712202847681 4091.0 2052
1712202857820 4091.0 2053
1712202867965 4091.0 2054
1712202878107 4091.0 2055
1712202888238 4091.0 2056
1712202898398 4091.0 2057
1712202908483 4091.0 2058
1712202918648 4238.2 2059
1712202928779 4233.7 2060
1712202938909 4245.2 2061
1712202949070 4251.4 2062
1712202959221 4252.2 2063
1712202969362 4252.2 2064
1712202979492 4091.0 2065
1712202989621 4091.0 2066
1712202999720 4091.0 2067
1712203009965 4091.0 2068
1712203020118 4091.0 2069
1712203030262 4091.0 2070
1712203040397 4091.0 2071
1712203050545 4091.0 2072
1712203060665 4091.0 2073
1712203070808 4091.0 2074
1712203080936 4091.0 2075
1712203091107 4091.0 2076
1712203101273 4091.0 2077
1712203111459 4091.0 2078
1712203121624 4091.0 2079
1712203131800 4091.0 2080
1712203141971 4091.0 2081
1712203152170 4091.0 2082
1712203162368 4091.0 2083
1712203172557 4091.0 2084
1712203182759 4091.0 2085
1712203192973 4091.0 2086
1712203203160 4091.0 2087
1712203213354 4091.0 2088
1712203223547 4091.0 2089
1712203233803 4091.0 2090
1712203244106 4091.0 2091
1712203254312 4091.0 2092
1712203264508 4091.0 2093
1712203274707 4091.0 2094
1712203284931 4091.0 2095
1712203295206 4091.0 2096
1712203305433 4091.0 2097
1712203315718 4091.0 2098
1712203325900 4091.0 2099
1712203336049 4091.0 2100
1712203346209 4091.0 2101
1712203356349 4091.0 2102
1712203366513 4091.0 2103
1712203376701 4091.0 2104
1712203386884 4091.0 2105
1712203397065 4091.0 2106
1712203407242 4091.0 2107
1712203417385 4091.0 2108
1712203427545 4091.0 2109
1712203437717 4091.0 2110
1712203447874 4091.0 2111
1712203458053 4091.0 2112
1712203468304 4091.0 2113
1712203478468 4091.0 2114
1712203488627 4091.0 2115
1712203498799 4091.0 2116
1712203508959 4091.0 2117
1712203519112 4091.0 2118
1712203529291 4091.0 2119
1712203539447 4091.0 2120
1712203549601 4091.0 2121
1712203559778 4091.0 2122
1712203569927 4091.0 2123
1712203580085 4091.0 2124
1712203590252 4091.0 2125
1712203600401 4091.0 2126
1712203610566 4091.0 2127
1712203620792 4091.0 2128
1712203630938 4091.0 2129
1712203641122 4091.0 2130
1712203651304 4091.0 2131
1712203661458 4091.0 2132
1712203671616 4091.0 2133
1712203681785 4091.0 2134
1712203691955 4091.0 2135
1712203702110 4091.0 2136
1712203712260 4091.0 2137
1712203722414 4091.0 2138
1712203732593 4091.0 2139
1712203742730 4091.0 2140
1712203752938 4091.0 2141
1712203763109 4091.0 2142
1712203773250 4091.0 2143
1712203783393 4091.0 2144
1712203793556 4091.0 2145
1712203803774 4091.0 2146
1712203813920 4091.0 2147
1712203824100 4091.0 2148
1712203834259 4091.0 2149
1712203844427 4091.0 2150
1712203854696 4091.0 2151
1712203864873 4091.0 2152
1712203875070 4091.0 2153
1712203885268 4091.0 2154
1712203895478 4091.0 2155
1712203905654 4091.0 2156
1712203915937 4091.0 2157
1712203926114 4091.0 2158
1712203936295 4091.0 2159
1712203946474 4091.0 2160
1712203956583 4091.0 2161
1712203966721 4091.0 2162
1712203977038 4091.0 2163
1712203987220 4091.0 2164
1712203997385 4091.0 2165
1712204007501 4091.0 2166
1712204017841 4091.0 2167
1712204028042 4091.0 2168
1712204038203 4091.0 2169
1712204048409 4091.0 2170
1712204058565 4091.0 2171
1712204068701 4091.0 2172
1712204078852 4091.0 2173
1712204089086 4091.0 2174
1712204099222 4091.0 2175
1712204109364 4091.0 2176
1712204119550 4091.0 2177
1712204129794 4091.0 2178
1712204139893 4091.0 2179
1712204150091 4091.0 2180
1712204160270 4091.0 2181
1712204170500 4091.0 2182
1712204180654 4091.0 2183
1712204190826 4091.0 2184
1712204200967 4091.0 2185
1712204211147 4091.0 2186
1712204221318 4091.0 2187
1712204231469 4091.0 2188
1712204241619 4091.0 2189
1712204251810 4091.0 2190
1712204262000 4091.0 2191
1712204272168 4091.0 2192
1712204282315 4091.0 2193
1712204292484 4091.0 2194
1712204302724 4091.0 2195
1712204312868 4091.0 2196
1712204323014 4091.0 2197
1712204333161 4091.0 2198
1712204343334 4091.0 2199
1712204353495 4091.0 2200
1712204363634 4091.0 2201
1712204373781 4091.0 2202
1712204383937 4091.0 2203
1712204394164 4091.0 2204
1712204404318 4091.0 2205
1712204414497 4091.0 2206
1712204424642 4091.0 2207
1712204434811 4091.0 2208
1712204444945 4091.0 2209
1712204455112 4091.0 2210
1712204465267 4091.0 2211
1712204475514 4091.0 2212
1712204485702 4091.0 2213
1712204495859 4091.0 2214
1712204505957 4091.0 2215
1712204516227 4091.0 2216
1712204526386 4091.0 2217
1712204536537 4091.0 2218
1712204546718 4091.0 2219
1712204556961 4091.0 2220
1712204567107 4091.0 2221
1712204577267 4091.0 2222
1712204587456 4091.0 2223
1712204597605 4091.0 2224
1712204607854 4091.0 2225
1712204617989 4091.0 2226
1712204628134 4091.0 2227
1712204638291 4091.0 2228
1712204648464 4091.0 2229
1712204658699 4091.0 2230
1712204668842 4091.0 2231
1712204678976 4091.0 2232
1712204689188 4091.0 2233
1712204699442 4091.0 2234
1712204709592 4091.0 2235
1712204719766 4091.0 2236
1712204729915 4091.0 2237
1712204740077 4091.0 2238
1712204750232 4091.0 2239
1712204760393 4091.0 2240
1712204770626 4091.0 2241
1712204780798 4091.0 2242
1712204790953 4091.0 2243
1712204801105 4091.0 2244
1712204811272 4091.0 2245
1712204821440 4091.0 2246
1712204831683 4091.0 2247
1712204841842 4091.0 2248
1712204852025 4091.0 2249
1712204862157 4091.0 2250
1712204872324 4091.0 2251
1712204882599 4091.0 2252
1712204892799 4091.0 2253
1712204902987 4091.0 2254
1712204913158 4091.0 2255
1712204923347 4091.0 2256
1712204933621 4091.0 2257
1712204943892 4091.0 2258
1712204954068 4091.0 2259
1712204964258 4091.0 2260
1712204974406 4091.0 2261
1712204984682 4091.0 2262
1712204994868 4091.0 2263
1712205005090 4091.0 2264
1712205015272 4091.0 2265
1712205025447 4091.0 2266
1712205035622 4091.0 2267
1712205045909 4091.0 2268
1712205056111 4091.0 2269
1712205066288 4091.0 2270
1712205076478 4091.0 2271
1712205086645 4091.0 2272
1712205096927 4091.0 2273
1712205107118 4091.0 2274
1712205117352 4091.0 2275
1712205127590 4091.0 2276
1712205137796 4091.0 2277
1712205148075 4091.0 2278
1712205158268 4091.0 2279
1712205168437 4091.0 2280
1712205178612 4091.0 2281
1712205188804 4091.0 2282
1712205198973 4091.0 2283
1712205209257 4091.0 2284
1712205219405 4091.0 2285
1712205229563 4091.0 2286
1712205239714 4091.0 2287
1712205249881 4091.0 2288
1712205260059 4091.0 2289
1712205270329 4091.0 2290
1712205280502 4091.0 2291
1712205290654 4091.0 2292
1712205300837 4091.0 2293
1712205311028 4091.0 2294
1712205321190 4091.0 2295
1712205331472 4091.0 2296
1712205341654 4091.0 2297
1712205351822 4091.0 2298
1712205361978 4091.0 2299
1712205372109 4091.0 2300
1712205382300 4091.0 2301
1712205392557 4091.0 2302
1712205402720 4091.0 2303
1712205412897 4091.0 2304
1712205423064 4091.0 2305
1712205433238 4091.0 2306
1712205443425 4091.0 2307
1712205453586 4091.0 2308
1712205463751 4091.0 2309
1712205473917 4091.0 2310
1712205484095 4091.0 2311
1712205494273 4091.0 2312
1712205504448 4091.0 2313
1712205514626 4091.0 2314
1712205524833 4091.0 2315
1712205535008 4091.0 2316
1712205545191 4091.0 2317
1712205555391 4091.0 2318
1712205565571 4091.0 2319
1712205575747 4091.0 2320
1712205585937 4091.0 2321
1712205596118 4091.0 2322
1712205606305 4091.0 2323
1712205616480 4091.0 2324
1712205626663 4091.0 2325
1712205636824 4091.0 2326
1712205647005 4091.0 2327
1712205657182 4091.0 2328
1712205667384 4091.0 2329
1712205677567 4091.0 2330
1712205687752 4091.0 2331
1712205697929 4091.0 2332
1712205708135 4091.0 2333
1712205718323 4091.0 2334
1712205728507 4091.0 2335
1712205738668 4091.0 2336
1712205748845 4091.0 2337
1712205759042 4091.0 2338
1712205769211 4091.0 2339
1712205779395 4091.0 2340
1712205789587 4091.0 2341
1712205799761 4091.0 2342
1712205809941 4091.0 2343
1712205820141 4091.0 2344
1712205830329 4091.0 2345
1712205840509 4091.0 2346
1712205850699 4091.0 2347
1712205860874 4091.0 2348
1712205871052 4091.0 2349
1712205881224 4091.0 2350
1712205891408 4091.0 2351
1712205901591 4091.0 2352
1712205911888 4091.0 2353
1712205922064 4091.0 2354
1712205932241 4091.0 2355
1712205942420 4091.0 2356
1712205952614 4091.0 2357
1712205962797 4091.0 2358
