1712182092670 0.0 0
1712182102755 10.022310999999718 1
1712182112830 13.01793699999962 2
1712182122893 13.927111999999397 3
1712182132952 14.890782999999828 4
1712182143014 26.887031000000206 5
1712182153076 35.51896500000021 6
1712182163143 43.464162999999644 7
1712182173220 51.58606099999997 8
1712182183282 64.51851199999965 9
1712182193346 67.35718199999974 10
1712182203413 67.3631779999996 11
1712182213487 77.82715300000018 12
1712182223561 81.91125099999954 13
1712182233636 82.9844549999998 14
1712182243709 91.29871099999946 15
1712182253770 91.94062399999984 16
1712182263850 92.02291999999943 17
1712182273920 93.09056400000009 18
1712182283984 100.9862750000002 19
1712182294075 112.90995800000019 20
1712182304148 132.67618099999981 21
1712182314224 150.11359699999957 22
1712182324291 165.40030399999978 23
1712182334364 173.11768200000006 24
1712182344446 182.59436800000003 25
1712182354508 182.62486999999965 26
1712182364579 189.7057359999999 27
1712182374661 193.30475399999978 28
1712182384737 200.30678199999966 29
1712182394801 201.54315399999996 30
1712182404868 202.92748500000016 31
1712182414943 213.78654899999947 32
1712182425025 221.82572699999946 33
1712182435097 223.19207499999993 34
1712182445164 228.3686259999995 35
1712182455247 228.82798600000024 36
1712182465319 234.04822799999965 37
1712182475394 247.9092439999995 38
1712182485465 259.5249009999998 39
1712182495534 260.7230319999999 40
1712182505615 262.87783299999955 41
1712182515687 272.44698700000026 42
1712182525761 277.9599099999996 43
1712182535842 277.9752099999996 44
1712182545909 278.2851190000001 45
1712182555990 283.3715999999995 46
1712182566073 283.8471380000001 47
1712182576146 283.9223059999995 48
1712182586244 293.7896780000001 49
1712182596321 294.8930270000001 50
1712182606406 294.9083350000001 51
1712182616486 294.95828299999994 52
1712182626560 295.9677750000001 53
1712182636633 296.1918420000002 54
1712182646724 302.40528900000027 55
1712182656793 302.6136859999997 56
1712182666866 307.48563300000023 57
1712182676943 327.9191069999997 58
1712182687015 328.8731689999995 59
1712182697081 329.6771440000002 60
1712182707163 341.55818499999987 61
1712182717248 351.83881699999984 62
1712182727329 359.1163660000002 63
1712182737404 362.57414100000005 64
1712182747477 377.9931550000001 65
1712182757552 388.13174699999945 66
1712182767630 388.15056899999945 67
1712182777719 388.1551749999999 68
1712182787791 388.1828349999996 69
1712182797870 388.53107 70
1712182807945 390.48802199999955 71
1712182818022 392.9192659999999 72
1712182828087 396.1662889999998 73
1712182838182 398.003326 74
1712182848257 398.75100699999984 75
1712182858339 399.36325299999953 76
1712182868408 400.0610779999997 77
1712182878483 400.6674409999996 78
1712182888564 401.334476 79
1712182898636 402.03448899999967 80
1712182908738 402.9535070000002 81
1712182918824 402.9831899999999 82
1712182928901 402.99346799999967 83
1712182938980 403.0095229999997 84
1712182949058 403.0457259999994 85
1712182959141 403.1700759999994 86
1712182969230 412.7417289999994 87
1712182979305 413.2537539999994 88
1712182989379 413.27672600000005 89
1712182999457 413.5395039999994 90
1712183009527 414.9206800000002 91
1712183019607 414.9417020000001 92
1712183029700 414.97989099999995 93
1712183039779 414.9864010000001 94
1712183049846 414.9897030000002 95
1712183059935 415.0035109999999 96
1712183070044 415.0276239999994 97
1712183080119 415.08208899999954 98
1712183090159 415.1131699999996 99
1712183100192 415.1966830000001 100
1712183110225 415.2127339999997 101
1712183120303 417.7895179999996 102
1712183130334 423.89208099999996 103
1712183140381 425.5218850000001 104
1712183150464 433.15169700000024 105
1712183160503 433.4018980000001 106
1712183170555 433.46243799999957 107
1712183180657 440.8268049999997 108
1712183190694 450.36496799999986 109
1712183200739 450.4227009999995 110
1712183210824 456.16899099999955 111
1712183220901 456.4711809999999 112
1712183230946 457.8416079999997 113
1712183240994 457.87788099999943 114
1712183251086 457.99680399999943 115
1712183261129 461.8177679999999 116
1712183271178 461.8454759999995 117
1712183281256 461.88471299999946 118
1712183291303 463.253017 119
1712183301345 469.1141639999996 120
1712183311432 470.71592599999985 121
1712183321471 470.7191039999998 122
1712183331506 470.79056299999957 123
1712183341594 483.9478799999997 124
1712183351688 484.1328459999995 125
1712183361798 486.6743099999994 126
1712183371883 486.6849860000002 127
1712183381924 487.7265980000002 128
1712183392015 492.61270199999944 129
1712183402096 492.62131899999986 130
1712183412185 493.574114 131
1712183422283 499.57665799999995 132
1712183432374 501.17345599999953 133
1712183442413 503.670607 134
1712183452511 507.338839 135
1712183462603 524.6102409999994 136
1712183472688 530.5313939999996 137
1712183482781 532.0383739999997 138
1712183492859 533.4110249999994 139
1712183502892 534.6251059999995 140
1712183512987 535.6788079999997 141
1712183523086 537.0398889999997 142
1712183533174 538.28604 143
1712183543263 539.4571329999999 144
1712183553341 540.9030039999998 145
1712183563385 541.9289479999998 146
1712183573467 543.2305049999995 147
1712183583550 545.0627869999998 148
1712183593631 546.8379869999999 149
1712183603722 548.5332360000002 150
1712183613808 549.8905909999994 151
1712183623838 551.1350009999996 152
1712183633925 551.1756969999997 153
1712183644030 551.179607 154
1712183654125 551.2318779999996 155
1712183664225 551.2468330000002 156
1712183674299 557.2884919999997 157
1712183684335 558.479351 158
1712183694432 559.512917 159
1712183704513 559.7876109999997 160
1712183714613 562.5849760000001 161
1712183724709 565.5831120000003 162
1712183734798 565.5926250000002 163
1712183744842 565.5980129999998 164
1712183754932 566.9767739999998 165
1712183765014 577.3879529999995 166
1712183775122 579.7741239999996 167
1712183785204 583.2763070000001 168
1712183795292 587.1727970000002 169
1712183805334 595.214946 170
1712183815418 595.9150439999994 171
1712183825508 595.9560460000002 172
1712183835614 595.9619119999998 173
1712183845699 599.4892419999996 174
1712183855784 601.1126699999995 175
1712183865838 604.9514600000002 176
1712183875928 604.9662529999996 177
1712183886021 608.462861 178
1712183896108 622.1092060000001 179
1712183906202 632.8818069999998 180
1712183916280 641.8031839999994 181
1712183926322 653.042254 182
1712183936406 653.0861569999997 183
1712183946489 654.5118320000001 184
1712183956581 657.538133 185
1712183966669 659.6470739999995 186
1712183976754 659.6565229999997 187
1712183986800 660.0159109999995 188
1712183996882 662.6052869999994 189
1712184006969 676.6372270000002 190
1712184017057 695.1734939999997 191
1712184027143 695.1823340000001 192
1712184037239 695.1942010000002 193
1712184047337 707.519252 194
1712184057425 709.4432419999994 195
1712184067512 715.767621 196
1712184077597 716.2345619999996 197
1712184087683 716.6753909999998 198
1712184097713 720.162534 199
1712184107801 723.4944889999997 200
1712184117887 726.2461299999995 201
1712184127987 726.3272369999995 202
1712184138065 726.3709950000002 203
1712184148151 726.3833999999997 204
1712184158189 726.3879649999999 205
1712184168293 726.4007780000002 206
1712184178385 726.4372960000001 207
1712184188475 726.4482449999996 208
1712184198580 726.4976839999999 209
1712184208674 731.1394089999994 210
1712184218715 731.146436 211
1712184228806 735.7199169999994 212
1712184238896 755.7580520000001 213
1712184248995 763.0707389999998 214
1712184259082 765.2094339999994 215
1712184269185 767.4056049999999 216
1712184279230 770.2924279999997 217
1712184289339 771.9436369999994 218
1712184299431 773.8685829999995 219
1712184309540 775.3101379999998 220
1712184319648 780.2886779999999 221
1712184329736 785.6375319999997 222
1712184339778 790.3080119999995 223
1712184349887 790.5196989999995 224
1712184360001 791.6299429999999 225
1712184370086 792.0211840000002 226
1712184380196 792.2741489999999 227
1712184390292 792.9058880000002 228
1712184400359 794.5172649999995 229
1712184410468 794.9328180000002 230
1712184420567 796.4510529999998 231
1712184430667 796.8497859999998 232
1712184440766 796.9205039999997 233
1712184450875 798.667015 234
1712184460907 801.4995600000002 235
1712184471006 803.5909030000003 236
1712184481100 806.1390369999999 237
1712184491190 809.0623269999996 238
1712184501276 810.0264939999997 239
1712184511357 811.9244909999998 240
1712184521402 813.7725039999996 241
1712184531503 816.034251 242
1712184541585 818.0337419999996 243
1712184551676 819.8947550000003 244
1712184561778 821.7097229999999 245
1712184571874 825.3495699999994 246
1712184581910 827.6579609999999 247
1712184591999 829.9766339999996 248
1712184602096 831.0882099999999 249
1712184612185 831.2970839999998 250
1712184622308 833.3561769999997 251
1712184632403 833.3589489999995 252
1712184642442 833.3942710000001 253
1712184652533 833.4336679999997 254
1712184662618 833.4535669999996 255
1712184672708 833.4570869999998 256
1712184682808 833.4611100000002 257
1712184692900 833.4744469999996 258
1712184702944 833.4809699999996 259
1712184713045 833.5059190000002 260
1712184723134 833.5151169999999 261
1712184733238 833.5252700000001 262
1712184743326 833.535347 263
1712184753427 833.542297 264
1712184763461 833.5445060000002 265
1712184773583 833.572889 266
1712184783685 833.5831040000003 267
1712184793778 833.5853959999995 268
1712184803863 833.5877519999995 269
1712184813950 833.5959089999997 270
1712184824001 833.6012579999997 271
1712184834104 833.6124319999999 272
1712184844204 833.620535 273
1712184854288 833.627023 274
1712184864386 833.6314780000002 275
1712184874507 833.6342260000001 276
1712184884547 833.6352849999994 277
1712184894654 833.6478879999995 278
1712184904756 833.6619839999994 279
1712184914854 833.665352 280
1712184924960 833.6678320000001 281
1712184935067 833.6729639999994 282
1712184945114 833.6784399999997 283
1712184955214 833.6993839999996 284
1712184965329 833.7077810000001 285
1712184975420 833.7116829999995 286
1712184985507 833.7240959999999 287
1712184995598 833.7259130000002 288
1712185005645 833.734085 289
1712185015733 833.7604069999998 290
1712185025811 833.7711730000001 291
1712185035897 834.9405500000003 292
1712185045992 836.5617219999995 293
1712185056086 840.2281299999995 294
1712185066127 848.0499419999996 295
1712185076211 848.1207420000001 296
1712185086307 848.1631740000003 297
1712185096406 851.2601329999998 298
1712185106505 862.7862340000001 299
1712185116602 865.9301009999999 300
1712185126641 867.8766879999994 301
1712185136732 873.2945829999999 302
1712185146835 875.7932719999999 303
1712185156930 880.2873650000001 304
1712185167030 882.7258110000002 305
1712185177108 884.3656309999997 306
1712185187142 885.8141779999996 307
1712185197227 888.8982079999996 308
1712185207310 889.762839 309
1712185217421 901.6645039999994 310
1712185227513 913.5202369999997 311
1712185237561 927.2755870000001 312
1712185247603 938.8271189999996 313
1712185257648 945.4417480000002 314
1712185267679 965.6888170000002 315
1712185277785 980.1918509999996 316
1712185287845 988.2317819999998 317
1712185297953 1010.8897360000001 318
1712185308046 1018.2867719999995 319
1712185318101 1020.6667639999996 320
1712185328202 1023.7021059999997 321
1712185338299 1025.7675129999998 322
1712185348389 1026.52826 323
1712185358496 1027.2097480000002 324
1712185368580 1029.5733099999998 325
1712185378678 1032.1847189999999 326
1712185388766 1033.3122299999995 327
1712185398857 1036.0100969999994 328
1712185408937 1039.0573679999998 329
1712185419034 1040.1507599999995 330
1712185429122 1041.593527 331
1712185439212 1042.4153219999998 332
1712185449298 1043.6708369999997 333
1712185459394 1044.4600890000002 334
1712185469484 1047.9926669999995 335
1712185479577 1050.9805239999996 336
1712185489667 1054.7379059999994 337
1712185499762 1056.4275129999996 338
1712185509861 1058.1262649999999 339
1712185519965 1058.4787489999999 340
1712185530049 1060.1442099999995 341
1712185540136 1060.9241819999997 342
1712185550235 1061.7490179999995 343
1712185560329 1062.1453679999995 344
1712185570438 1063.0227489999997 345
1712185580527 1066.518956 346
1712185590620 1067.9355919999998 347
1712185600734 1068.2981979999995 348
1712185610828 1071.5276199999998 349
1712185620917 1072.326567 350
1712185631001 1075.3918679999997 351
1712185641094 1076.6560220000001 352
1712185651180 1080.3814750000001 353
1712185661269 1081.3345840000002 354
1712185671384 1083.6977799999995 355
1712185681501 1091.2624699999997 356
1712185691589 1091.2704210000002 357
1712185701668 1091.2808759999998 358
1712185711757 1091.6697709999999 359
1712185721855 1091.9025709999996 360
1712185731954 1091.9426509999994 361
1712185742037 1104.605684 362
1712185752146 1106.8475419999995 363
1712185762242 1109.098035 364
1712185772329 1110.4762289999999 365
1712185782405 1111.1037660000002 366
1712185792493 1111.3942390000002 367
1712185802589 1111.5845279999994 368
1712185812686 1112.7985520000002 369
1712185822771 1113.8295010000002 370
1712185832866 1115.3399600000002 371
1712185842954 1116.7404829999996 372
1712185853057 1119.241478 373
1712185863152 1119.8736019999997 374
1712185873245 1121.5528159999994 375
1712185883329 1122.6213589999998 376
1712185893415 1124.3517999999995 377
1712185903516 1125.8270659999998 378
1712185913612 1127.223599 379
1712185923661 1128.045779 380
1712185933758 1129.6091749999996 381
1712185943852 1131.2390409999998 382
1712185953954 1134.9224130000002 383
1712185964064 1136.410836 384
1712185974119 1136.7583560000003 385
1712185984222 1138.2524409999996 386
1712185994316 1155.1981649999998 387
1712186004422 1162.9894319999994 388
1712186014523 1164.6932689999994 389
1712186024619 1166.8841139999995 390
1712186034726 1169.8941479999994 391
1712186044822 1174.0463410000002 392
1712186054931 1194.2834869999997 393
1712186065045 1203.4039729999995 394
1712186075151 1208.843884 395
1712186085266 1213.892261 396
1712186095370 1214.528241 397
1712186105476 1217.0565189999998 398
1712186115580 1219.259932 399
1712186125683 1221.6263879999997 400
1712186135783 1222.2609169999996 401
1712186145897 1222.8763360000003 402
1712186155996 1224.6525839999995 403
1712186166108 1226.0373469999995 404
1712186176201 1228.1334859999997 405
1712186186300 1229.870417 406
1712186196408 1232.4542119999996 407
1712186206516 1233.80321 408
1712186216616 1234.3822069999997 409
1712186226717 1236.6240950000001 410
1712186236828 1237.752754 411
1712186246924 1239.3931299999995 412
1712186257026 1240.7371899999998 413
1712186267123 1242.7221359999994 414
1712186277222 1244.4478709999994 415
1712186287319 1248.633194 416
1712186297415 1256.6238320000002 417
1712186307520 1263.1180189999995 418
1712186317622 1263.777051 419
1712186327718 1266.297412 420
1712186337823 1270.5771989999994 421
1712186347915 1272.1397580000003 422
1712186358004 1273.9909440000001 423
1712186368113 1276.1611400000002 424
1712186378211 1276.986707 425
1712186388304 1277.7693989999998 426
1712186398406 1285.6687519999996 427
1712186408509 1296.1177689999995 428
1712186418609 1303.9847129999998 429
1712186428701 1304.4760109999997 430
1712186438802 1305.8630560000001 431
1712186448899 1307.158469 432
1712186458997 1308.785613 433
1712186469089 1309.861129 434
1712186479195 1310.9936399999997 435
1712186489299 1313.0481289999998 436
1712186499411 1315.544062 437
1712186509501 1315.552987 438
1712186519619 1317.0794829999995 439
1712186529681 1318.4965389999998 440
1712186539724 1319.6710219999995 441
1712186549772 1334.4594820000002 442
1712186559817 1345.3287369999998 443
1712186569865 1351.9169119999997 444
1712186579967 1353.0762370000002 445
1712186590011 1354.7556909999994 446
1712186600050 1355.894891 447
1712186610136 1358.3434509999997 448
1712186620189 1359.8545960000001 449
1712186630283 1361.0551850000002 450
1712186640400 1363.258167 451
1712186650503 1365.729757 452
1712186660616 1370.1475309999996 453
1712186670727 1375.104389 454
1712186680777 1379.010671 455
1712186690875 1380.1208930000003 456
1712186700980 1382.3400299999994 457
1712186711091 1384.9571919999998 458
1712186721196 1387.5752739999998 459
1712186731287 1391.107884 460
1712186741332 1392.2343519999995 461
1712186751450 1393.9075029999995 462
1712186761557 1395.1704300000001 463
1712186771668 1395.8481780000002 464
1712186781780 1397.9937739999996 465
1712186791892 1399.4198470000001 466
1712186801951 1401.1165419999998 467
1712186812056 1403.7052039999999 468
1712186822158 1406.2260609999994 469
1712186832266 1408.4751189999997 470
1712186842381 1409.5620689999996 471
1712186852470 1411.887925 472
1712186862516 1414.8131169999997 473
1712186872613 1419.8531889999995 474
1712186882706 1424.9897650000003 475
1712186892807 1432.1462009999996 476
1712186902906 1435.1113770000002 477
1712186912995 1440.677377 478
1712186923040 1443.0777499999995 479
1712186933131 1451.681729 480
1712186943225 1454.4274070000001 481
1712186953323 1458.3810919999996 482
1712186963410 1460.536126 483
1712186973510 1466.0638579999995 484
1712186983549 1469.9614430000001 485
1712186993650 1474.2654949999996 486
1712187003745 1479.9312499999996 487
1712187013833 1485.8830429999998 488
1712187023951 1490.6281760000002 489
1712187034055 1493.8158649999996 490
1712187044113 1495.4918630000002 491
1712187054241 1500.4568799999997 492
1712187064330 1503.8931670000002 493
1712187074432 1512.0425189999996 494
1712187084546 1518.390982 495
1712187094593 1523.035516 496
1712187104700 1536.2843919999996 497
1712187114757 1539.600402 498
1712187124803 1542.067102 499
1712187134901 1544.6483339999995 500
1712187144961 1546.8329009999998 501
1712187155001 1548.0060560000002 502
1712187165110 1549.2359040000001 503
1712187175153 1550.5202520000003 504
1712187185200 1551.933325 505
1712187195302 1551.9405879999995 506
1712187205349 1555.7491599999994 507
1712187215424 1557.4707200000003 508
1712187225516 1560.334954 509
1712187235567 1562.274969 510
1712187245608 1565.722678 511
1712187255717 1568.2836689999995 512
1712187265771 1572.6149129999994 513
1712187275821 1574.5045849999997 514
1712187285934 1577.178653 515
1712187295987 1590.5683799999997 516
1712187306040 1594.2937889999994 517
1712187316137 1604.7973519999996 518
1712187326187 1608.3749189999999 519
1712187336234 1611.1008089999996 520
1712187346346 1612.1036459999996 521
1712187356464 1615.3756869999997 522
1712187366564 1621.446597 523
1712187376674 1626.7128619999994 524
1712187386790 1627.5056299999997 525
1712187396844 1629.7373339999995 526
1712187406953 1636.3071380000001 527
1712187417049 1642.3336629999994 528
1712187427147 1650.8103139999994 529
1712187437256 1653.4390109999995 530
1712187447366 1656.935262 531
1712187457412 1660.1707500000002 532
1712187467531 1663.7214599999998 533
1712187477638 1664.773325 534
1712187487755 1670.2847039999997 535
1712187497859 1672.6438870000002 536
1712187507960 1675.3912529999998 537
1712187518010 1680.6887049999996 538
1712187528109 1690.4820639999998 539
1712187538234 1700.675429 540
1712187548334 1715.777658 541
1712187558443 1726.4317179999998 542
1712187568549 1730.884508 543
1712187578596 1735.026277 544
1712187588711 1740.7281139999996 545
1712187598835 1744.1297049999994 546
1712187608940 1748.7679309999994 547
1712187619031 1755.579686 548
1712187629127 1760.0394609999994 549
1712187639182 1767.763704 550
1712187649290 1778.5468279999996 551
1712187659383 1786.1560039999995 552
1712187669495 1801.9254899999996 553
1712187679605 1804.0989749999999 554
1712187689708 1810.7050129999998 555
1712187699757 1816.0400920000002 556
1712187709858 1824.412198 557
1712187719960 1831.262718 558
1712187730061 1833.177221 559
1712187740159 1834.7110519999997 560
1712187750256 1836.3756240000002 561
1712187760388 1841.7469110000002 562
1712187770497 1843.8918699999995 563
1712187780600 1845.3632440000001 564
1712187790689 1846.5853429999997 565
1712187800786 1848.2526589999998 566
1712187810903 1850.46216 567
1712187820963 1852.4823489999999 568
1712187831101 1854.5559839999996 569
1712187841199 1856.2008959999994 570
1712187851310 1859.6797719999995 571
1712187861425 1860.7366299999994 572
1712187871525 1862.7285769999999 573
1712187881568 1867.3240260000002 574
1712187891678 1873.378165 575
1712187901794 1873.7364339999995 576
1712187911912 1877.9903109999996 577
1712187922028 1881.643497 578
1712187932129 1882.6796079999995 579
1712187942177 1884.1657749999995 580
1712187952290 1886.9276469999995 581
1712187962402 1888.1455409999999 582
1712187972508 1889.399031 583
1712187982608 1890.8592749999998 584
1712187992727 1891.856895 585
1712188002776 1894.253933 586
1712188012888 1896.0768339999995 587
1712188022993 1896.8632419999994 588
1712188033093 1897.9432820000002 589
1712188043215 1904.8696609999997 590
1712188053331 1906.2999819999995 591
1712188063375 1907.916967 592
1712188073425 1909.2265319999997 593
1712188083481 1910.4167959999995 594
1712188093538 1911.7413580000002 595
1712188103593 1912.5305689999996 596
1712188113636 1913.6122729999997 597
1712188123737 1915.8043440000001 598
1712188133783 1918.771275 599
1712188143885 1926.2788359999995 600
1712188153928 1931.0334599999996 601
1712188164042 1931.9464129999997 602
1712188174143 1932.9817739999999 603
1712188184197 1934.6227600000002 604
1712188194247 1937.2133669999994 605
1712188204303 1943.157647 606
1712188214408 1943.9945109999999 607
1712188224525 1944.3932509999995 608
1712188234632 1945.8649999999998 609
1712188244676 1948.807664 610
1712188254780 1949.5842590000002 611
1712188264902 1950.6846239999995 612
1712188274962 1953.8275189999995 613
1712188285004 1957.0006670000002 614
1712188295045 1959.4255779999994 615
1712188305136 1961.4408249999997 616
1712188315177 1963.4025649999994 617
1712188325240 1966.114783 618
1712188335338 1971.965932 619
1712188345432 1974.430101 620
1712188355538 1979.148537 621
1712188365606 1986.4866359999996 622
1712188375705 1992.1352630000001 623
1712188385744 1996.618998 624
1712188395795 2000.3945279999998 625
1712188405887 2006.9013779999996 626
1712188415926 2013.3342469999998 627
1712188425967 2022.59134 628
1712188436056 2029.9772940000003 629
1712188446164 2035.0281329999998 630
1712188456217 2042.2641619999995 631
1712188466311 2054.8550269999996 632
1712188476406 2069.7088159999994 633
1712188486454 2071.396716 634
1712188496563 2072.315076 635
1712188506658 2073.851928 636
1712188516752 2074.5564329999997 637
1712188526872 2075.442852 638
1712188536969 2077.0673699999998 639
1712188547027 2078.026363 640
1712188557124 2083.098435 641
1712188567223 2088.7254949999997 642
1712188577319 2090.898521 643
1712188587414 2091.6361939999997 644
1712188597470 2092.600904 645
1712188607563 2096.135784 646
1712188617658 2097.4837989999996 647
1712188627746 2099.152421 648
1712188637843 2100.7242179999994 649
1712188647939 2105.559343 650
1712188657984 2109.1142 651
1712188668080 2115.248939 652
1712188678169 2117.1935670000003 653
1712188688265 2120.0410739999998 654
1712188698373 2121.507323 655
1712188708463 2124.0847759999997 656
1712188718506 2124.146643 657
1712188728614 2124.5310339999996 658
1712188738721 2127.5902959999994 659
1712188748821 2127.992155 660
1712188758934 2130.822908 661
1712188769035 2132.023255 662
1712188779077 2133.798532 663
1712188789161 2136.073829 664
1712188799264 2137.0350879999996 665
1712188809371 2139.2890390000002 666
1712188819479 2140.6071889999994 667
1712188829675 2142.9327809999995 668
1712188839719 2144.2689 669
1712188849824 2146.280616 670
1712188859946 2147.7024599999995 671
1712188870042 2149.0451080000003 672
1712188880144 2151.1089359999996 673
1712188890252 2155.07128 674
1712188900297 2157.317073 675
1712188910411 2159.486024 676
1712188920511 2161.677823 677
1712188930618 2164.9417750000002 678
1712188940707 2166.553315 679
1712188950796 2167.550265 680
1712188960843 2169.90276 681
1712188970950 2172.107586 682
1712188981054 2173.9005069999994 683
1712188991164 2177.378415 684
1712189001277 2178.272436 685
1712189011381 2179.390327 686
1712189021447 2180.0635039999997 687
1712189031548 2181.4424010000002 688
1712189041668 2182.8744939999997 689
1712189051793 2184.945605 690
1712189061914 2189.639827 691
1712189072038 2192.043219 692
1712189082093 2193.542869 693
1712189092200 2197.0340639999995 694
1712189102311 2198.913141 695
1712189112426 2203.806506 696
1712189122533 2204.731052 697
1712189132651 2205.6039339999998 698
1712189142726 2206.7224639999995 699
1712189152837 2208.9725 700
1712189162956 2211.01134 701
1712189173065 2214.210809 702
1712189183192 2216.855721 703
1712189193277 2218.838632 704
1712189203333 2221.46011 705
1712189213420 2223.0047619999996 706
1712189223507 2224.0127789999997 707
1712189233616 2226.0698 708
1712189243712 2227.91882 709
1712189253810 2229.6085429999994 710
1712189263852 2231.360071 711
1712189273945 2232.8929419999995 712
1712189284054 2235.0833619999994 713
1712189294144 2236.4787319999996 714
1712189304251 2240.173022 715
1712189314351 2245.3667969999997 716
1712189324395 2246.3272660000002 717
1712189334507 2249.6034519999994 718
1712189344594 2251.927253 719
1712189354703 2257.6134759999995 720
1712189364802 2264.394816 721
1712189374902 2269.112341 722
1712189384957 2272.5771729999997 723
1712189395052 2279.356602 724
1712189405146 2285.400326 725
1712189415242 2289.5620870000002 726
1712189425337 2291.638694 727
1712189435437 2295.65874 728
1712189445484 2297.88295 729
1712189455580 2300.8378199999997 730
1712189465686 2303.2325220000002 731
1712189475780 2306.0593019999997 732
1712189485896 2314.29741 733
1712189496005 2317.5318509999997 734
1712189506123 2318.8279009999997 735
1712189516233 2320.5102609999994 736
1712189526336 2321.5965209999995 737
1712189536434 2323.356646 738
1712189546538 2324.113314 739
1712189556637 2325.895466 740
1712189566691 2328.568695 741
1712189576793 2332.766214 742
1712189586888 2337.1098359999996 743
1712189596998 2338.9793089999994 744
1712189607086 2340.2409639999996 745
1712189617188 2342.9527179999995 746
1712189627233 2344.595955 747
1712189637328 2344.9781459999995 748
1712189647444 2344.9937259999997 749
1712189657549 2348.63069 750
1712189667653 2357.165889 751
1712189677692 2361.3792889999995 752
1712189687787 2364.667469 753
1712189697888 2371.621199 754
1712189707986 2374.503536 755
1712189718090 2377.072663 756
1712189728199 2379.6470149999996 757
1712189738336 2384.0735999999997 758
1712189748442 2384.935437 759
1712189758537 2385.508908 760
1712189768637 2388.21544 761
1712189778747 2389.4154119999994 762
1712189788850 2390.4272659999997 763
1712189798901 2392.108505 764
1712189809022 2392.418675 765
1712189819127 2393.9506389999997 766
1712189829239 2395.6750679999996 767
1712189839349 2396.0684309999997 768
1712189849456 2396.9163799999997 769
1712189859507 2399.5153819999996 770
1712189869604 2400.531444 771
1712189879714 2401.412821 772
1712189889809 2402.43519 773
1712189899907 2403.405138 774
1712189910020 2404.872639 775
1712189920064 2407.149888 776
1712189930168 2407.704097 777
1712189940264 2408.5454869999994 778
1712189950354 2415.53748 779
1712189960555 2423.5899520000003 780
1712189970669 2429.3032649999996 781
1712189980715 2431.423457 782
1712189990819 2432.7275979999995 783
1712190000914 2434.295578 784
1712190011024 2439.153174 785
1712190021138 2443.224483 786
1712190031256 2444.1797529999994 787
1712190041316 2445.0619289999995 788
1712190051426 2447.4560009999996 789
1712190061532 2461.014943 790
1712190071653 2470.232543 791
1712190081781 2471.4200949999995 792
1712190091982 2473.1821359999994 793
1712190102035 2473.973503 794
1712190112125 2475.6893149999996 795
1712190122229 2477.4499669999996 796
1712190132359 2478.38702 797
1712190142452 2479.048063 798
1712190152565 2480.3415399999994 799
1712190162610 2481.981963 800
1712190172718 2482.6017899999997 801
1712190182827 2483.433312 802
1712190192922 2486.510658 803
1712190203024 2487.60743 804
1712190213124 2487.796526 805
1712190223180 2502.907639 806
1712190233284 2515.388459 807
1712190243387 2525.840841 808
1712190253502 2541.2126200000002 809
1712190263613 2555.6089 810
1712190273722 2565.268613 811
1712190283769 2569.3008419999996 812
1712190293871 2570.079616 813
1712190303968 2578.1524090000003 814
1712190314079 2586.9845699999996 815
1712190324186 2589.837369 816
1712190334303 2590.3780959999995 817
1712190344346 2591.9614549999997 818
1712190354440 2593.1091129999995 819
1712190364561 2594.990517 820
1712190374653 2598.0068229999997 821
1712190384764 2599.864998 822
1712190394863 2601.977065 823
1712190404913 2603.0627759999998 824
1712190415017 2604.4470279999996 825
1712190425105 2607.498874 826
1712190435215 2609.7895879999996 827
1712190445325 2610.857105 828
1712190455417 2612.2097750000003 829
1712190465478 2612.800456 830
1712190475582 2614.111943 831
1712190485688 2615.0898589999997 832
1712190495788 2616.019693 833
1712190505879 2616.5309799999995 834
1712190515982 2618.7159739999997 835
1712190526035 2619.957576 836
1712190536135 2620.2355909999997 837
1712190546224 2621.1942520000002 838
1712190556322 2623.816565 839
1712190566436 2630.250505 840
1712190576547 2630.6610819999996 841
1712190586609 2632.089935 842
1712190596702 2636.5165099999995 843
1712190606806 2638.616041 844
1712190616902 2640.217654 845
1712190626993 2641.8925119999994 846
1712190637100 2644.9653959999996 847
1712190647149 2646.135346 848
1712190657255 2651.213328 849
1712190667356 2652.252888 850
1712190677414 2654.9080189999995 851
1712190687480 2655.506937 852
1712190697578 2658.5504759999994 853
1712190707647 2659.766245 854
1712190717697 2660.9818129999994 855
1712190727801 2665.9898299999995 856
1712190737856 2667.38642 857
1712190747903 2669.6345 858
1712190758004 2670.4214819999997 859
1712190768056 2671.22479 860
1712190778100 2675.0895709999995 861
1712190788209 2676.329321 862
1712190798253 2677.406083 863
1712190808302 2679.844395 864
1712190818402 2681.595547 865
1712190828453 2686.5491649999994 866
1712190838509 2690.0988339999994 867
1712190848618 2692.729695 868
1712190858758 2696.8315569999995 869
1712190868806 2700.0750179999995 870
1712190878897 2703.475437 871
1712190888950 2705.3937099999994 872
1712190898999 2709.4300670000002 873
1712190909112 2713.150383 874
1712190919216 2717.4899049999995 875
1712190929317 2720.9123359999994 876
1712190939385 2724.0570470000002 877
1712190949478 2727.232234 878
1712190959582 2730.6019129999995 879
1712190969734 2743.11654 880
1712190979864 2751.4067450000002 881
1712190989969 2755.8561309999996 882
1712191000020 2763.184196 883
1712191010143 2768.5439829999996 884
1712191020250 2786.0100599999996 885
1712191030348 2792.7221579999996 886
1712191040449 2814.6353069999996 887
1712191050549 2830.099889 888
1712191060605 2834.075857 889
1712191070716 2839.964344 890
1712191080928 2848.1163049999996 891
1712191091025 2851.8903099999998 892
1712191101141 2856.732658 893
1712191111256 2861.301721 894
1712191121304 2868.767702 895
1712191131421 2874.4949619999998 896
1712191141521 2879.3454 897
1712191151629 2887.6196549999995 898
1712191161736 2896.5453719999996 899
1712191171846 2902.034498 900
1712191181898 2909.062126 901
1712191192019 2914.0017559999997 902
1712191202132 2919.6078289999996 903
1712191212237 2922.4125480000002 904
1712191222336 2926.3413519999995 905
1712191232442 2931.66529 906
1712191242494 2936.4932339999996 907
1712191252603 2940.836037 908
1712191262708 2944.892771 909
1712191272827 2951.4521319999994 910
1712191282935 2953.8235809999996 911
1712191293043 2955.8641390000003 912
1712191303096 2965.525133 913
1712191313203 2980.8234619999994 914
1712191323305 2987.4241549999997 915
1712191333420 2990.013847 916
1712191343543 2991.518062 917
1712191353670 2995.8795359999995 918
1712191363728 2997.733779 919
1712191373845 2998.4155579999997 920
1712191383962 2999.4681039999996 921
1712191394086 3001.9582419999997 922
1712191404207 3005.849899 923
1712191414330 3007.5836229999995 924
1712191424391 3010.2319909999997 925
1712191434513 3012.734394 926
1712191444629 3013.52049 927
1712191454756 3015.2984959999994 928
1712191464886 3017.9041479999996 929
1712191475000 3019.3346759999995 930
1712191485060 3020.1454240000003 931
1712191495188 3022.1806859999997 932
1712191505323 3024.9716289999997 933
1712191515439 3025.554817 934
1712191525582 3027.081719 935
1712191535697 3029.5345339999994 936
1712191545745 3032.5126629999995 937
1712191555844 3034.711991 938
1712191565974 3036.081599 939
1712191576106 3036.7894260000003 940
1712191586211 3042.4970699999994 941
1712191596321 3045.8264579999995 942
1712191606373 3047.375352 943
1712191616485 3051.718675 944
1712191626601 3054.252679 945
1712191636731 3054.8877539999994 946
1712191646853 3057.0022499999995 947
1712191656963 3059.636182 948
1712191667017 3065.0826719999995 949
1712191677135 3066.8041160000002 950
1712191687242 3069.829919 951
1712191697357 3072.354623 952
1712191707461 3076.640378 953
1712191717528 3078.4179859999995 954
1712191727660 3080.971823 955
1712191737787 3082.2469059999994 956
1712191747888 3085.031513 957
1712191757988 3088.774466 958
1712191768086 3090.88476 959
1712191778146 3093.52574 960
1712191788269 3095.018623 961
1712191798373 3097.666658 962
1712191808490 3100.9356980000002 963
1712191818597 3102.3795259999997 964
1712191828704 3105.433916 965
1712191838753 3108.0146569999997 966
1712191848869 3109.376762 967
1712191858996 3111.351777 968
1712191869112 3114.950814 969
1712191879221 3116.2160729999996 970
1712191889324 3118.002284 971
1712191899380 3121.2823069999995 972
1712191909489 3123.750484 973
1712191919597 3126.2514309999997 974
1712191929698 3130.989095 975
1712191939803 3133.2721869999996 976
1712191949915 3135.1477809999997 977
1712191959969 3138.0777309999994 978
1712191970070 3140.250623 979
1712191980183 3143.205798 980
1712191990295 3148.655159 981
1712192000389 3152.052152 982
1712192010506 3155.09401 983
1712192020553 3156.932557 984
1712192030646 3157.6565650000002 985
1712192040757 3158.9586709999994 986
1712192050865 3163.1931969999996 987
1712192060970 3164.1075089999995 988
1712192071088 3169.9495749999996 989
1712192081148 3171.2724419999995 990
1712192091262 3172.413291 991
1712192101366 3174.234923 992
1712192111476 3175.9299549999996 993
1712192121596 3177.0293169999995 994
1712192131691 3178.479147 995
1712192141746 3180.110259 996
1712192151858 3181.8264529999997 997
1712192161967 3184.9014769999994 998
1712192172077 3187.9958779999997 999
1712192182177 3191.046607 1000
1712192192283 3193.8317079999997 1001
1712192202341 3202.9075329999996 1002
1712192212534 3204.3413679999994 1003
1712192222633 3205.49852 1004
1712192232744 3207.7840749999996 1005
1712192242852 3209.381219 1006
1712192252961 3209.879717 1007
1712192263005 3212.3570709999995 1008
1712192273110 3215.06146 1009
1712192283234 3216.682584 1010
1712192293343 3217.884706 1011
1712192303461 3222.9959369999997 1012
1712192313578 3224.839565 1013
1712192323638 3228.7332209999995 1014
1712192333744 3229.866588 1015
1712192343881 3233.997834 1016
1712192354004 3234.757213 1017
1712192364127 3238.5192369999995 1018
1712192374252 3251.360028 1019
1712192384305 3263.1273139999994 1020
1712192394432 3278.5917849999996 1021
1712192404485 3297.344449 1022
1712192414548 3300.1477559999994 1023
1712192424606 3301.622464 1024
1712192434736 3303.717022 1025
1712192444863 3305.243883 1026
1712192454973 3307.103629 1027
1712192465116 3308.7990929999996 1028
1712192475233 3311.1144969999996 1029
1712192485346 3312.454455 1030
1712192495454 3313.3948199999995 1031
1712192505586 3314.45762 1032
1712192515696 3315.985845 1033
1712192525835 3317.38728 1034
1712192535942 3318.350044 1035
1712192546066 3321.1733699999995 1036
1712192556209 3323.056472 1037
1712192566331 3323.5296639999997 1038
1712192576450 3326.050249 1039
1712192586577 3327.918931 1040
1712192596694 3329.009373 1041
1712192606819 3330.59389 1042
1712192616935 3332.583152 1043
1712192627060 3333.87543 1044
1712192637190 3335.7945309999996 1045
1712192647314 3336.9522479999996 1046
1712192657437 3338.738859 1047
1712192667553 3339.464728 1048
1712192677682 3340.258677 1049
1712192687796 3341.6344199999994 1050
1712192697907 3342.3957769999997 1051
1712192708021 3345.1942229999995 1052
1712192718141 3352.931275 1053
1712192728271 3354.48503 1054
1712192738396 3356.32482 1055
1712192748529 3357.347148 1056
1712192758659 3358.8542239999997 1057
1712192768775 3360.402564 1058
1712192778893 3362.089932 1059
1712192789032 3364.1973129999997 1060
1712192799155 3365.413512 1061
1712192809277 3368.4295599999996 1062
1712192819405 3368.7099229999994 1063
1712192829535 3370.637254 1064
1712192839650 3373.264166 1065
1712192849774 3374.1668149999996 1066
1712192859896 3375.6645369999997 1067
1712192870022 3377.8386549999996 1068
1712192880138 3380.990129 1069
1712192890250 3390.812041 1070
1712192900386 3392.5609640000002 1071
1712192910500 3395.573517 1072
1712192920640 3399.4214439999996 1073
1712192930754 3399.78219 1074
1712192940880 3402.916994 1075
1712192951013 3404.9035859999994 1076
1712192961132 3406.221329 1077
1712192971261 3407.5531089999995 1078
1712192981383 3408.624423 1079
1712192991518 3413.782179 1080
1712193001633 3415.63044 1081
1712193011782 3417.1318499999998 1082
1712193021913 3418.8843319999996 1083
1712193032044 3421.12994 1084
1712193042165 3423.4806499999995 1085
1712193052298 3425.140649 1086
1712193062418 3427.6962249999997 1087
1712193072547 3428.7667089999995 1088
1712193082671 3431.1687629999997 1089
1712193092895 3432.1036029999996 1090
1712193103020 3434.836655 1091
1712193113145 3436.6506959999997 1092
1712193123271 3438.369404 1093
1712193133402 3440.184994 1094
1712193143536 3442.21504 1095
1712193153649 3445.6146369999997 1096
1712193163764 3447.4642299999996 1097
1712193173880 3450.5819119999996 1098
1712193183999 3452.5782449999997 1099
1712193194115 3455.4401 1100
1712193204233 3460.554134 1101
1712193214350 3471.3311379999996 1102
1712193224488 3474.689155 1103
1712193234604 3476.800214 1104
1712193244737 3478.4566139999997 1105
1712193254967 3480.3438159999996 1106
1712193265098 3481.685765 1107
1712193275207 3482.8007499999994 1108
1712193285329 3484.832386 1109
1712193295448 3486.0220039999995 1110
1712193305577 3488.4467139999997 1111
1712193315701 3488.9835999999996 1112
1712193325815 3490.8447699999997 1113
1712193335933 3491.917474 1114
1712193346061 3494.4870709999996 1115
1712193356189 3496.390464 1116
1712193366324 3498.9149740000003 1117
1712193376457 3503.046427 1118
1712193386566 3506.169113 1119
1712193396683 3509.0161669999998 1120
1712193406905 3520.177589 1121
1712193417024 3521.802398 1122
1712193427158 3524.0034610000002 1123
1712193437292 3527.001147 1124
1712193447408 3528.930861 1125
1712193457540 3532.3064459999996 1126
1712193467659 3533.875115 1127
1712193477773 3537.6530199999997 1128
1712193487912 3545.442843 1129
1712193498058 3549.2325519999995 1130
1712193508182 3553.9155259999998 1131
1712193518310 3554.870554 1132
1712193528494 3556.068284 1133
1712193538705 3557.3953569999994 1134
1712193548828 3558.338347 1135
1712193558946 3559.083308 1136
1712193569064 3560.0219929999994 1137
1712193579192 3560.9832799999995 1138
1712193589305 3563.8509990000002 1139
1712193599416 3566.9129199999998 1140
1712193609553 3573.417455 1141
1712193619686 3576.962262 1142
1712193629813 3579.6399679999995 1143
1712193639929 3590.655984 1144
1712193650060 3601.250586 1145
1712193660178 3601.2566129999996 1146
1712193670326 3606.354872 1147
1712193680459 3606.969422 1148
1712193690598 3607.9910069999996 1149
1712193700745 3609.73197 1150
1712193710872 3610.8828509999994 1151
1712193721002 3611.9053939999994 1152
1712193731154 3612.904547 1153
1712193741293 3613.665669 1154
1712193751425 3614.567158 1155
1712193761581 3615.589116 1156
1712193771726 3617.1119529999996 1157
1712193781847 3618.860216 1158
1712193791999 3620.542158 1159
1712193802143 3621.5192179999995 1160
1712193812298 3624.536612 1161
1712193822532 3626.048108 1162
1712193832672 3628.186503 1163
1712193842810 3629.582216 1164
1712193852950 3633.348967 1165
1712193863097 3635.45986 1166
1712193873238 3635.718922 1167
1712193883376 3638.226073 1168
1712193893497 3639.7810979999995 1169
1712193903634 3640.5743249999996 1170
1712193913717 3641.8261039999998 1171
1712193923879 3643.690541 1172
1712193933935 3644.6525219999994 1173
1712193944052 3646.9272059999994 1174
1712193954188 3649.2905009999995 1175
1712193964326 3650.2585789999994 1176
1712193974455 3652.4319729999997 1177
1712193984596 3655.110109 1178
1712193994749 3655.4705519999998 1179
1712194004888 3657.0948879999996 1180
1712194015005 3657.789935 1181
1712194025135 3659.0291369999995 1182
1712194035257 3660.841195 1183
1712194045368 3662.1772849999998 1184
1712194055489 3663.519733 1185
1712194065590 3663.9801989999996 1186
1712194075705 3666.072462 1187
1712194085821 3670.47083 1188
1712194095931 3672.096232 1189
1712194106057 3685.708033 1190
1712194116249 3692.837007 1191
1712194126387 3708.90067 1192
1712194136500 3710.11932 1193
1712194146604 3712.1615249999995 1194
1712194156719 3714.387896 1195
1712194166848 3715.5105999999996 1196
1712194176969 3716.82355 1197
1712194187050 3717.720776 1198
1712194197173 3718.6217129999995 1199
1712194207242 3721.43519 1200
1712194217356 3722.5229659999995 1201
1712194227423 3722.9621559999996 1202
1712194237546 3724.8645399999996 1203
1712194247658 3726.518381 1204
1712194257726 3730.5314 1205
1712194267845 3732.026127 1206
1712194277978 3732.8476069999997 1207
1712194288031 3734.8377179999998 1208
1712194298149 3736.122966 1209
1712194308260 3738.1298129999996 1210
1712194318373 3741.7418019999996 1211
1712194328493 3742.8738519999997 1212
1712194338604 3744.6033479999996 1213
1712194348720 3745.9028120000003 1214
1712194358833 3746.9115169999995 1215
1712194368944 3747.568666 1216
1712194379075 3748.7828119999995 1217
1712194389179 3751.01419 1218
1712194399290 3753.07129 1219
1712194409400 3754.253621 1220
1712194419517 3755.7145570000002 1221
1712194429727 3756.471335 1222
1712194439831 3757.7444079999996 1223
1712194449937 3758.7293 1224
1712194460066 3759.859861 1225
1712194470131 3762.3191769999994 1226
1712194480295 3764.7718489999997 1227
1712194490357 3766.0432499999997 1228
1712194500491 3770.099381 1229
1712194510615 3771.945702 1230
1712194520721 3773.0392190000002 1231
1712194530859 3775.0381959999995 1232
1712194540970 3776.3633519999994 1233
1712194551095 3778.2581529999998 1234
1712194561205 3779.20828 1235
1712194571325 3781.128031 1236
1712194581457 3782.848124 1237
1712194591575 3786.1268119999995 1238
1712194601693 3787.360297 1239
1712194611812 3790.2646559999994 1240
1712194621924 3794.4797339999996 1241
1712194632043 3806.48001 1242
1712194642145 3811.8656419999998 1243
1712194652268 3816.5020269999995 1244
1712194662336 3824.217348 1245
1712194672416 3830.0436339999997 1246
1712194682526 3836.8614609999995 1247
1712194692636 3840.8322469999994 1248
1712194702740 3846.5552069999994 1249
1712194712848 3855.9839039999997 1250
1712194722975 3858.3393209999995 1251
1712194733086 3861.7240650000003 1252
1712194743197 3865.165787 1253
1712194753314 3867.3819700000004 1254
1712194763431 3870.519694999999 1255
1712194773560 3879.6826010000004 1256
1712194783673 3902.0413549999994 1257
1712194793789 3915.7524859999994 1258
1712194803899 3917.6908409999996 1259
1712194814008 3921.660543 1260
1712194824134 3923.4911169999996 1261
1712194834245 3925.357032 1262
1712194844364 3925.797686 1263
1712194854467 3926.3101079999997 1264
1712194864568 3927.4736300000004 1265
1712194874689 3928.4341289999993 1266
1712194884796 3929.8350869999995 1267
1712194894907 3931.0598069999996 1268
1712194905008 3931.077353999999 1269
1712194915122 3931.1123939999998 1270
1712194925244 3943.348555999999 1271
1712194935355 3944.9511239999993 1272
1712194945479 3950.7836929999994 1273
1712194955581 3952.739879999999 1274
1712194965692 3954.98653 1275
1712194975814 3960.716832 1276
1712194985928 3973.8840629999995 1277
1712194996038 3984.133593999999 1278
1712195006139 4000.492227999999 1279
1712195016263 4000.5413370000006 1280
1712195026371 4003.0193629999994 1281
1712195036485 4005.1130599999997 1282
1712195046593 4011.580661 1283
1712195056697 4014.6668019999997 1284
1712195066801 4015.7577010000005 1285
1712195076930 4017.3342009999997 1286
1712195087044 4017.986537999999 1287
1712195097165 4018.6753709999994 1288
1712195107273 4026.3885219999993 1289
1712195117384 4031.8790879999997 1290
1712195127502 4034.8199349999995 1291
1712195137612 4039.2778180000005 1292
1712195147732 4043.0482680000005 1293
1712195157836 4048.895645999999 1294
1712195167955 4051.4207640000004 1295
1712195178068 4056.172000999999 1296
1712195188168 4058.4920359999996 1297
1712195198292 4059.6514559999996 1298
1712195208403 4059.679322 1299
1712195218518 4065.559181999999 1300
1712195228637 4077.915804 1301
1712195238749 4085.088528 1302
1712195248863 4087.4791569999998 1303
1712195258975 4091.152881 1304
1712195269087 4092.081343 1305
1712195279199 4096.6294450000005 1306
1712195289310 4101.0032169999995 1307
1712195299425 4107.917702000001 1308
1712195309539 4112.553275 1309
1712195319655 4115.427642000001 1310
1712195329777 4127.78477 1311
1712195339911 4130.103309 1312
1712195350024 4130.104522 1313
1712195360146 4131.5207900000005 1314
1712195370265 4142.781853999999 1315
1712195380375 4146.1050589999995 1316
1712195390507 4148.424695 1317
1712195400613 4150.47028 1318
1712195410715 4153.414623999999 1319
1712195420817 4156.135483 1320
1712195430928 4158.737904 1321
1712195441078 4162.913337 1322
1712195451182 4165.824441999999 1323
1712195461302 4167.854762999999 1324
1712195471416 4170.7926769999995 1325
1712195481518 4173.203255 1326
1712195491637 4178.878640999999 1327
1712195501745 4185.351196 1328
1712195511860 4188.143136000001 1329
1712195521959 4193.208377999999 1330
1712195532070 4195.738654999999 1331
1712195542189 4196.8675060000005 1332
1712195552291 4203.158561 1333
1712195562405 4206.194989 1334
1712195572513 4209.3525979999995 1335
1712195582625 4211.0912530000005 1336
1712195592840 4213.341252 1337
1712195602956 4216.291794999999 1338
1712195613090 4217.858971 1339
1712195623209 4221.926045 1340
1712195633338 4224.661855 1341
1712195643447 4226.020073 1342
1712195653569 4227.604871 1343
1712195663686 4229.4136770000005 1344
1712195673798 4233.067507 1345
1712195683915 4235.616115999999 1346
1712195694029 4239.130504000001 1347
1712195704150 4239.9623329999995 1348
1712195714257 4243.0627779999995 1349
1712195724368 4254.576283 1350
1712195734485 4258.9007679999995 1351
1712195744673 4262.682471 1352
1712195754781 4268.839577000001 1353
1712195764888 4271.669894999999 1354
1712195774998 4279.908804000001 1355
1712195785132 4280.539368 1356
1712195795249 4284.359193 1357
1712195805363 4292.324771 1358
1712195815481 4298.08671 1359
1712195825599 4304.315583 1360
1712195835713 4312.677812 1361
1712195845838 4318.344439 1362
1712195855945 4321.590441 1363
1712195866071 4326.586898 1364
1712195876183 4332.812817 1365
1712195886299 4335.538646999999 1366
1712195896478 4338.969788 1367
1712195906589 4340.670110999999 1368
1712195916718 4342.1047419999995 1369
1712195926830 4349.22668 1370
1712195936956 4352.136693 1371
1712195947065 4353.146016999999 1372
1712195957182 4355.174078 1373
1712195967307 4356.290131 1374
1712195977413 4357.741961 1375
1712195987528 4362.931098999999 1376
1712195997640 4364.443976999999 1377
1712196007768 4365.980884999999 1378
1712196017840 4369.909882 1379
1712196027963 4380.627893999999 1380
1712196038044 4380.669291 1381
1712196048119 4380.702384 1382
1712196058260 4382.0705849999995 1383
1712196068406 4386.243812000001 1384
1712196078557 4387.805570999999 1385
1712196088652 4390.798837 1386
1712196098795 4391.928178 1387
1712196108934 4396.297364 1388
1712196119075 4404.0592830000005 1389
1712196129210 4408.638360999999 1390
1712196139336 4411.955559 1391
1712196149469 4415.228888 1392
1712196159606 4417.606395000001 1393
1712196169745 4418.901067000001 1394
1712196179972 4421.059361 1395
1712196190106 4425.651786 1396
1712196200244 4429.103122999999 1397
1712196210375 4430.224270999999 1398
1712196220500 4432.730095999999 1399
1712196230645 4434.546176 1400
1712196240776 4435.759004 1401
1712196250913 4436.529256 1402
1712196261015 4438.362174 1403
1712196271141 4440.552148999999 1404
1712196281274 4443.499422999999 1405
1712196291408 4444.876845999999 1406
1712196301534 4445.484294 1407
1712196311643 4446.322258 1408
1712196321752 4447.284426 1409
1712196331885 4450.234344999999 1410
1712196341989 4452.076899 1411
1712196352111 4453.108307 1412
1712196362219 4453.894257 1413
1712196372321 4459.3459139999995 1414
1712196382439 4462.056574 1415
1712196392548 4463.0739140000005 1416
1712196402658 4464.530429 1417
1712196412777 4467.521694999999 1418
1712196422897 4470.045805 1419
1712196433022 4471.630187999999 1420
1712196443146 4474.308725999999 1421
1712196453260 4476.022915 1422
1712196463395 4481.089039 1423
1712196473600 4490.772201 1424
1712196483718 4495.95535 1425
1712196493839 4496.649067 1426
1712196503943 4499.00383 1427
1712196514053 4501.174654 1428
1712196524163 4509.114034 1429
1712196534263 4511.998446 1430
1712196544393 4512.773283 1431
1712196554506 4515.856178 1432
1712196564633 4517.437355 1433
1712196574749 4520.073413 1434
1712196584861 4521.999715 1435
1712196594978 4523.104068999999 1436
1712196605084 4525.727633 1437
1712196615222 4526.989862 1438
1712196625464 4529.087616000001 1439
1712196635571 4530.519688 1440
1712196645705 4532.625157 1441
1712196655841 4534.910468 1442
1712196665954 4536.88581 1443
1712196676087 4537.962229999999 1444
1712196686216 4540.630921 1445
1712196696310 4542.796178999999 1446
1712196706447 4545.101581999999 1447
1712196716607 4546.139093 1448
1712196726751 4547.689489 1449
1712196736887 4550.272556 1450
1712196747108 4552.853281 1451
1712196757247 4555.795249999999 1452
1712196767390 4562.6458600000005 1453
1712196777502 4563.705335000001 1454
1712196787635 4566.183650999999 1455
1712196797769 4569.105828 1456
1712196807905 4572.729416 1457
1712196818046 4574.009839 1458
1712196828180 4579.860597999999 1459
1712196838315 4585.960788 1460
1712196848525 4590.766609 1461
1712196858675 4595.106809999999 1462
1712196868795 4604.045235 1463
1712196878942 4607.962684 1464
1712196889097 4611.600005 1465
1712196899244 4615.755643 1466
1712196909375 4616.970541000001 1467
1712196919512 4619.3240590000005 1468
1712196929633 4622.680461 1469
1712196939755 4623.627952999999 1470
1712196949992 4626.117493 1471
1712196960119 4628.99267 1472
1712196970246 4630.718698999999 1473
1712196980392 4631.777805 1474
1712196990523 4633.470203999999 1475
1712197000603 4636.995580000001 1476
1712197010735 4638.200226999999 1477
1712197020885 4640.808712 1478
1712197031017 4643.835322999999 1479
1712197041161 4644.205049 1480
1712197051321 4645.847302 1481
1712197061554 4646.147697 1482
1712197071718 4647.3958760000005 1483
1712197081866 4648.4738990000005 1484
1712197092000 4649.364507 1485
1712197102162 4651.1341919999995 1486
1712197112341 4651.9185560000005 1487
1712197122483 4654.105454999999 1488
1712197132643 4655.11844 1489
1712197142792 4658.285073999999 1490
1712197152923 4664.037675 1491
1712197163078 4665.474582999999 1492
1712197173225 4668.086147 1493
1712197183473 4671.035661 1494
1712197193639 4675.307749 1495
1712197203763 4686.782829 1496
1712197213899 4689.159315999999 1497
1712197224036 4691.377283 1498
1712197234213 4693.3747889999995 1499
1712197244381 4696.267647000001 1500
1712197254518 4699.282874 1501
1712197264672 4700.070361 1502
1712197274839 4704.976322999999 1503
1712197284963 4707.747507 1504
1712197295213 4709.208758000001 1505
1712197305389 4710.260452 1506
1712197315538 4710.710696 1507
1712197325662 4712.128107999999 1508
1712197335817 4713.081251 1509
1712197345984 4713.9744709999995 1510
1712197356111 4715.110721999999 1511
1712197366253 4718.298631 1512
1712197376384 4721.344915 1513
1712197386512 4724.266199 1514
1712197396655 4731.806333 1515
1712197406799 4734.904395 1516
1712197416931 4736.513236000001 1517
1712197427091 4738.3874909999995 1518
1712197437258 4738.469319 1519
1712197447389 4742.573988 1520
1712197457536 4743.856193 1521
1712197467667 4744.781467000001 1522
1712197477784 4746.2103910000005 1523
1712197488028 4748.677435 1524
1712197498188 4750.189431999999 1525
1712197508349 4757.725918 1526
1712197518494 4761.307917 1527
1712197528662 4763.423089 1528
1712197538806 4764.15281 1529
1712197548943 4765.118576999999 1530
1712197559095 4766.04948 1531
1712197569244 4767.494815 1532
1712197579530 4768.5646130000005 1533
1712197589679 4769.173229 1534
1712197599823 4770.463915 1535
1712197609989 4773.4039809999995 1536
1712197620138 4774.7974300000005 1537
1712197630284 4775.878833000001 1538
1712197640427 4776.777978 1539
1712197650606 4781.538414000001 1540
1712197660757 4786.187496999999 1541
1712197670923 4787.095347 1542
1712197681209 4789.253831 1543
1712197691358 4792.720310000001 1544
1712197701518 4794.267001 1545
1712197711652 4795.181321 1546
1712197721823 4797.344545 1547
1712197731970 4798.758110999999 1548
1712197742135 4801.097760999999 1549
1712197752293 4801.976831 1550
1712197762444 4803.223706999999 1551
1712197772580 4805.465923 1552
1712197782756 4807.964398 1553
1712197792987 4810.545029999999 1554
1712197803142 4812.429284 1555
1712197813270 4817.121331 1556
1712197823426 4821.6053950000005 1557
1712197833589 4822.746024 1558
1712197843755 4823.687544 1559
1712197853922 4825.298901 1560
1712197864105 4828.088838 1561
1712197874256 4831.128924999999 1562
1712197884386 4834.317347 1563
1712197894542 4835.952685 1564
1712197904808 4837.344459 1565
1712197915000 4839.021256 1566
1712197925135 4840.629223 1567
1712197935297 4842.533722 1568
1712197945485 4844.463562999999 1569
1712197955657 4846.124545000001 1570
1712197965809 4850.079758 1571
1712197975971 4851.069309 1572
1712197986111 4852.460632 1573
1712197996267 4858.8912359999995 1574
1712198006425 4864.930048 1575
1712198016577 4868.089791 1576
1712198026743 4869.159616999999 1577
1712198036885 4872.834584 1578
1712198047030 4874.323258 1579
1712198057173 4875.2732639999995 1580
1712198067327 4875.943562 1581
1712198077486 4877.240608 1582
1712198087615 4879.274573999999 1583
1712198097802 4880.639778999999 1584
1712198107931 4881.311868999999 1585
1712198118192 4882.0053339999995 1586
1712198128354 4887.27252 1587
1712198138508 4892.641911000001 1588
1712198148666 4894.956337 1589
1712198158807 4896.585859000001 1590
1712198168961 4897.321254999999 1591
1712198179141 4899.8930629999995 1592
1712198189311 4900.431484999999 1593
1712198199452 4901.059606999999 1594
1712198209599 4902.772815 1595
1712198219866 4904.500372 1596
1712198230017 4904.8009010000005 1597
1712198240156 4906.1462329999995 1598
1712198250252 4907.450300999999 1599
1712198260403 4912.049293 1600
1712198270529 4913.338661 1601
1712198280651 4917.712438999999 1602
1712198290802 4918.685774 1603
1712198300888 4920.789497 1604
1712198311051 4922.301019999999 1605
1712198321233 4923.872814 1606
1712198331355 4925.31596 1607
1712198341543 4927.28858 1608
1712198351792 4928.7496200000005 1609
1712198361947 4931.022360999999 1610
1712198372116 4932.794771999999 1611
1712198382243 4933.702088 1612
1712198392442 4934.723545999999 1613
1712198402642 4935.414971 1614
1712198412742 4937.392255999999 1615
1712198422909 4938.598592 1616
1712198433089 4941.964986999999 1617
1712198443220 4943.734156999999 1618
1712198453473 4945.513010000001 1619
1712198463663 4948.962616999999 1620
1712198473810 4952.862035 1621
1712198483977 4955.529483 1622
1712198494157 4957.9393039999995 1623
1712198504264 4958.746789000001 1624
1712198514440 4960.440527000001 1625
1712198524605 4960.970191 1626
1712198534759 4964.942626 1627
1712198544935 4969.58403 1628
1712198555195 4970.4158640000005 1629
1712198565322 4972.323457 1630
1712198575497 4976.476275999999 1631
1712198585661 4977.349125000001 1632
1712198595841 4978.829033 1633
1712198606030 4979.326498 1634
1712198616186 4980.572265999999 1635
1712198626266 4980.736923 1636
1712198636416 4982.697506 1637
1712198646573 4983.697719 1638
1712198656794 4984.40386 1639
1712198666925 4987.4359779999995 1640
1712198677085 4989.663444 1641
1712198687167 4991.0713940000005 1642
1712198697301 4992.389058999999 1643
1712198707453 4993.973144 1644
1712198717602 4995.522252000001 1645
1712198727735 4996.508782999999 1646
1712198737845 4998.838625 1647
1712198747991 5000.269446 1648
1712198758217 5013.024158 1649
1712198768376 5019.949721999999 1650
1712198778510 5021.884936 1651
1712198788648 5023.129843999999 1652
1712198798724 5023.732731 1653
1712198808854 5023.7602480000005 1654
1712198818990 5024.040391 1655
1712198829157 5025.595557000001 1656
1712198839284 5032.465006 1657
1712198849426 5033.687811 1658
1712198859538 5039.964905000001 1659
1712198869782 5045.162474999999 1660
1712198879932 5045.217398999999 1661
1712198890085 5045.263265 1662
1712198900238 5047.541646 1663
1712198910380 5051.262873 1664
1712198920501 5055.978208999999 1665
1712198930661 5056.373927000001 1666
1712198940807 5056.39992 1667
1712198950953 5056.427465999999 1668
1712198961099 5056.495058 1669
1712198971241 5056.518851000001 1670
1712198981337 5056.557242999999 1671
1712198991521 5056.624705 1672
1712199001670 5056.649108 1673
1712199011804 5056.691903999999 1674
1712199021953 5056.717747000001 1675
1712199032088 5057.361201 1676
1712199042203 5059.5344509999995 1677
1712199052347 5059.611292 1678
1712199062485 5059.762714 1679
1712199072633 5059.8971249999995 1680
1712199082853 5059.923669 1681
1712199092987 5059.952434000001 1682
1712199103084 5059.976419999999 1683
1712199113241 5060.0051920000005 1684
1712199123397 5063.468805999999 1685
1712199133555 5064.575676 1686
1712199143710 5066.464807 1687
1712199153840 5066.51995 1688
1712199163950 5066.597519999999 1689
1712199174114 5066.678621999999 1690
1712199184255 5067.939523999999 1691
1712199194389 5069.024749 1692
1712199204551 5070.411742 1693
1712199214681 5071.442053999999 1694
1712199224774 5073.416928999999 1695
1712199234950 5075.178655 1696
1712199245089 5076.853230000001 1697
1712199255242 5077.910453 1698
1712199265405 5078.718837 1699
1712199275548 5080.974961 1700
1712199285709 5083.397283 1701
1712199295870 5090.236398999999 1702
1712199306003 5100.939248999999 1703
1712199316147 5112.729004000001 1704
1712199326307 5128.539256 1705
1712199336450 5133.198075 1706
1712199346537 5135.280696 1707
1712199356679 5136.94817 1708
1712199366801 5139.523609 1709
1712199376928 5141.649541000001 1710
1712199387085 5145.284537 1711
1712199397303 5147.789661999999 1712
1712199407468 5149.759566000001 1713
1712199417615 5151.665086999999 1714
1712199427760 5152.3159350000005 1715
1712199437894 5154.215093999999 1716
1712199448044 5154.928306 1717
1712199458127 5156.655192 1718
1712199468267 5159.356212000001 1719
1712199478408 5160.892261999999 1720
1712199488544 5162.572490999999 1721
1712199498687 5165.469556 1722
1712199508835 5171.791208999999 1723
1712199518986 5172.935932 1724
1712199529112 5182.178443000001 1725
1712199539251 5183.734657999999 1726
1712199549374 5186.053529000001 1727
1712199559497 5187.2799190000005 1728
1712199569639 5188.458445 1729
1712199579703 5189.353175 1730
1712199589853 5193.029285999999 1731
1712199599989 5194.613912999999 1732
1712199610109 5197.052287 1733
1712199620239 5197.9315320000005 1734
1712199630441 5199.328917999999 1735
1712199640515 5201.8100190000005 1736
1712199650656 5203.105618 1737
1712199660801 5205.973131000001 1738
1712199670920 5207.03278 1739
1712199681057 5211.862848000001 1740
1712199691178 5212.426503999999 1741
1712199701239 5214.996236999999 1742
1712199711382 5218.369968999999 1743
1712199721506 5219.40105 1744
1712199731714 5221.471406999999 1745
1712199741860 5222.150551999999 1746
1712199751978 5224.11859 1747
1712199762051 5225.026288999999 1748
1712199772182 5226.515136 1749
1712199782316 5227.226814 1750
1712199792456 5229.015785 1751
1712199802599 5235.012644 1752
1712199812752 5235.877241 1753
1712199822832 5237.206541 1754
1712199832947 5240.515944000001 1755
1712199843079 5241.85608 1756
1712199853213 5242.577076 1757
1712199863348 5244.125097 1758
1712199873480 5245.0909759999995 1759
1712199883552 5246.219375000001 1760
1712199893686 5248.375452 1761
1712199903808 5252.159809000001 1762
1712199913946 5253.293412999999 1763
1712199924066 5257.729085999999 1764
1712199934206 5260.044405999999 1765
1712199944273 5264.609462 1766
1712199954395 5265.017978 1767
1712199964532 5266.510516 1768
1712199974658 5267.608172 1769
1712199984789 5269.619198 1770
1712199994926 5271.913398000001 1771
1712200004991 5274.820642999999 1772
1712200015123 5275.372466000001 1773
1712200025269 5276.151205 1774
1712200035482 5277.503059999999 1775
1712200045613 5278.366845999999 1776
1712200055738 5281.144097 1777
1712200065809 5282.211041999999 1778
1712200075954 5284.755257000001 1779
1712200086090 5287.063365 1780
1712200096206 5289.634410000001 1781
1712200106335 5290.203943 1782
1712200116466 5291.478997 1783
1712200126548 5293.370688999999 1784
1712200136734 5294.499073999999 1785
1712200146867 5298.952519 1786
1712200157006 5299.991984 1787
1712200167143 5301.731867999999 1788
1712200177315 5302.994529 1789
1712200187469 5304.1628949999995 1790
1712200197611 5305.052291 1791
1712200207756 5306.156548999999 1792
1712200217870 5306.674665999999 1793
1712200228040 5307.694890000001 1794
1712200238133 5308.641901999999 1795
1712200248318 5310.614320000001 1796
1712200258454 5312.461416 1797
1712200268596 5312.616657999999 1798
1712200278760 5312.664094 1799
1712200288909 5312.681309 1800
1712200299116 5312.713602 1801
1712200309278 5312.743979999999 1802
1712200319412 5314.939259000001 1803
1712200329572 5316.39608 1804
1712200339732 5319.064032 1805
1712200349869 5321.1467809999995 1806
1712200360030 5321.828917999999 1807
1712200370187 5323.504193000001 1808
1712200380448 5325.953624 1809
1712200390606 5329.131939999999 1810
1712200400763 5336.401781999999 1811
1712200410901 5339.310151 1812
1712200421053 5342.391657 1813
1712200431205 5345.324691 1814
1712200441395 5348.397749 1815
1712200451531 5353.301444000001 1816
1712200461690 5355.709478999999 1817
1712200471868 5367.048402 1818
1712200482017 5370.010264999999 1819
1712200492179 5371.679962 1820
1712200502307 5373.487185 1821
1712200512460 5374.944984 1822
1712200522600 5378.427432999999 1823
1712200532745 5379.810127999999 1824
1712200542898 5392.456437000001 1825
1712200553040 5402.235103999999 1826
1712200563193 5411.835230999999 1827
1712200573330 5422.821808999999 1828
1712200583479 5426.6731629999995 1829
1712200593630 5429.543306 1830
1712200603853 5433.023131 1831
1712200613998 5434.094959 1832
1712200624170 5435.124642999999 1833
1712200634318 5438.153301 1834
1712200644464 5439.019554999999 1835
1712200654625 5440.810965000001 1836
1712200664791 5442.454201999999 1837
1712200674941 5444.9820930000005 1838
1712200685101 5446.80773 1839
1712200695235 5449.649750999999 1840
1712200705369 5450.308228 1841
1712200715522 5452.240902 1842
1712200725697 5454.496071 1843
1712200735829 5456.168723000001 1844
1712200745992 5457.805603999999 1845
1712200756257 5458.423875 1846
1712200766418 5460.607699 1847
1712200776574 5463.828094 1848
1712200786743 5465.511084 1849
1712200796904 5467.836369000001 1850
1712200807066 5470.383108 1851
1712200817243 5471.513376999999 1852
1712200827417 5472.517497999999 1853
1712200837594 5474.145232999999 1854
1712200847770 5484.636881 1855
1712200857944 5486.617279 1856
1712200868112 5489.312963 1857
1712200878277 5491.655068 1858
1712200888426 5493.781365999999 1859
1712200898613 5495.506216 1860
1712200908803 5496.635082999999 1861
1712200918957 5500.679533999999 1862
1712200929115 5504.209065999999 1863
1712200939273 5504.782803 1864
1712200949434 5508.4206859999995 1865
1712200959607 5509.306525 1866
1712200969769 5511.020221999999 1867
1712200979939 5512.658119 1868
1712200990111 5514.2624479999995 1869
1712201000252 5516.642524999999 1870
1712201010412 5519.895618999999 1871
1712201020590 5523.380450999999 1872
1712201030730 5527.368694000001 1873
1712201040885 5538.519614000001 1874
1712201051124 5564.9469420000005 1875
1712201061302 5571.905858 1876
1712201071452 5574.18144 1877
1712201081611 5574.868382000001 1878
1712201091770 5577.356795 1879
1712201101917 5580.310936 1880
1712201112076 5581.657299999999 1881
1712201122421 5582.439469999999 1882
1712201132592 5585.4595979999995 1883
1712201142749 5586.186040999999 1884
1712201152910 5587.042992000001 1885
1712201163073 5588.65222 1886
1712201173239 5591.482196999999 1887
1712201183371 5592.017137000001 1888
1712201193523 5595.434884 1889
1712201203683 5596.14997 1890
1712201213828 5598.5592799999995 1891
1712201223991 5599.478546 1892
1712201234194 5601.698915999999 1893
1712201244336 5602.175754 1894
1712201254483 5603.548392999999 1895
1712201264615 5605.018050000001 1896
1712201274750 5607.796877999999 1897
1712201284915 5608.646473000001 1898
1712201295037 5612.090168000001 1899
1712201305175 5613.443461999999 1900
1712201315314 5614.275474 1901
1712201325466 5616.054349 1902
1712201335602 5617.168227 1903
1712201345841 5619.552705 1904
1712201356007 5620.47213 1905
1712201366183 5621.876027 1906
1712201376321 5624.092210999999 1907
1712201386468 5625.245321 1908
1712201396612 5629.438983 1909
1712201406766 5634.394665 1910
1712201416919 5638.653032 1911
1712201427090 5640.372202999999 1912
1712201437250 5641.2630659999995 1913
1712201447411 5642.320554 1914
1712201457575 5646.067658 1915
1712201467714 5647.457208 1916
1712201477853 5648.419390999999 1917
1712201488006 5650.337344 1918
1712201498171 5652.2035240000005 1919
1712201508312 5661.763236999999 1920
1712201518472 5671.760832 1921
1712201528618 5673.981827 1922
1712201538779 5675.235393999999 1923
1712201548925 5676.476994999999 1924
1712201559074 5678.439093999999 1925
1712201569354 5680.265681999999 1926
1712201579509 5682.092860000001 1927
1712201589661 5682.919744999999 1928
1712201599837 5685.170158999999 1929
1712201609980 5687.115701999999 1930
1712201620131 5689.8892080000005 1931
1712201630288 5693.823769999999 1932
1712201640443 5695.357864 1933
1712201650585 5699.4328590000005 1934
1712201660716 5700.463562999999 1935
1712201670848 5703.695619 1936
1712201680998 5707.444491 1937
1712201691152 5708.298982 1938
1712201701308 5709.300792 1939
1712201711463 5710.930769999999 1940
1712201721720 5711.230545 1941
1712201731882 5717.0233530000005 1942
1712201742026 5719.156911 1943
1712201752168 5719.894106 1944
1712201762313 5721.5324820000005 1945
1712201772455 5722.316937 1946
1712201782588 5722.631170999999 1947
1712201792716 5722.646376999999 1948
1712201802861 5723.287339 1949
1712201813011 5727.64804 1950
1712201823167 5733.052416 1951
1712201833307 5738.314603000001 1952
1712201843437 5744.469596999999 1953
1712201853617 5751.969676999999 1954
1712201863765 5758.436492000001 1955
1712201874021 5758.465941 1956
1712201884181 5770.852306000001 1957
1712201894343 5778.9209869999995 1958
1712201904491 5785.895374 1959
1712201914635 5794.656090999999 1960
1712201924783 5801.160451 1961
1712201934882 5807.207313999999 1962
1712201944971 5811.4740440000005 1963
1712201955106 5815.754251 1964
1712201965288 5828.682117 1965
1712201975431 5834.939189000001 1966
1712201985558 5837.915864999999 1967
1712201995694 5839.048773999999 1968
1712202005844 5840.304419 1969
1712202015970 5841.561475999999 1970
1712202026210 5843.577567 1971
1712202036349 5843.597739999999 1972
1712202046484 5843.632184 1973
1712202056618 5846.668524999999 1974
1712202066746 5850.4246760000005 1975
1712202076874 5851.739093 1976
1712202086998 5855.277216 1977
1712202097147 5856.219520999999 1978
1712202107277 5857.165252999999 1979
1712202117409 5858.368987 1980
1712202127557 5859.923151999999 1981
1712202137684 5860.979633999999 1982
1712202147826 5861.55242 1983
1712202157963 5863.352311000001 1984
1712202168102 5864.463685999999 1985
1712202178329 5865.8008549999995 1986
1712202188463 5866.715785 1987
1712202198597 5867.598904 1988
1712202208729 5867.632457 1989
1712202218847 5867.674634999999 1990
1712202228978 5867.722540999999 1991
1712202239113 5868.404643 1992
1712202249230 5869.996329 1993
1712202259362 5870.026410999999 1994
1712202269495 5870.084374 1995
1712202279634 5870.120421 1996
1712202289870 5870.19722 1997
1712202300027 5871.171437999999 1998
1712202310150 5872.456608999999 1999
1712202320286 5873.403337 2000
1712202330508 5874.781234 2001
1712202340638 5876.455233000001 2002
1712202350768 5877.08648 2003
1712202360909 5878.095218 2004
1712202371028 5880.357061000001 2005
1712202381163 5881.923228 2006
1712202391310 5883.584542999999 2007
1712202401454 5884.755472999999 2008
1712202411545 5886.935949999999 2009
1712202421684 5887.478669 2010
1712202431823 5888.267051999999 2011
1712202441923 5889.606180000001 2012
1712202452080 5891.487488000001 2013
1712202462221 5892.730503000001 2014
1712202472360 5893.468933 2015
1712202482525 5895.66001 2016
1712202492682 5896.194394 2017
1712202502852 5897.925348999999 2018
1712202513002 5899.117538 2019
1712202523085 5901.138078 2020
1712202533240 5902.572334999999 2021
1712202543392 5904.678467 2022
1712202553608 5907.000242 2023
1712202563762 5907.840393999999 2024
1712202573913 5908.592444 2025
1712202584030 5919.269404999999 2026
1712202594159 5922.143333 2027
1712202604292 5922.5503530000005 2028
1712202614434 5927.186352999999 2029
1712202624600 5929.242505 2030
1712202634757 5936.857102 2031
1712202644918 5943.864317 2032
1712202655068 5948.928222999999 2033
1712202665200 5954.207981 2034
1712202675335 5958.42232 2035
1712202685455 5963.534336999999 2036
1712202695594 5966.285062999999 2037
1712202705742 5967.9778750000005 2038
1712202715872 5969.444715 2039
1712202726007 5973.6469959999995 2040
1712202736133 5975.898045 2041
1712202746283 5976.5743299999995 2042
1712202756418 5978.814985999999 2043
1712202766569 5982.193802 2044
1712202776719 5984.754118999999 2045
1712202786848 5988.6197059999995 2046
1712202796990 5993.354568999999 2047
1712202807126 5999.682674 2048
1712202817278 6002.868913 2049
1712202827425 6006.853045 2050
1712202837552 6009.153487 2051
1712202847681 6011.843064999999 2052
1712202857820 6013.613584000001 2053
1712202867965 6018.261073 2054
1712202878107 6019.250343 2055
1712202888238 6022.826671999999 2056
1712202898398 6025.521145000001 2057
1712202908483 6028.209062 2058
1712202918648 6036.345219999999 2059
1712202928779 6038.345407000001 2060
1712202938909 6040.176960000001 2061
1712202949070 6041.515307 2062
1712202959221 6045.564735 2063
1712202969362 6048.027641000001 2064
1712202979492 6050.783943 2065
1712202989621 6059.380116 2066
1712202999720 6063.113224999999 2067
1712203009965 6071.146047 2068
1712203020118 6078.150666 2069
1712203030262 6084.591799 2070
1712203040397 6088.376351999999 2071
1712203050545 6090.768608 2072
1712203060665 6093.211063000001 2073
1712203070808 6094.5078140000005 2074
1712203080936 6098.420871 2075
1712203091107 6102.687356 2076
1712203101273 6105.792224000001 2077
1712203111459 6107.563480999999 2078
1712203121624 6111.689359 2079
1712203131800 6115.104216 2080
1712203141971 6117.774407999999 2081
1712203152170 6126.9580129999995 2082
1712203162368 6130.107045000001 2083
1712203172557 6133.136182 2084
1712203182759 6141.104509999999 2085
1712203192973 6145.534356 2086
1712203203160 6149.047213 2087
1712203213354 6152.395156999999 2088
1712203223547 6155.302935 2089
1712203233803 6160.9753359999995 2090
1712203244106 6165.908431 2091
1712203254312 6167.113871 2092
1712203264508 6169.716762 2093
1712203274707 6175.328976999999 2094
1712203284931 6182.196379999999 2095
1712203295206 6187.571102 2096
1712203305433 6204.713715 2097
1712203315718 6212.693603 2098
1712203325900 6218.321830999999 2099
1712203336049 6224.333117 2100
1712203346209 6235.872814 2101
1712203356349 6240.3479370000005 2102
1712203366513 6246.699473999999 2103
1712203376701 6252.156772 2104
1712203386884 6258.013992 2105
1712203397065 6260.76485 2106
1712203407242 6266.834373 2107
1712203417385 6275.292448 2108
1712203427545 6282.333844999999 2109
1712203437717 6290.806382999999 2110
1712203447874 6294.107957 2111
1712203458053 6296.964816 2112
1712203468304 6298.477525 2113
1712203478468 6303.150061 2114
1712203488627 6304.597969 2115
1712203498799 6308.00887 2116
1712203508959 6312.2173760000005 2117
1712203519112 6315.335509999999 2118
1712203529291 6316.390276 2119
1712203539447 6318.409833 2120
1712203549601 6320.4112829999995 2121
1712203559778 6326.616806 2122
1712203569927 6329.33669 2123
1712203580085 6332.719588 2124
1712203590252 6339.024549 2125
1712203600401 6345.245272 2126
1712203610566 6346.232489 2127
1712203620792 6351.640115 2128
1712203630938 6355.492969999999 2129
1712203641122 6356.3542720000005 2130
1712203651304 6358.585832000001 2131
1712203661458 6361.990163 2132
1712203671616 6366.478740999999 2133
1712203681785 6370.1476 2134
1712203691955 6375.3846140000005 2135
1712203702110 6378.125059 2136
1712203712260 6382.037939 2137
1712203722414 6384.637905 2138
1712203732593 6387.646714 2139
1712203742730 6391.790675 2140
1712203752938 6398.934544 2141
1712203763109 6403.370295999999 2142
1712203773250 6410.1416850000005 2143
1712203783393 6411.761317999999 2144
1712203793556 6419.941578 2145
1712203803774 6424.359498 2146
1712203813920 6433.969510999999 2147
1712203824100 6438.875560999999 2148
1712203834259 6441.9386429999995 2149
1712203844427 6445.006031999999 2150
1712203854696 6453.380112999999 2151
1712203864873 6456.912086 2152
1712203875070 6465.336776 2153
1712203885268 6473.094493999999 2154
1712203895478 6475.544295 2155
1712203905654 6484.587771999999 2156
1712203915937 6490.325213 2157
1712203926114 6494.676229999999 2158
1712203936295 6501.022195 2159
1712203946474 6507.973115000001 2160
1712203956583 6509.722743 2161
1712203966721 6510.35087 2162
1712203977038 6512.508865 2163
1712203987220 6513.322882 2164
1712203997385 6514.427863999999 2165
1712204007501 6516.574124999999 2166
1712204017841 6519.47661 2167
1712204028042 6522.998395999999 2168
1712204038203 6526.396734 2169
1712204048409 6527.459342 2170
1712204058565 6530.172672999999 2171
1712204068701 6531.131187999999 2172
1712204078852 6535.154591999999 2173
1712204089086 6536.028906 2174
1712204099222 6537.087733 2175
1712204109364 6538.015723999999 2176
1712204119550 6539.229388 2177
1712204129794 6544.456725 2178
1712204139893 6548.596034 2179
1712204150091 6549.814569 2180
1712204160270 6552.544221 2181
1712204170500 6557.519361000001 2182
1712204180654 6562.111569999999 2183
1712204190826 6564.353627 2184
1712204200967 6567.922247999999 2185
1712204211147 6570.940004 2186
1712204221318 6573.600605 2187
1712204231469 6575.515369999999 2188
1712204241619 6582.084561 2189
1712204251810 6588.182251 2190
1712204262000 6592.185658 2191
1712204272168 6594.421748000001 2192
1712204282315 6604.009554 2193
1712204292484 6609.377192 2194
1712204302724 6616.449054999999 2195
1712204312868 6618.425026999999 2196
1712204323014 6620.324709999999 2197
1712204333161 6624.752462 2198
1712204343334 6628.456554 2199
1712204353495 6630.292007 2200
1712204363634 6631.599426000001 2201
1712204373781 6633.547277 2202
1712204383937 6637.130502 2203
1712204394164 6640.995389 2204
1712204404318 6645.148906 2205
1712204414497 6659.624141 2206
1712204424642 6679.353327999999 2207
1712204434811 6696.847180999999 2208
1712204444945 6698.5766459999995 2209
1712204455112 6700.264718 2210
1712204465267 6700.319761999999 2211
1712204475514 6700.386323999999 2212
1712204485702 6700.421127 2213
1712204495859 6700.869476 2214
1712204505957 6716.065207 2215
1712204516227 6719.296333 2216
1712204526386 6724.377845999999 2217
1712204536537 6727.93195 2218
1712204546718 6729.134956 2219
1712204556961 6729.737556 2220
1712204567107 6732.298541 2221
1712204577267 6735.381966999999 2222
1712204587456 6736.441631 2223
1712204597605 6738.561142999999 2224
1712204607854 6739.934448 2225
1712204617989 6741.890711 2226
1712204628134 6744.352634999999 2227
1712204638291 6746.020140999999 2228
1712204648464 6748.486638 2229
1712204658699 6749.628919000001 2230
1712204668842 6751.264723 2231
1712204678976 6755.802240999999 2232
1712204689188 6762.080162 2233
1712204699442 6765.060593 2234
1712204709592 6767.795151 2235
1712204719766 6770.862603 2236
1712204729915 6778.922843 2237
1712204740077 6782.1851719999995 2238
1712204750232 6787.209804 2239
1712204760393 6791.252165 2240
1712204770626 6793.511182 2241
1712204780798 6797.190009 2242
1712204790953 6797.670969000001 2243
1712204801105 6803.962269 2244
1712204811272 6813.517604000001 2245
1712204821440 6817.291902999999 2246
1712204831683 6824.139512 2247
1712204841842 6825.806919999999 2248
1712204852025 6827.408047999999 2249
1712204862157 6833.256995 2250
1712204872324 6834.46472 2251
1712204882599 6836.306205999999 2252
1712204892799 6837.8142960000005 2253
1712204902987 6838.713936 2254
1712204913158 6840.973999 2255
1712204923347 6842.472180999999 2256
1712204933621 6844.954164999999 2257
1712204943892 6845.371889 2258
1712204954068 6847.172264000001 2259
1712204964258 6850.1512 2260
1712204974406 6851.754666999999 2261
1712204984682 6855.936716 2262
1712204994868 6863.303629 2263
1712205005090 6870.929598999999 2264
1712205015272 6873.774743 2265
1712205025447 6880.930252 2266
1712205035622 6884.033901000001 2267
1712205045909 6885.461546 2268
1712205056111 6891.408202999999 2269
1712205066288 6894.416103 2270
1712205076478 6900.1706859999995 2271
1712205086645 6901.650637000001 2272
1712205096927 6902.770713 2273
1712205107118 6907.211088 2274
1712205117352 6911.979539 2275
1712205127590 6915.645229 2276
1712205137796 6919.336912999999 2277
1712205148075 6920.003052 2278
1712205158268 6923.194154000001 2279
1712205168437 6925.301319 2280
1712205178612 6927.678324 2281
1712205188804 6930.8563300000005 2282
1712205198973 6933.335109 2283
1712205209257 6940.407615 2284
1712205219405 6945.1092960000005 2285
1712205229563 6952.765368 2286
1712205239714 6955.840821 2287
1712205249881 6962.252348 2288
1712205260059 6970.360962000001 2289
1712205270329 6971.447609999999 2290
1712205280502 6972.171614999999 2291
1712205290654 6980.331156 2292
1712205300837 6984.620136 2293
1712205311028 6989.919791 2294
1712205321190 6993.700763999999 2295
1712205331472 6995.257928999999 2296
1712205341654 6995.968755 2297
1712205351822 6998.166744 2298
1712205361978 7001.088956 2299
1712205372109 7006.843939 2300
1712205382300 7010.628097000001 2301
1712205392557 7016.586515999999 2302
1712205402720 7023.586658 2303
1712205412897 7030.479557999999 2304
1712205423064 7032.643968 2305
1712205433238 7033.957295 2306
1712205443425 7034.599362999999 2307
1712205453586 7038.184179 2308
1712205463751 7039.977527999999 2309
1712205473917 7042.7286220000005 2310
1712205484095 7047.235296999999 2311
1712205494273 7054.590049 2312
1712205504448 7065.2765340000005 2313
1712205514626 7067.173666999999 2314
1712205524833 7071.932591999999 2315
1712205535008 7077.912807000001 2316
1712205545191 7079.664269999999 2317
1712205555391 7084.812205 2318
1712205565571 7087.114399 2319
1712205575747 7095.395167999999 2320
1712205585937 7103.258346999999 2321
1712205596118 7108.223414 2322
1712205606305 7117.5945919999995 2323
1712205616480 7123.767744999999 2324
1712205626663 7126.93686 2325
1712205636824 7134.858780999999 2326
1712205647005 7138.625924 2327
1712205657182 7141.85677 2328
1712205667384 7146.251267 2329
1712205677567 7152.087457 2330
1712205687752 7167.8841649999995 2331
1712205697929 7168.684885000001 2332
1712205708135 7188.2831989999995 2333
1712205718323 7191.436895000001 2334
1712205728507 7193.1617160000005 2335
1712205738668 7194.351269000001 2336
1712205748845 7197.401351999999 2337
1712205759042 7200.031042999999 2338
1712205769211 7202.47788 2339
1712205779395 7207.957622 2340
1712205789587 7209.046474000001 2341
1712205799761 7212.030413999999 2342
1712205809941 7219.87989 2343
1712205820141 7220.616059 2344
1712205830329 7221.827797 2345
1712205840509 7222.846143999999 2346
1712205850699 7224.33993 2347
1712205860874 7225.9841400000005 2348
1712205871052 7227.669403 2349
1712205881224 7228.645358 2350
1712205891408 7235.970626 2351
1712205901591 7240.171989 2352
1712205911888 7245.653636999999 2353
1712205922064 7249.076052 2354
1712205932241 7253.014751000001 2355
1712205942420 7261.288487 2356
1712205952614 7264.506824 2357
1712205962797 7266.695028 2358
