1712182092670 0.0 0
1712182102755 10.021244000000024 1
1712182112830 13.012759000000187 2
1712182122893 13.918729999999869 3
1712182132952 14.880623000000014 4
1712182143014 26.878236000000015 5
1712182153076 35.503866000000016 6
1712182163143 43.448455000000195 7
1712182173220 51.57135100000005 8
1712182183282 64.50124099999994 9
1712182193346 67.33181400000012 10
1712182203413 67.33873399999993 11
1712182213487 77.80163900000025 12
1712182223561 81.88627099999985 13
1712182233636 82.95773800000006 14
1712182243709 91.24069300000019 15
1712182253770 91.90781199999992 16
1712182263850 91.91954399999986 17
1712182273920 92.9773439999999 18
1712182283984 100.87106200000017 19
1712182294075 112.76881400000002 20
1712182304148 132.53246500000023 21
1712182314224 149.97767199999998 22
1712182324291 165.26550700000007 23
1712182334364 172.90879799999993 24
1712182344446 182.45913800000017 25
1712182354508 182.48703699999987 26
1712182364579 189.54459799999995 27
1712182374661 193.16199700000016 28
1712182384737 200.1625039999999 29
1712182394801 201.3969900000002 30
1712182404868 202.78097000000025 31
1712182414943 213.63842599999998 32
1712182425025 221.67733700000008 33
1712182435097 223.03596000000016 34
1712182445164 228.214829 35
1712182455247 228.64003300000013 36
1712182465319 233.85976900000014 37
1712182475394 247.67000400000006 38
1712182485465 259.16801399999986 39
1712182495534 260.30031899999994 40
1712182505615 262.514103 41
1712182515687 272.0814909999999 42
1712182525761 277.5942460000001 43
1712182535842 277.6057759999999 44
1712182545909 277.91455300000007 45
1712182555990 282.9851600000002 46
1712182566073 283.45946600000025 47
1712182576146 283.53569100000004 48
1712182586244 293.35818900000004 49
1712182596321 294.50429799999984 50
1712182606406 294.51685099999986 51
1712182616486 294.53770799999984 52
1712182626560 295.53690400000005 53
1712182636633 295.7587990000002 54
1712182646724 301.961898 55
1712182656793 302.16312199999993 56
1712182666866 307.002199 57
1712182676943 327.4508679999999 58
1712182687015 328.40131699999984 59
1712182697081 329.205962 60
1712182707163 341.083079 61
1712182717248 351.36965199999986 62
1712182727329 358.5034190000001 63
1712182737404 362.1059970000001 64
1712182747477 377.5226240000002 65
1712182757552 387.65482699999984 66
1712182767630 387.6734809999998 67
1712182777719 387.67599299999983 68
1712182787791 387.702487 69
1712182797870 388.04748100000006 70
1712182807945 389.99021600000015 71
1712182818022 392.24370799999997 72
1712182828087 395.66831200000024 73
1712182838182 397.5043019999998 74
1712182848257 398.2480639999999 75
1712182858339 398.85355400000026 76
1712182868408 399.55027299999983 77
1712182878483 400.1531319999999 78
1712182888564 400.81946100000005 79
1712182898636 401.51624600000014 80
1712182908738 402.4231380000001 81
1712182918824 402.44951100000026 82
1712182928901 402.4585740000002 83
1712182938980 402.4659999999999 84
1712182949058 402.49868100000003 85
1712182959141 402.6209090000002 86
1712182969230 412.19417999999996 87
1712182979305 412.70400199999995 88
1712182989379 412.7269769999998 89
1712182999457 412.97198800000024 90
1712183009527 414.36904600000025 91
1712183019607 414.38484900000003 92
1712183029700 414.4209249999999 93
1712183039779 414.42497300000014 94
1712183049846 414.4274599999999 95
1712183059935 414.435481 96
1712183070044 414.4366890000001 97
1712183080119 414.4842480000002 98
1712183090159 414.5177429999999 99
1712183100192 414.5920510000001 100
1712183110225 414.60112500000014 101
1712183120303 417.15862500000003 102
1712183130334 423.2736439999999 103
1712183140381 424.898424 104
1712183150464 432.523584 105
1712183160503 432.7663940000002 106
1712183170555 432.8274230000002 107
1712183180657 440.18247299999985 108
1712183190694 449.7247390000002 109
1712183200739 449.78173300000026 110
1712183210824 455.50145999999995 111
1712183220901 455.80572900000016 112
1712183230946 457.16700100000025 113
1712183240994 457.20366300000023 114
1712183251086 457.3185790000002 115
1712183261129 461.13727599999993 116
1712183271178 461.16739000000007 117
1712183281256 461.20184400000016 118
1712183291303 462.5679439999999 119
1712183301345 468.427322 120
1712183311432 470.0257590000001 121
1712183321471 470.02912000000015 122
1712183331506 470.1002159999998 123
1712183341594 483.25488499999983 124
1712183351688 483.43807100000004 125
1712183361798 485.97890899999993 126
1712183371883 485.98750800000016 127
1712183381924 487.026699 128
1712183392015 491.9097649999999 129
1712183402096 491.9155820000001 130
1712183412185 492.86537499999986 131
1712183422283 498.87079200000016 132
1712183432374 500.45618000000013 133
1712183442413 502.950871 134
1712183452511 506.0388240000002 135
1712183462603 522.0919720000002 136
1712183472688 527.9958550000001 137
1712183482781 529.488687 138
1712183492859 530.8605480000001 139
1712183502892 532.075515 140
1712183512987 533.078908 141
1712183523086 534.4438770000002 142
1712183533174 535.6901819999998 143
1712183543263 536.861007 144
1712183553341 538.3025240000002 145
1712183563385 539.3267059999998 146
1712183573467 540.6293430000001 147
1712183583550 542.4578849999998 148
1712183593631 544.2312499999998 149
1712183603722 545.925002 150
1712183613808 547.2761380000002 151
1712183623838 548.5180879999998 152
1712183633925 548.5489120000002 153
1712183644030 548.5506580000001 154
1712183654125 548.6023890000001 155
1712183664225 548.6168040000002 156
1712183674299 554.6527900000001 157
1712183684335 555.843159 158
1712183694432 556.8772440000002 159
1712183704513 557.146322 160
1712183714613 559.940764 161
1712183724709 562.937535 162
1712183734798 562.9416080000001 163
1712183744842 562.9445690000002 164
1712183754932 564.308137 165
1712183765014 574.678899 166
1712183775122 577.1051630000002 167
1712183785204 580.6041829999999 168
1712183795292 584.4956379999999 169
1712183805334 592.5363820000002 170
1712183815418 593.2231510000001 171
1712183825508 593.2607510000003 172
1712183835614 593.2622980000001 173
1712183845699 596.7899590000002 174
1712183855784 598.4053629999999 175
1712183865838 602.24152 176
1712183875928 602.2514729999998 177
1712183886021 605.7464070000001 178
1712183896108 619.3696719999998 179
1712183906202 630.1630169999999 180
1712183916280 639.083627 181
1712183926322 650.3039830000002 182
1712183936406 650.347522 183
1712183946489 651.772058 184
1712183956581 654.7955860000002 185
1712183966669 656.9028830000002 186
1712183976754 656.9079729999999 187
1712183986800 657.259947 188
1712183996882 659.8406330000003 189
1712184006969 673.869843 190
1712184017057 692.4040089999999 191
1712184027143 692.4074009999999 192
1712184037239 692.4163250000001 193
1712184047337 704.732865 194
1712184057425 706.646064 195
1712184067512 712.9607120000001 196
1712184077597 713.4241870000001 197
1712184087683 713.8615930000001 198
1712184097713 717.346282 199
1712184107801 720.6731709999999 200
1712184117887 723.4117350000001 201
1712184127987 723.489642 202
1712184138065 723.5343929999999 203
1712184148151 723.5433210000001 204
1712184158189 723.5474680000002 205
1712184168293 723.5586039999998 206
1712184178385 723.594087 207
1712184188475 723.604143 208
1712184198580 723.652525 209
1712184208674 728.2924429999998 210
1712184218715 728.2967330000001 211
1712184228806 732.8023929999999 212
1712184238896 752.8992469999998 213
1712184248995 760.2041330000002 214
1712184259082 762.3406060000002 215
1712184269185 764.5304329999999 216
1712184279230 767.417078 217
1712184289339 769.0636680000002 218
1712184299431 770.9860950000002 219
1712184309540 772.4188429999999 220
1712184319648 777.3957620000001 221
1712184329736 782.7404200000001 222
1712184339778 787.405346 223
1712184349887 787.6075930000002 224
1712184360001 788.7082909999999 225
1712184370086 789.0982979999999 226
1712184380196 789.3508540000003 227
1712184390292 789.980798 228
1712184400359 791.5905040000002 229
1712184410468 791.9826779999999 230
1712184420567 793.500403 231
1712184430667 793.8966300000002 232
1712184440766 793.9663700000001 233
1712184450875 795.7142360000003 234
1712184460907 798.5435320000001 235
1712184471006 800.6228839999999 236
1712184481100 803.1779299999998 237
1712184491190 806.1000010000002 238
1712184501276 807.0612150000002 239
1712184511357 808.958509 240
1712184521402 810.810579 241
1712184531503 813.0711369999999 242
1712184541585 815.0713249999999 243
1712184551676 816.9310260000002 244
1712184561778 818.737345 245
1712184571874 822.3842610000002 246
1712184581910 824.6895330000002 247
1712184591999 827.002825 248
1712184602096 828.1109179999999 249
1712184612185 828.3197110000001 250
1712184622308 830.3776659999999 251
1712184632403 830.3791719999999 252
1712184642442 830.4141500000001 253
1712184652533 830.451348 254
1712184662618 830.4576910000001 255
1712184672708 830.4584420000001 256
1712184682808 830.4603870000001 257
1712184692900 830.4698950000002 258
1712184702944 830.4730530000002 259
1712184713045 830.4871929999999 260
1712184723134 830.4924679999999 261
1712184733238 830.4996209999999 262
1712184743326 830.504774 263
1712184753427 830.5090150000001 264
1712184763461 830.510722 265
1712184773583 830.5396890000002 266
1712184783685 830.5435320000001 267
1712184793778 830.54511 268
1712184803863 830.5461369999998 269
1712184813950 830.5472570000002 270
1712184824001 830.5498659999998 271
1712184834104 830.559577 272
1712184844204 830.5630179999998 273
1712184854288 830.566174 274
1712184864386 830.5667130000002 275
1712184874507 830.5677409999998 276
1712184884547 830.5686500000002 277
1712184894654 830.5769949999999 278
1712184904756 830.5848390000001 279
1712184914854 830.5858130000001 280
1712184924960 830.5874269999999 281
1712184935067 830.5882849999998 282
1712184945114 830.5891299999998 283
1712184955214 830.5997699999998 284
1712184965329 830.6018990000002 285
1712184975420 830.6041399999999 286
1712184985507 830.6047750000002 287
1712184995598 830.6053419999998 288
1712185005645 830.6104009999999 289
1712185015733 830.6266 290
1712185025811 830.629668 291
1712185035897 831.7978720000001 292
1712185045992 833.4154450000001 293
1712185056086 836.895548 294
1712185066127 844.895411 295
1712185076211 844.9665810000001 296
1712185086307 845.005267 297
1712185096406 848.103267 298
1712185106505 859.6283640000001 299
1712185116602 862.7707490000003 300
1712185126641 864.7154719999999 301
1712185136732 870.1347569999998 302
1712185146835 872.6253959999999 303
1712185156930 877.0821030000002 304
1712185167030 879.5199130000001 305
1712185177108 881.156633 306
1712185187142 882.6007319999999 307
1712185197227 885.6776239999999 308
1712185207310 886.5363579999998 309
1712185217421 898.4336549999998 310
1712185227513 910.284388 311
1712185237561 924.03667 312
1712185247603 935.5823399999999 313
1712185257648 942.1899509999998 314
1712185267679 962.4281510000001 315
1712185277785 976.9242610000001 316
1712185287845 984.9506630000001 317
1712185297953 1007.5589639999998 318
1712185308046 1015.003553 319
1712185318101 1017.3655509999999 320
1712185328202 1020.3946080000001 321
1712185338299 1022.4592790000002 322
1712185348389 1023.2196760000002 323
1712185358496 1023.9006490000002 324
1712185368580 1026.266428 325
1712185378678 1028.876933 326
1712185388766 1029.999136 327
1712185398857 1032.6961620000002 328
1712185408937 1035.741693 329
1712185419034 1036.825984 330
1712185429122 1038.2668090000002 331
1712185439212 1039.0857449999999 332
1712185449298 1040.3372960000002 333
1712185459394 1041.1328199999998 334
1712185469484 1044.660362 335
1712185479577 1047.600785 336
1712185489667 1051.4052419999998 337
1712185499762 1053.0913209999999 338
1712185509861 1054.7787720000001 339
1712185519965 1055.1252359999999 340
1712185530049 1056.79041 341
1712185540136 1057.566428 342
1712185550235 1058.3834259999999 343
1712185560329 1058.7693090000002 344
1712185570438 1059.6393630000002 345
1712185580527 1063.1305510000002 346
1712185590620 1064.5425920000002 347
1712185600734 1064.900796 348
1712185610828 1068.1087780000003 349
1712185620917 1068.9060100000002 350
1712185631001 1071.9688099999998 351
1712185641094 1073.226122 352
1712185651180 1076.949955 353
1712185661269 1077.8986869999999 354
1712185671384 1080.2577019999999 355
1712185681501 1087.8182060000004 356
1712185691589 1087.8253929999996 357
1712185701668 1087.8302829999998 358
1712185711757 1088.2172109999997 359
1712185721855 1088.445067 360
1712185731954 1088.489301 361
1712185742037 1101.1501709999998 362
1712185752146 1103.386484 363
1712185762242 1105.6270849999996 364
1712185772329 1107.0012279999996 365
1712185782405 1107.623964 366
1712185792493 1107.9108220000003 367
1712185802589 1108.1010959999999 368
1712185812686 1109.307633 369
1712185822771 1110.3327489999997 370
1712185832866 1111.8422130000004 371
1712185842954 1113.2411960000004 372
1712185853057 1115.7371230000003 373
1712185863152 1116.3589660000002 374
1712185873245 1118.0323860000003 375
1712185883329 1119.0967850000002 376
1712185893415 1120.820854 377
1712185903516 1122.2931649999996 378
1712185913612 1123.6778200000003 379
1712185923661 1124.489639 380
1712185933758 1126.0435739999998 381
1712185943852 1127.6624539999998 382
1712185953954 1131.3460209999998 383
1712185964064 1132.827347 384
1712185974119 1133.1762460000004 385
1712185984222 1134.6663050000002 386
1712185994316 1151.6090399999998 387
1712186004422 1159.398632 388
1712186014523 1161.098063 389
1712186024619 1163.2820120000001 390
1712186034726 1166.2849419999998 391
1712186044822 1170.4315300000003 392
1712186054931 1190.4457280000001 393
1712186065045 1199.6998529999996 394
1712186075151 1205.1326160000003 395
1712186085266 1210.11141 396
1712186095370 1210.749198 397
1712186105476 1213.2733160000002 398
1712186115580 1215.4743039999998 399
1712186125683 1217.835103 400
1712186135783 1218.4645569999998 401
1712186145897 1219.0761690000004 402
1712186155996 1220.84074 403
1712186166108 1222.2186809999998 404
1712186176201 1224.3146709999996 405
1712186186300 1226.0478610000005 406
1712186196408 1228.6287960000004 407
1712186206516 1229.9719810000001 408
1712186216616 1230.534757 409
1712186226717 1232.7731660000004 410
1712186236828 1233.8975530000002 411
1712186246924 1235.5346940000004 412
1712186257026 1236.8744460000003 413
1712186267123 1238.8560110000003 414
1712186277222 1240.5799519999996 415
1712186287319 1244.6704889999996 416
1712186297415 1252.6564620000004 417
1712186307520 1259.142104 418
1712186317622 1259.8054859999997 419
1712186327718 1262.3218009999996 420
1712186337823 1266.597515 421
1712186347915 1268.158014 422
1712186358004 1270.0061929999997 423
1712186368113 1272.1741710000001 424
1712186378211 1272.9933159999996 425
1712186388304 1273.7766649999999 426
1712186398406 1281.6724959999997 427
1712186408509 1291.9872819999996 428
1712186418609 1299.981741 429
1712186428701 1300.4702760000005 430
1712186438802 1301.853399 431
1712186448899 1303.1425000000004 432
1712186458997 1304.7614760000001 433
1712186469089 1305.834198 434
1712186479195 1306.9666899999997 435
1712186489299 1309.020881 436
1712186499411 1311.5069900000003 437
1712186509501 1311.5207569999998 438
1712186519619 1313.0284969999998 439
1712186529681 1314.4441920000004 440
1712186539724 1315.6096679999996 441
1712186549772 1330.3715710000001 442
1712186559817 1341.2515150000004 443
1712186569865 1347.828658 444
1712186579967 1348.981682 445
1712186590011 1350.6564009999997 446
1712186600050 1351.7955969999998 447
1712186610136 1354.2425770000004 448
1712186620189 1355.7464860000005 449
1712186630283 1356.942896 450
1712186640400 1359.1409099999996 451
1712186650503 1361.6096000000002 452
1712186660616 1366.0231330000001 453
1712186670727 1370.9731470000002 454
1712186680777 1374.8697159999997 455
1712186690875 1375.9744240000005 456
1712186700980 1378.1901709999997 457
1712186711091 1380.8053699999996 458
1712186721196 1383.417199 459
1712186731287 1386.9434239999996 460
1712186741332 1388.0605179999998 461
1712186751450 1389.7122020000002 462
1712186761557 1390.9641399999996 463
1712186771668 1391.638907 464
1712186781780 1393.7841999999996 465
1712186791892 1395.2078079999997 466
1712186801951 1396.8747390000003 467
1712186812056 1399.438415 468
1712186822158 1401.9641910000005 469
1712186832266 1404.2090030000004 470
1712186842381 1405.2928189999998 471
1712186852470 1407.6111269999997 472
1712186862516 1410.5306180000002 473
1712186872613 1415.5674530000001 474
1712186882706 1420.6973570000005 475
1712186892807 1427.852469 476
1712186902906 1430.8155620000002 477
1712186912995 1436.3790640000002 478
1712186923040 1438.7737000000002 479
1712186933131 1447.3774639999997 480
1712186943225 1450.1189410000002 481
1712186953323 1454.0686499999997 482
1712186963410 1456.2186370000004 483
1712186973510 1461.7408810000002 484
1712186983549 1465.6298600000005 485
1712186993650 1469.9335990000004 486
1712187003745 1475.5850640000003 487
1712187013833 1481.5333969999997 488
1712187023951 1486.271435 489
1712187034055 1489.4547530000004 490
1712187044113 1491.1173450000001 491
1712187054241 1494.6210699999997 492
1712187064330 1496.8660510000004 493
1712187074432 1504.9866290000004 494
1712187084546 1511.3208129999998 495
1712187094593 1515.9587560000004 496
1712187104700 1529.2044629999996 497
1712187114757 1532.463198 498
1712187124803 1534.9316800000001 499
1712187134901 1537.5126160000004 500
1712187144961 1539.6944820000003 501
1712187155001 1540.8626959999997 502
1712187165110 1542.0855749999996 503
1712187175153 1543.345573 504
1712187185200 1544.7773810000003 505
1712187195302 1544.77947 506
1712187205349 1548.583959 507
1712187215424 1550.302502 508
1712187225516 1553.1590270000002 509
1712187235567 1555.096019 510
1712187245608 1558.539308 511
1712187255717 1560.5548279999998 512
1712187265771 1564.8781059999997 513
1712187275821 1566.7596799999997 514
1712187285934 1569.427972 515
1712187295987 1582.814371 516
1712187306040 1586.5320180000003 517
1712187316137 1597.033586 518
1712187326187 1600.601153 519
1712187336234 1603.3261669999997 520
1712187346346 1604.3254170000005 521
1712187356464 1607.5644319999997 522
1712187366564 1613.630877 523
1712187376674 1618.891776 524
1712187386790 1619.6654979999998 525
1712187396844 1621.8923369999998 526
1712187406953 1628.4581709999998 527
1712187417049 1634.447842 528
1712187427147 1642.945776 529
1712187437256 1645.4881680000003 530
1712187447366 1649.0645170000003 531
1712187457412 1652.2953739999998 532
1712187467531 1655.8436319999996 533
1712187477638 1656.887709 534
1712187487755 1662.392034 535
1712187497859 1664.7503259999999 536
1712187507960 1667.4937530000002 537
1712187518010 1672.7856740000002 538
1712187528109 1682.5764839999997 539
1712187538234 1692.7591790000001 540
1712187548334 1707.8626140000001 541
1712187558443 1718.5152359999997 542
1712187568549 1722.9650340000003 543
1712187578596 1727.1034949999998 544
1712187588711 1732.7784310000002 545
1712187598835 1736.1768210000005 546
1712187608940 1740.8064239999999 547
1712187619031 1747.6099950000003 548
1712187629127 1752.0635020000004 549
1712187639182 1759.7080030000002 550
1712187649290 1770.5505150000004 551
1712187659383 1778.0783740000002 552
1712187669495 1793.8911329999996 553
1712187679605 1796.0576500000002 554
1712187689708 1802.6592809999997 555
1712187699757 1807.9819469999998 556
1712187709858 1816.3526669999997 557
1712187719960 1823.1816329999997 558
1712187730061 1825.084816 559
1712187740159 1826.613992 560
1712187750256 1828.2740689999996 561
1712187760388 1833.637615 562
1712187770497 1835.7783329999997 563
1712187780600 1837.2451239999996 564
1712187790689 1838.4557399999999 565
1712187800786 1840.1174299999998 566
1712187810903 1842.3242409999998 567
1712187820963 1844.3344270000002 568
1712187831101 1846.4037789999998 569
1712187841199 1848.042116 570
1712187851310 1851.5131820000001 571
1712187861425 1852.5606199999997 572
1712187871525 1854.5404590000003 573
1712187881568 1859.130474 574
1712187891678 1865.1788410000004 575
1712187901794 1865.523984 576
1712187911912 1869.76755 577
1712187922028 1873.4110409999998 578
1712187932129 1874.4444550000003 579
1712187942177 1875.9234270000002 580
1712187952290 1878.6699999999996 581
1712187962402 1879.8544909999996 582
1712187972508 1881.1023300000002 583
1712187982608 1882.5554960000004 584
1712187992727 1883.5480659999998 585
1712188002776 1885.937281 586
1712188012888 1887.7462819999996 587
1712188022993 1888.5249829999998 588
1712188033093 1889.5957640000001 589
1712188043215 1896.5180029999997 590
1712188053331 1897.9444930000004 591
1712188063375 1899.556505 592
1712188073425 1900.8629329999999 593
1712188083481 1902.0466860000001 594
1712188093538 1903.3382589999997 595
1712188103593 1904.1222030000004 596
1712188113636 1905.1909090000004 597
1712188123737 1907.3785400000002 598
1712188133783 1910.3418390000002 599
1712188143885 1917.8388559999999 600
1712188153928 1922.5815399999997 601
1712188164042 1923.4895629999996 602
1712188174143 1924.5140109999998 603
1712188184197 1926.1489370000004 604
1712188194247 1928.7370720000004 605
1712188204303 1934.66314 606
1712188214408 1935.4830269999998 607
1712188224525 1935.8609849999998 608
1712188234632 1937.3404150000001 609
1712188244676 1940.2750739999997 610
1712188254780 1941.0393769999996 611
1712188264902 1942.1368790000001 612
1712188274962 1945.2762180000004 613
1712188285004 1948.438079 614
1712188295045 1950.8569439999997 615
1712188305136 1952.8644790000003 616
1712188315177 1954.813858 617
1712188325240 1957.516814 618
1712188335338 1963.3495369999996 619
1712188345432 1965.8105389999996 620
1712188355538 1970.5221420000003 621
1712188365606 1977.8563870000003 622
1712188375705 1983.5018619999996 623
1712188385744 1987.9790349999998 624
1712188395795 1991.7372170000003 625
1712188405887 1998.2006649999998 626
1712188415926 2004.6290119999999 627
1712188425967 2013.8501149999997 628
1712188436056 2021.2611170000005 629
1712188446164 2026.3050870000002 630
1712188456217 2033.4825070000002 631
1712188466311 2045.6850879999997 632
1712188476406 2060.965678 633
1712188486454 2062.6443830000003 634
1712188496563 2063.5522400000004 635
1712188506658 2065.074094 636
1712188516752 2065.7739500000002 637
1712188526872 2066.654564 638
1712188536969 2068.274521 639
1712188547027 2069.2218799999996 640
1712188557124 2074.273375 641
1712188567223 2079.88802 642
1712188577319 2082.04008 643
1712188587414 2082.7579149999997 644
1712188597470 2083.7107659999997 645
1712188607563 2087.233449 646
1712188617658 2088.568065 647
1712188627746 2090.22838 648
1712188637843 2091.7916250000003 649
1712188647939 2096.615343 650
1712188657984 2100.1639280000004 651
1712188668080 2106.289502 652
1712188678169 2108.2262429999996 653
1712188688265 2111.0524490000003 654
1712188698373 2112.503381 655
1712188708463 2113.7926009999996 656
1712188718506 2113.8448000000003 657
1712188728614 2114.222609 658
1712188738721 2117.2783219999997 659
1712188748821 2117.671839 660
1712188758934 2120.452584 661
1712188769035 2121.6438140000005 662
1712188779077 2123.414765 663
1712188789161 2125.6753139999996 664
1712188799264 2126.6306959999997 665
1712188809371 2128.869379 666
1712188819479 2130.1664349999996 667
1712188829675 2132.468913 668
1712188839719 2133.796033 669
1712188849824 2135.7951129999997 670
1712188859946 2137.2042910000005 671
1712188870042 2138.5313790000005 672
1712188880144 2140.5890590000004 673
1712188890252 2144.543032 674
1712188900297 2146.7807639999996 675
1712188910411 2148.942963 676
1712188920511 2151.119024 677
1712188930618 2154.3692539999997 678
1712188940707 2155.9787760000004 679
1712188950796 2156.9687879999997 680
1712188960843 2159.3163600000003 681
1712188970950 2161.5148620000004 682
1712188981054 2163.294714 683
1712188991164 2166.7672420000004 684
1712189001277 2167.6541970000003 685
1712189011381 2168.7623209999997 686
1712189021447 2169.425207 687
1712189031548 2170.798373 688
1712189041668 2172.219589 689
1712189051793 2174.2812010000002 690
1712189061914 2178.963994 691
1712189072038 2181.344944 692
1712189082093 2182.833241 693
1712189092200 2186.318712 694
1712189102311 2188.186703 695
1712189112426 2193.0756859999997 696
1712189122533 2193.990888 697
1712189132651 2194.8546300000003 698
1712189142726 2195.9687769999996 699
1712189152837 2198.2105159999996 700
1712189162956 2200.238352 701
1712189173065 2203.4311060000005 702
1712189183192 2206.0641680000003 703
1712189193277 2208.0364050000003 704
1712189203333 2210.6554790000005 705
1712189213420 2212.186053 706
1712189223507 2213.1888139999996 707
1712189233616 2215.242347 708
1712189243712 2217.087769 709
1712189253810 2218.771075 710
1712189263852 2220.5112270000004 711
1712189273945 2222.0408330000005 712
1712189284054 2224.221989 713
1712189294144 2225.6169969999996 714
1712189304251 2229.3072150000003 715
1712189314351 2234.49898 716
1712189324395 2235.448629 717
1712189334507 2238.722816 718
1712189344594 2241.0338450000004 719
1712189354703 2246.713024 720
1712189364802 2253.4764179999997 721
1712189374902 2258.1808029999997 722
1712189384957 2261.637676 723
1712189395052 2268.416117 724
1712189405146 2274.43809 725
1712189415242 2278.588591 726
1712189425337 2280.6600350000003 727
1712189435437 2284.673591 728
1712189445484 2286.887711 729
1712189455580 2289.8387479999997 730
1712189465686 2292.191053 731
1712189475780 2295.0120110000003 732
1712189485896 2303.241466 733
1712189496005 2306.468711 734
1712189506123 2307.759898 735
1712189516233 2309.4302329999996 736
1712189526336 2310.5059210000004 737
1712189536434 2312.2591310000003 738
1712189546538 2313.0069470000003 739
1712189556637 2314.7849730000003 740
1712189566691 2317.4516099999996 741
1712189576793 2321.643291 742
1712189586888 2325.9720140000004 743
1712189596998 2327.833868 744
1712189607086 2329.0906689999997 745
1712189617188 2331.795399 746
1712189627233 2333.431521 747
1712189637328 2333.805412 748
1712189647444 2333.8113260000005 749
1712189657549 2337.4246980000003 750
1712189667653 2345.966519 751
1712189677692 2350.0157169999998 752
1712189687787 2353.3002090000005 753
1712189697888 2360.252118 754
1712189707986 2363.1269939999997 755
1712189718090 2365.687386 756
1712189728199 2368.263096 757
1712189738336 2372.6853560000004 758
1712189748442 2373.5356829999996 759
1712189758537 2374.106077 760
1712189768637 2376.8118799999997 761
1712189778747 2378.010621 762
1712189788850 2379.0208079999998 763
1712189798901 2380.6995650000003 764
1712189809022 2381.0033930000004 765
1712189819127 2382.5232090000004 766
1712189829239 2384.2437350000005 767
1712189839349 2384.6302950000004 768
1712189849456 2385.4740180000003 769
1712189859507 2388.0647540000004 770
1712189869604 2389.07631 771
1712189879714 2389.953846 772
1712189889809 2390.9740349999997 773
1712189899907 2391.9437460000004 774
1712189910020 2393.406106 775
1712189920064 2395.687005 776
1712189930168 2396.233492 777
1712189940264 2397.069933 778
1712189950354 2404.050834 779
1712189960555 2412.0976910000004 780
1712189970669 2417.800562 781
1712189980715 2419.914282 782
1712189990819 2421.209504 783
1712190000914 2422.771118 784
1712190011024 2427.616238 785
1712190021138 2431.6843700000004 786
1712190031256 2432.6380620000004 787
1712190041316 2433.517633 788
1712190051426 2435.902571 789
1712190061532 2449.4552930000004 790
1712190071653 2458.667068 791
1712190081781 2459.851051 792
1712190091982 2461.609879 793
1712190102035 2462.3952679999998 794
1712190112125 2464.107944 795
1712190122229 2465.854439 796
1712190132359 2466.7845709999997 797
1712190142452 2467.440303 798
1712190152565 2468.710737 799
1712190162610 2470.3518550000003 800
1712190172718 2470.9698670000002 801
1712190182827 2471.780966 802
1712190192922 2474.8504719999996 803
1712190203024 2475.944363 804
1712190213124 2476.1300180000003 805
1712190223180 2491.220535 806
1712190233284 2503.7061559999997 807
1712190243387 2514.1563730000003 808
1712190253502 2529.5330200000003 809
1712190263613 2543.9228449999996 810
1712190273722 2553.578758 811
1712190283769 2557.6027120000003 812
1712190293871 2558.3885569999998 813
1712190303968 2566.452841 814
1712190314079 2575.2806880000003 815
1712190324186 2578.126184 816
1712190334303 2578.661649 817
1712190344346 2580.2434989999997 818
1712190354440 2581.3850939999998 819
1712190364561 2583.2557520000005 820
1712190374653 2586.27104 821
1712190384764 2588.122462 822
1712190394863 2590.2299850000004 823
1712190404913 2591.3078739999996 824
1712190415017 2592.677285 825
1712190425105 2595.717609 826
1712190435215 2598.006989 827
1712190445325 2599.066964 828
1712190455417 2600.415058 829
1712190465478 2601.0046939999997 830
1712190475582 2602.307913 831
1712190485688 2603.272928 832
1712190495788 2604.1917070000004 833
1712190505879 2604.694478 834
1712190515982 2606.8761 835
1712190526035 2608.113736 836
1712190536135 2608.3903020000002 837
1712190546224 2609.3353389999997 838
1712190556322 2611.953863 839
1712190566436 2618.384474 840
1712190576547 2618.7924470000003 841
1712190586609 2620.217362 842
1712190596702 2624.6481580000004 843
1712190606806 2626.739279 844
1712190616902 2628.336415 845
1712190626993 2630.01312 846
1712190637100 2633.080711 847
1712190647149 2634.2406640000004 848
1712190657255 2636.7104750000003 849
1712190667356 2637.763203 850
1712190677414 2640.396913 851
1712190687480 2640.9801089999996 852
1712190697578 2644.0163479999997 853
1712190707647 2645.2254310000003 854
1712190717697 2646.3965089999997 855
1712190727801 2651.3991170000004 856
1712190737856 2652.792084 857
1712190747903 2655.0396960000003 858
1712190758004 2655.8244959999997 859
1712190768056 2656.6285089999997 860
1712190778100 2660.4911509999997 861
1712190788209 2661.712868 862
1712190798253 2662.784457 863
1712190808302 2665.220372 864
1712190818402 2666.965976 865
1712190828453 2671.920364 866
1712190838509 2675.465836 867
1712190848618 2678.0762369999998 868
1712190858758 2682.171376 869
1712190868806 2685.413199 870
1712190878897 2688.8076020000003 871
1712190888950 2690.7202620000003 872
1712190898999 2694.7494030000003 873
1712190909112 2698.452884 874
1712190919216 2702.7845009999996 875
1712190929317 2706.202301 876
1712190939385 2709.3419959999997 877
1712190949478 2712.509928 878
1712190959582 2715.8531470000003 879
1712190969734 2728.360921 880
1712190979864 2736.6507500000002 881
1712190989969 2741.096382 882
1712191000020 2748.4223640000005 883
1712191010143 2753.7818570000004 884
1712191020250 2771.2222399999996 885
1712191030348 2777.921769 886
1712191040449 2799.7679510000003 887
1712191050549 2815.287882 888
1712191060605 2819.2595969999998 889
1712191070716 2825.132204 890
1712191080928 2833.291648 891
1712191091025 2837.0636950000003 892
1712191101141 2841.8910360000004 893
1712191111256 2846.4652440000004 894
1712191121304 2853.9302620000003 895
1712191131421 2859.6577979999997 896
1712191141521 2864.50395 897
1712191151629 2872.754784 898
1712191161736 2881.6737289999996 899
1712191171846 2887.15757 900
1712191181898 2893.9821450000004 901
1712191192019 2899.1147560000004 902
1712191202132 2904.7141669999996 903
1712191212237 2907.5146609999997 904
1712191222336 2911.4182320000004 905
1712191232442 2916.756468 906
1712191242494 2921.5819690000003 907
1712191252603 2925.9122810000003 908
1712191262708 2929.968163 909
1712191272827 2936.5207459999997 910
1712191282935 2938.8843869999996 911
1712191293043 2940.9195569999997 912
1712191303096 2950.5693509999996 913
1712191313203 2965.863369 914
1712191323305 2972.452739 915
1712191333420 2975.040268 916
1712191343543 2976.5375609999996 917
1712191353670 2980.8930830000004 918
1712191363728 2982.743323 919
1712191373845 2983.42719 920
1712191383962 2984.413094 921
1712191394086 2986.9573379999997 922
1712191404207 2990.836455 923
1712191414330 2992.56943 924
1712191424391 2995.1914890000003 925
1712191434513 2997.691434 926
1712191444629 2998.472719 927
1712191454756 3000.2497200000003 928
1712191464886 3002.8493489999996 929
1712191475000 3004.275 930
1712191485060 3005.079346 931
1712191495188 3007.1173780000004 932
1712191505323 3009.9045950000004 933
1712191515439 3010.4805140000003 934
1712191525582 3012.0012199999996 935
1712191535697 3014.4478649999996 936
1712191545745 3017.423553 937
1712191555844 3019.6176339999997 938
1712191565974 3020.9763639999996 939
1712191576106 3021.681507 940
1712191586211 3027.3828630000003 941
1712191596321 3030.7085270000002 942
1712191606373 3032.2517730000004 943
1712191616485 3036.582535 944
1712191626601 3039.1106219999997 945
1712191636731 3039.741539 946
1712191646853 3041.850814 947
1712191656963 3044.4810709999997 948
1712191667017 3049.9208350000004 949
1712191677135 3051.6369820000004 950
1712191687242 3054.650459 951
1712191697357 3057.17506 952
1712191707461 3061.457825 953
1712191717528 3063.231045 954
1712191727660 3065.7817520000003 955
1712191737787 3067.0561140000004 956
1712191747888 3069.835882 957
1712191757988 3073.577258 958
1712191768086 3075.686344 959
1712191778146 3078.3198509999997 960
1712191788269 3079.8099349999998 961
1712191798373 3082.450969 962
1712191808490 3085.7083420000004 963
1712191818597 3087.14964 964
1712191828704 3090.2027869999997 965
1712191838753 3092.776322 966
1712191848869 3094.1327939999996 967
1712191858996 3096.108463 968
1712191869112 3099.7047800000005 969
1712191879221 3100.964722 970
1712191889324 3102.7455940000004 971
1712191899380 3106.018777 972
1712191909489 3108.3859500000003 973
1712191919597 3110.9774089999996 974
1712191929698 3115.7087260000003 975
1712191939803 3117.985145 976
1712191949915 3119.8526770000003 977
1712191959969 3122.77802 978
1712191970070 3124.947383 979
1712191980183 3127.8991629999996 980
1712191990295 3133.3440349999996 981
1712192000389 3136.7370699999997 982
1712192010506 3139.7749420000005 983
1712192020553 3141.6043139999997 984
1712192030646 3142.314847 985
1712192040757 3143.616356 986
1712192050865 3147.8478229999996 987
1712192060970 3148.742103 988
1712192071088 3154.581939 989
1712192081148 3155.867009 990
1712192091262 3157.034387 991
1712192101366 3158.8501229999997 992
1712192111476 3160.5391210000003 993
1712192121596 3161.629174 994
1712192131691 3163.0769699999996 995
1712192141746 3164.6973160000002 996
1712192151858 3166.4088500000003 997
1712192161967 3169.48065 998
1712192172077 3172.567345 999
1712192182177 3175.6137400000002 1000
1712192192283 3178.3964579999997 1001
1712192202341 3187.465793 1002
1712192212534 3188.8992249999997 1003
1712192222633 3190.037293 1004
1712192232744 3192.320035 1005
1712192242852 3193.899393 1006
1712192252961 3194.403337 1007
1712192263005 3196.8738609999996 1008
1712192273110 3199.57624 1009
1712192283234 3201.193678 1010
1712192293343 3202.39594 1011
1712192303461 3207.50377 1012
1712192313578 3209.346272 1013
1712192323638 3213.2317310000003 1014
1712192333744 3214.349103 1015
1712192343881 3218.490571 1016
1712192354004 3219.246963 1017
1712192364127 3222.961412 1018
1712192374252 3235.8037360000003 1019
1712192384305 3247.5635930000003 1020
1712192394432 3263.025717 1021
1712192404485 3281.779677 1022
1712192414548 3284.5826469999997 1023
1712192424606 3286.051981 1024
1712192434736 3288.146365 1025
1712192444863 3289.666571 1026
1712192454973 3291.519111 1027
1712192465116 3293.211387 1028
1712192475233 3295.516175 1029
1712192485346 3296.8456220000003 1030
1712192495454 3297.7813929999998 1031
1712192505586 3298.8348680000004 1032
1712192515696 3300.3487010000003 1033
1712192525835 3301.7493769999996 1034
1712192535942 3302.7128260000004 1035
1712192546066 3305.5316799999996 1036
1712192556209 3307.4116010000002 1037
1712192566331 3307.877868 1038
1712192576450 3310.396351 1039
1712192586577 3312.256957 1040
1712192596694 3313.347295 1041
1712192606819 3314.9299669999996 1042
1712192616935 3316.9135840000004 1043
1712192627060 3318.2005510000004 1044
1712192637190 3320.1058900000003 1045
1712192647314 3321.2600610000004 1046
1712192657437 3322.941558 1047
1712192667553 3323.7655090000003 1048
1712192677682 3324.5558690000003 1049
1712192687796 3325.9295210000005 1050
1712192697907 3326.684192 1051
1712192708021 3329.479917 1052
1712192718141 3337.2147470000004 1053
1712192728271 3338.766269 1054
1712192738396 3340.6078540000003 1055
1712192748529 3341.632198 1056
1712192758659 3343.135259 1057
1712192768775 3344.682588 1058
1712192778893 3346.373881 1059
1712192789032 3348.4758960000004 1060
1712192799155 3349.684804 1061
1712192809277 3352.703043 1062
1712192819405 3352.9636379999997 1063
1712192829535 3354.8767169999996 1064
1712192839650 3357.5132689999996 1065
1712192849774 3358.4121 1066
1712192859896 3359.9027650000003 1067
1712192870022 3362.074419 1068
1712192880138 3365.228598 1069
1712192890250 3375.0267200000003 1070
1712192900386 3376.795286 1071
1712192910500 3379.804076 1072
1712192920640 3383.631062 1073
1712192930754 3383.9851869999998 1074
1712192940880 3387.111015 1075
1712192951013 3389.08398 1076
1712192961132 3390.384082 1077
1712192971261 3391.7076220000004 1078
1712192981383 3392.77216 1079
1712192991518 3397.9289080000003 1080
1712193001633 3399.768625 1081
1712193011782 3401.268832 1082
1712193021913 3403.013826 1083
1712193032044 3405.256121 1084
1712193042165 3407.6024380000003 1085
1712193052298 3409.26014 1086
1712193062418 3411.8102540000004 1087
1712193072547 3412.8780170000005 1088
1712193082671 3415.270492 1089
1712193092895 3416.200636 1090
1712193103020 3418.9301170000003 1091
1712193113145 3420.747503 1092
1712193123271 3422.434775 1093
1712193133402 3424.2527560000003 1094
1712193143536 3426.2818110000003 1095
1712193153649 3429.6801 1096
1712193163764 3431.5245170000003 1097
1712193173880 3434.6427479999998 1098
1712193183999 3436.632572 1099
1712193194115 3439.4936890000004 1100
1712193204233 3444.604986 1101
1712193214350 3455.3802360000004 1102
1712193224488 3458.7368010000005 1103
1712193234604 3460.8478259999997 1104
1712193244737 3462.4973350000005 1105
1712193254967 3464.3038410000004 1106
1712193265098 3465.638499 1107
1712193275207 3466.7500189999996 1108
1712193285329 3468.723327 1109
1712193295448 3469.9132480000003 1110
1712193305577 3472.328975 1111
1712193315701 3472.861353 1112
1712193325815 3474.72122 1113
1712193335933 3475.789115 1114
1712193346061 3478.3557269999997 1115
1712193356189 3480.226451 1116
1712193366324 3482.746654 1117
1712193376457 3486.878626 1118
1712193386566 3490.0002449999997 1119
1712193396683 3492.8448030000004 1120
1712193406905 3503.9995400000003 1121
1712193417024 3505.630527 1122
1712193427158 3507.8138540000004 1123
1712193437292 3510.8064929999996 1124
1712193447408 3512.7264440000004 1125
1712193457540 3516.0947419999998 1126
1712193467659 3517.6606319999996 1127
1712193477773 3521.434834 1128
1712193487912 3529.1492869999997 1129
1712193498058 3532.9493589999997 1130
1712193508182 3537.6421240000004 1131
1712193518310 3538.5941049999997 1132
1712193528494 3539.787568 1133
1712193538705 3541.1115489999997 1134
1712193548828 3542.046256 1135
1712193558946 3542.7882990000003 1136
1712193569064 3543.723426 1137
1712193579192 3544.6734090000004 1138
1712193589305 3547.541842 1139
1712193599416 3550.5999130000005 1140
1712193609553 3557.1003379999997 1141
1712193619686 3560.645452 1142
1712193629813 3563.2918000000004 1143
1712193639929 3574.216293 1144
1712193650060 3584.9167970000003 1145
1712193660178 3584.9219420000004 1146
1712193670326 3590.0134599999997 1147
1712193680459 3590.623365 1148
1712193690598 3591.642948 1149
1712193700745 3593.320693 1150
1712193710872 3594.448873 1151
1712193721002 3595.523363 1152
1712193731154 3596.512741 1153
1712193741293 3597.268761 1154
1712193751425 3598.168387 1155
1712193761581 3599.1845829999997 1156
1712193771726 3600.700649 1157
1712193781847 3602.4002370000003 1158
1712193791999 3604.1235140000003 1159
1712193802143 3605.0937630000003 1160
1712193812298 3608.107987 1161
1712193822532 3609.6152129999996 1162
1712193832672 3611.7452150000004 1163
1712193842810 3613.136932 1164
1712193852950 3616.8988679999998 1165
1712193863097 3619.005176 1166
1712193873238 3619.264441 1167
1712193883376 3621.7670730000004 1168
1712193893497 3623.3192299999996 1169
1712193903634 3624.111713 1170
1712193913717 3625.3604870000004 1171
1712193923879 3627.2140679999998 1172
1712193933935 3628.1731270000005 1173
1712193944052 3630.4384240000004 1174
1712193954188 3632.7860619999997 1175
1712193964326 3633.7499949999997 1176
1712193974455 3635.923002 1177
1712193984596 3638.408118 1178
1712193994749 3638.753787 1179
1712194004888 3640.3835670000003 1180
1712194015005 3641.0787729999997 1181
1712194025135 3642.2917330000005 1182
1712194035257 3644.100277 1183
1712194045368 3645.43071 1184
1712194055489 3646.767013 1185
1712194065590 3647.224176 1186
1712194075705 3649.311687 1187
1712194085821 3653.7055139999998 1188
1712194095931 3655.3319340000003 1189
1712194106057 3668.929098 1190
1712194116249 3676.056303 1191
1712194126387 3692.109889 1192
1712194136500 3693.3286430000003 1193
1712194146604 3695.362783 1194
1712194156719 3697.5871190000003 1195
1712194166848 3698.702653 1196
1712194176969 3699.8307040000004 1197
1712194187050 3700.610926 1198
1712194197173 3701.6270289999998 1199
1712194207242 3704.4285720000003 1200
1712194217356 3705.5019180000004 1201
1712194227423 3705.9269099999997 1202
1712194237546 3707.83096 1203
1712194247658 3709.4785349999997 1204
1712194257726 3711.698761 1205
1712194267845 3713.2145299999997 1206
1712194277978 3714.0095560000004 1207
1712194288031 3715.6947080000004 1208
1712194298149 3716.980293 1209
1712194308260 3718.9927060000005 1210
1712194318373 3720.194158 1211
1712194328493 3721.3092680000004 1212
1712194338604 3723.0321420000005 1213
1712194348720 3724.325493 1214
1712194358833 3725.331302 1215
1712194368944 3725.975825 1216
1712194379075 3727.1884029999997 1217
1712194389179 3729.408435 1218
1712194399290 3731.459625 1219
1712194409400 3732.634858 1220
1712194419517 3734.0915099999997 1221
1712194429727 3734.831028 1222
1712194439831 3736.0933019999998 1223
1712194449937 3737.073301 1224
1712194460066 3738.198584 1225
1712194470131 3740.649858 1226
1712194480295 3743.0967530000003 1227
1712194490357 3744.336317 1228
1712194500491 3748.086154 1229
1712194510615 3749.9350870000003 1230
1712194520721 3751.0220940000004 1231
1712194530859 3753.016789 1232
1712194540970 3754.341822 1233
1712194551095 3756.2312960000004 1234
1712194561205 3757.1573620000004 1235
1712194571325 3759.07781 1236
1712194581457 3760.7914779999996 1237
1712194591575 3764.047083 1238
1712194601693 3765.2756329999997 1239
1712194611812 3768.1748620000003 1240
1712194621924 3772.378053 1241
1712194632043 3784.302494 1242
1712194642145 3789.688441 1243
1712194652268 3794.3917210000004 1244
1712194662336 3802.096513 1245
1712194672416 3807.9086009999996 1246
1712194682526 3814.673967 1247
1712194692636 3818.7072570000005 1248
1712194702740 3824.4260470000004 1249
1712194712848 3833.8523330000003 1250
1712194722975 3836.2006669999996 1251
1712194733086 3839.5421440000005 1252
1712194743197 3843.0186150000004 1253
1712194753314 3845.233022 1254
1712194763431 3848.3633050000003 1255
1712194773560 3857.408011 1256
1712194783673 3879.8663899999997 1257
1712194793789 3893.577361 1258
1712194803899 3895.507296 1259
1712194814008 3899.4749749999996 1260
1712194824134 3901.2992769999996 1261
1712194834245 3903.1607799999997 1262
1712194844364 3903.5973369999997 1263
1712194854467 3904.10698 1264
1712194864568 3905.269484 1265
1712194874689 3906.226346 1266
1712194884796 3907.6253680000004 1267
1712194894907 3908.84111 1268
1712194905008 3908.8518470000004 1269
1712194915122 3908.8910520000004 1270
1712194925244 3921.113677 1271
1712194935355 3922.71844 1272
1712194945479 3928.547317 1273
1712194955581 3930.4994760000004 1274
1712194965692 3932.722657 1275
1712194975814 3938.436762 1276
1712194985928 3951.638273 1277
1712194996038 3961.878367 1278
1712195006139 3978.2433130000004 1279
1712195016263 3978.2699880000005 1280
1712195026371 3980.729433 1281
1712195036485 3982.821155 1282
1712195046593 3989.285971 1283
1712195056697 3992.3694929999997 1284
1712195066801 3993.445701 1285
1712195076930 3995.013778 1286
1712195087044 3995.6581170000004 1287
1712195097165 3996.34867 1288
1712195107273 4004.057832 1289
1712195117384 4009.5388660000003 1290
1712195127502 4012.476387 1291
1712195137612 4016.9260529999997 1292
1712195147732 4020.6868360000003 1293
1712195157836 4026.5261459999997 1294
1712195167955 4029.0463590000004 1295
1712195178068 4033.788946 1296
1712195188168 4036.098117 1297
1712195198292 4037.254131 1298
1712195208403 4037.279049 1299
1712195218518 4043.12999 1300
1712195228637 4055.417103 1301
1712195238749 4062.672637 1302
1712195248863 4065.0586399999997 1303
1712195258975 4068.727502 1304
1712195269087 4069.6515560000003 1305
1712195279199 4074.1815570000003 1306
1712195289310 4078.5590319999997 1307
1712195299425 4085.4741820000004 1308
1712195309539 4090.1083860000003 1309
1712195319655 4092.9794100000004 1310
1712195329777 4105.332992 1311
1712195339911 4107.647756 1312
1712195350024 4107.649029 1313
1712195360146 4109.062183 1314
1712195370265 4120.320072 1315
1712195380375 4123.637783 1316
1712195390507 4125.9501199999995 1317
1712195400613 4127.989194 1318
1712195410715 4130.933317000001 1319
1712195420817 4133.651556999999 1320
1712195430928 4136.251190000001 1321
1712195441078 4140.423151999999 1322
1712195451182 4143.330427999999 1323
1712195461302 4145.353988000001 1324
1712195471416 4148.284373 1325
1712195481518 4150.694292 1326
1712195491637 4156.3667270000005 1327
1712195501745 4162.832565999999 1328
1712195511860 4165.624291 1329
1712195521959 4170.670456 1330
1712195532070 4173.194751999999 1331
1712195542189 4174.317964 1332
1712195552291 4180.6022809999995 1333
1712195562405 4183.628386 1334
1712195572513 4186.786209 1335
1712195582625 4188.519061000001 1336
1712195592840 4190.764585999999 1337
1712195602956 4193.708315 1338
1712195613090 4195.242714 1339
1712195623209 4199.305872000001 1340
1712195633338 4202.039344999999 1341
1712195643447 4203.391363999999 1342
1712195653569 4204.974700999999 1343
1712195663686 4206.773845 1344
1712195673798 4210.1023399999995 1345
1712195683915 4212.967259999999 1346
1712195694029 4216.476377999999 1347
1712195704150 4217.279986 1348
1712195714257 4220.368548 1349
1712195724368 4231.859426999999 1350
1712195734485 4236.176337000001 1351
1712195744673 4239.940724 1352
1712195754781 4246.1016930000005 1353
1712195764888 4248.922012999999 1354
1712195774998 4257.158082 1355
1712195785132 4257.779442999999 1356
1712195795249 4261.597148000001 1357
1712195805363 4269.556694000001 1358
1712195815481 4274.7804049999995 1359
1712195825599 4280.988579000001 1360
1712195835713 4289.341162000001 1361
1712195845838 4295.007863000001 1362
1712195855945 4298.248384 1363
1712195866071 4303.243257 1364
1712195876183 4309.465369 1365
1712195886299 4312.179952 1366
1712195896478 4315.602930999999 1367
1712195906589 4317.2953720000005 1368
1712195916718 4318.723078000001 1369
1712195926830 4325.840381 1370
1712195936956 4328.751227000001 1371
1712195947065 4329.7524140000005 1372
1712195957182 4331.731227 1373
1712195967307 4332.842457000001 1374
1712195977413 4334.279306 1375
1712195987528 4339.465109999999 1376
1712195997640 4340.975515 1377
1712196007768 4342.500388 1378
1712196017840 4346.410634 1379
1712196027963 4357.124288000001 1380
1712196038044 4357.1576110000005 1381
1712196048119 4357.178823 1382
1712196058260 4358.543871 1383
1712196068406 4362.714484 1384
1712196078557 4364.257320000001 1385
1712196088652 4367.2407889999995 1386
1712196098795 4368.362375999999 1387
1712196108934 4372.71471 1388
1712196119075 4380.469905 1389
1712196129210 4385.0321650000005 1390
1712196139336 4388.335528 1391
1712196149469 4391.598457 1392
1712196159606 4393.968996 1393
1712196169745 4395.257512 1394
1712196179972 4397.4053380000005 1395
1712196190106 4401.990809000001 1396
1712196200244 4405.431028000001 1397
1712196210375 4406.535098 1398
1712196220500 4409.021499 1399
1712196230645 4410.827464 1400
1712196240776 4412.031228 1401
1712196250913 4412.797839999999 1402
1712196261015 4414.617591 1403
1712196271141 4416.794528 1404
1712196281274 4419.71566 1405
1712196291408 4421.086628999999 1406
1712196301534 4421.682914999999 1407
1712196311643 4422.502517999999 1408
1712196321752 4423.463199 1409
1712196331885 4426.401809000001 1410
1712196341989 4428.239528 1411
1712196352111 4429.2595440000005 1412
1712196362219 4430.0396390000005 1413
1712196372321 4435.486024 1414
1712196382439 4438.1889360000005 1415
1712196392548 4439.203138999999 1416
1712196402658 4440.655105 1417
1712196412777 4443.639201 1418
1712196422897 4446.157776 1419
1712196433022 4447.7247800000005 1420
1712196443146 4450.38911 1421
1712196453260 4452.096115 1422
1712196463395 4457.154057 1423
1712196473600 4466.828095999999 1424
1712196483718 4472.003043999999 1425
1712196493839 4472.691489999999 1426
1712196503943 4475.032767999999 1427
1712196514053 4477.197690999999 1428
1712196524163 4485.132079999999 1429
1712196534263 4488.007874000001 1430
1712196544393 4488.774124 1431
1712196554506 4491.850877999999 1432
1712196564633 4493.422353 1433
1712196574749 4496.050169 1434
1712196584861 4497.961023 1435
1712196594978 4499.063026 1436
1712196605084 4501.678577000001 1437
1712196615222 4502.906294 1438
1712196625464 4504.980030999999 1439
1712196635571 4506.407856 1440
1712196645705 4508.5071800000005 1441
1712196655841 4510.788595 1442
1712196665954 4512.754397000001 1443
1712196676087 4513.804287999999 1444
1712196686216 4516.0640220000005 1445
1712196696310 4518.240978 1446
1712196706447 4520.520554000001 1447
1712196716607 4521.544398 1448
1712196726751 4523.071637000001 1449
1712196736887 4525.6497 1450
1712196747108 4528.218828000001 1451
1712196757247 4531.153055000001 1452
1712196767390 4537.99768 1453
1712196777502 4539.053543 1454
1712196787635 4541.523929999999 1455
1712196797769 4544.438491999999 1456
1712196807905 4548.050099 1457
1712196818046 4549.315424 1458
1712196828180 4555.14632 1459
1712196838315 4561.241678 1460
1712196848525 4566.032587 1461
1712196858675 4570.27901 1462
1712196868795 4579.20549 1463
1712196878942 4582.952674 1464
1712196889097 4586.587876 1465
1712196899244 4590.737712 1466
1712196909375 4591.942469 1467
1712196919512 4594.260662000001 1468
1712196929633 4597.636681 1469
1712196939755 4598.569793000001 1470
1712196949992 4601.046936999999 1471
1712196960119 4603.920491999999 1472
1712196970246 4605.640082 1473
1712196980392 4606.689487 1474
1712196990523 4608.373831000001 1475
1712197000603 4611.885813000001 1476
1712197010735 4613.054409 1477
1712197020885 4615.647588 1478
1712197031017 4618.654385 1479
1712197041161 4619.012328000001 1480
1712197051321 4620.650315999999 1481
1712197061554 4620.935269 1482
1712197071718 4622.168369999999 1483
1712197081866 4623.233505 1484
1712197092000 4624.1125950000005 1485
1712197102162 4625.785512 1486
1712197112341 4626.640332000001 1487
1712197122483 4628.8028300000005 1488
1712197132643 4629.803814999999 1489
1712197142792 4632.958038000001 1490
1712197152923 4638.621273000001 1491
1712197163078 4640.127612 1492
1712197173225 4642.732456 1493
1712197183473 4645.667463 1494
1712197193639 4649.9240740000005 1495
1712197203763 4661.3909650000005 1496
1712197213899 4663.747665999999 1497
1712197224036 4665.953530999999 1498
1712197234213 4667.942362 1499
1712197244381 4670.824076999999 1500
1712197254518 4673.832933 1501
1712197264672 4674.601531 1502
1712197274839 4679.500747 1503
1712197284963 4682.263070999999 1504
1712197295213 4683.719917 1505
1712197305389 4684.76051 1506
1712197315538 4685.201838000001 1507
1712197325662 4686.5996749999995 1508
1712197335817 4687.544177 1509
1712197345984 4688.424498 1510
1712197356111 4689.557554000001 1511
1712197366253 4692.739202999999 1512
1712197376384 4695.781671000001 1513
1712197386512 4698.694455000001 1514
1712197396655 4706.224055000001 1515
1712197406799 4709.301348999999 1516
1712197416931 4710.917093 1517
1712197427091 4712.771793 1518
1712197437258 4712.842089 1519
1712197447389 4716.93132 1520
1712197457536 4718.202787 1521
1712197467667 4719.113727 1522
1712197477784 4720.536585 1523
1712197488028 4722.992464000001 1524
1712197498188 4724.498747 1525
1712197508349 4732.028155 1526
1712197518494 4735.6001479999995 1527
1712197528662 4737.709564000001 1528
1712197538806 4738.430848 1529
1712197548943 4739.378783 1530
1712197559095 4740.296478 1531
1712197569244 4741.733886 1532
1712197579530 4742.799867 1533
1712197589679 4743.399101000001 1534
1712197599823 4744.676729999999 1535
1712197609989 4747.608394000001 1536
1712197620138 4748.995113999999 1537
1712197630284 4750.058879 1538
1712197640427 4750.946878000001 1539
1712197650606 4755.691948 1540
1712197660757 4760.319522 1541
1712197670923 4761.215252 1542
1712197681209 4763.366934 1543
1712197691358 4766.829265 1544
1712197701518 4768.37218 1545
1712197711652 4769.279875 1546
1712197721823 4771.431651999999 1547
1712197731970 4772.829657 1548
1712197742135 4775.166847 1549
1712197752293 4776.0410759999995 1550
1712197762444 4777.278875 1551
1712197772580 4779.509958000001 1552
1712197782756 4781.990463 1553
1712197792987 4784.558503 1554
1712197803142 4786.419970000001 1555
1712197813270 4791.09973 1556
1712197823426 4795.577370999999 1557
1712197833589 4796.715104999999 1558
1712197843755 4797.613375000001 1559
1712197853922 4798.658996 1560
1712197864105 4800.272215999999 1561
1712197874256 4803.307220000001 1562
1712197884386 4806.457168999999 1563
1712197894542 4808.091039000001 1564
1712197904808 4809.476332 1565
1712197915000 4811.149017 1566
1712197925135 4812.7423149999995 1567
1712197935297 4814.641095999999 1568
1712197945485 4816.556981 1569
1712197955657 4818.208532000001 1570
1712197965809 4822.151849 1571
1712197975971 4823.13653 1572
1712197986111 4824.520886 1573
1712197996267 4830.923171 1574
1712198006425 4836.944672 1575
1712198016577 4840.083433 1576
1712198026743 4841.141529 1577
1712198036885 4844.800230999999 1578
1712198047030 4846.27125 1579
1712198057173 4847.216264000001 1580
1712198067327 4847.880047000001 1581
1712198077486 4849.172952000001 1582
1712198087615 4851.200202 1583
1712198097802 4852.553747 1584
1712198107931 4853.2209330000005 1585
1712198118192 4853.907431 1586
1712198128354 4859.168049 1587
1712198138508 4864.527102 1588
1712198148666 4866.810294999999 1589
1712198158807 4868.391559 1590
1712198168961 4869.120122 1591
1712198179141 4871.686087 1592
1712198189311 4872.215396 1593
1712198199452 4872.839239000001 1594
1712198209599 4874.548011999999 1595
1712198219866 4876.26383 1596
1712198230017 4876.547945 1597
1712198240156 4877.8855810000005 1598
1712198250252 4879.18245 1599
1712198260403 4883.767365 1600
1712198270529 4885.049704000001 1601
1712198280651 4886.7698390000005 1602
1712198290802 4887.693128000001 1603
1712198300888 4889.787367999999 1604
1712198311051 4891.285215 1605
1712198321233 4892.848542 1606
1712198331355 4894.291536000001 1607
1712198341543 4896.233603000001 1608
1712198351792 4897.687798999999 1609
1712198361947 4899.951168 1610
1712198372116 4901.715937000001 1611
1712198382243 4902.609605 1612
1712198392442 4903.620362 1613
1712198402642 4904.295366 1614
1712198412742 4906.268787000001 1615
1712198422909 4907.470793 1616
1712198433089 4910.83325 1617
1712198443220 4912.597216 1618
1712198453473 4914.312196999999 1619
1712198463663 4917.775170000001 1620
1712198473810 4921.662349 1621
1712198483977 4924.319866 1622
1712198494157 4926.722496 1623
1712198504264 4927.517449000001 1624
1712198514440 4929.201201 1625
1712198524605 4929.718991 1626
1712198534759 4933.66259 1627
1712198544935 4938.290171000001 1628
1712198555195 4939.1203270000005 1629
1712198565322 4941.018582999999 1630
1712198575497 4945.166348000001 1631
1712198585661 4946.023096999999 1632
1712198595841 4947.492563 1633
1712198606030 4947.970125 1634
1712198616186 4949.199210000001 1635
1712198626266 4949.354031999999 1636
1712198636416 4951.304737 1637
1712198646573 4952.287308999999 1638
1712198656794 4952.982078000001 1639
1712198666925 4955.999250999999 1640
1712198677085 4958.203582 1641
1712198687167 4959.591356000001 1642
1712198697301 4960.9048299999995 1643
1712198707453 4962.476766 1644
1712198717602 4964.0120719999995 1645
1712198727735 4964.985253999999 1646
1712198737845 4967.281736000001 1647
1712198747991 4968.716829000001 1648
1712198758217 4981.407277 1649
1712198768376 4988.370696 1650
1712198778510 4990.301090999999 1651
1712198788648 4991.536695999999 1652
1712198798724 4992.129407 1653
1712198808854 4992.151035000001 1654
1712198818990 4992.422925999999 1655
1712198829157 4993.955234000001 1656
1712198839284 5000.80566 1657
1712198849426 5002.019063 1658
1712198859538 5008.28291 1659
1712198869782 5013.462539 1660
1712198879932 5013.50901 1661
1712198890085 5013.54214 1662
1712198900238 5015.806202 1663
1712198910380 5019.516844 1664
1712198920501 5024.224554 1665
1712198930661 5024.612247999999 1666
1712198940807 5024.624237 1667
1712198950953 5024.639991 1668
1712198961099 5024.692913999999 1669
1712198971241 5024.705511 1670
1712198981337 5024.7303059999995 1671
1712198991521 5024.792447 1672
1712199001670 5024.804389999999 1673
1712199011804 5024.829610000001 1674
1712199021953 5024.845842999999 1675
1712199032088 5025.481271000001 1676
1712199042203 5027.641035000001 1677
1712199052347 5027.700118999999 1678
1712199062485 5027.837926 1679
1712199072633 5027.966392 1680
1712199082853 5027.980106999999 1681
1712199092987 5027.989416 1682
1712199103084 5028.003866000001 1683
1712199113241 5028.024076 1684
1712199123397 5031.476638 1685
1712199133555 5032.561936 1686
1712199143710 5034.431771 1687
1712199153840 5034.477043999999 1688
1712199163950 5034.548548000001 1689
1712199174114 5034.62448 1690
1712199184255 5035.876704 1691
1712199194389 5036.948495000001 1692
1712199204551 5038.324344000001 1693
1712199214681 5039.342893000001 1694
1712199224774 5041.309383 1695
1712199234950 5043.060014000001 1696
1712199245089 5044.728161999999 1697
1712199255242 5045.77671 1698
1712199265405 5046.5656930000005 1699
1712199275548 5048.809341 1700
1712199285709 5051.226833999999 1701
1712199295870 5058.059347 1702
1712199306003 5068.663936999999 1703
1712199316147 5080.522643 1704
1712199326307 5096.32159 1705
1712199336450 5100.969102999999 1706
1712199346537 5103.041805000001 1707
1712199356679 5104.693628999999 1708
1712199366801 5107.261151999999 1709
1712199376928 5109.373261999999 1710
1712199387085 5112.978327999999 1711
1712199397303 5115.476925000001 1712
1712199407468 5117.433782 1713
1712199417615 5119.329207999999 1714
1712199427760 5119.961357 1715
1712199437894 5121.850033000001 1716
1712199448044 5122.550252000001 1717
1712199458127 5124.270236 1718
1712199468267 5126.969582 1719
1712199478408 5128.5003830000005 1720
1712199488544 5130.176165999999 1721
1712199498687 5133.067716 1722
1712199508835 5139.371741999999 1723
1712199518986 5140.507519999999 1724
1712199529112 5149.737241999999 1725
1712199539251 5151.283160999999 1726
1712199549374 5153.59611 1727
1712199559497 5154.768064 1728
1712199569639 5155.932196 1729
1712199579703 5156.815866999999 1730
1712199589853 5160.486325 1731
1712199599989 5162.062802 1732
1712199610109 5164.489173 1733
1712199620239 5165.363649000001 1734
1712199630441 5166.766460999999 1735
1712199640515 5169.237799 1736
1712199650656 5170.51252 1737
1712199660801 5173.374764 1738
1712199670920 5174.422487 1739
1712199681057 5179.24418 1740
1712199691178 5179.791738 1741
1712199701239 5182.347897 1742
1712199711382 5185.712595999999 1743
1712199721506 5186.733839 1744
1712199731714 5188.783792999999 1745
1712199741860 5189.455118 1746
1712199751978 5191.415451999999 1747
1712199762051 5192.313432999999 1748
1712199772182 5193.790922 1749
1712199782316 5194.490577999999 1750
1712199792456 5196.266294999999 1751
1712199802599 5202.250625999999 1752
1712199812752 5203.104276 1753
1712199822832 5204.419554 1754
1712199832947 5207.723898999999 1755
1712199843079 5209.054549999999 1756
1712199853213 5209.766126999999 1757
1712199863348 5211.302738 1758
1712199873480 5212.250982 1759
1712199883552 5213.325068 1760
1712199893686 5215.472443999999 1761
1712199903808 5219.251815 1762
1712199913946 5220.377313999999 1763
1712199924066 5224.797799 1764
1712199934206 5227.105383 1765
1712199944273 5231.659373 1766
1712199954395 5232.0596829999995 1767
1712199964532 5233.539945 1768
1712199974658 5234.630766999999 1769
1712199984789 5236.612949999999 1770
1712199994926 5238.91704 1771
1712200004991 5241.809922999999 1772
1712200015123 5242.357448999999 1773
1712200025269 5243.127809 1774
1712200035482 5244.461152 1775
1712200045613 5245.313764999999 1776
1712200055738 5248.078793999999 1777
1712200065809 5249.132127999999 1778
1712200075954 5251.672468999999 1779
1712200086090 5253.969869999999 1780
1712200096206 5256.527431999999 1781
1712200106335 5257.080087 1782
1712200116466 5258.342429 1783
1712200126548 5260.217805999999 1784
1712200136734 5261.337955999999 1785
1712200146867 5265.77994 1786
1712200157006 5266.808825 1787
1712200167143 5268.536117 1788
1712200177315 5269.785304999999 1789
1712200187469 5270.947555999999 1790
1712200197611 5271.825375999999 1791
1712200207756 5272.925549 1792
1712200217870 5273.438446 1793
1712200228040 5274.448042 1794
1712200238133 5275.388972999999 1795
1712200248318 5277.315033999999 1796
1712200258454 5279.173622999999 1797
1712200268596 5279.317170999999 1798
1712200278760 5279.349269999999 1799
1712200288909 5279.360848999999 1800
1712200299116 5279.381969 1801
1712200309278 5279.402855999999 1802
1712200319412 5281.5865539999995 1803
1712200329572 5283.018228999999 1804
1712200339732 5285.680356999999 1805
1712200349869 5287.753269999999 1806
1712200360030 5288.425041 1807
1712200370187 5290.026201999999 1808
1712200380448 5292.52815 1809
1712200390606 5295.701073999999 1810
1712200400763 5302.964618 1811
1712200410901 5305.862461999999 1812
1712200421053 5308.932218 1813
1712200431205 5311.8543389999995 1814
1712200441395 5314.894544999999 1815
1712200451531 5319.682484999999 1816
1712200461690 5322.130627999999 1817
1712200471868 5333.440139999999 1818
1712200482017 5336.349688999999 1819
1712200492179 5337.997409 1820
1712200502307 5339.804409999999 1821
1712200512460 5341.258125999999 1822
1712200522600 5344.617129999999 1823
1712200532745 5346.110558999999 1824
1712200542898 5358.749834 1825
1712200553040 5368.510429 1826
1712200563193 5378.071693 1827
1712200573330 5388.94267 1828
1712200583479 5392.929102 1829
1712200593630 5395.791319 1830
1712200603853 5399.252892 1831
1712200613998 5400.316988999999 1832
1712200624170 5401.336407999999 1833
1712200634318 5404.347056999999 1834
1712200644464 5405.204809999999 1835
1712200654625 5406.985966 1836
1712200664791 5408.619003 1837
1712200674941 5411.130738 1838
1712200685101 5412.94462 1839
1712200695235 5415.782906999999 1840
1712200705369 5416.433051 1841
1712200715522 5418.360021 1842
1712200725697 5420.603517 1843
1712200735829 5422.269894999999 1844
1712200745992 5423.895827999999 1845
1712200756257 5424.499146 1846
1712200766418 5426.671758999999 1847
1712200776574 5429.879263999999 1848
1712200786743 5431.551137 1849
1712200796904 5433.864627999999 1850
1712200807066 5436.404741 1851
1712200817243 5437.527915999999 1852
1712200827417 5438.526689 1853
1712200837594 5440.147986 1854
1712200847770 5450.6200420000005 1855
1712200857944 5452.582245 1856
1712200868112 5455.2691350000005 1857
1712200878277 5457.581592999999 1858
1712200888426 5459.6966649999995 1859
1712200898613 5461.404350999999 1860
1712200908803 5462.521671 1861
1712200918957 5466.551432 1862
1712200929115 5470.061528999999 1863
1712200939273 5470.6193459999995 1864
1712200949434 5474.241365 1865
1712200959607 5475.113336999999 1866
1712200969769 5476.813630999999 1867
1712200979939 5478.427591 1868
1712200990111 5480.019149 1869
1712201000252 5482.38665 1870
1712201010412 5485.626559 1871
1712201020590 5489.070900999999 1872
1712201030730 5493.049697 1873
1712201040885 5504.186996 1874
1712201051124 5530.592532999999 1875
1712201061302 5537.547997 1876
1712201071452 5539.815924 1877
1712201081611 5540.494251 1878
1712201091770 5542.950923999999 1879
1712201101917 5545.887831 1880
1712201112076 5547.227352 1881
1712201122421 5547.993591999999 1882
1712201132592 5550.997347999999 1883
1712201142749 5551.71495 1884
1712201152910 5552.557955 1885
1712201163073 5554.1499 1886
1712201173239 5556.964033 1887
1712201183371 5557.484837 1888
1712201193523 5560.896299 1889
1712201203683 5561.600678999999 1890
1712201213828 5564.002734 1891
1712201223991 5564.905916 1892
1712201234194 5567.104703999999 1893
1712201244336 5567.571721 1894
1712201254483 5568.935427 1895
1712201264615 5570.395800999999 1896
1712201274750 5573.158239 1897
1712201284915 5573.999173999999 1898
1712201295037 5577.432118999999 1899
1712201305175 5578.775619 1900
1712201315314 5579.595572999999 1901
1712201325466 5581.363243 1902
1712201335602 5582.468233 1903
1712201345841 5584.813458999999 1904
1712201356007 5585.716710999999 1905
1712201366183 5587.099912 1906
1712201376321 5589.30954 1907
1712201386468 5590.453905999999 1908
1712201396612 5594.643398999999 1909
1712201406766 5599.594024 1910
1712201416919 5603.839699 1911
1712201427090 5605.553252 1912
1712201437250 5606.446889999999 1913
1712201447411 5607.476698999999 1914
1712201457575 5609.451953 1915
1712201467714 5610.818852999999 1916
1712201477853 5611.748136 1917
1712201488006 5613.6427029999995 1918
1712201498171 5615.503058 1919
1712201508312 5625.06006 1920
1712201518472 5635.0533749999995 1921
1712201528618 5637.261547 1922
1712201538779 5638.505949999999 1923
1712201548925 5639.739017 1924
1712201559074 5641.689430999999 1925
1712201569354 5643.502635999999 1926
1712201579509 5645.315719 1927
1712201589661 5646.130615 1928
1712201599837 5648.297720999999 1929
1712201609980 5650.254519 1930
1712201620131 5652.8604510000005 1931
1712201630288 5656.933526999999 1932
1712201640443 5658.454295 1933
1712201650585 5662.5188 1934
1712201660716 5663.529993 1935
1712201670848 5666.712680999999 1936
1712201680998 5670.489857999999 1937
1712201691152 5671.332578 1938
1712201701308 5672.316507 1939
1712201711463 5673.938862999999 1940
1712201721720 5674.223096 1941
1712201731882 5680.0073059999995 1942
1712201742026 5682.132098 1943
1712201752168 5682.861808 1944
1712201762313 5684.478643999999 1945
1712201772455 5685.258742 1946
1712201782588 5685.558961999999 1947
1712201792716 5685.568067 1948
1712201802861 5686.200876999999 1949
1712201813011 5690.5272079999995 1950
1712201823167 5695.949365999999 1951
1712201833307 5701.190714 1952
1712201843437 5707.302261999999 1953
1712201853617 5714.731104 1954
1712201863765 5721.248185 1955
1712201874021 5721.273890999999 1956
1712201884181 5733.208956 1957
1712201894343 5741.509323 1958
1712201904491 5748.491135 1959
1712201914635 5757.407976 1960
1712201924783 5763.91799 1961
1712201934882 5769.893689 1962
1712201944971 5774.0953979999995 1963
1712201955106 5778.464161 1964
1712201965288 5791.290104 1965
1712201975431 5797.430426999999 1966
1712201985558 5800.5679789999995 1967
1712201995694 5801.6883259999995 1968
1712202005844 5802.908787 1969
1712202015970 5804.154116 1970
1712202026210 5806.15711 1971
1712202036349 5806.1699659999995 1972
1712202046484 5806.192467999999 1973
1712202056618 5809.099355 1974
1712202066746 5812.948510999999 1975
1712202076874 5814.226465 1976
1712202086998 5817.752624999999 1977
1712202097147 5818.682982999999 1978
1712202107277 5819.616577999999 1979
1712202117409 5820.81279 1980
1712202127557 5822.362324 1981
1712202137684 5823.403082999999 1982
1712202147826 5823.936996 1983
1712202157963 5825.726510999999 1984
1712202168102 5826.827028 1985
1712202178329 5828.157601999999 1986
1712202188463 5829.061781999999 1987
1712202198597 5829.933960999999 1988
1712202208729 5829.95487 1989
1712202218847 5829.969029 1990
1712202228978 5830.003354999999 1991
1712202239113 5830.672232999999 1992
1712202249230 5832.249394 1993
1712202259362 5832.269850999999 1994
1712202269495 5832.308579999999 1995
1712202279634 5832.328314999999 1996
1712202289870 5832.381230999999 1997
1712202300027 5833.317265 1998
1712202310150 5834.567046 1999
1712202320286 5835.4946820000005 2000
1712202330508 5836.853421 2001
1712202340638 5838.5118569999995 2002
1712202350768 5839.079238999999 2003
1712202360909 5840.1235990000005 2004
1712202371028 5842.377829999999 2005
1712202381163 5843.937110999999 2006
1712202391310 5845.583219 2007
1712202401454 5846.738535999999 2008
1712202411545 5848.908764 2009
1712202421684 5849.441352 2010
1712202431823 5850.208058 2011
1712202441923 5851.535999 2012
1712202452080 5853.374276999999 2013
1712202462221 5854.621176999999 2014
1712202472360 5855.352487 2015
1712202482525 5857.519928 2016
1712202492682 5858.025742 2017
1712202502852 5859.736746999999 2018
1712202513002 5860.897348999999 2019
1712202523085 5862.87508 2020
1712202533240 5864.284297 2021
1712202543392 5866.5256549999995 2022
1712202553608 5868.872932999999 2023
1712202563762 5869.703018999999 2024
1712202573913 5870.352779999999 2025
1712202584030 5872.671944 2026
1712202594159 5875.093835 2027
1712202604292 5875.455528 2028
1712202614434 5880.025782999999 2029
1712202624600 5882.006128999999 2030
1712202634757 5885.595936 2031
1712202644918 5889.655026 2032
1712202655068 5894.705613 2033
1712202665200 5899.986132 2034
1712202675335 5904.1911199999995 2035
1712202685455 5909.293247 2036
1712202695594 5912.043661 2037
1712202705742 5913.748507 2038
1712202715872 5915.135451 2039
1712202726007 5919.439290999999 2040
1712202736133 5921.672655999999 2041
1712202746283 5922.345405 2042
1712202756418 5924.540102999999 2043
1712202766569 5927.865732 2044
1712202776719 5930.417772999999 2045
1712202786848 5934.286878999999 2046
1712202796990 5939.028783 2047
1712202807126 5945.364758 2048
1712202817278 5948.528285 2049
1712202827425 5952.510026 2050
1712202837552 5954.804236 2051
1712202847681 5957.491986999999 2052
1712202857820 5959.219212 2053
1712202867965 5963.910497999999 2054
1712202878107 5964.70449 2055
1712202888238 5968.285222 2056
1712202898398 5970.98446 2057
1712202908483 5973.676888 2058
1712202918648 5974.831088999999 2059
1712202928779 5976.8207299999995 2060
1712202938909 5978.645651999999 2061
1712202949070 5979.985322 2062
1712202959221 5984.0420030000005 2063
1712202969362 5986.701310999999 2064
1712202979492 5989.464323 2065
1712202989621 5997.872923999999 2066
1712202999720 6001.603118999999 2067
1712203009965 6003.965332 2068
1712203020118 6005.818421 2069
1712203030262 6011.806424999999 2070
1712203040397 6014.960376999999 2071
1712203050545 6016.677012 2072
1712203060665 6019.113658 2073
1712203070808 6020.418212999999 2074
1712203080936 6024.319133999999 2075
1712203091107 6028.578583999999 2076
1712203101273 6031.688200999999 2077
1712203111459 6033.455248 2078
1712203121624 6037.586148 2079
1712203131800 6040.847324999999 2080
1712203141971 6043.521142 2081
1712203152170 6052.711014 2082
1712203162368 6055.035599999999 2083
1712203172557 6058.03982 2084
1712203182759 6065.6513749999995 2085
1712203192973 6069.918416 2086
1712203203160 6073.061727999999 2087
1712203213354 6076.306011999999 2088
1712203223547 6079.218617 2089
1712203233803 6084.893280999999 2090
1712203244106 6088.424095 2091
1712203254312 6089.528155 2092
1712203264508 6091.179522999999 2093
1712203274707 6099.273964 2094
1712203284931 6106.150535999999 2095
1712203295206 6111.520827999999 2096
1712203305433 6128.201202 2097
1712203315718 6136.015491 2098
1712203325900 6141.646671 2099
1712203336049 6147.655876999999 2100
1712203346209 6159.193502 2101
1712203356349 6163.674021999999 2102
1712203366513 6170.013535 2103
1712203376701 6175.479030999999 2104
1712203386884 6181.315654 2105
1712203397065 6184.072595 2106
1712203407242 6190.143538 2107
1712203417385 6198.614645 2108
1712203427545 6205.4411039999995 2109
1712203437717 6214.118548 2110
1712203447874 6217.376602 2111
1712203458053 6220.152855999999 2112
1712203468304 6221.645349 2113
1712203478468 6226.439519 2114
1712203488627 6227.879813 2115
1712203498799 6231.289674 2116
1712203508959 6235.49768 2117
1712203519112 6238.605439999999 2118
1712203529291 6239.640895999999 2119
1712203539447 6241.65646 2120
1712203549601 6243.647933 2121
1712203559778 6249.854241999999 2122
1712203569927 6252.574256 2123
1712203580085 6255.963608 2124
1712203590252 6262.209803 2125
1712203600401 6268.595818 2126
1712203610566 6269.592047 2127
1712203620792 6274.997149999999 2128
1712203630938 6278.822859 2129
1712203641122 6279.678403 2130
1712203651304 6281.899234999999 2131
1712203661458 6285.293770999999 2132
1712203671616 6289.775002999999 2133
1712203681785 6293.439601 2134
1712203691955 6298.681564 2135
1712203702110 6301.435996 2136
1712203712260 6305.357690999999 2137
1712203722414 6307.959792 2138
1712203732593 6310.969036 2139
1712203742730 6315.111589 2140
1712203752938 6322.2595870000005 2141
1712203763109 6326.699231999999 2142
1712203773250 6333.434417999999 2143
1712203783393 6335.0927919999995 2144
1712203793556 6343.278525 2145
1712203803774 6347.703255999999 2146
1712203813920 6357.309187999999 2147
1712203824100 6362.210423 2148
1712203834259 6365.279963999999 2149
1712203844427 6368.356712999999 2150
1712203854696 6376.653756 2151
1712203864873 6380.265681999999 2152
1712203875070 6388.691488999999 2153
1712203885268 6396.444998999999 2154
1712203895478 6398.9019499999995 2155
1712203905654 6407.866231 2156
1712203915937 6413.687248999999 2157
1712203926114 6418.045687 2158
1712203936295 6424.390667 2159
1712203946474 6431.340764999999 2160
1712203956583 6433.106161 2161
1712203966721 6433.737148 2162
1712203977038 6435.890164 2163
1712203987220 6436.697941999999 2164
1712203997385 6437.806618999999 2165
1712204007501 6439.957613999999 2166
1712204017841 6442.857565 2167
1712204028042 6446.340478 2168
1712204038203 6449.771531 2169
1712204048409 6450.828941 2170
1712204058565 6453.458798 2171
1712204068701 6454.425909 2172
1712204078852 6458.280897999999 2173
1712204089086 6459.155289999999 2174
1712204099222 6460.217213 2175
1712204109364 6461.144391 2176
1712204119550 6462.358817 2177
1712204129794 6467.581459999999 2178
1712204139893 6471.722893 2179
1712204150091 6472.945538 2180
1712204160270 6475.674321 2181
1712204170500 6480.648429999999 2182
1712204180654 6485.1953300000005 2183
1712204190826 6487.477754 2184
1712204200967 6491.049235999999 2185
1712204211147 6494.072225 2186
1712204221318 6496.7029569999995 2187
1712204231469 6498.599512999999 2188
1712204241619 6505.153659 2189
1712204251810 6511.251376 2190
1712204262000 6515.253701 2191
1712204272168 6517.449549999999 2192
1712204282315 6527.07458 2193
1712204292484 6532.416447 2194
1712204302724 6539.481964999999 2195
1712204312868 6541.449348 2196
1712204323014 6543.405581999999 2197
1712204333161 6547.841092999999 2198
1712204343334 6551.5530309999995 2199
1712204353495 6553.387521999999 2200
1712204363634 6554.690036 2201
1712204373781 6556.070791 2202
1712204383937 6559.675206 2203
1712204394164 6563.540283 2204
1712204404318 6567.69462 2205
1712204414497 6582.176572999999 2206
1712204424642 6601.905031999999 2207
1712204434811 6619.395307999999 2208
1712204444945 6621.128929 2209
1712204455112 6622.810939999999 2210
1712204465267 6622.857188 2211
1712204475514 6622.923095 2212
1712204485702 6622.955196999999 2213
1712204495859 6623.403074 2214
1712204505957 6638.597405 2215
1712204516227 6641.831357999999 2216
1712204526386 6646.917964999999 2217
1712204536537 6650.458105 2218
1712204546718 6651.650842999999 2219
1712204556961 6652.257051999999 2220
1712204567107 6654.815546 2221
1712204577267 6657.906960999999 2222
1712204587456 6658.960241999999 2223
1712204597605 6661.0690190000005 2224
1712204607854 6662.438075 2225
1712204617989 6664.394678999999 2226
1712204628134 6666.865422999999 2227
1712204638291 6668.500093999999 2228
1712204648464 6671.003628999999 2229
1712204658699 6672.148874 2230
1712204668842 6673.774390999999 2231
1712204678976 6678.313494 2232
1712204689188 6684.58886 2233
1712204699442 6687.571753999999 2234
1712204709592 6690.303644 2235
1712204719766 6693.370392999999 2236
1712204729915 6701.332887999999 2237
1712204740077 6704.594568999999 2238
1712204750232 6709.626575 2239
1712204760393 6713.652882 2240
1712204770626 6715.90497 2241
1712204780798 6719.57821 2242
1712204790953 6720.048639999999 2243
1712204801105 6726.330534999999 2244
1712204811272 6735.89444 2245
1712204821440 6739.672279 2246
1712204831683 6746.508102 2247
1712204841842 6748.180027999999 2248
1712204852025 6749.776830999999 2249
1712204862157 6755.628450999999 2250
1712204872324 6756.837501 2251
1712204882599 6758.681535 2252
1712204892799 6760.191907 2253
1712204902987 6761.090888999999 2254
1712204913158 6763.356363999999 2255
1712204923347 6764.845916 2256
1712204933621 6767.328691999999 2257
1712204943892 6767.749489 2258
1712204954068 6769.543231 2259
1712204964258 6772.516071 2260
1712204974406 6774.1234349999995 2261
1712204984682 6778.310271999999 2262
1712204994868 6785.685965999999 2263
1712205005090 6793.318347 2264
1712205015272 6796.172447999999 2265
1712205025447 6803.331840999999 2266
1712205035622 6806.456631999999 2267
1712205045909 6807.888648 2268
1712205056111 6813.712533 2269
1712205066288 6814.999582999999 2270
1712205076478 6820.745851 2271
1712205086645 6822.189322 2272
1712205096927 6823.304891 2273
1712205107118 6827.742779999999 2274
1712205117352 6832.584725999999 2275
1712205127590 6836.330961 2276
1712205137796 6840.018873999999 2277
1712205148075 6840.690596 2278
1712205158268 6843.885786999999 2279
1712205168437 6846.009732999999 2280
1712205178612 6848.389195 2281
1712205188804 6851.564804 2282
1712205198973 6854.048735 2283
1712205209257 6861.126472 2284
1712205219405 6865.812958 2285
1712205229563 6873.475569999999 2286
1712205239714 6876.356782999999 2287
1712205249881 6882.858117 2288
1712205260059 6890.971122999999 2289
1712205270329 6892.041917999999 2290
1712205280502 6892.768489 2291
1712205290654 6900.940204999999 2292
1712205300837 6905.233187 2293
1712205311028 6910.532741999999 2294
1712205321190 6914.322544999999 2295
1712205331472 6915.886229 2296
1712205341654 6916.601079 2297
1712205351822 6918.796713 2298
1712205361978 6921.704614 2299
1712205372109 6927.457021999999 2300
1712205382300 6931.255219999999 2301
1712205392557 6937.2209889999995 2302
1712205402720 6944.211453 2303
1712205412897 6951.097387 2304
1712205423064 6953.269634999999 2305
1712205433238 6954.568402999999 2306
1712205443425 6955.199293 2307
1712205453586 6958.798649 2308
1712205463751 6960.576573999999 2309
1712205473917 6963.3318739999995 2310
1712205484095 6967.845735999999 2311
1712205494273 6975.190527999999 2312
1712205504448 6985.875237 2313
1712205514626 6987.49575 2314
1712205524833 6992.533138999999 2315
1712205535008 6998.525442 2316
1712205545191 7000.270644999999 2317
1712205555391 7005.413456999999 2318
1712205565571 7007.715248 2319
1712205575747 7015.987477999999 2320
1712205585937 7023.847873999999 2321
1712205596118 7028.800277999999 2322
1712205606305 7038.084031 2323
1712205616480 7044.265459999999 2324
1712205626663 7047.433439 2325
1712205636824 7055.361607999999 2326
1712205647005 7059.121169 2327
1712205657182 7062.346233999999 2328
1712205667384 7066.740549 2329
1712205677567 7072.583930999999 2330
1712205687752 7088.385312 2331
1712205697929 7089.189012999999 2332
1712205708135 7108.779665 2333
1712205718323 7111.890013999999 2334
1712205728507 7113.642963999999 2335
1712205738668 7114.830975999999 2336
1712205748845 7117.885919999999 2337
1712205759042 7120.521102999999 2338
1712205769211 7122.979479 2339
1712205779395 7128.461057999999 2340
1712205789587 7129.545405999999 2341
1712205799761 7132.530116 2342
1712205809941 7140.375791 2343
1712205820141 7141.110790999999 2344
1712205830329 7142.331837 2345
1712205840509 7143.339585 2346
1712205850699 7144.838147 2347
1712205860874 7146.487316999999 2348
1712205871052 7148.180915999999 2349
1712205881224 7149.165981 2350
1712205891408 7156.487598 2351
1712205901591 7160.670357999999 2352
1712205911888 7166.180462 2353
1712205922064 7169.605282999999 2354
1712205932241 7173.559515999999 2355
1712205942420 7181.826395 2356
1712205952614 7185.0540710000005 2357
1712205962797 7187.234111 2358
