1712182092670 76.7 0
1712182102755 78.7 1
1712182112830 78.8 2
1712182122893 78.8 3
1712182132952 78.8 4
1712182143014 78.8 5
1712182153076 78.9 6
1712182163143 78.8 7
1712182173220 78.8 8
1712182183282 78.8 9
1712182193346 78.8 10
1712182203413 78.9 11
1712182213487 78.9 12
1712182223561 78.9 13
1712182233636 78.8 14
1712182243709 78.8 15
1712182253770 79.1 16
1712182263850 78.7 17
1712182273920 78.8 18
1712182283984 78.7 19
1712182294075 78.6 20
1712182304148 78.7 21
1712182314224 78.7 22
1712182324291 74.2 23
1712182334364 76.0 24
1712182344446 76.2 25
1712182354508 76.0 26
1712182364579 76.1 27
1712182374661 76.2 28
1712182384737 76.2 29
1712182394801 76.2 30
1712182404868 76.2 31
1712182414943 76.2 32
1712182425025 76.2 33
1712182435097 76.2 34
1712182445164 76.3 35
1712182455247 76.4 36
1712182465319 76.4 37
1712182475394 76.3 38
1712182485465 76.4 39
1712182495534 76.4 40
1712182505615 76.5 41
1712182515687 76.5 42
1712182525761 76.5 43
1712182535842 75.6 44
1712182545909 75.7 45
1712182555990 75.9 46
1712182566073 75.9 47
1712182576146 75.9 48
1712182586244 75.8 49
1712182596321 75.8 50
1712182606406 75.8 51
1712182616486 76.3 52
1712182626560 76.5 53
1712182636633 76.5 54
1712182646724 76.5 55
1712182656793 76.4 56
1712182666866 76.4 57
1712182676943 76.4 58
1712182687015 76.4 59
1712182697081 76.4 60
1712182707163 76.4 61
1712182717248 76.4 62
1712182727329 76.5 63
1712182737404 76.4 64
1712182747477 76.5 65
1712182757552 76.6 66
1712182767630 76.5 67
1712182777719 76.4 68
1712182787791 76.5 69
1712182797870 76.5 70
1712182807945 76.7 71
1712182818022 76.7 72
1712182828087 76.7 73
1712182838182 76.6 74
1712182848257 76.7 75
1712182858339 76.7 76
1712182868408 76.6 77
1712182878483 76.5 78
1712182888564 76.5 79
1712182898636 76.4 80
1712182908738 76.5 81
1712182918824 76.5 82
1712182928901 76.6 83
1712182938980 76.6 84
1712182949058 76.6 85
1712182959141 76.5 86
1712182969230 76.6 87
1712182979305 76.6 88
1712182989379 76.7 89
1712182999457 76.6 90
1712183009527 76.6 91
1712183019607 76.6 92
1712183029700 76.6 93
1712183039779 76.6 94
1712183049846 76.7 95
1712183059935 76.9 96
1712183070044 76.7 97
1712183080119 76.7 98
1712183090159 78.1 99
1712183100192 78.8 100
1712183110225 78.9 101
1712183120303 78.9 102
1712183130334 78.4 103
1712183140381 78.3 104
1712183150464 78.6 105
1712183160503 78.6 106
1712183170555 78.6 107
1712183180657 78.6 108
1712183190694 78.6 109
1712183200739 78.6 110
1712183210824 78.7 111
1712183220901 78.6 112
1712183230946 78.7 113
1712183240994 78.6 114
1712183251086 78.7 115
1712183261129 78.6 116
1712183271178 78.6 117
1712183281256 78.6 118
1712183291303 78.7 119
1712183301345 78.8 120
1712183311432 78.8 121
1712183321471 78.8 122
1712183331506 78.8 123
1712183341594 79.3 124
1712183351688 76.6 125
1712183361798 77.5 126
1712183371883 77.6 127
1712183381924 77.5 128
1712183392015 77.7 129
1712183402096 77.6 130
1712183412185 77.7 131
1712183422283 77.7 132
1712183432374 77.7 133
1712183442413 77.6 134
1712183452511 78.6 135
1712183462603 78.9 136
1712183472688 78.8 137
1712183482781 78.6 138
1712183492859 78.7 139
1712183502892 78.7 140
1712183512987 79.1 141
1712183523086 78.9 142
1712183533174 79.0 143
1712183543263 78.9 144
1712183553341 78.9 145
1712183563385 78.9 146
1712183573467 78.9 147
1712183583550 79.0 148
1712183593631 79.0 149
1712183603722 79.0 150
1712183613808 78.9 151
1712183623838 78.8 152
1712183633925 78.9 153
1712183644030 78.2 154
1712183654125 78.2 155
1712183664225 78.2 156
1712183674299 78.2 157
1712183684335 78.2 158
1712183694432 78.2 159
1712183704513 78.2 160
1712183714613 78.2 161
1712183724709 78.2 162
1712183734798 78.2 163
1712183744842 78.1 164
1712183754932 78.5 165
1712183765014 78.4 166
1712183775122 78.4 167
1712183785204 78.4 168
1712183795292 78.3 169
1712183805334 78.3 170
1712183815418 78.4 171
1712183825508 78.5 172
1712183835614 78.5 173
1712183845699 78.4 174
1712183855784 78.4 175
1712183865838 78.4 176
1712183875928 78.5 177
1712183886021 78.6 178
1712183896108 78.5 179
1712183906202 78.5 180
1712183916280 78.5 181
1712183926322 78.5 182
1712183936406 78.5 183
1712183946489 78.6 184
1712183956581 78.8 185
1712183966669 78.6 186
1712183976754 78.5 187
1712183986800 78.5 188
1712183996882 78.7 189
1712184006969 78.7 190
1712184017057 78.7 191
1712184027143 78.7 192
1712184037239 78.6 193
1712184047337 78.7 194
1712184057425 78.8 195
1712184067512 78.8 196
1712184077597 78.8 197
1712184087683 78.8 198
1712184097713 78.7 199
1712184107801 78.8 200
1712184117887 78.9 201
1712184127987 78.9 202
1712184138065 78.9 203
1712184148151 78.8 204
1712184158189 78.8 205
1712184168293 78.9 206
1712184178385 78.9 207
1712184188475 78.9 208
1712184198580 78.8 209
1712184208674 78.8 210
1712184218715 78.8 211
1712184228806 78.9 212
1712184238896 78.9 213
1712184248995 74.0 214
1712184259082 76.5 215
1712184269185 76.3 216
1712184279230 76.4 217
1712184289339 76.5 218
1712184299431 76.6 219
1712184309540 76.6 220
1712184319648 76.7 221
1712184329736 76.7 222
1712184339778 76.7 223
1712184349887 77.0 224
1712184360001 77.0 225
1712184370086 77.1 226
1712184380196 77.2 227
1712184390292 77.2 228
1712184400359 77.2 229
1712184410468 77.3 230
1712184420567 77.4 231
1712184430667 77.5 232
1712184440766 77.5 233
1712184450875 77.6 234
1712184460907 77.6 235
1712184471006 77.7 236
1712184481100 79.2 237
1712184491190 79.3 238
1712184501276 79.3 239
1712184511357 79.4 240
1712184521402 79.3 241
1712184531503 79.3 242
1712184541585 79.3 243
1712184551676 79.4 244
1712184561778 79.4 245
1712184571874 79.4 246
1712184581910 79.4 247
1712184591999 79.4 248
1712184602096 79.5 249
1712184612185 79.5 250
1712184622308 79.5 251
1712184632403 79.6 252
1712184642442 79.5 253
1712184652533 79.6 254
1712184662618 79.7 255
1712184672708 79.7 256
1712184682808 79.7 257
1712184692900 79.7 258
1712184702944 79.7 259
1712184713045 79.7 260
1712184723134 79.7 261
1712184733238 79.8 262
1712184743326 79.7 263
1712184753427 79.7 264
1712184763461 79.7 265
1712184773583 79.7 266
1712184783685 79.8 267
1712184793778 79.8 268
1712184803863 79.8 269
1712184813950 79.8 270
1712184824001 79.8 271
1712184834104 79.8 272
1712184844204 79.9 273
1712184854288 79.9 274
1712184864386 79.9 275
1712184874507 79.9 276
1712184884547 79.9 277
1712184894654 79.9 278
1712184904756 79.9 279
1712184914854 79.9 280
1712184924960 79.9 281
1712184935067 79.9 282
1712184945114 79.9 283
1712184955214 80.1 284
1712184965329 80.0 285
1712184975420 80.0 286
1712184985507 80.0 287
1712184995598 80.0 288
1712185005645 80.0 289
1712185015733 79.6 290
1712185025811 79.7 291
1712185035897 79.8 292
1712185045992 79.8 293
1712185056086 79.8 294
1712185066127 79.8 295
1712185076211 79.7 296
1712185086307 79.8 297
1712185096406 79.9 298
1712185106505 79.8 299
1712185116602 79.8 300
1712185126641 79.8 301
1712185136732 79.8 302
1712185146835 79.9 303
1712185156930 77.5 304
1712185167030 78.3 305
1712185177108 78.4 306
1712185187142 78.4 307
1712185197227 78.5 308
1712185207310 78.6 309
1712185217421 78.6 310
1712185227513 78.6 311
1712185237561 78.5 312
1712185247603 80.5 313
1712185257648 80.9 314
1712185267679 81.0 315
1712185277785 80.3 316
1712185287845 80.5 317
1712185297953 81.2 318
1712185308046 80.9 319
1712185318101 80.7 320
1712185328202 80.8 321
1712185338299 80.8 322
1712185348389 80.7 323
1712185358496 80.5 324
1712185368580 80.6 325
1712185378678 80.5 326
1712185388766 80.6 327
1712185398857 80.6 328
1712185408937 80.6 329
1712185419034 80.6 330
1712185429122 80.6 331
1712185439212 80.6 332
1712185449298 80.6 333
1712185459394 80.9 334
1712185469484 80.7 335
1712185479577 80.5 336
1712185489667 80.5 337
1712185499762 80.3 338
1712185509861 80.6 339
1712185519965 80.6 340
1712185530049 80.6 341
1712185540136 80.6 342
1712185550235 80.8 343
1712185560329 80.8 344
1712185570438 80.7 345
1712185580527 80.7 346
1712185590620 80.6 347
1712185600734 80.6 348
1712185610828 80.6 349
1712185620917 80.6 350
1712185631001 80.7 351
1712185641094 80.7 352
1712185651180 80.6 353
1712185661269 80.6 354
1712185671384 80.7 355
1712185681501 80.7 356
1712185691589 80.7 357
1712185701668 80.7 358
1712185711757 80.7 359
1712185721855 80.6 360
1712185731954 80.7 361
1712185742037 80.1 362
1712185752146 80.2 363
1712185762242 80.3 364
1712185772329 80.3 365
1712185782405 80.1 366
1712185792493 80.2 367
1712185802589 80.2 368
1712185812686 80.2 369
1712185822771 80.2 370
1712185832866 80.2 371
1712185842954 80.2 372
1712185853057 80.4 373
1712185863152 80.3 374
1712185873245 80.4 375
1712185883329 81.2 376
1712185893415 81.1 377
1712185903516 81.1 378
1712185913612 81.1 379
1712185923661 81.2 380
1712185933758 82.1 381
1712185943852 81.8 382
1712185953954 81.7 383
1712185964064 81.1 384
1712185974119 81.7 385
1712185984222 81.9 386
1712185994316 81.7 387
1712186004422 81.6 388
1712186014523 81.4 389
1712186024619 81.3 390
1712186034726 81.3 391
1712186044822 81.4 392
1712186054931 81.5 393
1712186065045 81.5 394
1712186075151 81.6 395
1712186085266 81.4 396
1712186095370 81.5 397
1712186105476 81.6 398
1712186115580 81.6 399
1712186125683 81.3 400
1712186135783 81.3 401
1712186145897 81.2 402
1712186155996 81.6 403
1712186166108 81.5 404
1712186176201 77.1 405
1712186186300 79.9 406
1712186196408 80.2 407
1712186206516 80.2 408
1712186216616 80.3 409
1712186226717 80.4 410
1712186236828 80.4 411
1712186246924 80.4 412
1712186257026 80.4 413
1712186267123 80.4 414
1712186277222 80.4 415
1712186287319 80.5 416
1712186297415 80.5 417
1712186307520 80.4 418
1712186317622 80.4 419
1712186327718 80.4 420
1712186337823 80.4 421
1712186347915 80.4 422
1712186358004 80.6 423
1712186368113 80.5 424
1712186378211 80.4 425
1712186388304 80.5 426
1712186398406 80.2 427
1712186408509 80.2 428
1712186418609 80.2 429
1712186428701 80.2 430
1712186438802 80.2 431
1712186448899 80.2 432
1712186458997 80.3 433
1712186469089 80.3 434
1712186479195 80.3 435
1712186489299 80.3 436
1712186499411 80.3 437
1712186509501 80.4 438
1712186519619 80.4 439
1712186529681 81.5 440
1712186539724 82.2 441
1712186549772 82.5 442
1712186559817 83.0 443
1712186569865 82.0 444
1712186579967 81.8 445
1712186590011 81.8 446
1712186600050 81.8 447
1712186610136 81.8 448
1712186620189 81.8 449
1712186630283 79.4 450
1712186640400 79.4 451
1712186650503 79.5 452
1712186660616 79.5 453
1712186670727 79.6 454
1712186680777 79.5 455
1712186690875 79.6 456
1712186700980 79.7 457
1712186711091 79.9 458
1712186721196 79.9 459
1712186731287 79.9 460
1712186741332 80.1 461
1712186751450 79.8 462
1712186761557 79.9 463
1712186771668 80.1 464
1712186781780 80.1 465
1712186791892 80.2 466
1712186801951 79.9 467
1712186812056 80.1 468
1712186822158 80.0 469
1712186832266 80.1 470
1712186842381 80.1 471
1712186852470 80.0 472
1712186862516 80.0 473
1712186872613 80.1 474
1712186882706 80.1 475
1712186892807 80.1 476
1712186902906 80.1 477
1712186912995 80.1 478
1712186923040 80.0 479
1712186933131 80.1 480
1712186943225 80.1 481
1712186953323 80.2 482
1712186963410 80.2 483
1712186973510 80.1 484
1712186983549 80.1 485
1712186993650 80.2 486
1712187003745 80.2 487
1712187013833 80.2 488
1712187023951 80.1 489
1712187034055 80.1 490
1712187044113 80.1 491
1712187054241 81.3 492
1712187064330 81.4 493
1712187074432 81.3 494
1712187084546 77.5 495
1712187094593 79.0 496
1712187104700 80.8 497
1712187114757 80.9 498
1712187124803 80.6 499
1712187134901 80.1 500
1712187144961 80.1 501
1712187155001 80.0 502
1712187165110 80.0 503
1712187175153 80.1 504
1712187185200 80.2 505
1712187195302 80.2 506
1712187205349 80.2 507
1712187215424 80.2 508
1712187225516 80.2 509
1712187235567 80.3 510
1712187245608 80.3 511
1712187255717 80.3 512
1712187265771 80.3 513
1712187275821 80.2 514
1712187285934 80.1 515
1712187295987 80.1 516
1712187306040 80.1 517
1712187316137 80.0 518
1712187326187 80.0 519
1712187336234 80.0 520
1712187346346 80.0 521
1712187356464 80.3 522
1712187366564 80.1 523
1712187376674 80.1 524
1712187386790 80.0 525
1712187396844 80.0 526
1712187406953 80.0 527
1712187417049 80.0 528
1712187427147 80.1 529
1712187437256 80.1 530
1712187447366 80.0 531
1712187457412 80.0 532
1712187467531 80.1 533
1712187477638 79.7 534
1712187487755 79.8 535
1712187497859 79.7 536
1712187507960 79.7 537
1712187518010 79.7 538
1712187528109 79.8 539
1712187538234 79.7 540
1712187548334 78.2 541
1712187558443 78.4 542
1712187568549 78.3 543
1712187578596 78.3 544
1712187588711 78.3 545
1712187598835 78.3 546
1712187608940 78.3 547
1712187619031 78.3 548
1712187629127 78.3 549
1712187639182 78.3 550
1712187649290 78.4 551
1712187659383 78.5 552
1712187669495 78.5 553
1712187679605 78.5 554
1712187689708 78.4 555
1712187699757 78.4 556
1712187709858 78.5 557
1712187719960 78.5 558
1712187730061 78.6 559
1712187740159 78.6 560
1712187750256 78.6 561
1712187760388 78.6 562
1712187770497 78.6 563
1712187780600 78.6 564
1712187790689 78.7 565
1712187800786 78.7 566
1712187810903 78.6 567
1712187820963 78.6 568
1712187831101 78.7 569
1712187841199 78.7 570
1712187851310 78.8 571
1712187861425 78.8 572
1712187871525 78.8 573
1712187881568 78.7 574
1712187891678 78.9 575
1712187901794 78.7 576
1712187911912 78.8 577
1712187922028 78.8 578
1712187932129 78.8 579
1712187942177 78.8 580
1712187952290 78.8 581
1712187962402 78.8 582
1712187972508 78.9 583
1712187982608 73.9 584
1712187992727 77.3 585
1712188002776 77.6 586
1712188012888 77.7 587
1712188022993 77.7 588
1712188033093 77.8 589
1712188043215 77.8 590
1712188053331 77.8 591
1712188063375 77.7 592
1712188073425 79.0 593
1712188083481 80.0 594
1712188093538 81.0 595
1712188103593 80.7 596
1712188113636 80.4 597
1712188123737 80.2 598
1712188133783 80.2 599
1712188143885 80.2 600
1712188153928 80.2 601
1712188164042 80.3 602
1712188174143 80.1 603
1712188184197 80.1 604
1712188194247 80.1 605
1712188204303 81.5 606
1712188214408 82.1 607
1712188224525 81.7 608
1712188234632 81.5 609
1712188244676 81.4 610
1712188254780 81.7 611
1712188264902 81.2 612
1712188274962 81.1 613
1712188285004 81.8 614
1712188295045 81.2 615
1712188305136 81.0 616
1712188315177 81.0 617
1712188325240 81.0 618
1712188335338 81.0 619
1712188345432 81.0 620
1712188355538 81.0 621
1712188365606 80.9 622
1712188375705 82.1 623
1712188385744 82.0 624
1712188395795 81.9 625
1712188405887 81.2 626
1712188415926 80.9 627
1712188425967 80.9 628
1712188436056 80.9 629
1712188446164 78.8 630
1712188456217 79.0 631
1712188466311 78.5 632
1712188476406 78.5 633
1712188486454 78.5 634
1712188496563 78.5 635
1712188506658 78.5 636
1712188516752 78.5 637
1712188526872 78.5 638
1712188536969 78.5 639
1712188547027 78.5 640
1712188557124 78.6 641
1712188567223 78.6 642
1712188577319 78.6 643
1712188587414 78.5 644
1712188597470 78.5 645
1712188607563 78.5 646
1712188617658 78.5 647
1712188627746 78.6 648
1712188637843 78.5 649
1712188647939 78.5 650
1712188657984 78.5 651
1712188668080 78.5 652
1712188678169 78.5 653
1712188688265 78.5 654
1712188698373 78.5 655
1712188708463 79.5 656
1712188718506 79.1 657
1712188728614 79.1 658
1712188738721 79.1 659
1712188748821 77.7 660
1712188758934 77.9 661
1712188769035 77.8 662
1712188779077 77.8 663
1712188789161 77.8 664
1712188799264 77.8 665
1712188809371 77.8 666
1712188819479 77.8 667
1712188829675 77.8 668
1712188839719 77.7 669
1712188849824 77.8 670
1712188859946 77.9 671
1712188870042 77.9 672
1712188880144 78.0 673
1712188890252 75.3 674
1712188900297 76.2 675
1712188910411 76.4 676
1712188920511 76.1 677
1712188930618 76.2 678
1712188940707 76.3 679
1712188950796 76.3 680
1712188960843 76.3 681
1712188970950 76.3 682
1712188981054 75.2 683
1712188991164 75.3 684
1712189001277 75.3 685
1712189011381 75.3 686
1712189021447 75.4 687
1712189031548 75.4 688
1712189041668 75.5 689
1712189051793 75.6 690
1712189061914 75.7 691
1712189072038 75.9 692
1712189082093 75.9 693
1712189092200 76.1 694
1712189102311 76.1 695
1712189112426 76.2 696
1712189122533 76.2 697
1712189132651 76.2 698
1712189142726 76.3 699
1712189152837 76.7 700
1712189162956 76.5 701
1712189173065 76.7 702
1712189183192 76.7 703
1712189193277 76.7 704
1712189203333 76.7 705
1712189213420 76.8 706
1712189223507 76.8 707
1712189233616 76.8 708
1712189243712 76.7 709
1712189253810 76.7 710
1712189263852 76.6 711
1712189273945 76.7 712
1712189284054 76.8 713
1712189294144 76.8 714
1712189304251 76.7 715
1712189314351 76.7 716
1712189324395 76.7 717
1712189334507 76.7 718
1712189344594 76.8 719
1712189354703 76.8 720
1712189364802 76.8 721
1712189374902 76.7 722
1712189384957 76.7 723
1712189395052 76.8 724
1712189405146 76.8 725
1712189415242 76.9 726
1712189425337 76.9 727
1712189435437 76.9 728
1712189445484 76.8 729
1712189455580 77.1 730
1712189465686 77.2 731
1712189475780 77.0 732
1712189485896 77.0 733
1712189496005 76.9 734
1712189506123 77.0 735
1712189516233 77.0 736
1712189526336 77.0 737
1712189536434 77.0 738
1712189546538 77.0 739
1712189556637 76.9 740
1712189566691 76.9 741
1712189576793 77.0 742
1712189586888 77.1 743
1712189596998 77.1 744
1712189607086 77.1 745
1712189617188 77.1 746
1712189627233 77.1 747
1712189637328 77.2 748
1712189647444 77.2 749
1712189657549 77.4 750
1712189667653 77.2 751
1712189677692 77.2 752
1712189687787 77.3 753
1712189697888 77.3 754
1712189707986 77.3 755
1712189718090 77.4 756
1712189728199 77.4 757
1712189738336 77.3 758
1712189748442 77.4 759
1712189758537 77.5 760
1712189768637 77.5 761
1712189778747 77.4 762
1712189788850 73.1 763
1712189798901 75.3 764
1712189809022 75.6 765
1712189819127 75.9 766
1712189829239 75.9 767
1712189839349 75.9 768
1712189849456 75.9 769
1712189859507 75.9 770
1712189869604 75.9 771
1712189879714 75.9 772
1712189889809 75.4 773
1712189899907 75.4 774
1712189910020 75.4 775
1712189920064 75.4 776
1712189930168 75.5 777
1712189940264 75.5 778
1712189950354 75.5 779
1712189960555 75.7 780
1712189970669 75.6 781
1712189980715 75.6 782
1712189990819 75.6 783
1712190000914 75.6 784
1712190011024 75.8 785
1712190021138 75.9 786
1712190031256 75.9 787
1712190041316 75.9 788
1712190051426 76.0 789
1712190061532 76.0 790
1712190071653 76.0 791
1712190081781 76.0 792
1712190091982 75.9 793
1712190102035 75.9 794
1712190112125 76.0 795
1712190122229 76.0 796
1712190132359 76.0 797
1712190142452 76.0 798
1712190152565 76.0 799
1712190162610 75.9 800
1712190172718 76.0 801
1712190182827 76.0 802
1712190192922 76.0 803
1712190203024 76.0 804
1712190213124 76.1 805
1712190223180 76.1 806
1712190233284 76.1 807
1712190243387 76.1 808
1712190253502 76.2 809
1712190263613 76.2 810
1712190273722 76.2 811
1712190283769 76.2 812
1712190293871 76.2 813
1712190303968 76.2 814
1712190314079 76.2 815
1712190324186 76.2 816
1712190334303 76.2 817
1712190344346 76.1 818
1712190354440 76.4 819
1712190364561 76.3 820
1712190374653 76.3 821
1712190384764 76.3 822
1712190394863 76.2 823
1712190404913 76.2 824
1712190415017 76.3 825
1712190425105 76.4 826
1712190435215 76.3 827
1712190445325 76.3 828
1712190455417 76.3 829
1712190465478 76.2 830
1712190475582 76.3 831
1712190485688 76.3 832
1712190495788 76.3 833
1712190505879 76.3 834
1712190515982 76.3 835
1712190526035 76.3 836
1712190536135 76.3 837
1712190546224 76.4 838
1712190556322 76.4 839
1712190566436 76.4 840
1712190576547 76.4 841
1712190586609 76.4 842
1712190596702 76.4 843
1712190606806 76.5 844
1712190616902 76.5 845
1712190626993 76.5 846
1712190637100 76.5 847
1712190647149 76.5 848
1712190657255 77.8 849
1712190667356 77.8 850
1712190677414 78.7 851
1712190687480 78.7 852
1712190697578 78.7 853
1712190707647 78.7 854
1712190717697 79.2 855
1712190727801 79.2 856
1712190737856 79.1 857
1712190747903 79.2 858
1712190758004 79.1 859
1712190768056 79.1 860
1712190778100 79.2 861
1712190788209 79.3 862
1712190798253 79.3 863
1712190808302 79.2 864
1712190818402 79.2 865
1712190828453 79.2 866
1712190838509 79.3 867
1712190848618 79.3 868
1712190858758 79.7 869
1712190868806 80.0 870
1712190878897 77.5 871
1712190888950 78.1 872
1712190898999 77.6 873
1712190909112 77.8 874
1712190919216 77.9 875
1712190929317 77.8 876
1712190939385 77.8 877
1712190949478 77.9 878
1712190959582 78.0 879
1712190969734 78.0 880
1712190979864 78.0 881
1712190989969 78.0 882
1712191000020 77.9 883
1712191010143 78.1 884
1712191020250 78.0 885
1712191030348 78.0 886
1712191040449 78.0 887
1712191050549 78.0 888
1712191060605 77.9 889
1712191070716 78.0 890
1712191080928 78.0 891
1712191091025 78.1 892
1712191101141 78.1 893
1712191111256 78.1 894
1712191121304 78.1 895
1712191131421 78.1 896
1712191141521 78.1 897
1712191151629 77.5 898
1712191161736 77.6 899
1712191171846 77.5 900
1712191181898 77.5 901
1712191192019 77.6 902
1712191202132 77.7 903
1712191212237 77.6 904
1712191222336 77.7 905
1712191232442 77.7 906
1712191242494 77.6 907
1712191252603 77.7 908
1712191262708 77.7 909
1712191272827 77.8 910
1712191282935 77.7 911
1712191293043 77.7 912
1712191303096 77.7 913
1712191313203 77.8 914
1712191323305 76.0 915
1712191333420 76.0 916
1712191343543 76.0 917
1712191353670 76.0 918
1712191363728 76.1 919
1712191373845 76.1 920
1712191383962 76.3 921
1712191394086 76.4 922
1712191404207 76.4 923
1712191414330 76.5 924
1712191424391 76.5 925
1712191434513 76.6 926
1712191444629 76.7 927
1712191454756 76.8 928
1712191464886 76.8 929
1712191475000 76.9 930
1712191485060 77.0 931
1712191495188 77.1 932
1712191505323 77.2 933
1712191515439 77.4 934
1712191525582 77.4 935
1712191535697 77.3 936
1712191545745 77.4 937
1712191555844 77.7 938
1712191565974 77.6 939
1712191576106 77.6 940
1712191586211 77.5 941
1712191596321 77.4 942
1712191606373 77.4 943
1712191616485 77.5 944
1712191626601 77.5 945
1712191636731 77.6 946
1712191646853 77.1 947
1712191656963 77.1 948
1712191667017 77.1 949
1712191677135 77.1 950
1712191687242 77.1 951
1712191697357 77.2 952
1712191707461 77.1 953
1712191717528 77.1 954
1712191727660 77.2 955
1712191737787 77.1 956
1712191747888 77.2 957
1712191757988 77.3 958
1712191768086 77.2 959
1712191778146 73.9 960
1712191788269 75.2 961
1712191798373 75.2 962
1712191808490 75.5 963
1712191818597 75.5 964
1712191828704 75.5 965
1712191838753 75.5 966
1712191848869 75.6 967
1712191858996 75.6 968
1712191869112 75.6 969
1712191879221 75.6 970
1712191889324 76.0 971
1712191899380 75.9 972
1712191909489 76.0 973
1712191919597 75.9 974
1712191929698 76.0 975
1712191939803 76.0 976
1712191949915 76.0 977
1712191959969 75.9 978
1712191970070 76.0 979
1712191980183 76.0 980
1712191990295 76.0 981
1712192000389 76.0 982
1712192010506 76.0 983
1712192020553 75.9 984
1712192030646 76.0 985
1712192040757 76.0 986
1712192050865 76.1 987
1712192060970 76.1 988
1712192071088 76.1 989
1712192081148 76.0 990
1712192091262 76.1 991
1712192101366 76.1 992
1712192111476 76.2 993
1712192121596 76.1 994
1712192131691 76.2 995
1712192141746 76.1 996
1712192151858 76.1 997
1712192161967 76.3 998
1712192172077 76.3 999
1712192182177 76.3 1000
1712192192283 76.3 1001
1712192202341 76.2 1002
1712192212534 76.3 1003
1712192222633 76.3 1004
1712192232744 76.3 1005
1712192242852 76.2 1006
1712192252961 76.2 1007
1712192263005 76.2 1008
1712192273110 76.3 1009
1712192283234 76.3 1010
1712192293343 76.4 1011
1712192303461 76.3 1012
1712192313578 76.3 1013
1712192323638 76.3 1014
1712192333744 76.4 1015
1712192343881 76.4 1016
1712192354004 76.5 1017
1712192364127 76.5 1018
1712192374252 76.4 1019
1712192384305 76.4 1020
1712192394432 76.5 1021
1712192404485 76.5 1022
1712192414548 77.9 1023
1712192424606 77.9 1024
1712192434736 78.8 1025
1712192444863 79.4 1026
1712192454973 79.1 1027
1712192465116 78.5 1028
1712192475233 78.4 1029
1712192485346 78.4 1030
1712192495454 78.3 1031
1712192505586 78.3 1032
1712192515696 78.4 1033
1712192525835 78.4 1034
1712192535942 78.4 1035
1712192546066 78.3 1036
1712192556209 78.3 1037
1712192566331 78.3 1038
1712192576450 78.3 1039
1712192586577 78.3 1040
1712192596694 78.4 1041
1712192606819 77.8 1042
1712192616935 77.8 1043
1712192627060 77.8 1044
1712192637190 77.8 1045
1712192647314 77.9 1046
1712192657437 78.2 1047
1712192667553 78.1 1048
1712192677682 77.9 1049
1712192687796 77.9 1050
1712192697907 78.0 1051
1712192708021 78.1 1052
1712192718141 78.6 1053
1712192728271 78.3 1054
1712192738396 74.8 1055
1712192748529 77.3 1056
1712192758659 77.6 1057
1712192768775 77.7 1058
1712192778893 77.6 1059
1712192789032 77.6 1060
1712192799155 77.6 1061
1712192809277 77.5 1062
1712192819405 77.6 1063
1712192829535 77.6 1064
1712192839650 77.6 1065
1712192849774 77.6 1066
1712192859896 77.6 1067
1712192870022 77.6 1068
1712192880138 77.4 1069
1712192890250 77.3 1070
1712192900386 77.2 1071
1712192910500 77.2 1072
1712192920640 77.2 1073
1712192930754 77.2 1074
1712192940880 77.2 1075
1712192951013 77.3 1076
1712192961132 77.4 1077
1712192971261 77.3 1078
1712192981383 77.3 1079
1712192991518 77.3 1080
1712193001633 77.3 1081
1712193011782 77.4 1082
1712193021913 77.4 1083
1712193032044 77.4 1084
1712193042165 77.4 1085
1712193052298 77.4 1086
1712193062418 77.5 1087
1712193072547 77.6 1088
1712193082671 77.5 1089
1712193092895 77.5 1090
1712193103020 77.4 1091
1712193113145 77.5 1092
1712193123271 77.6 1093
1712193133402 77.7 1094
1712193143536 77.6 1095
1712193153649 77.6 1096
1712193163764 77.5 1097
1712193173880 77.6 1098
1712193183999 77.7 1099
1712193194115 77.7 1100
1712193204233 77.7 1101
1712193214350 77.6 1102
1712193224488 77.6 1103
1712193234604 77.7 1104
1712193244737 77.8 1105
1712193254967 77.8 1106
1712193265098 77.8 1107
1712193275207 77.8 1108
1712193285329 77.8 1109
1712193295448 77.8 1110
1712193305577 77.8 1111
1712193315701 77.9 1112
1712193325815 77.8 1113
1712193335933 77.8 1114
1712193346061 77.3 1115
1712193356189 77.6 1116
1712193366324 77.5 1117
1712193376457 77.7 1118
1712193386566 77.7 1119
1712193396683 77.7 1120
1712193406905 77.6 1121
1712193417024 77.7 1122
1712193427158 77.9 1123
1712193437292 77.9 1124
1712193447408 77.8 1125
1712193457540 77.8 1126
1712193467659 77.9 1127
1712193477773 77.9 1128
1712193487912 78.0 1129
1712193498058 78.1 1130
1712193508182 78.1 1131
1712193518310 77.9 1132
1712193528494 78.0 1133
1712193538705 78.0 1134
1712193548828 78.0 1135
1712193558946 78.2 1136
1712193569064 78.0 1137
1712193579192 78.1 1138
1712193589305 78.2 1139
1712193599416 78.2 1140
1712193609553 78.3 1141
1712193619686 78.3 1142
1712193629813 78.3 1143
1712193639929 74.1 1144
1712193650060 77.4 1145
1712193660178 77.8 1146
1712193670326 77.8 1147
1712193680459 76.0 1148
1712193690598 76.0 1149
1712193700745 75.9 1150
1712193710872 76.1 1151
1712193721002 76.1 1152
1712193731154 76.3 1153
1712193741293 76.3 1154
1712193751425 76.3 1155
1712193761581 76.3 1156
1712193771726 76.5 1157
1712193781847 76.5 1158
1712193791999 76.6 1159
1712193802143 76.7 1160
1712193812298 76.8 1161
1712193822532 76.7 1162
1712193832672 76.9 1163
1712193842810 77.0 1164
1712193852950 77.1 1165
1712193863097 77.1 1166
1712193873238 77.2 1167
1712193883376 77.2 1168
1712193893497 77.4 1169
1712193903634 77.4 1170
1712193913717 77.4 1171
1712193923879 79.0 1172
1712193933935 79.2 1173
1712193944052 79.2 1174
1712193954188 79.5 1175
1712193964326 80.1 1176
1712193974455 80.1 1177
1712193984596 80.2 1178
1712193994749 80.2 1179
1712194004888 81.4 1180
1712194015005 81.0 1181
1712194025135 81.3 1182
1712194035257 81.3 1183
1712194045368 81.1 1184
1712194055489 81.1 1185
1712194065590 81.0 1186
1712194075705 81.0 1187
1712194085821 81.1 1188
1712194095931 81.1 1189
1712194106057 81.0 1190
1712194116249 81.0 1191
1712194126387 80.9 1192
1712194136500 80.5 1193
1712194146604 80.5 1194
1712194156719 80.7 1195
1712194166848 80.4 1196
1712194176969 79.5 1197
1712194187050 79.8 1198
1712194197173 81.4 1199
1712194207242 82.1 1200
1712194217356 81.9 1201
1712194227423 81.6 1202
1712194237546 80.9 1203
1712194247658 81.3 1204
1712194257726 81.9 1205
1712194267845 82.0 1206
1712194277978 82.9 1207
1712194288031 86.3 1208
1712194298149 82.1 1209
1712194308260 81.7 1210
1712194318373 82.0 1211
1712194328493 81.9 1212
1712194338604 81.9 1213
1712194348720 81.4 1214
1712194358833 81.2 1215
1712194368944 81.2 1216
1712194379075 81.4 1217
1712194389179 81.4 1218
1712194399290 81.4 1219
1712194409400 81.3 1220
1712194419517 81.2 1221
1712194429727 81.3 1222
1712194439831 80.7 1223
1712194449937 80.7 1224
1712194460066 80.7 1225
1712194470131 81.2 1226
1712194480295 80.8 1227
1712194490357 83.0 1228
1712194500491 83.8 1229
1712194510615 84.1 1230
1712194520721 81.9 1231
1712194530859 81.9 1232
1712194540970 81.8 1233
1712194551095 81.3 1234
1712194561205 81.4 1235
1712194571325 81.4 1236
1712194581457 81.3 1237
1712194591575 81.3 1238
1712194601693 81.2 1239
1712194611812 81.2 1240
1712194621924 81.2 1241
1712194632043 80.9 1242
1712194642145 80.9 1243
1712194652268 80.9 1244
1712194662336 80.8 1245
1712194672416 81.7 1246
1712194682526 80.9 1247
1712194692636 81.2 1248
1712194702740 80.5 1249
1712194712848 80.2 1250
1712194722975 80.1 1251
1712194733086 80.1 1252
1712194743197 80.2 1253
1712194753314 80.2 1254
1712194763431 80.2 1255
1712194773560 80.2 1256
1712194783673 80.1 1257
1712194793789 80.2 1258
1712194803899 80.2 1259
1712194814008 80.1 1260
1712194824134 80.1 1261
1712194834245 80.1 1262
1712194844364 80.1 1263
1712194854467 79.8 1264
1712194864568 79.7 1265
1712194874689 79.7 1266
1712194884796 79.8 1267
1712194894907 79.8 1268
1712194905008 74.5 1269
1712194915122 77.6 1270
1712194925244 78.0 1271
1712194935355 78.0 1272
1712194945479 77.9 1273
1712194955581 77.8 1274
1712194965692 77.9 1275
1712194975814 77.9 1276
1712194985928 77.9 1277
1712194996038 78.0 1278
1712195006139 78.0 1279
1712195016263 77.9 1280
1712195026371 77.9 1281
1712195036485 78.0 1282
1712195046593 78.0 1283
1712195056697 78.2 1284
1712195066801 78.0 1285
1712195076930 77.9 1286
1712195087044 78.0 1287
1712195097165 78.0 1288
1712195107273 78.1 1289
1712195117384 78.1 1290
1712195127502 78.1 1291
1712195137612 78.1 1292
1712195147732 78.1 1293
1712195157836 78.1 1294
1712195167955 78.2 1295
1712195178068 78.1 1296
1712195188168 78.2 1297
1712195198292 78.1 1298
1712195208403 78.2 1299
1712195218518 78.2 1300
1712195228637 78.2 1301
1712195238749 78.2 1302
1712195248863 78.2 1303
1712195258975 78.1 1304
1712195269087 78.3 1305
1712195279199 78.3 1306
1712195289310 78.5 1307
1712195299425 78.5 1308
1712195309539 78.5 1309
1712195319655 78.5 1310
1712195329777 78.5 1311
1712195339911 78.5 1312
1712195350024 78.5 1313
1712195360146 78.6 1314
1712195370265 78.5 1315
1712195380375 78.1 1316
1712195390507 78.2 1317
1712195400613 78.2 1318
1712195410715 78.3 1319
1712195420817 78.2 1320
1712195430928 78.3 1321
1712195441078 78.2 1322
1712195451182 78.3 1323
1712195461302 78.3 1324
1712195471416 78.4 1325
1712195481518 78.3 1326
1712195491637 78.3 1327
1712195501745 78.3 1328
1712195511860 78.3 1329
1712195521959 78.3 1330
1712195532070 78.5 1331
1712195542189 78.4 1332
1712195552291 78.4 1333
1712195562405 78.3 1334
1712195572513 78.4 1335
1712195582625 78.3 1336
1712195592840 78.4 1337
1712195602956 78.4 1338
1712195613090 78.4 1339
1712195623209 78.4 1340
1712195633338 78.4 1341
1712195643447 78.4 1342
1712195653569 78.5 1343
1712195663686 78.5 1344
1712195673798 78.4 1345
1712195683915 78.4 1346
1712195694029 78.5 1347
1712195704150 78.6 1348
1712195714257 78.6 1349
1712195724368 78.5 1350
1712195734485 78.5 1351
1712195744673 78.5 1352
1712195754781 78.6 1353
1712195764888 78.6 1354
1712195774998 78.6 1355
1712195785132 78.6 1356
1712195795249 78.5 1357
1712195805363 78.9 1358
1712195815481 77.8 1359
1712195825599 78.4 1360
1712195835713 78.4 1361
1712195845838 78.4 1362
1712195855945 78.4 1363
1712195866071 78.4 1364
1712195876183 78.4 1365
1712195886299 78.5 1366
1712195896478 78.5 1367
1712195906589 78.5 1368
1712195916718 78.5 1369
1712195926830 78.5 1370
1712195936956 78.5 1371
1712195947065 78.6 1372
1712195957182 78.8 1373
1712195967307 78.6 1374
1712195977413 78.6 1375
1712195987528 78.6 1376
1712195997640 78.7 1377
1712196007768 78.7 1378
1712196017840 79.9 1379
1712196027963 80.9 1380
1712196038044 79.5 1381
1712196048119 79.5 1382
1712196058260 79.0 1383
1712196068406 78.9 1384
1712196078557 78.7 1385
1712196088652 78.8 1386
1712196098795 78.8 1387
1712196108934 79.0 1388
1712196119075 79.0 1389
1712196129210 79.0 1390
1712196139336 79.1 1391
1712196149469 79.1 1392
1712196159606 78.8 1393
1712196169745 78.8 1394
1712196179972 78.9 1395
1712196190106 79.0 1396
1712196200244 79.0 1397
1712196210375 78.9 1398
1712196220500 78.9 1399
1712196230645 79.0 1400
1712196240776 78.6 1401
1712196250913 78.8 1402
1712196261015 78.8 1403
1712196271141 78.8 1404
1712196281274 79.0 1405
1712196291408 79.0 1406
1712196301534 78.7 1407
1712196311643 78.8 1408
1712196321752 78.8 1409
1712196331885 78.8 1410
1712196341989 78.7 1411
1712196352111 78.8 1412
1712196362219 78.8 1413
1712196372321 78.9 1414
1712196382439 78.9 1415
1712196392548 78.8 1416
1712196402658 78.8 1417
1712196412777 78.8 1418
1712196422897 78.9 1419
1712196433022 78.9 1420
1712196443146 79.0 1421
1712196453260 78.8 1422
1712196463395 78.8 1423
1712196473600 78.8 1424
1712196483718 78.9 1425
1712196493839 78.9 1426
1712196503943 78.8 1427
1712196514053 78.8 1428
1712196524163 78.8 1429
1712196534263 78.8 1430
1712196544393 78.9 1431
1712196554506 78.9 1432
1712196564633 78.8 1433
1712196574749 78.7 1434
1712196584861 78.8 1435
1712196594978 78.8 1436
1712196605084 78.9 1437
1712196615222 78.9 1438
1712196625464 79.0 1439
1712196635571 78.9 1440
1712196645705 78.9 1441
1712196655841 79.1 1442
1712196665954 79.0 1443
1712196676087 79.1 1444
1712196686216 80.9 1445
1712196696310 81.5 1446
1712196706447 82.4 1447
1712196716607 82.4 1448
1712196726751 82.7 1449
1712196736887 82.8 1450
1712196747108 82.5 1451
1712196757247 82.4 1452
1712196767390 82.4 1453
1712196777502 82.4 1454
1712196787635 82.4 1455
1712196797769 82.4 1456
1712196807905 82.4 1457
1712196818046 82.3 1458
1712196828180 82.3 1459
1712196838315 82.3 1460
1712196848525 82.3 1461
1712196858675 82.6 1462
1712196868795 82.4 1463
1712196878942 82.2 1464
1712196889097 82.2 1465
1712196899244 82.2 1466
1712196909375 82.3 1467
1712196919512 82.3 1468
1712196929633 81.9 1469
1712196939755 81.6 1470
1712196949992 81.6 1471
1712196960119 81.6 1472
1712196970246 81.7 1473
1712196980392 81.7 1474
1712196990523 81.5 1475
1712197000603 81.5 1476
1712197010735 82.9 1477
1712197020885 82.8 1478
1712197031017 82.7 1479
1712197041161 81.0 1480
1712197051321 80.9 1481
1712197061554 80.8 1482
1712197071718 80.9 1483
1712197081866 80.8 1484
1712197092000 80.9 1485
1712197102162 80.8 1486
1712197112341 80.8 1487
1712197122483 80.7 1488
1712197132643 80.8 1489
1712197142792 80.8 1490
1712197152923 80.9 1491
1712197163078 80.5 1492
1712197173225 80.5 1493
1712197183473 80.5 1494
1712197193639 80.5 1495
1712197203763 80.5 1496
1712197213899 80.7 1497
1712197224036 81.4 1498
1712197234213 81.2 1499
1712197244381 81.3 1500
1712197254518 81.4 1501
1712197264672 81.4 1502
1712197274839 81.4 1503
1712197284963 81.3 1504
1712197295213 81.2 1505
1712197305389 81.2 1506
1712197315538 81.3 1507
1712197325662 81.3 1508
1712197335817 81.3 1509
1712197345984 81.3 1510
1712197356111 81.2 1511
1712197366253 81.2 1512
1712197376384 81.3 1513
1712197386512 81.3 1514
1712197396655 81.3 1515
1712197406799 81.3 1516
1712197416931 81.3 1517
1712197427091 81.3 1518
1712197437258 77.2 1519
1712197447389 79.0 1520
1712197457536 78.8 1521
1712197467667 78.0 1522
1712197477784 78.1 1523
1712197488028 78.1 1524
1712197498188 78.1 1525
1712197508349 78.2 1526
1712197518494 78.2 1527
1712197528662 78.2 1528
1712197538806 78.9 1529
1712197548943 78.9 1530
1712197559095 78.9 1531
1712197569244 78.9 1532
1712197579530 78.9 1533
1712197589679 79.0 1534
1712197599823 78.9 1535
1712197609989 79.0 1536
1712197620138 79.0 1537
1712197630284 79.2 1538
1712197640427 79.1 1539
1712197650606 79.2 1540
1712197660757 79.1 1541
1712197670923 79.1 1542
1712197681209 79.1 1543
1712197691358 79.2 1544
1712197701518 79.2 1545
1712197711652 79.3 1546
1712197721823 79.1 1547
1712197731970 79.1 1548
1712197742135 78.7 1549
1712197752293 78.8 1550
1712197762444 77.6 1551
1712197772580 77.5 1552
1712197782756 77.5 1553
1712197792987 77.5 1554
1712197803142 77.5 1555
1712197813270 77.6 1556
1712197823426 77.5 1557
1712197833589 77.5 1558
1712197843755 77.6 1559
1712197853922 78.6 1560
1712197864105 78.9 1561
1712197874256 78.8 1562
1712197884386 78.8 1563
1712197894542 78.7 1564
1712197904808 78.8 1565
1712197915000 79.1 1566
1712197925135 79.1 1567
1712197935297 79.1 1568
1712197945485 79.1 1569
1712197955657 79.1 1570
1712197965809 79.0 1571
1712197975971 79.1 1572
1712197986111 79.1 1573
1712197996267 79.1 1574
1712198006425 79.1 1575
1712198016577 79.1 1576
1712198026743 79.1 1577
1712198036885 79.2 1578
1712198047030 79.2 1579
1712198057173 78.7 1580
1712198067327 78.5 1581
1712198077486 78.5 1582
1712198087615 78.5 1583
1712198097802 78.5 1584
1712198107931 78.6 1585
1712198118192 78.6 1586
1712198128354 78.6 1587
1712198138508 78.6 1588
1712198148666 78.6 1589
1712198158807 78.7 1590
1712198168961 78.7 1591
1712198179141 78.7 1592
1712198189311 78.7 1593
1712198199452 78.7 1594
1712198209599 80.2 1595
1712198219866 81.2 1596
1712198230017 80.9 1597
1712198240156 80.6 1598
1712198250252 80.9 1599
1712198260403 80.7 1600
1712198270529 80.6 1601
1712198280651 83.8 1602
1712198290802 83.6 1603
1712198300888 83.4 1604
1712198311051 82.3 1605
1712198321233 82.0 1606
1712198331355 82.1 1607
1712198341543 82.1 1608
1712198351792 81.9 1609
1712198361947 81.9 1610
1712198372116 81.9 1611
1712198382243 81.5 1612
1712198392442 81.5 1613
1712198402642 80.7 1614
1712198412742 80.7 1615
1712198422909 81.0 1616
1712198433089 80.6 1617
1712198443220 80.3 1618
1712198453473 81.0 1619
1712198463663 81.0 1620
1712198473810 81.0 1621
1712198483977 81.0 1622
1712198494157 81.0 1623
1712198504264 81.0 1624
1712198514440 81.0 1625
1712198524605 81.1 1626
1712198534759 81.1 1627
1712198544935 81.1 1628
1712198555195 81.1 1629
1712198565322 81.2 1630
1712198575497 81.3 1631
1712198585661 81.4 1632
1712198595841 81.6 1633
1712198606030 81.7 1634
1712198616186 81.7 1635
1712198626266 81.7 1636
1712198636416 81.7 1637
1712198646573 76.9 1638
1712198656794 77.8 1639
1712198666925 77.2 1640
1712198677085 77.3 1641
1712198687167 77.2 1642
1712198697301 77.2 1643
1712198707453 77.2 1644
1712198717602 77.2 1645
1712198727735 77.2 1646
1712198737845 77.1 1647
1712198747991 77.2 1648
1712198758217 77.2 1649
1712198768376 77.2 1650
1712198778510 77.2 1651
1712198788648 77.2 1652
1712198798724 77.2 1653
1712198808854 77.3 1654
1712198818990 77.2 1655
1712198829157 77.2 1656
1712198839284 77.1 1657
1712198849426 77.1 1658
1712198859538 77.1 1659
1712198869782 77.2 1660
1712198879932 77.2 1661
1712198890085 77.3 1662
1712198900238 77.3 1663
1712198910380 77.2 1664
1712198920501 77.2 1665
1712198930661 77.2 1666
1712198940807 77.2 1667
1712198950953 77.8 1668
1712198961099 76.4 1669
1712198971241 76.5 1670
1712198981337 76.4 1671
1712198991521 76.4 1672
1712199001670 76.6 1673
1712199011804 76.6 1674
1712199021953 76.7 1675
1712199032088 76.8 1676
1712199042203 76.7 1677
1712199052347 76.8 1678
1712199062485 76.9 1679
1712199072633 76.9 1680
1712199082853 76.8 1681
1712199092987 76.8 1682
1712199103084 76.7 1683
1712199113241 76.8 1684
1712199123397 76.8 1685
1712199133555 76.8 1686
1712199143710 76.8 1687
1712199153840 76.8 1688
1712199163950 76.8 1689
1712199174114 76.9 1690
1712199184255 76.9 1691
1712199194389 76.9 1692
1712199204551 76.9 1693
1712199214681 76.9 1694
1712199224774 76.9 1695
1712199234950 76.9 1696
1712199245089 76.9 1697
1712199255242 76.9 1698
1712199265405 76.9 1699
1712199275548 76.9 1700
1712199285709 76.9 1701
1712199295870 77.0 1702
1712199306003 77.0 1703
1712199316147 77.0 1704
1712199326307 77.0 1705
1712199336450 77.0 1706
1712199346537 77.0 1707
1712199356679 77.4 1708
1712199366801 77.3 1709
1712199376928 77.3 1710
1712199387085 77.2 1711
1712199397303 77.9 1712
1712199407468 77.8 1713
1712199417615 77.9 1714
1712199427760 77.9 1715
1712199437894 77.9 1716
1712199448044 77.9 1717
1712199458127 77.9 1718
1712199468267 77.9 1719
1712199478408 77.9 1720
1712199488544 77.9 1721
1712199498687 77.9 1722
1712199508835 77.9 1723
1712199518986 77.9 1724
1712199529112 78.0 1725
1712199539251 78.0 1726
1712199549374 78.0 1727
1712199559497 78.1 1728
1712199569639 78.0 1729
1712199579703 78.1 1730
1712199589853 78.2 1731
1712199599989 78.7 1732
1712199610109 77.3 1733
1712199620239 77.6 1734
1712199630441 77.3 1735
1712199640515 77.2 1736
1712199650656 77.4 1737
1712199660801 77.4 1738
1712199670920 77.5 1739
1712199681057 77.4 1740
1712199691178 77.4 1741
1712199701239 77.4 1742
1712199711382 77.5 1743
1712199721506 77.4 1744
1712199731714 77.6 1745
1712199741860 77.5 1746
1712199751978 77.5 1747
1712199762051 77.4 1748
1712199772182 77.5 1749
1712199782316 77.5 1750
1712199792456 77.6 1751
1712199802599 77.5 1752
1712199812752 77.6 1753
1712199822832 77.6 1754
1712199832947 77.6 1755
1712199843079 77.6 1756
1712199853213 77.7 1757
1712199863348 76.4 1758
1712199873480 76.9 1759
1712199883552 76.9 1760
1712199893686 76.9 1761
1712199903808 76.9 1762
1712199913946 77.0 1763
1712199924066 76.9 1764
1712199934206 76.9 1765
1712199944273 76.8 1766
1712199954395 77.0 1767
1712199964532 76.9 1768
1712199974658 77.0 1769
1712199984789 77.0 1770
1712199994926 76.9 1771
1712200004991 76.9 1772
1712200015123 77.0 1773
1712200025269 77.0 1774
1712200035482 77.0 1775
1712200045613 77.0 1776
1712200055738 77.0 1777
1712200065809 76.8 1778
1712200075954 76.8 1779
1712200086090 77.0 1780
1712200096206 77.0 1781
1712200106335 77.0 1782
1712200116466 77.0 1783
1712200126548 77.0 1784
1712200136734 77.0 1785
1712200146867 77.0 1786
1712200157006 77.2 1787
1712200167143 77.1 1788
1712200177315 77.1 1789
1712200187469 77.0 1790
1712200197611 77.0 1791
1712200207756 77.1 1792
1712200217870 77.2 1793
1712200228040 77.2 1794
1712200238133 79.0 1795
1712200248318 79.8 1796
1712200258454 79.3 1797
1712200268596 79.2 1798
1712200278760 78.6 1799
1712200288909 78.5 1800
1712200299116 78.5 1801
1712200309278 78.6 1802
1712200319412 78.5 1803
1712200329572 78.6 1804
1712200339732 78.6 1805
1712200349869 78.6 1806
1712200360030 78.5 1807
1712200370187 78.6 1808
1712200380448 78.6 1809
1712200390606 78.7 1810
1712200400763 78.6 1811
1712200410901 78.6 1812
1712200421053 78.6 1813
1712200431205 78.8 1814
1712200441395 78.0 1815
1712200451531 78.1 1816
1712200461690 78.1 1817
1712200471868 78.1 1818
1712200482017 78.1 1819
1712200492179 78.1 1820
1712200502307 78.5 1821
1712200512460 76.6 1822
1712200522600 77.2 1823
1712200532745 77.2 1824
1712200542898 77.2 1825
1712200553040 77.5 1826
1712200563193 77.3 1827
1712200573330 77.4 1828
1712200583479 77.3 1829
1712200593630 77.3 1830
1712200603853 77.3 1831
1712200613998 77.4 1832
1712200624170 77.5 1833
1712200634318 77.5 1834
1712200644464 77.4 1835
1712200654625 77.3 1836
1712200664791 77.3 1837
1712200674941 77.4 1838
1712200685101 77.5 1839
1712200695235 77.5 1840
1712200705369 77.4 1841
1712200715522 77.4 1842
1712200725697 77.4 1843
1712200735829 77.5 1844
1712200745992 77.5 1845
1712200756257 77.1 1846
1712200766418 77.1 1847
1712200776574 76.7 1848
1712200786743 76.8 1849
1712200796904 76.9 1850
1712200807066 77.0 1851
1712200817243 77.1 1852
1712200827417 77.2 1853
1712200837594 77.2 1854
1712200847770 77.3 1855
1712200857944 77.5 1856
1712200868112 77.5 1857
1712200878277 77.5 1858
1712200888426 77.6 1859
1712200898613 77.6 1860
1712200908803 77.7 1861
1712200918957 77.7 1862
1712200929115 77.9 1863
1712200939273 77.8 1864
1712200949434 77.9 1865
1712200959607 77.9 1866
1712200969769 78.0 1867
1712200979939 78.1 1868
1712200990111 78.1 1869
1712201000252 78.1 1870
1712201010412 78.1 1871
1712201020590 78.1 1872
1712201030730 78.2 1873
1712201040885 78.1 1874
1712201051124 78.2 1875
1712201061302 78.1 1876
1712201071452 78.1 1877
1712201081611 78.1 1878
1712201091770 78.2 1879
1712201101917 78.2 1880
1712201112076 78.2 1881
1712201122421 78.2 1882
1712201132592 78.2 1883
1712201142749 78.1 1884
1712201152910 78.4 1885
1712201163073 78.2 1886
1712201173239 78.3 1887
1712201183371 78.2 1888
1712201193523 78.1 1889
1712201203683 78.2 1890
1712201213828 78.2 1891
1712201223991 78.3 1892
1712201234194 78.3 1893
1712201244336 78.2 1894
1712201254483 78.1 1895
1712201264615 78.1 1896
1712201274750 78.3 1897
1712201284915 78.4 1898
1712201295037 78.4 1899
1712201305175 78.3 1900
1712201315314 78.3 1901
1712201325466 78.3 1902
1712201335602 78.3 1903
1712201345841 78.4 1904
1712201356007 78.5 1905
1712201366183 78.4 1906
1712201376321 78.1 1907
1712201386468 78.1 1908
1712201396612 78.1 1909
1712201406766 71.6 1910
1712201416919 76.1 1911
1712201427090 76.4 1912
1712201437250 76.4 1913
1712201447411 76.6 1914
1712201457575 77.6 1915
1712201467714 77.7 1916
1712201477853 77.6 1917
1712201488006 77.5 1918
1712201498171 77.5 1919
1712201508312 77.7 1920
1712201518472 77.9 1921
1712201528618 77.8 1922
1712201538779 77.8 1923
1712201548925 77.8 1924
1712201559074 77.7 1925
1712201569354 77.8 1926
1712201579509 77.9 1927
1712201589661 77.9 1928
1712201599837 77.8 1929
1712201609980 77.8 1930
1712201620131 77.7 1931
1712201630288 77.8 1932
1712201640443 77.8 1933
1712201650585 77.9 1934
1712201660716 78.0 1935
1712201670848 77.9 1936
1712201680998 78.1 1937
1712201691152 78.1 1938
1712201701308 77.9 1939
1712201711463 78.0 1940
1712201721720 78.0 1941
1712201731882 77.9 1942
1712201742026 77.9 1943
1712201752168 78.0 1944
1712201762313 78.0 1945
1712201772455 78.1 1946
1712201782588 78.0 1947
1712201792716 78.0 1948
1712201802861 78.0 1949
1712201813011 78.1 1950
1712201823167 78.4 1951
1712201833307 78.5 1952
1712201843437 78.4 1953
1712201853617 78.3 1954
1712201863765 78.3 1955
1712201874021 78.5 1956
1712201884181 78.5 1957
1712201894343 78.6 1958
1712201904491 78.3 1959
1712201914635 78.6 1960
1712201924783 78.3 1961
1712201934882 79.5 1962
1712201944971 80.4 1963
1712201955106 80.5 1964
1712201965288 80.5 1965
1712201975431 81.7 1966
1712201985558 80.2 1967
1712201995694 80.1 1968
1712202005844 80.2 1969
1712202015970 80.3 1970
1712202026210 80.2 1971
1712202036349 80.2 1972
1712202046484 80.1 1973
1712202056618 80.1 1974
1712202066746 80.1 1975
1712202076874 80.0 1976
1712202086998 80.0 1977
1712202097147 80.0 1978
1712202107277 79.9 1979
1712202117409 80.0 1980
1712202127557 80.0 1981
1712202137684 80.0 1982
1712202147826 79.7 1983
1712202157963 79.7 1984
1712202168102 79.9 1985
1712202178329 79.8 1986
1712202188463 79.9 1987
1712202198597 79.9 1988
1712202208729 79.8 1989
1712202218847 79.9 1990
1712202228978 79.9 1991
1712202239113 80.0 1992
1712202249230 79.9 1993
1712202259362 80.1 1994
1712202269495 79.1 1995
1712202279634 79.3 1996
1712202289870 79.2 1997
1712202300027 79.4 1998
1712202310150 80.0 1999
1712202320286 80.1 2000
1712202330508 80.1 2001
1712202340638 79.9 2002
1712202350768 80.0 2003
1712202360909 79.9 2004
1712202371028 80.1 2005
1712202381163 80.0 2006
1712202391310 80.0 2007
1712202401454 79.9 2008
1712202411545 80.0 2009
1712202421684 81.0 2010
1712202431823 81.7 2011
1712202441923 81.3 2012
1712202452080 81.2 2013
1712202462221 81.4 2014
1712202472360 81.8 2015
1712202482525 81.6 2016
1712202492682 81.6 2017
1712202502852 81.1 2018
1712202513002 81.1 2019
1712202523085 81.6 2020
1712202533240 82.6 2021
1712202543392 83.4 2022
1712202553608 81.9 2023
1712202563762 81.1 2024
1712202573913 81.8 2025
1712202584030 85.4 2026
1712202594159 85.2 2027
1712202604292 85.1 2028
1712202614434 83.7 2029
1712202624600 83.4 2030
1712202634757 85.9 2031
1712202644918 86.9 2032
1712202655068 86.5 2033
1712202665200 84.8 2034
1712202675335 83.9 2035
1712202685455 83.9 2036
1712202695594 83.7 2037
1712202705742 83.7 2038
1712202715872 84.6 2039
1712202726007 84.4 2040
1712202736133 83.6 2041
1712202746283 83.6 2042
1712202756418 84.4 2043
1712202766569 85.1 2044
1712202776719 84.4 2045
1712202786848 84.4 2046
1712202796990 84.3 2047
1712202807126 84.2 2048
1712202817278 84.3 2049
1712202827425 84.3 2050
1712202837552 84.2 2051
1712202847681 84.3 2052
1712202857820 84.4 2053
1712202867965 83.3 2054
1712202878107 83.3 2055
1712202888238 83.3 2056
1712202898398 83.2 2057
1712202908483 83.6 2058
1712202918648 87.3 2059
1712202928779 87.8 2060
1712202938909 86.9 2061
1712202949070 86.8 2062
1712202959221 87.5 2063
1712202969362 88.2 2064
1712202979492 86.0 2065
1712202989621 86.1 2066
1712202999720 85.8 2067
1712203009965 88.0 2068
1712203020118 89.5 2069
1712203030262 85.5 2070
1712203040397 85.0 2071
1712203050545 84.7 2072
1712203060665 84.2 2073
1712203070808 84.0 2074
1712203080936 83.2 2075
1712203091107 83.7 2076
1712203101273 83.0 2077
1712203111459 83.7 2078
1712203121624 82.2 2079
1712203131800 82.5 2080
1712203141971 81.7 2081
1712203152170 82.0 2082
1712203162368 82.4 2083
1712203172557 82.2 2084
1712203182759 81.3 2085
1712203192973 81.2 2086
1712203203160 81.7 2087
1712203213354 81.3 2088
1712203223547 81.2 2089
1712203233803 81.1 2090
1712203244106 82.4 2091
1712203254312 82.4 2092
1712203264508 82.5 2093
1712203274707 82.8 2094
1712203284931 82.1 2095
1712203295206 82.6 2096
1712203305433 83.7 2097
1712203315718 84.9 2098
1712203325900 84.0 2099
1712203336049 83.4 2100
1712203346209 83.3 2101
1712203356349 83.2 2102
1712203366513 83.1 2103
1712203376701 83.4 2104
1712203386884 84.9 2105
1712203397065 83.6 2106
1712203407242 84.9 2107
1712203417385 84.1 2108
1712203427545 84.1 2109
1712203437717 83.7 2110
1712203447874 83.7 2111
1712203458053 83.9 2112
1712203468304 83.7 2113
1712203478468 83.7 2114
1712203488627 83.7 2115
1712203498799 83.3 2116
1712203508959 83.2 2117
1712203519112 83.3 2118
1712203529291 83.3 2119
1712203539447 83.2 2120
1712203549601 83.2 2121
1712203559778 83.2 2122
1712203569927 83.3 2123
1712203580085 83.5 2124
1712203590252 83.1 2125
1712203600401 83.0 2126
1712203610566 82.6 2127
1712203620792 82.4 2128
1712203630938 82.5 2129
1712203641122 82.4 2130
1712203651304 82.4 2131
1712203661458 82.4 2132
1712203671616 82.4 2133
1712203681785 82.4 2134
1712203691955 82.5 2135
1712203702110 82.4 2136
1712203712260 82.4 2137
1712203722414 82.6 2138
1712203732593 82.6 2139
1712203742730 82.6 2140
1712203752938 82.6 2141
1712203763109 77.4 2142
1712203773250 78.3 2143
1712203783393 78.3 2144
1712203793556 78.4 2145
1712203803774 78.4 2146
1712203813920 78.6 2147
1712203824100 78.6 2148
1712203834259 78.5 2149
1712203844427 78.7 2150
1712203854696 78.8 2151
1712203864873 79.9 2152
1712203875070 80.6 2153
1712203885268 80.3 2154
1712203895478 79.8 2155
1712203905654 79.6 2156
1712203915937 79.6 2157
1712203926114 79.7 2158
1712203936295 79.7 2159
1712203946474 79.6 2160
1712203956583 79.6 2161
1712203966721 80.7 2162
1712203977038 80.8 2163
1712203987220 80.9 2164
1712203997385 80.3 2165
1712204007501 80.7 2166
1712204017841 81.0 2167
1712204028042 80.6 2168
1712204038203 80.6 2169
1712204048409 80.4 2170
1712204058565 80.4 2171
1712204068701 79.2 2172
1712204078852 79.3 2173
1712204089086 79.5 2174
1712204099222 79.4 2175
1712204109364 79.4 2176
1712204119550 79.3 2177
1712204129794 78.9 2178
1712204139893 78.9 2179
1712204150091 78.9 2180
1712204160270 79.0 2181
1712204170500 79.0 2182
1712204180654 79.0 2183
1712204190826 79.0 2184
1712204200967 79.1 2185
1712204211147 79.0 2186
1712204221318 79.3 2187
1712204231469 79.3 2188
1712204241619 79.3 2189
1712204251810 79.3 2190
1712204262000 79.6 2191
1712204272168 79.5 2192
1712204282315 79.4 2193
1712204292484 79.5 2194
1712204302724 79.4 2195
1712204312868 78.9 2196
1712204323014 78.8 2197
1712204333161 78.8 2198
1712204343334 79.0 2199
1712204353495 78.9 2200
1712204363634 79.0 2201
1712204373781 77.3 2202
1712204383937 77.1 2203
1712204394164 77.1 2204
1712204404318 77.2 2205
1712204414497 77.4 2206
1712204424642 77.4 2207
1712204434811 77.4 2208
1712204444945 77.4 2209
1712204455112 77.8 2210
1712204465267 77.8 2211
1712204475514 77.6 2212
1712204485702 77.7 2213
1712204495859 77.6 2214
1712204505957 77.6 2215
1712204516227 77.6 2216
1712204526386 77.7 2217
1712204536537 77.7 2218
1712204546718 77.7 2219
1712204556961 77.6 2220
1712204567107 77.6 2221
1712204577267 77.7 2222
1712204587456 77.8 2223
1712204597605 77.7 2224
1712204607854 77.7 2225
1712204617989 77.7 2226
1712204628134 77.8 2227
1712204638291 77.8 2228
1712204648464 77.8 2229
1712204658699 78.6 2230
1712204668842 75.8 2231
1712204678976 74.9 2232
1712204689188 75.1 2233
1712204699442 75.2 2234
1712204709592 75.2 2235
1712204719766 75.2 2236
1712204729915 75.2 2237
1712204740077 75.2 2238
1712204750232 75.4 2239
1712204760393 75.4 2240
1712204770626 75.4 2241
1712204780798 75.4 2242
1712204790953 75.3 2243
1712204801105 75.3 2244
1712204811272 75.4 2245
1712204821440 75.4 2246
1712204831683 75.4 2247
1712204841842 75.4 2248
1712204852025 75.4 2249
1712204862157 75.3 2250
1712204872324 75.5 2251
1712204882599 77.8 2252
1712204892799 77.4 2253
1712204902987 77.5 2254
1712204913158 77.3 2255
1712204923347 77.1 2256
1712204933621 77.0 2257
1712204943892 77.2 2258
1712204954068 77.2 2259
1712204964258 77.1 2260
1712204974406 77.1 2261
1712204984682 77.2 2262
1712204994868 77.2 2263
1712205005090 77.2 2264
1712205015272 77.2 2265
1712205025447 77.1 2266
1712205035622 77.1 2267
1712205045909 77.3 2268
1712205056111 78.1 2269
1712205066288 78.9 2270
1712205076478 78.8 2271
1712205086645 78.8 2272
1712205096927 78.7 2273
1712205107118 78.9 2274
1712205117352 79.0 2275
1712205127590 79.1 2276
1712205137796 79.1 2277
1712205148075 79.2 2278
1712205158268 79.4 2279
1712205168437 79.5 2280
1712205178612 79.5 2281
1712205188804 79.5 2282
1712205198973 79.5 2283
1712205209257 79.5 2284
1712205219405 79.4 2285
1712205229563 79.5 2286
1712205239714 79.6 2287
1712205249881 79.7 2288
1712205260059 79.9 2289
1712205270329 79.7 2290
1712205280502 77.8 2291
1712205290654 77.8 2292
1712205300837 77.8 2293
1712205311028 77.8 2294
1712205321190 77.8 2295
1712205331472 78.0 2296
1712205341654 78.0 2297
1712205351822 78.1 2298
1712205361978 78.1 2299
1712205372109 78.2 2300
1712205382300 78.1 2301
1712205392557 78.1 2302
1712205402720 78.1 2303
1712205412897 78.2 2304
1712205423064 78.2 2305
1712205433238 78.2 2306
1712205443425 78.2 2307
1712205453586 78.0 2308
1712205463751 77.7 2309
1712205473917 77.7 2310
1712205484095 77.8 2311
1712205494273 78.4 2312
1712205504448 78.5 2313
1712205514626 78.5 2314
1712205524833 78.6 2315
1712205535008 78.7 2316
1712205545191 78.9 2317
1712205555391 78.9 2318
1712205565571 71.5 2319
1712205575747 69.8 2320
1712205585937 69.9 2321
1712205596118 70.1 2322
1712205606305 70.3 2323
1712205616480 70.5 2324
1712205626663 70.6 2325
1712205636824 70.6 2326
1712205647005 70.8 2327
1712205657182 71.0 2328
1712205667384 71.1 2329
1712205677567 71.3 2330
1712205687752 71.4 2331
1712205697929 71.5 2332
1712205708135 71.6 2333
1712205718323 71.7 2334
1712205728507 71.7 2335
1712205738668 71.8 2336
1712205748845 71.8 2337
1712205759042 71.8 2338
1712205769211 72.0 2339
1712205779395 72.1 2340
1712205789587 72.2 2341
1712205799761 72.2 2342
1712205809941 72.4 2343
1712205820141 72.3 2344
1712205830329 72.3 2345
1712205840509 72.3 2346
1712205850699 72.3 2347
1712205860874 72.4 2348
1712205871052 72.3 2349
1712205881224 72.3 2350
1712205891408 72.4 2351
1712205901591 72.5 2352
1712205911888 72.4 2353
1712205922064 72.4 2354
1712205932241 72.4 2355
1712205942420 72.3 2356
1712205952614 72.4 2357
1712205962797 72.3 2358
