1712182092670 12943.5 0
1712182102755 13281.2 1
1712182112830 13289.1 2
1712182122893 13285.6 3
1712182132952 13297.4 4
1712182143014 13295.3 5
1712182153076 13301.1 6
1712182163143 13299.0 7
1712182173220 13291.3 8
1712182183282 13286.6 9
1712182193346 13296.5 10
1712182203413 13307.6 11
1712182213487 13307.9 12
1712182223561 13309.1 13
1712182233636 13298.2 14
1712182243709 13297.0 15
1712182253770 13335.5 16
1712182263850 13272.9 17
1712182273920 13284.2 18
1712182283984 13272.4 19
1712182294075 13260.4 20
1712182304148 13267.8 21
1712182314224 13271.7 22
1712182324291 12509.5 23
1712182334364 12819.9 24
1712182344446 12844.3 25
1712182354508 12816.9 26
1712182364579 12833.9 27
1712182374661 12844.7 28
1712182384737 12853.5 29
1712182394801 12855.2 30
1712182404868 12854.2 31
1712182414943 12846.8 32
1712182425025 12846.3 33
1712182435097 12861.0 34
1712182445164 12872.4 35
1712182455247 12891.0 36
1712182465319 12882.7 37
1712182475394 12873.0 38
1712182485465 12892.7 39
1712182495534 12883.2 40
1712182505615 12897.9 41
1712182515687 12904.5 42
1712182525761 12902.0 43
1712182535842 12753.6 44
1712182545909 12763.5 45
1712182555990 12810.0 46
1712182566073 12793.6 47
1712182576146 12800.3 48
1712182586244 12786.3 49
1712182596321 12779.6 50
1712182606406 12781.3 51
1712182616486 12876.8 52
1712182626560 12899.8 53
1712182636633 12898.1 54
1712182646724 12898.9 55
1712182656793 12884.8 56
1712182666866 12883.7 57
1712182676943 12893.6 58
1712182687015 12891.9 59
1712182697081 12892.8 60
1712182707163 12890.9 61
1712182717248 12883.7 62
1712182727329 12898.0 63
1712182737404 12894.6 64
1712182747477 12907.7 65
1712182757552 12924.7 66
1712182767630 12896.3 67
1712182777719 12890.7 68
1712182787791 12897.8 69
1712182797870 12896.7 70
1712182807945 12938.8 71
1712182818022 12935.1 72
1712182828087 12934.1 73
1712182838182 12925.7 74
1712182848257 12943.5 75
1712182858339 12932.5 76
1712182868408 12913.8 77
1712182878483 12905.8 78
1712182888564 12904.5 79
1712182898636 12893.0 80
1712182908738 12905.1 81
1712182918824 12906.2 82
1712182928901 12923.1 83
1712182938980 12915.6 84
1712182949058 12912.0 85
1712182959141 12903.5 86
1712182969230 12927.1 87
1712182979305 12913.4 88
1712182989379 12931.7 89
1712182999457 12917.1 90
1712183009527 12921.6 91
1712183019607 12913.6 92
1712183029700 12926.8 93
1712183039779 12926.0 94
1712183049846 12936.2 95
1712183059935 12974.3 96
1712183070044 12942.4 97
1712183080119 12932.3 98
1712183090159 13179.1 99
1712183100192 13293.5 100
1712183110225 13311.4 101
1712183120303 13311.0 102
1712183130334 13216.4 103
1712183140381 13201.5 104
1712183150464 13261.4 105
1712183160503 13257.8 106
1712183170555 13264.4 107
1712183180657 13264.8 108
1712183190694 13261.0 109
1712183200739 13253.9 110
1712183210824 13267.4 111
1712183220901 13254.4 112
1712183230946 13269.3 113
1712183240994 13263.9 114
1712183251086 13270.2 115
1712183261129 13262.7 116
1712183271178 13262.4 117
1712183281256 13261.4 118
1712183291303 13276.9 119
1712183301345 13289.3 120
1712183311432 13290.9 121
1712183321471 13282.8 122
1712183331506 13284.1 123
1712183341594 13373.7 124
1712183351688 12926.0 125
1712183361798 13074.8 126
1712183371883 13082.7 127
1712183381924 13078.0 128
1712183392015 13097.5 129
1712183402096 13094.5 130
1712183412185 13107.9 131
1712183422283 13100.4 132
1712183432374 13097.2 133
1712183442413 13091.0 134
1712183452511 13255.5 135
1712183462603 13302.4 136
1712183472688 13294.0 137
1712183482781 13256.5 138
1712183492859 13268.0 139
1712183502892 13271.8 140
1712183512987 13334.4 141
1712183523086 13312.9 142
1712183533174 13320.5 143
1712183543263 13314.4 144
1712183553341 13309.0 145
1712183563385 13301.9 146
1712183573467 13314.5 147
1712183583550 13329.2 148
1712183593631 13321.8 149
1712183603722 13319.8 150
1712183613808 13300.9 151
1712183623838 13291.4 152
1712183633925 13314.8 153
1712183644030 13192.6 154
1712183654125 13189.3 155
1712183664225 13190.4 156
1712183674299 13184.8 157
1712183684335 13184.3 158
1712183694432 13181.7 159
1712183704513 13198.1 160
1712183714613 13190.1 161
1712183724709 13190.4 162
1712183734798 13184.7 163
1712183744842 13178.3 164
1712183754932 13246.5 165
1712183765014 13228.9 166
1712183775122 13229.4 167
1712183785204 13220.6 168
1712183795292 13212.1 169
1712183805334 13210.6 170
1712183815418 13222.6 171
1712183825508 13232.6 172
1712183835614 13233.8 173
1712183845699 13228.3 174
1712183855784 13220.5 175
1712183865838 13219.5 176
1712183875928 13233.0 177
1712183886021 13249.4 178
1712183896108 13243.2 179
1712183906202 13243.5 180
1712183916280 13234.5 181
1712183926322 13235.1 182
1712183936406 13247.1 183
1712183946489 13263.9 184
1712183956581 13297.9 185
1712183966669 13256.1 186
1712183976754 13247.8 187
1712183986800 13247.1 188
1712183996882 13273.7 189
1712184006969 13281.1 190
1712184017057 13280.4 191
1712184027143 13272.9 192
1712184037239 13264.9 193
1712184047337 13275.6 194
1712184057425 13285.4 195
1712184067512 13295.5 196
1712184077597 13285.3 197
1712184087683 13288.2 198
1712184097713 13273.5 199
1712184107801 13291.6 200
1712184117887 13301.7 201
1712184127987 13313.5 202
1712184138065 13308.6 203
1712184148151 13299.5 204
1712184158189 13297.6 205
1712184168293 13311.6 206
1712184178385 13300.2 207
1712184188475 13304.0 208
1712184198580 13298.0 209
1712184208674 13295.9 210
1712184218715 13291.8 211
1712184228806 13304.5 212
1712184238896 13308.8 213
1712184248995 12481.8 214
1712184259082 12906.9 215
1712184269185 12869.1 216
1712184279230 12880.8 217
1712184289339 12904.5 218
1712184299431 12912.5 219
1712184309540 12926.6 220
1712184319648 12933.0 221
1712184329736 12940.8 222
1712184339778 12942.2 223
1712184349887 12980.5 224
1712184360001 12991.8 225
1712184370086 13010.7 226
1712184380196 13020.1 227
1712184390292 13024.1 228
1712184400359 13023.1 229
1712184410468 13041.5 230
1712184420567 13060.6 231
1712184430667 13073.5 232
1712184440766 13071.9 233
1712184450875 13084.2 234
1712184460907 13092.2 235
1712184471006 13113.1 236
1712184481100 13351.4 237
1712184491190 13381.3 238
1712184501276 13377.1 239
1712184511357 13385.8 240
1712184521402 13370.0 241
1712184531503 13380.2 242
1712184541585 13383.1 243
1712184551676 13394.5 244
1712184561778 13395.2 245
1712184571874 13394.3 246
1712184581910 13388.4 247
1712184591999 13398.6 248
1712184602096 13402.6 249
1712184612185 13410.5 250
1712184622308 13412.3 251
1712184632403 13418.0 252
1712184642442 13409.4 253
1712184652533 13426.9 254
1712184662618 13437.8 255
1712184672708 13444.4 256
1712184682808 13438.8 257
1712184692900 13439.5 258
1712184702944 13438.5 259
1712184713045 13444.6 260
1712184723134 13447.6 261
1712184733238 13455.2 262
1712184743326 13449.9 263
1712184753427 13451.1 264
1712184763461 13444.5 265
1712184773583 13448.2 266
1712184783685 13454.7 267
1712184793778 13456.1 268
1712184803863 13454.4 269
1712184813950 13454.0 270
1712184824001 13453.2 271
1712184834104 13458.0 272
1712184844204 13470.2 273
1712184854288 13474.1 274
1712184864386 13477.3 275
1712184874507 13470.3 276
1712184884547 13470.7 277
1712184894654 13473.8 278
1712184904756 13481.5 279
1712184914854 13482.8 280
1712184924960 13482.1 281
1712184935067 13478.4 282
1712184945114 13477.5 283
1712184955214 13515.5 284
1712184965329 13501.5 285
1712184975420 13499.8 286
1712184985507 13497.1 287
1712184995598 13495.1 288
1712185005645 13494.0 289
1712185015733 13433.8 290
1712185025811 13441.7 291
1712185035897 13455.7 292
1712185045992 13454.1 293
1712185056086 13452.6 294
1712185066127 13451.5 295
1712185076211 13450.0 296
1712185086307 13464.7 297
1712185096406 13471.8 298
1712185106505 13463.0 299
1712185116602 13467.7 300
1712185126641 13466.8 301
1712185136732 13463.6 302
1712185146835 13481.0 303
1712185156930 13071.9 304
1712185167030 13208.0 305
1712185177108 13221.2 306
1712185187142 13223.1 307
1712185197227 13234.4 308
1712185207310 13253.5 309
1712185217421 13260.3 310
1712185227513 13254.5 311
1712185237561 13248.1 312
1712185247603 13582.9 313
1712185257648 13637.8 314
1712185267679 13660.9 315
1712185277785 13549.4 316
1712185287845 13576.0 317
1712185297953 13693.9 318
1712185308046 13648.5 319
1712185318101 13616.2 320
1712185328202 13629.7 321
1712185338299 13628.2 322
1712185348389 13608.4 323
1712185358496 13584.3 324
1712185368580 13590.4 325
1712185378678 13583.6 326
1712185388766 13588.9 327
1712185398857 13589.8 328
1712185408937 13589.1 329
1712185419034 13588.9 330
1712185429122 13593.7 331
1712185439212 13589.9 332
1712185449298 13597.0 333
1712185459394 13639.7 334
1712185469484 13613.0 335
1712185479577 13576.5 336
1712185489667 13581.0 337
1712185499762 13535.9 338
1712185509861 13598.5 339
1712185519965 13601.7 340
1712185530049 13600.5 341
1712185540136 13599.2 342
1712185550235 13630.5 343
1712185560329 13631.1 344
1712185570438 13603.3 345
1712185580527 13607.6 346
1712185590620 13602.3 347
1712185600734 13587.1 348
1712185610828 13602.0 349
1712185620917 13595.6 350
1712185631001 13610.0 351
1712185641094 13603.1 352
1712185651180 13595.3 353
1712185661269 13593.1 354
1712185671384 13604.9 355
1712185681501 13607.9 356
1712185691589 13616.4 357
1712185701668 13613.2 358
1712185711757 13612.4 359
1712185721855 13599.8 360
1712185731954 13613.6 361
1712185742037 13513.5 362
1712185752146 13522.7 363
1712185762242 13537.8 364
1712185772329 13536.0 365
1712185782405 13507.9 366
1712185792493 13521.4 367
1712185802589 13520.5 368
1712185812686 13530.0 369
1712185822771 13531.2 370
1712185832866 13525.7 371
1712185842954 13532.2 372
1712185853057 13563.7 373
1712185863152 13549.2 374
1712185873245 13557.9 375
1712185883329 13697.5 376
1712185893415 13681.4 377
1712185903516 13676.4 378
1712185913612 13679.5 379
1712185923661 13693.3 380
1712185933758 13854.9 381
1712185943852 13793.5 382
1712185953954 13781.7 383
1712185964064 13682.0 384
1712185974119 13782.2 385
1712185984222 13815.2 386
1712185994316 13782.6 387
1712186004422 13763.3 388
1712186014523 13734.1 389
1712186024619 13710.2 390
1712186034726 13711.3 391
1712186044822 13726.2 392
1712186054931 13749.7 393
1712186065045 13750.2 394
1712186075151 13771.4 395
1712186085266 13736.4 396
1712186095370 13749.3 397
1712186105476 13763.0 398
1712186115580 13771.4 399
1712186125683 13712.6 400
1712186135783 13707.4 401
1712186145897 13703.5 402
1712186155996 13764.3 403
1712186166108 13749.0 404
1712186176201 13006.4 405
1712186186300 13471.6 406
1712186196408 13521.3 407
1712186206516 13530.2 408
1712186216616 13542.2 409
1712186226717 13568.6 410
1712186236828 13568.5 411
1712186246924 13560.5 412
1712186257026 13559.3 413
1712186267123 13558.5 414
1712186277222 13563.7 415
1712186287319 13572.0 416
1712186297415 13570.7 417
1712186307520 13566.3 418
1712186317622 13563.6 419
1712186327718 13563.1 420
1712186337823 13566.5 421
1712186347915 13568.4 422
1712186358004 13595.2 423
1712186368113 13574.4 424
1712186378211 13560.4 425
1712186388304 13572.2 426
1712186398406 13521.2 427
1712186408509 13528.5 428
1712186418609 13523.1 429
1712186428701 13527.3 430
1712186438802 13520.7 431
1712186448899 13524.9 432
1712186458997 13545.7 433
1712186469089 13548.4 434
1712186479195 13549.8 435
1712186489299 13548.0 436
1712186499411 13543.2 437
1712186509501 13552.7 438
1712186519619 13557.4 439
1712186529681 13747.5 440
1712186539724 13868.0 441
1712186549772 13914.4 442
1712186559817 14006.3 443
1712186569865 13825.3 444
1712186579967 13804.3 445
1712186590011 13800.8 446
1712186600050 13798.1 447
1712186610136 13796.9 448
1712186620189 13794.6 449
1712186630283 13399.0 450
1712186640400 13394.0 451
1712186650503 13403.7 452
1712186660616 13411.2 453
1712186670727 13417.8 454
1712186680777 13409.0 455
1712186690875 13429.9 456
1712186700980 13439.1 457
1712186711091 13472.3 458
1712186721196 13471.0 459
1712186731287 13481.7 460
1712186741332 13502.7 461
1712186751450 13466.2 462
1712186761557 13481.4 463
1712186771668 13506.6 464
1712186781780 13508.7 465
1712186791892 13526.8 466
1712186801951 13478.9 467
1712186812056 13506.3 468
1712186822158 13500.9 469
1712186832266 13506.7 470
1712186842381 13507.6 471
1712186852470 13500.5 472
1712186862516 13500.4 473
1712186872613 13509.6 474
1712186882706 13502.2 475
1712186892807 13517.3 476
1712186902906 13505.5 477
1712186912995 13508.8 478
1712186923040 13500.5 479
1712186933131 13508.7 480
1712186943225 13516.4 481
1712186953323 13525.9 482
1712186963410 13522.9 483
1712186973510 13516.4 484
1712186983549 13509.5 485
1712186993650 13518.9 486
1712187003745 13532.5 487
1712187013833 13525.6 488
1712187023951 13518.6 489
1712187034055 13518.0 490
1712187044113 13510.7 491
1712187054241 13706.3 492
1712187064330 13724.1 493
1712187074432 13715.3 494
1712187084546 13076.4 495
1712187094593 13329.5 496
1712187104700 13625.9 497
1712187114757 13646.3 498
1712187124803 13598.4 499
1712187134901 13505.8 500
1712187144961 13504.5 501
1712187155001 13500.5 502
1712187165110 13500.4 503
1712187175153 13502.7 504
1712187185200 13532.2 505
1712187195302 13528.8 506
1712187205349 13531.3 507
1712187215424 13531.1 508
1712187225516 13525.8 509
1712187235567 13537.8 510
1712187245608 13543.9 511
1712187255717 13549.4 512
1712187265771 13543.7 513
1712187275821 13522.5 514
1712187285934 13515.1 515
1712187295987 13511.0 516
1712187306040 13507.0 517
1712187316137 13498.4 518
1712187326187 13498.8 519
1712187336234 13497.5 520
1712187346346 13491.1 521
1712187356464 13545.0 522
1712187366564 13516.0 523
1712187376674 13502.5 524
1712187386790 13497.0 525
1712187396844 13489.5 526
1712187406953 13492.8 527
1712187417049 13500.5 528
1712187427147 13514.9 529
1712187437256 13509.3 530
1712187447366 13501.2 531
1712187457412 13485.6 532
1712187467531 13502.0 533
1712187477638 13446.6 534
1712187487755 13455.0 535
1712187497859 13449.6 536
1712187507960 13444.9 537
1712187518010 13437.1 538
1712187528109 13457.6 539
1712187538234 13446.9 540
1712187548334 13196.0 541
1712187558443 13231.1 542
1712187568549 13209.2 543
1712187578596 13202.6 544
1712187588711 13208.9 545
1712187598835 13207.9 546
1712187608940 13210.8 547
1712187619031 13212.5 548
1712187629127 13212.4 549
1712187639182 13211.3 550
1712187649290 13215.6 551
1712187659383 13238.4 552
1712187669495 13237.6 553
1712187679605 13234.2 554
1712187689708 13229.3 555
1712187699757 13229.1 556
1712187709858 13239.1 557
1712187719960 13237.9 558
1712187730061 13251.8 559
1712187740159 13256.8 560
1712187750256 13254.2 561
1712187760388 13252.3 562
1712187770497 13262.0 563
1712187780600 13253.2 564
1712187790689 13266.2 565
1712187800786 13265.9 566
1712187810903 13262.2 567
1712187820963 13265.0 568
1712187831101 13269.3 569
1712187841199 13269.0 570
1712187851310 13287.1 571
1712187861425 13292.2 572
1712187871525 13287.2 573
1712187881568 13278.1 574
1712187891678 13304.6 575
1712187901794 13276.3 576
1712187911912 13294.5 577
1712187922028 13290.1 578
1712187932129 13293.5 579
1712187942177 13291.0 580
1712187952290 13293.8 581
1712187962402 13296.5 582
1712187972508 13301.8 583
1712187982608 12472.2 584
1712187992727 13044.9 585
1712188002776 13086.8 586
1712188012888 13108.7 587
1712188022993 13111.9 588
1712188033093 13130.8 589
1712188043215 13122.2 590
1712188053331 13120.0 591
1712188063375 13111.7 592
1712188073425 13327.3 593
1712188083481 13500.9 594
1712188093538 13665.4 595
1712188103593 13614.9 596
1712188113636 13558.2 597
1712188123737 13519.5 598
1712188133783 13530.2 599
1712188143885 13532.1 600
1712188153928 13529.5 601
1712188164042 13536.0 602
1712188174143 13502.8 603
1712188184197 13514.8 604
1712188194247 13518.2 605
1712188204303 13754.1 606
1712188214408 13846.0 607
1712188224525 13786.7 608
1712188234632 13749.4 609
1712188244676 13734.9 610
1712188254780 13778.9 611
1712188264902 13690.5 612
1712188274962 13677.1 613
1712188285004 13801.9 614
1712188295045 13693.1 615
1712188305136 13658.7 616
1712188315177 13656.5 617
1712188325240 13670.5 618
1712188335338 13668.7 619
1712188345432 13666.2 620
1712188355538 13661.6 621
1712188365606 13651.8 622
1712188375705 13843.0 623
1712188385744 13834.0 624
1712188395795 13817.1 625
1712188405887 13687.6 626
1712188415926 13648.2 627
1712188425967 13643.1 628
1712188436056 13651.1 629
1712188446164 13285.3 630
1712188456217 13317.1 631
1712188466311 13247.6 632
1712188476406 13245.0 633
1712188486454 13243.9 634
1712188496563 13244.2 635
1712188506658 13246.8 636
1712188516752 13245.1 637
1712188526872 13240.2 638
1712188536969 13236.0 639
1712188547027 13241.0 640
1712188557124 13263.3 641
1712188567223 13262.7 642
1712188577319 13254.5 643
1712188587414 13246.2 644
1712188597470 13239.0 645
1712188607563 13247.4 646
1712188617658 13234.5 647
1712188627746 13251.6 648
1712188637843 13241.2 649
1712188647939 13241.4 650
1712188657984 13237.3 651
1712188668080 13248.4 652
1712188678169 13246.6 653
1712188688265 13247.1 654
1712188698373 13248.6 655
1712188708463 13417.3 656
1712188718506 13346.6 657
1712188728614 13337.5 658
1712188738721 13336.3 659
1712188748821 13100.6 660
1712188758934 13146.2 661
1712188769035 13121.4 662
1712188779077 13114.0 663
1712188789161 13124.5 664
1712188799264 13121.7 665
1712188809371 13120.0 666
1712188819479 13129.7 667
1712188829675 13123.7 668
1712188839719 13113.2 669
1712188849824 13129.7 670
1712188859946 13130.9 671
1712188870042 13146.4 672
1712188880144 13148.2 673
1712188890252 12706.3 674
1712188900297 12856.4 675
1712188910411 12881.3 676
1712188920511 12834.1 677
1712188930618 12860.9 678
1712188940707 12869.6 679
1712188950796 12871.2 680
1712188960843 12868.8 681
1712188970950 12862.6 682
1712188981054 12683.7 683
1712188991164 12697.8 684
1712189001277 12694.2 685
1712189011381 12702.3 686
1712189021447 12716.2 687
1712189031548 12725.0 688
1712189041668 12731.9 689
1712189051793 12754.6 690
1712189061914 12760.3 691
1712189072038 12794.9 692
1712189082093 12797.7 693
1712189092200 12835.2 694
1712189102311 12833.4 695
1712189112426 12849.0 696
1712189122533 12850.5 697
1712189132651 12859.3 698
1712189142726 12868.1 699
1712189152837 12930.5 700
1712189162956 12904.6 701
1712189173065 12937.8 702
1712189183192 12938.2 703
1712189193277 12937.4 704
1712189203333 12936.2 705
1712189213420 12946.4 706
1712189223507 12957.2 707
1712189233616 12951.8 708
1712189243712 12939.7 709
1712189253810 12928.7 710
1712189263852 12926.7 711
1712189273945 12937.2 712
1712189284054 12958.8 713
1712189294144 12951.0 714
1712189304251 12943.0 715
1712189314351 12938.7 716
1712189324395 12937.3 717
1712189334507 12939.9 718
1712189344594 12960.6 719
1712189354703 12956.7 720
1712189364802 12948.0 721
1712189374902 12944.8 722
1712189384957 12936.7 723
1712189395052 12960.1 724
1712189405146 12961.3 725
1712189415242 12969.5 726
1712189425337 12975.9 727
1712189435437 12962.2 728
1712189445484 12961.6 729
1712189455580 13004.9 730
1712189465686 13014.9 731
1712189475780 12989.0 732
1712189485896 12982.0 733
1712189496005 12974.2 734
1712189506123 12983.0 735
1712189516233 12984.8 736
1712189526336 12987.0 737
1712189536434 12986.6 738
1712189546538 12980.1 739
1712189556637 12975.3 740
1712189566691 12975.4 741
1712189576793 12987.6 742
1712189586888 13002.0 743
1712189596998 13007.5 744
1712189607086 13004.5 745
1712189617188 12999.1 746
1712189627233 13003.7 747
1712189637328 13016.2 748
1712189647444 13027.1 749
1712189657549 13059.7 750
1712189667653 13025.2 751
1712189677692 13022.5 752
1712189687787 13031.7 753
1712189697888 13031.3 754
1712189707986 13042.4 755
1712189718090 13051.4 756
1712189728199 13047.4 757
1712189738336 13040.4 758
1712189748442 13057.4 759
1712189758537 13063.8 760
1712189768637 13067.5 761
1712189778747 13058.5 762
1712189788850 12322.2 763
1712189798901 12697.8 764
1712189809022 12756.4 765
1712189819127 12798.4 766
1712189829239 12798.3 767
1712189839349 12801.3 768
1712189849456 12802.5 769
1712189859507 12801.0 770
1712189869604 12806.7 771
1712189879714 12798.3 772
1712189889809 12716.3 773
1712189899907 12721.1 774
1712189910020 12725.1 775
1712189920064 12723.1 776
1712189930168 12729.2 777
1712189940264 12730.2 778
1712189950354 12739.4 779
1712189960555 12761.2 780
1712189970669 12754.4 781
1712189980715 12744.8 782
1712189990819 12753.3 783
1712190000914 12755.7 784
1712190011024 12793.3 785
1712190021138 12803.9 786
1712190031256 12807.1 787
1712190041316 12805.5 788
1712190051426 12810.6 789
1712190061532 12820.7 790
1712190071653 12823.6 791
1712190081781 12813.3 792
1712190091982 12809.8 793
1712190102035 12798.4 794
1712190112125 12813.7 795
1712190122229 12814.9 796
1712190132359 12817.5 797
1712190142452 12818.2 798
1712190152565 12816.0 799
1712190162610 12805.4 800
1712190172718 12825.1 801
1712190182827 12822.3 802
1712190192922 12823.8 803
1712190203024 12825.8 804
1712190213124 12829.2 805
1712190223180 12830.6 806
1712190233284 12836.7 807
1712190243387 12839.2 808
1712190253502 12847.7 809
1712190263613 12853.7 810
1712190273722 12848.1 811
1712190283769 12845.0 812
1712190293871 12846.8 813
1712190303968 12848.1 814
1712190314079 12861.0 815
1712190324186 12851.5 816
1712190334303 12848.9 817
1712190344346 12844.0 818
1712190354440 12884.1 819
1712190364561 12869.5 820
1712190374653 12866.5 821
1712190384764 12861.5 822
1712190394863 12850.6 823
1712190404913 12850.8 824
1712190415017 12866.2 825
1712190425105 12878.8 826
1712190435215 12870.7 827
1712190445325 12863.4 828
1712190455417 12861.9 829
1712190465478 12858.8 830
1712190475582 12866.5 831
1712190485688 12875.7 832
1712190495788 12873.9 833
1712190505879 12865.8 834
1712190515982 12864.6 835
1712190526035 12869.5 836
1712190536135 12873.4 837
1712190546224 12887.1 838
1712190556322 12892.1 839
1712190566436 12887.4 840
1712190576547 12887.6 841
1712190586609 12887.0 842
1712190596702 12893.6 843
1712190606806 12905.9 844
1712190616902 12906.8 845
1712190626993 12898.2 846
1712190637100 12904.5 847
1712190647149 12908.6 848
1712190657255 13123.5 849
1712190667356 13121.5 850
1712190677414 13277.5 851
1712190687480 13275.1 852
1712190697578 13276.3 853
1712190707647 13278.6 854
1712190717697 13355.7 855
1712190727801 13354.1 856
1712190737856 13349.9 857
1712190747903 13351.7 858
1712190758004 13346.8 859
1712190768056 13348.0 860
1712190778100 13354.3 861
1712190788209 13383.1 862
1712190798253 13372.4 863
1712190808302 13362.4 864
1712190818402 13364.5 865
1712190828453 13364.4 866
1712190838509 13368.4 867
1712190848618 13373.4 868
1712190858758 13442.2 869
1712190868806 13486.0 870
1712190878897 13065.7 871
1712190888950 13169.0 872
1712190898999 13088.8 873
1712190909112 13126.6 874
1712190919216 13130.9 875
1712190929317 13128.7 876
1712190939385 13116.6 877
1712190949478 13134.8 878
1712190959582 13150.4 879
1712190969734 13154.4 880
1712190979864 13157.1 881
1712190989969 13149.2 882
1712191000020 13146.3 883
1712191010143 13168.8 884
1712191020250 13160.3 885
1712191030348 13154.8 886
1712191040449 13159.4 887
1712191050549 13160.4 888
1712191060605 13144.8 889
1712191070716 13161.3 890
1712191080928 13159.7 891
1712191091025 13167.0 892
1712191101141 13177.1 893
1712191111256 13175.4 894
1712191121304 13173.7 895
1712191131421 13178.2 896
1712191141521 13181.4 897
1712191151629 13074.2 898
1712191161736 13083.6 899
1712191171846 13077.1 900
1712191181898 13070.2 901
1712191192019 13091.4 902
1712191202132 13098.5 903
1712191212237 13093.5 904
1712191222336 13102.5 905
1712191232442 13099.6 906
1712191242494 13092.1 907
1712191252603 13100.1 908
1712191262708 13105.4 909
1712191272827 13114.4 910
1712191282935 13108.0 911
1712191293043 13107.3 912
1712191303096 13109.6 913
1712191313203 13120.2 914
1712191323305 12824.6 915
1712191333420 12826.2 916
1712191343543 12815.8 917
1712191353670 12823.0 918
1712191363728 12829.2 919
1712191373845 12839.8 920
1712191383962 12875.2 921
1712191394086 12884.9 922
1712191404207 12889.7 923
1712191414330 12900.3 924
1712191424391 12905.8 925
1712191434513 12916.4 926
1712191444629 12944.5 927
1712191454756 12958.5 928
1712191464886 12955.8 929
1712191475000 12965.8 930
1712191485060 12981.6 931
1712191495188 13005.6 932
1712191505323 13026.6 933
1712191515439 13050.4 934
1712191525582 13058.2 935
1712191535697 13042.8 936
1712191545745 13060.0 937
1712191555844 13104.1 938
1712191565974 13084.3 939
1712191576106 13084.8 940
1712191586211 13075.9 941
1712191596321 13062.2 942
1712191606373 13060.9 943
1712191616485 13066.7 944
1712191626601 13080.2 945
1712191636731 13080.7 946
1712191646853 12998.6 947
1712191656963 12997.8 948
1712191667017 12996.8 949
1712191677135 13006.6 950
1712191687242 13008.2 951
1712191697357 13018.8 952
1712191707461 13010.4 953
1712191717528 12997.4 954
1712191727660 13016.8 955
1712191737787 13009.4 956
1712191747888 13014.7 957
1712191757988 13043.6 958
1712191768086 13016.9 959
1712191778146 12463.9 960
1712191788269 12684.5 961
1712191798373 12686.0 962
1712191808490 12730.1 963
1712191818597 12740.6 964
1712191828704 12735.5 965
1712191838753 12729.1 966
1712191848869 12743.8 967
1712191858996 12749.0 968
1712191869112 12746.0 969
1712191879221 12748.5 970
1712191889324 12819.0 971
1712191899380 12802.6 972
1712191909489 12811.4 973
1712191919597 12808.5 974
1712191929698 12820.9 975
1712191939803 12814.1 976
1712191949915 12813.2 977
1712191959969 12808.4 978
1712191970070 12822.2 979
1712191980183 12818.8 980
1712191990295 12824.0 981
1712192000389 12819.8 982
1712192010506 12817.4 983
1712192020553 12810.0 984
1712192030646 12825.6 985
1712192040757 12823.0 986
1712192050865 12838.1 987
1712192060970 12834.7 988
1712192071088 12832.6 989
1712192081148 12823.3 990
1712192091262 12834.8 991
1712192101366 12843.0 992
1712192111476 12856.8 993
1712192121596 12841.8 994
1712192131691 12847.6 995
1712192141746 12839.5 996
1712192151858 12842.8 997
1712192161967 12861.1 998
1712192172077 12873.5 999
1712192182177 12863.5 1000
1712192192283 12861.6 1001
1712192202341 12853.0 1002
1712192212534 12864.1 1003
1712192222633 12861.7 1004
1712192232744 12872.5 1005
1712192242852 12859.9 1006
1712192252961 12860.7 1007
1712192263005 12856.4 1008
1712192273110 12865.2 1009
1712192283234 12874.7 1010
1712192293343 12881.8 1011
1712192303461 12871.7 1012
1712192313578 12874.4 1013
1712192323638 12870.1 1014
1712192333744 12878.9 1015
1712192343881 12886.4 1016
1712192354004 12896.1 1017
1712192364127 12899.8 1018
1712192374252 12890.2 1019
1712192384305 12891.2 1020
1712192394432 12897.0 1021
1712192404485 12899.0 1022
1712192414548 13141.4 1023
1712192424606 13130.9 1024
1712192434736 13283.4 1025
1712192444863 13397.4 1026
1712192454973 13349.0 1027
1712192465116 13233.9 1028
1712192475233 13225.0 1029
1712192485346 13220.6 1030
1712192495454 13213.3 1031
1712192505586 13212.6 1032
1712192515696 13215.8 1033
1712192525835 13218.7 1034
1712192535942 13221.2 1035
1712192546066 13212.7 1036
1712192556209 13206.7 1037
1712192566331 13207.9 1038
1712192576450 13208.7 1039
1712192586577 13212.3 1040
1712192596694 13231.2 1041
1712192606819 13128.4 1042
1712192616935 13121.6 1043
1712192627060 13116.9 1044
1712192637190 13122.3 1045
1712192647314 13134.8 1046
1712192657437 13193.3 1047
1712192667553 13167.7 1048
1712192677682 13143.5 1049
1712192687796 13145.7 1050
1712192697907 13149.9 1051
1712192708021 13165.8 1052
1712192718141 13250.7 1053
1712192728271 13212.3 1054
1712192738396 12619.2 1055
1712192748529 13038.0 1056
1712192758659 13095.4 1057
1712192768775 13106.7 1058
1712192778893 13092.2 1059
1712192789032 13094.8 1060
1712192799155 13087.5 1061
1712192809277 13079.6 1062
1712192819405 13081.0 1063
1712192829535 13094.8 1064
1712192839650 13091.3 1065
1712192849774 13088.9 1066
1712192859896 13083.4 1067
1712192870022 13092.9 1068
1712192880138 13058.1 1069
1712192890250 13035.8 1070
1712192900386 13028.1 1071
1712192910500 13027.7 1072
1712192920640 13017.5 1073
1712192930754 13025.9 1074
1712192940880 13021.8 1075
1712192951013 13040.3 1076
1712192961132 13049.4 1077
1712192971261 13040.7 1078
1712192981383 13031.4 1079
1712192991518 13044.8 1080
1712193001633 13043.1 1081
1712193011782 13058.6 1082
1712193021913 13051.4 1083
1712193032044 13052.5 1084
1712193042165 13054.6 1085
1712193052298 13063.1 1086
1712193062418 13068.8 1087
1712193072547 13081.7 1088
1712193082671 13073.6 1089
1712193092895 13073.4 1090
1712193103020 13062.7 1091
1712193113145 13073.7 1092
1712193123271 13082.2 1093
1712193133402 13103.6 1094
1712193143536 13090.4 1095
1712193153649 13087.5 1096
1712193163764 13071.1 1097
1712193173880 13087.0 1098
1712193183999 13103.7 1099
1712193194115 13103.2 1100
1712193204233 13100.7 1101
1712193214350 13093.5 1102
1712193224488 13088.2 1103
1712193234604 13100.4 1104
1712193244737 13115.9 1105
1712193254967 13124.0 1106
1712193265098 13126.7 1107
1712193275207 13117.3 1108
1712193285329 13114.7 1109
1712193295448 13125.0 1110
1712193305577 13128.8 1111
1712193315701 13147.3 1112
1712193325815 13120.3 1113
1712193335933 13117.4 1114
1712193346061 13040.3 1115
1712193356189 13087.3 1116
1712193366324 13078.5 1117
1712193376457 13107.0 1118
1712193386566 13098.8 1119
1712193396683 13099.2 1120
1712193406905 13096.4 1121
1712193417024 13100.5 1122
1712193427158 13137.6 1123
1712193437292 13135.3 1124
1712193447408 13130.5 1125
1712193457540 13127.2 1126
1712193467659 13134.6 1127
1712193477773 13136.2 1128
1712193487912 13162.5 1129
1712193498058 13165.4 1130
1712193508182 13169.1 1131
1712193518310 13140.8 1132
1712193528494 13153.4 1133
1712193538705 13151.2 1134
1712193548828 13155.7 1135
1712193558946 13184.4 1136
1712193569064 13156.9 1137
1712193579192 13173.5 1138
1712193589305 13181.6 1139
1712193599416 13185.0 1140
1712193609553 13212.6 1141
1712193619686 13211.4 1142
1712193629813 13212.1 1143
1712193639929 12496.9 1144
1712193650060 13050.6 1145
1712193660178 13115.0 1146
1712193670326 13115.1 1147
1712193680459 12821.6 1148
1712193690598 12814.4 1149
1712193700745 12807.6 1150
1712193710872 12829.2 1151
1712193721002 12843.2 1152
1712193731154 12875.6 1153
1712193741293 12869.5 1154
1712193751425 12871.1 1155
1712193761581 12871.7 1156
1712193771726 12894.9 1157
1712193781847 12904.4 1158
1712193791999 12921.6 1159
1712193802143 12933.5 1160
1712193812298 12948.5 1161
1712193822532 12943.4 1162
1712193832672 12969.1 1163
1712193842810 12982.2 1164
1712193852950 13000.1 1165
1712193863097 13001.2 1166
1712193873238 13017.2 1167
1712193883376 13013.1 1168
1712193893497 13046.8 1169
1712193903634 13053.3 1170
1712193913717 13053.2 1171
1712193923879 13330.2 1172
1712193933935 13351.6 1173
1712193944052 13364.8 1174
1712193954188 13412.9 1175
1712193964326 13504.9 1176
1712193974455 13514.9 1177
1712193984596 13525.2 1178
1712193994749 13532.9 1179
1712194004888 13724.5 1180
1712194015005 13669.0 1181
1712194025135 13713.6 1182
1712194035257 13719.7 1183
1712194045368 13684.6 1184
1712194055489 13673.2 1185
1712194065590 13666.9 1186
1712194075705 13662.6 1187
1712194085821 13675.7 1188
1712194095931 13677.9 1189
1712194106057 13664.2 1190
1712194116249 13654.5 1191
1712194126387 13651.9 1192
1712194136500 13573.6 1193
1712194146604 13576.8 1194
1712194156719 13610.3 1195
1712194166848 13569.0 1196
1712194176969 13412.1 1197
1712194187050 13459.1 1198
1712194197173 13724.6 1199
1712194207242 13839.9 1200
1712194217356 13815.8 1201
1712194227423 13767.5 1202
1712194237546 13647.4 1203
1712194247658 13718.8 1204
1712194257726 13820.1 1205
1712194267845 13825.9 1206
1712194277978 13980.4 1207
1712194288031 14560.1 1208
1712194298149 13845.3 1209
1712194308260 13785.1 1210
1712194318373 13838.3 1211
1712194328493 13819.3 1212
1712194338604 13816.4 1213
1712194348720 13726.1 1214
1712194358833 13690.7 1215
1712194368944 13697.5 1216
1712194379075 13736.9 1217
1712194389179 13735.7 1218
1712194399290 13722.8 1219
1712194409400 13706.1 1220
1712194419517 13700.0 1221
1712194429727 13707.8 1222
1712194439831 13605.8 1223
1712194449937 13606.9 1224
1712194460066 13620.0 1225
1712194470131 13699.4 1226
1712194480295 13621.1 1227
1712194490357 14002.6 1228
1712194500491 14138.9 1229
1712194510615 14186.1 1230
1712194520721 13818.3 1231
1712194530859 13807.4 1232
1712194540970 13801.8 1233
1712194551095 13712.2 1234
1712194561205 13736.7 1235
1712194571325 13736.4 1236
1712194581457 13719.3 1237
1712194591575 13705.4 1238
1712194601693 13696.6 1239
1712194611812 13690.9 1240
1712194621924 13688.1 1241
1712194632043 13645.8 1242
1712194642145 13646.3 1243
1712194652268 13647.1 1244
1712194662336 13634.7 1245
1712194672416 13785.6 1246
1712194682526 13642.6 1247
1712194692636 13694.8 1248
1712194702740 13576.7 1249
1712194712848 13518.8 1250
1712194722975 13510.3 1251
1712194733086 13514.6 1252
1712194743197 13518.8 1253
1712194753314 13521.9 1254
1712194763431 13530.0 1255
1712194773560 13520.7 1256
1712194783673 13513.1 1257
1712194793789 13523.2 1258
1712194803899 13520.3 1259
1712194814008 13518.3 1260
1712194824134 13511.4 1261
1712194834245 13514.4 1262
1712194844364 13512.2 1263
1712194854467 13459.4 1264
1712194864568 13448.3 1265
1712194874689 13435.5 1266
1712194884796 13467.0 1267
1712194894907 13456.2 1268
1712194905008 12558.7 1269
1712194915122 13091.4 1270
1712194925244 13162.5 1271
1712194935355 13158.1 1272
1712194945479 13132.1 1273
1712194955581 13128.5 1274
1712194965692 13132.9 1275
1712194975814 13142.9 1276
1712194985928 13146.0 1277
1712194996038 13152.1 1278
1712195006139 13150.6 1279
1712195016263 13144.9 1280
1712195026371 13145.4 1281
1712195036485 13150.4 1282
1712195046593 13153.5 1283
1712195056697 13187.8 1284
1712195066801 13157.3 1285
1712195076930 13146.4 1286
1712195087044 13149.1 1287
1712195097165 13163.8 1288
1712195107273 13170.4 1289
1712195117384 13172.2 1290
1712195127502 13170.6 1291
1712195137612 13166.1 1292
1712195147732 13169.9 1293
1712195157836 13179.7 1294
1712195167955 13187.4 1295
1712195178068 13176.3 1296
1712195188168 13185.6 1297
1712195198292 13178.6 1298
1712195208403 13186.6 1299
1712195218518 13181.5 1300
1712195228637 13187.5 1301
1712195238749 13189.8 1302
1712195248863 13184.4 1303
1712195258975 13179.9 1304
1712195269087 13210.4 1305
1712195279199 13206.1 1306
1712195289310 13240.9 1307
1712195299425 13238.8 1308
1712195309539 13243.1 1309
1712195319655 13240.3 1310
1712195329777 13238.1 1311
1712195339911 13244.6 1312
1712195350024 13238.0 1313
1712195360146 13259.3 1314
1712195370265 13241.8 1315
1712195380375 13179.2 1316
1712195390507 13191.2 1317
1712195400613 13188.7 1318
1712195410715 13202.1 1319
1712195420817 13190.4 1320
1712195430928 13201.8 1321
1712195441078 13190.8 1322
1712195451182 13207.1 1323
1712195461302 13210.3 1324
1712195471416 13217.7 1325
1712195481518 13206.9 1326
1712195491637 13206.2 1327
1712195501745 13202.4 1328
1712195511860 13210.8 1329
1712195521959 13211.7 1330
1712195532070 13243.6 1331
1712195542189 13216.4 1332
1712195552291 13215.5 1333
1712195562405 13209.1 1334
1712195572513 13216.8 1335
1712195582625 13214.8 1336
1712195592840 13228.9 1337
1712195602956 13220.3 1338
1712195613090 13215.3 1339
1712195623209 13219.4 1340
1712195633338 13229.2 1341
1712195643447 13231.7 1342
1712195653569 13237.9 1343
1712195663686 13237.7 1344
1712195673798 13225.4 1345
1712195683915 13228.0 1346
1712195694029 13236.9 1347
1712195704150 13263.9 1348
1712195714257 13263.2 1349
1712195724368 13244.8 1350
1712195734485 13240.8 1351
1712195744673 13237.6 1352
1712195754781 13263.4 1353
1712195764888 13263.9 1354
1712195774998 13257.9 1355
1712195785132 13249.9 1356
1712195795249 13248.3 1357
1712195805363 13314.5 1358
1712195815481 13127.6 1359
1712195825599 13222.0 1360
1712195835713 13229.2 1361
1712195845838 13216.1 1362
1712195855945 13216.7 1363
1712195866071 13218.1 1364
1712195876183 13224.3 1365
1712195886299 13242.6 1366
1712195896478 13245.7 1367
1712195906589 13241.7 1368
1712195916718 13241.7 1369
1712195926830 13236.9 1370
1712195936956 13245.8 1371
1712195947065 13259.9 1372
1712195957182 13293.4 1373
1712195967307 13264.3 1374
1712195977413 13256.5 1375
1712195987528 13263.7 1376
1712195997640 13268.6 1377
1712196007768 13275.6 1378
1712196017840 13484.9 1379
1712196027963 13647.9 1380
1712196038044 13409.7 1381
1712196048119 13410.4 1382
1712196058260 13318.4 1383
1712196068406 13311.1 1384
1712196078557 13265.9 1385
1712196088652 13298.1 1386
1712196098795 13288.2 1387
1712196108934 13320.4 1388
1712196119075 13327.0 1389
1712196129210 13328.2 1390
1712196139336 13345.7 1391
1712196149469 13349.0 1392
1712196159606 13295.2 1393
1712196169745 13298.6 1394
1712196179972 13306.1 1395
1712196190106 13316.7 1396
1712196200244 13327.5 1397
1712196210375 13304.2 1398
1712196220500 13306.1 1399
1712196230645 13321.6 1400
1712196240776 13257.9 1401
1712196250913 13291.9 1402
1712196261015 13296.2 1403
1712196271141 13297.3 1404
1712196281274 13316.7 1405
1712196291408 13317.7 1406
1712196301534 13266.8 1407
1712196311643 13291.2 1408
1712196321752 13294.9 1409
1712196331885 13286.6 1410
1712196341989 13280.8 1411
1712196352111 13291.3 1412
1712196362219 13292.5 1413
1712196372321 13302.4 1414
1712196382439 13301.1 1415
1712196392548 13295.3 1416
1712196402658 13292.1 1417
1712196412777 13297.5 1418
1712196422897 13301.7 1419
1712196433022 13310.7 1420
1712196443146 13317.1 1421
1712196453260 13293.3 1422
1712196463395 13288.9 1423
1712196473600 13295.1 1424
1712196483718 13300.1 1425
1712196493839 13299.9 1426
1712196503943 13293.9 1427
1712196514053 13286.6 1428
1712196524163 13282.8 1429
1712196534263 13298.0 1430
1712196544393 13307.8 1431
1712196554506 13305.3 1432
1712196564633 13288.3 1433
1712196574749 13282.2 1434
1712196584861 13290.4 1435
1712196594978 13299.0 1436
1712196605084 13308.3 1437
1712196615222 13300.2 1438
1712196625464 13317.6 1439
1712196635571 13308.6 1440
1712196645705 13302.4 1441
1712196655841 13334.7 1442
1712196665954 13324.6 1443
1712196676087 13339.0 1444
1712196686216 13644.2 1445
1712196696310 13744.4 1446
1712196706447 13905.7 1447
1712196716607 13890.0 1448
1712196726751 13955.7 1449
1712196736887 13964.1 1450
1712196747108 13907.5 1451
1712196757247 13899.6 1452
1712196767390 13902.0 1453
1712196777502 13903.8 1454
1712196787635 13906.6 1455
1712196797769 13899.1 1456
1712196807905 13901.4 1457
1712196818046 13887.2 1458
1712196828180 13875.3 1459
1712196838315 13881.2 1460
1712196848525 13889.7 1461
1712196858675 13928.2 1462
1712196868795 13897.7 1463
1712196878942 13859.1 1464
1712196889097 13866.3 1465
1712196899244 13859.6 1466
1712196909375 13878.7 1467
1712196919512 13882.5 1468
1712196929633 13810.9 1469
1712196939755 13759.4 1470
1712196949992 13763.7 1471
1712196960119 13771.0 1472
1712196970246 13778.0 1473
1712196980392 13780.1 1474
1712196990523 13748.7 1475
1712197000603 13739.6 1476
1712197010735 13987.4 1477
1712197020885 13971.7 1478
1712197031017 13950.9 1479
1712197041161 13668.2 1480
1712197051321 13643.4 1481
1712197061554 13635.9 1482
1712197071718 13637.9 1483
1712197081866 13630.0 1484
1712197092000 13642.7 1485
1712197102162 13627.0 1486
1712197112341 13626.4 1487
1712197122483 13618.6 1488
1712197132643 13625.9 1489
1712197142792 13627.3 1490
1712197152923 13643.4 1491
1712197163078 13585.6 1492
1712197173225 13582.6 1493
1712197183473 13572.7 1494
1712197193639 13573.1 1495
1712197203763 13582.8 1496
1712197213899 13605.4 1497
1712197224036 13724.6 1498
1712197234213 13693.8 1499
1712197244381 13708.7 1500
1712197254518 13736.3 1501
1712197264672 13722.5 1502
1712197274839 13725.1 1503
1712197284963 13708.7 1504
1712197295213 13697.1 1505
1712197305389 13701.4 1506
1712197315538 13708.0 1507
1712197325662 13713.4 1508
1712197335817 13713.2 1509
1712197345984 13710.4 1510
1712197356111 13702.5 1511
1712197366253 13697.8 1512
1712197376384 13705.2 1513
1712197386512 13714.6 1514
1712197396655 13709.9 1515
1712197406799 13712.9 1516
1712197416931 13705.7 1517
1712197427091 13705.8 1518
1712197437258 13023.4 1519
1712197447389 13321.5 1520
1712197457536 13293.7 1521
1712197467667 13161.2 1522
1712197477784 13167.0 1523
1712197488028 13179.8 1524
1712197498188 13176.9 1525
1712197508349 13188.6 1526
1712197518494 13190.2 1527
1712197528662 13187.0 1528
1712197538806 13306.0 1529
1712197548943 13307.3 1530
1712197559095 13305.8 1531
1712197569244 13311.3 1532
1712197579530 13309.0 1533
1712197589679 13318.9 1534
1712197599823 13312.3 1535
1712197609989 13324.7 1536
1712197620138 13328.0 1537
1712197630284 13357.8 1538
1712197640427 13349.6 1539
1712197650606 13350.6 1540
1712197660757 13340.3 1541
1712197670923 13347.5 1542
1712197681209 13347.2 1543
1712197691358 13361.0 1544
1712197701518 13356.7 1545
1712197711652 13371.4 1546
1712197721823 13344.2 1547
1712197731970 13348.0 1548
1712197742135 13276.9 1549
1712197752293 13287.4 1550
1712197762444 13082.7 1551
1712197772580 13077.1 1552
1712197782756 13064.4 1553
1712197792987 13076.7 1554
1712197803142 13076.1 1555
1712197813270 13087.4 1556
1712197823426 13079.4 1557
1712197833589 13079.4 1558
1712197843755 13083.0 1559
1712197853922 13250.4 1560
1712197864105 13312.0 1561
1712197874256 13297.2 1562
1712197884386 13284.3 1563
1712197894542 13266.0 1564
1712197904808 13283.9 1565
1712197915000 13343.8 1566
1712197925135 13342.1 1567
1712197935297 13342.0 1568
1712197945485 13334.9 1569
1712197955657 13333.7 1570
1712197965809 13329.1 1571
1712197975971 13337.0 1572
1712197986111 13348.5 1573
1712197996267 13349.9 1574
1712198006425 13346.0 1575
1712198016577 13341.0 1576
1712198026743 13345.8 1577
1712198036885 13352.9 1578
1712198047030 13363.3 1579
1712198057173 13278.9 1580
1712198067327 13236.7 1581
1712198077486 13243.0 1582
1712198087615 13242.3 1583
1712198097802 13235.3 1584
1712198107931 13255.2 1585
1712198118192 13249.1 1586
1712198128354 13255.4 1587
1712198138508 13250.7 1588
1712198148666 13259.6 1589
1712198158807 13275.4 1590
1712198168961 13277.4 1591
1712198179141 13275.6 1592
1712198189311 13274.5 1593
1712198199452 13266.8 1594
1712198209599 13525.8 1595
1712198219866 13690.9 1596
1712198230017 13646.4 1597
1712198240156 13600.6 1598
1712198250252 13643.9 1599
1712198260403 13613.7 1600
1712198270529 13586.8 1601
1712198280651 14135.6 1602
1712198290802 14107.0 1603
1712198300888 14068.0 1604
1712198311051 13884.5 1605
1712198321233 13834.8 1606
1712198331355 13842.6 1607
1712198341543 13853.1 1608
1712198351792 13809.1 1609
1712198361947 13814.1 1610
1712198372116 13810.6 1611
1712198382243 13748.9 1612
1712198392442 13754.8 1613
1712198402642 13612.9 1614
1712198412742 13606.6 1615
1712198422909 13661.7 1616
1712198433089 13601.2 1617
1712198443220 13548.9 1618
1712198453473 13665.0 1619
1712198463663 13654.5 1620
1712198473810 13660.8 1621
1712198483977 13658.1 1622
1712198494157 13667.9 1623
1712198504264 13662.0 1624
1712198514440 13666.4 1625
1712198524605 13673.4 1626
1712198534759 13685.5 1627
1712198544935 13686.2 1628
1712198555195 13686.0 1629
1712198565322 13688.5 1630
1712198575497 13708.7 1631
1712198585661 13732.6 1632
1712198595841 13762.7 1633
1712198606030 13771.9 1634
1712198616186 13780.2 1635
1712198626266 13779.1 1636
1712198636416 13784.7 1637
1712198646573 12973.5 1638
1712198656794 13116.2 1639
1712198666925 13028.4 1640
1712198677085 13039.6 1641
1712198687167 13013.9 1642
1712198697301 13019.1 1643
1712198707453 13023.1 1644
1712198717602 13025.2 1645
1712198727735 13018.0 1646
1712198737845 13001.9 1647
1712198747991 13023.5 1648
1712198758217 13022.1 1649
1712198768376 13016.4 1650
1712198778510 13027.0 1651
1712198788648 13024.8 1652
1712198798724 13018.6 1653
1712198808854 13030.3 1654
1712198818990 13017.9 1655
1712198829157 13019.9 1656
1712198839284 13010.5 1657
1712198849426 13008.6 1658
1712198859538 13003.6 1659
1712198869782 13023.8 1660
1712198879932 13025.6 1661
1712198890085 13030.7 1662
1712198900238 13034.0 1663
1712198910380 13019.9 1664
1712198920501 13014.2 1665
1712198930661 13024.9 1666
1712198940807 13022.0 1667
1712198950953 13127.5 1668
1712198961099 12882.2 1669
1712198971241 12911.0 1670
1712198981337 12892.7 1671
1712198991521 12894.5 1672
1712199001670 12916.1 1673
1712199011804 12923.4 1674
1712199021953 12935.7 1675
1712199032088 12953.4 1676
1712199042203 12934.6 1677
1712199052347 12956.5 1678
1712199062485 12962.6 1679
1712199072633 12963.1 1680
1712199082853 12956.0 1681
1712199092987 12955.7 1682
1712199103084 12941.9 1683
1712199113241 12952.8 1684
1712199123397 12958.5 1685
1712199133555 12960.0 1686
1712199143710 12957.4 1687
1712199153840 12949.5 1688
1712199163950 12950.3 1689
1712199174114 12968.0 1690
1712199184255 12969.4 1691
1712199194389 12972.6 1692
1712199204551 12965.0 1693
1712199214681 12967.1 1694
1712199224774 12967.3 1695
1712199234950 12967.4 1696
1712199245089 12977.7 1697
1712199255242 12978.4 1698
1712199265405 12977.3 1699
1712199275548 12977.6 1700
1712199285709 12978.6 1701
1712199295870 12983.8 1702
1712199306003 12989.0 1703
1712199316147 12988.4 1704
1712199326307 12983.6 1705
1712199336450 12981.2 1706
1712199346537 12979.2 1707
1712199356679 13048.1 1708
1712199366801 13036.0 1709
1712199376928 13034.6 1710
1712199387085 13026.7 1711
1712199397303 13136.0 1712
1712199407468 13127.3 1713
1712199417615 13133.8 1714
1712199427760 13139.5 1715
1712199437894 13136.0 1716
1712199448044 13135.7 1717
1712199458127 13131.7 1718
1712199468267 13136.6 1719
1712199478408 13138.3 1720
1712199488544 13141.4 1721
1712199498687 13141.1 1722
1712199508835 13139.0 1723
1712199518986 13136.0 1724
1712199529112 13161.6 1725
1712199539251 13148.4 1726
1712199549374 13153.5 1727
1712199559497 13180.2 1728
1712199569639 13162.5 1729
1712199579703 13173.0 1730
1712199589853 13196.4 1731
1712199599989 13281.0 1732
1712199610109 13037.4 1733
1712199620239 13096.6 1734
1712199630441 13042.3 1735
1712199640515 13028.5 1736
1712199650656 13056.4 1737
1712199660801 13049.2 1738
1712199670920 13072.3 1739
1712199681057 13053.9 1740
1712199691178 13057.3 1741
1712199701239 13048.5 1742
1712199711382 13065.9 1743
1712199721506 13057.7 1744
1712199731714 13081.5 1745
1712199741860 13067.5 1746
1712199751978 13066.1 1747
1712199762051 13061.2 1748
1712199772182 13067.5 1749
1712199782316 13072.4 1750
1712199792456 13086.0 1751
1712199802599 13076.2 1752
1712199812752 13086.8 1753
1712199822832 13081.6 1754
1712199832947 13087.8 1755
1712199843079 13089.1 1756
1712199853213 13098.3 1757
1712199863348 12889.5 1758
1712199873480 12973.8 1759
1712199883552 12963.4 1760
1712199893686 12966.5 1761
1712199903808 12975.0 1762
1712199913946 12990.4 1763
1712199924066 12971.0 1764
1712199934206 12969.8 1765
1712199944273 12948.8 1766
1712199954395 12988.1 1767
1712199964532 12975.2 1768
1712199974658 12980.0 1769
1712199984789 12979.4 1770
1712199994926 12977.8 1771
1712200004991 12975.8 1772
1712200015123 12980.4 1773
1712200025269 12983.7 1774
1712200035482 12984.2 1775
1712200045613 12981.2 1776
1712200055738 12981.1 1777
1712200065809 12949.5 1778
1712200075954 12961.3 1779
1712200086090 12988.4 1780
1712200096206 12988.0 1781
1712200106335 12986.0 1782
1712200116466 12983.5 1783
1712200126548 12982.6 1784
1712200136734 12987.3 1785
1712200146867 12987.1 1786
1712200157006 13021.7 1787
1712200167143 13004.1 1788
1712200177315 12996.4 1789
1712200187469 12992.8 1790
1712200197611 12991.2 1791
1712200207756 13001.1 1792
1712200217870 13017.5 1793
1712200228040 13017.3 1794
1712200238133 13328.5 1795
1712200248318 13457.3 1796
1712200258454 13381.4 1797
1712200268596 13356.7 1798
1712200278760 13255.0 1799
1712200288909 13248.8 1800
1712200299116 13238.5 1801
1712200309278 13252.7 1802
1712200319412 13242.9 1803
1712200329572 13255.4 1804
1712200339732 13249.6 1805
1712200349869 13255.3 1806
1712200360030 13247.3 1807
1712200370187 13256.3 1808
1712200380448 13255.7 1809
1712200390606 13266.3 1810
1712200400763 13259.5 1811
1712200410901 13265.1 1812
1712200421053 13260.8 1813
1712200431205 13285.6 1814
1712200441395 13150.6 1815
1712200451531 13171.1 1816
1712200461690 13173.2 1817
1712200471868 13172.1 1818
1712200482017 13167.4 1819
1712200492179 13174.5 1820
1712200502307 13237.5 1821
1712200512460 12925.5 1822
1712200522600 13018.4 1823
1712200532745 13020.0 1824
1712200542898 13020.3 1825
1712200553040 13069.8 1826
1712200563193 13032.6 1827
1712200573330 13057.7 1828
1712200583479 13045.1 1829
1712200593630 13041.9 1830
1712200603853 13043.3 1831
1712200613998 13050.6 1832
1712200624170 13065.7 1833
1712200634318 13065.5 1834
1712200644464 13050.4 1835
1712200654625 13046.5 1836
1712200664791 13041.9 1837
1712200674941 13049.7 1838
1712200685101 13072.0 1839
1712200695235 13067.1 1840
1712200705369 13060.3 1841
1712200715522 13058.7 1842
1712200725697 13046.7 1843
1712200735829 13070.7 1844
1712200745992 13073.1 1845
1712200756257 13003.3 1846
1712200766418 12996.9 1847
1712200776574 12944.2 1848
1712200786743 12945.7 1849
1712200796904 12970.3 1850
1712200807066 12984.5 1851
1712200817243 13010.1 1852
1712200827417 13020.1 1853
1712200837594 13024.6 1854
1712200847770 13044.9 1855
1712200857944 13065.5 1856
1712200868112 13067.5 1857
1712200878277 13066.0 1858
1712200888426 13084.1 1859
1712200898613 13084.8 1860
1712200908803 13102.7 1861
1712200918957 13110.5 1862
1712200929115 13133.5 1863
1712200939273 13127.4 1864
1712200949434 13140.8 1865
1712200959607 13141.1 1866
1712200969769 13164.3 1867
1712200979939 13173.8 1868
1712200990111 13175.7 1869
1712201000252 13173.9 1870
1712201010412 13166.4 1871
1712201020590 13165.2 1872
1712201030730 13184.6 1873
1712201040885 13179.9 1874
1712201051124 13189.2 1875
1712201061302 13180.8 1876
1712201071452 13179.7 1877
1712201081611 13170.5 1878
1712201091770 13182.2 1879
1712201101917 13182.3 1880
1712201112076 13191.1 1881
1712201122421 13184.4 1882
1712201132592 13182.9 1883
1712201142749 13178.0 1884
1712201152910 13226.1 1885
1712201163073 13192.0 1886
1712201173239 13204.3 1887
1712201183371 13192.4 1888
1712201193523 13181.1 1889
1712201203683 13181.8 1890
1712201213828 13190.5 1891
1712201223991 13208.8 1892
1712201234194 13205.3 1893
1712201244336 13190.4 1894
1712201254483 13179.7 1895
1712201264615 13176.2 1896
1712201274750 13208.7 1897
1712201284915 13217.4 1898
1712201295037 13224.1 1899
1712201305175 13211.4 1900
1712201315314 13212.1 1901
1712201325466 13202.9 1902
1712201335602 13212.1 1903
1712201345841 13228.9 1904
1712201356007 13233.7 1905
1712201366183 13229.2 1906
1712201376321 13176.6 1907
1712201386468 13166.1 1908
1712201396612 13181.3 1909
1712201406766 12077.4 1910
1712201416919 12830.0 1911
1712201427090 12888.6 1912
1712201437250 12894.7 1913
1712201447411 12920.2 1914
1712201457575 13092.7 1915
1712201467714 13099.0 1916
1712201477853 13088.8 1917
1712201488006 13077.2 1918
1712201498171 13067.1 1919
1712201508312 13098.6 1920
1712201518472 13141.3 1921
1712201528618 13130.4 1922
1712201538779 13124.4 1923
1712201548925 13121.4 1924
1712201559074 13113.8 1925
1712201569354 13123.7 1926
1712201579509 13131.6 1927
1712201589661 13142.2 1928
1712201599837 13129.3 1929
1712201609980 13125.1 1930
1712201620131 13112.4 1931
1712201630288 13115.0 1932
1712201640443 13123.8 1933
1712201650585 13137.5 1934
1712201660716 13151.7 1935
1712201670848 13137.4 1936
1712201680998 13171.9 1937
1712201691152 13166.2 1938
1712201701308 13145.4 1939
1712201711463 13153.9 1940
1712201721720 13149.8 1941
1712201731882 13140.1 1942
1712201742026 13132.5 1943
1712201752168 13149.3 1944
1712201762313 13163.2 1945
1712201772455 13167.2 1946
1712201782588 13157.1 1947
1712201792716 13159.5 1948
1712201802861 13150.3 1949
1712201813011 13166.0 1950
1712201823167 13223.2 1951
1712201833307 13243.5 1952
1712201843437 13218.7 1953
1712201853617 13205.3 1954
1712201863765 13201.6 1955
1712201874021 13242.9 1956
1712201884181 13246.4 1957
1712201894343 13250.0 1958
1712201904491 13211.3 1959
1712201914635 13249.3 1960
1712201924783 13209.9 1961
1712201934882 13406.3 1962
1712201944971 13565.4 1963
1712201955106 13571.7 1964
1712201965288 13582.5 1965
1712201975431 13772.2 1966
1712201985558 13529.8 1967
1712201995694 13513.6 1968
1712202005844 13535.6 1969
1712202015970 13549.9 1970
1712202026210 13532.3 1971
1712202036349 13531.5 1972
1712202046484 13516.5 1973
1712202056618 13509.6 1974
1712202066746 13517.9 1975
1712202076874 13501.5 1976
1712202086998 13494.0 1977
1712202097147 13487.8 1978
1712202107277 13484.1 1979
1712202117409 13495.3 1980
1712202127557 13500.3 1981
1712202137684 13494.9 1982
1712202147826 13439.7 1983
1712202157963 13440.7 1984
1712202168102 13480.2 1985
1712202178329 13455.2 1986
1712202188463 13477.5 1987
1712202198597 13483.0 1988
1712202208729 13459.3 1989
1712202218847 13483.5 1990
1712202228978 13478.0 1991
1712202239113 13497.0 1992
1712202249230 13484.7 1993
1712202259362 13507.7 1994
1712202269495 13349.1 1995
1712202279634 13369.6 1996
1712202289870 13359.3 1997
1712202300027 13399.8 1998
1712202310150 13498.9 1999
1712202320286 13515.5 2000
1712202330508 13512.2 2001
1712202340638 13476.3 2002
1712202350768 13490.6 2003
1712202360909 13482.0 2004
1712202371028 13509.8 2005
1712202381163 13492.6 2006
1712202391310 13485.2 2007
1712202401454 13474.4 2008
1712202411545 13487.8 2009
1712202421684 13661.1 2010
1712202431823 13781.0 2011
1712202441923 13712.9 2012
1712202452080 13704.3 2013
1712202462221 13734.2 2014
1712202472360 13792.5 2015
1712202482525 13765.6 2016
1712202492682 13767.1 2017
1712202502852 13677.4 2018
1712202513002 13687.4 2019
1712202523085 13765.1 2020
1712202533240 13937.7 2021
1712202543392 14073.8 2022
1712202553608 13817.0 2023
1712202563762 13671.2 2024
1712202573913 13797.9 2025
1712202584030 14405.7 2026
1712202594159 14366.8 2027
1712202604292 14347.9 2028
1712202614434 14126.0 2029
1712202624600 14061.5 2030
1712202634757 14481.5 2031
1712202644918 14655.9 2032
1712202655068 14592.3 2033
1712202665200 14299.3 2034
1712202675335 14148.1 2035
1712202685455 14148.9 2036
1712202695594 14125.3 2037
1712202705742 14116.8 2038
1712202715872 14272.8 2039
1712202726007 14235.5 2040
1712202736133 14096.7 2041
1712202746283 14100.7 2042
1712202756418 14236.5 2043
1712202766569 14347.6 2044
1712202776719 14240.6 2045
1712202786848 14237.1 2046
1712202796990 14215.4 2047
1712202807126 14202.9 2048
1712202817278 14217.0 2049
1712202827425 14212.2 2050
1712202837552 14201.9 2051
1712202847681 14210.8 2052
1712202857820 14236.2 2053
1712202867965 14053.8 2054
1712202878107 14051.9 2055
1712202888238 14056.4 2056
1712202898398 14025.4 2057
1712202908483 14093.6 2058
1712202918648 14728.2 2059
1712202928779 14810.6 2060
1712202938909 14654.8 2061
1712202949070 14638.9 2062
1712202959221 14756.6 2063
1712202969362 14871.9 2064
1712202979492 14502.8 2065
1712202989621 14522.6 2066
1712202999720 14464.6 2067
1712203009965 14845.5 2068
1712203020118 15095.8 2069
1712203030262 14428.1 2070
1712203040397 14329.7 2071
1712203050545 14287.2 2072
1712203060665 14198.1 2073
1712203070808 14171.3 2074
1712203080936 14026.5 2075
1712203091107 14122.7 2076
1712203101273 13998.6 2077
1712203111459 14121.8 2078
1712203121624 13868.0 2079
1712203131800 13917.3 2080
1712203141971 13788.6 2081
1712203152170 13832.4 2082
1712203162368 13895.2 2083
1712203172557 13870.0 2084
1712203182759 13719.0 2085
1712203192973 13702.1 2086
1712203203160 13785.2 2087
1712203213354 13708.9 2088
1712203223547 13690.5 2089
1712203233803 13677.3 2090
1712203244106 13893.3 2091
1712203254312 13898.6 2092
1712203264508 13916.7 2093
1712203274707 13971.8 2094
1712203284931 13841.5 2095
1712203295206 13939.7 2096
1712203305433 14116.1 2097
1712203315718 14322.0 2098
1712203325900 14175.1 2099
1712203336049 14061.4 2100
1712203346209 14054.8 2101
1712203356349 14040.7 2102
1712203366513 14010.6 2103
1712203376701 14060.1 2104
1712203386884 14324.4 2105
1712203397065 14097.5 2106
1712203407242 14316.6 2107
1712203417385 14190.4 2108
1712203427545 14181.8 2109
1712203437717 14117.2 2110
1712203447874 14121.7 2111
1712203458053 14148.4 2112
1712203468304 14115.9 2113
1712203478468 14122.3 2114
1712203488627 14118.4 2115
1712203498799 14052.5 2116
1712203508959 14041.6 2117
1712203519112 14045.1 2118
1712203529291 14044.4 2119
1712203539447 14038.9 2120
1712203549601 14041.6 2121
1712203559778 14036.9 2122
1712203569927 14044.7 2123
1712203580085 14088.1 2124
1712203590252 14018.9 2125
1712203600401 14005.7 2126
1712203610566 13937.9 2127
1712203620792 13897.9 2128
1712203630938 13910.4 2129
1712203641122 13905.7 2130
1712203651304 13896.4 2131
1712203661458 13891.3 2132
1712203671616 13898.5 2133
1712203681785 13898.8 2134
1712203691955 13915.1 2135
1712203702110 13905.9 2136
1712203712260 13904.4 2137
1712203722414 13935.0 2138
1712203732593 13925.8 2139
1712203742730 13926.4 2140
1712203752938 13934.2 2141
1712203763109 13050.6 2142
1712203773250 13199.3 2143
1712203783393 13212.4 2144
1712203793556 13225.7 2145
1712203803774 13231.6 2146
1712203813920 13257.9 2147
1712203824100 13250.1 2148
1712203834259 13246.9 2149
1712203844427 13267.4 2150
1712203854696 13282.8 2151
1712203864873 13476.0 2152
1712203875070 13601.7 2153
1712203885268 13550.7 2154
1712203895478 13465.5 2155
1712203905654 13422.7 2156
1712203915937 13430.4 2157
1712203926114 13443.7 2158
1712203936295 13435.4 2159
1712203946474 13430.7 2160
1712203956583 13423.6 2161
1712203966721 13617.3 2162
1712203977038 13623.5 2163
1712203987220 13650.6 2164
1712203997385 13548.6 2165
1712204007501 13619.6 2166
1712204017841 13654.4 2167
1712204028042 13593.9 2168
1712204038203 13598.4 2169
1712204048409 13568.2 2170
1712204058565 13559.1 2171
1712204068701 13352.4 2172
1712204078852 13369.3 2173
1712204089086 13407.9 2174
1712204099222 13393.4 2175
1712204109364 13389.4 2176
1712204119550 13369.4 2177
1712204129794 13313.8 2178
1712204139893 13301.1 2179
1712204150091 13310.5 2180
1712204160270 13321.3 2181
1712204170500 13331.3 2182
1712204180654 13326.4 2183
1712204190826 13320.0 2184
1712204200967 13335.9 2185
1712204211147 13316.7 2186
1712204221318 13371.3 2187
1712204231469 13383.3 2188
1712204241619 13377.4 2189
1712204251810 13381.9 2190
1712204262000 13432.0 2191
1712204272168 13410.1 2192
1712204282315 13397.6 2193
1712204292484 13402.0 2194
1712204302724 13391.6 2195
1712204312868 13314.8 2196
1712204323014 13297.8 2197
1712204333161 13292.9 2198
1712204343334 13318.8 2199
1712204353495 13316.4 2200
1712204363634 13317.5 2201
1712204373781 13032.6 2202
1712204383937 13006.2 2203
1712204394164 13012.5 2204
1712204404318 13026.0 2205
1712204414497 13053.9 2206
1712204424642 13048.3 2207
1712204434811 13047.3 2208
1712204444945 13061.4 2209
1712204455112 13118.5 2210
1712204465267 13114.8 2211
1712204475514 13095.3 2212
1712204485702 13102.3 2213
1712204495859 13090.8 2214
1712204505957 13080.4 2215
1712204516227 13096.2 2216
1712204526386 13111.2 2217
1712204536537 13110.2 2218
1712204546718 13100.2 2219
1712204556961 13094.5 2220
1712204567107 13096.7 2221
1712204577267 13102.4 2222
1712204587456 13114.6 2223
1712204597605 13110.8 2224
1712204607854 13111.0 2225
1712204617989 13111.6 2226
1712204628134 13117.7 2227
1712204638291 13118.4 2228
1712204648464 13127.4 2229
1712204658699 13250.1 2230
1712204668842 12788.7 2231
1712204678976 12638.9 2232
1712204689188 12668.1 2233
1712204699442 12678.5 2234
1712204709592 12686.3 2235
1712204719766 12687.5 2236
1712204729915 12685.8 2237
1712204740077 12679.4 2238
1712204750232 12713.9 2239
1712204760393 12722.1 2240
1712204770626 12723.8 2241
1712204780798 12711.0 2242
1712204790953 12703.5 2243
1712204801105 12695.7 2244
1712204811272 12709.9 2245
1712204821440 12710.8 2246
1712204831683 12723.6 2247
1712204841842 12722.8 2248
1712204852025 12717.2 2249
1712204862157 12709.1 2250
1712204872324 12730.7 2251
1712204882599 13118.2 2252
1712204892799 13061.0 2253
1712204902987 13070.8 2254
1712204913158 13030.3 2255
1712204923347 13003.9 2256
1712204933621 12990.7 2257
1712204943892 13017.4 2258
1712204954068 13027.3 2259
1712204964258 13012.0 2260
1712204974406 13004.5 2261
1712204984682 13027.6 2262
1712204994868 13021.3 2263
1712205005090 13028.3 2264
1712205015272 13028.4 2265
1712205025447 13009.2 2266
1712205035622 13005.5 2267
1712205045909 13041.0 2268
1712205056111 13180.9 2269
1712205066288 13314.2 2270
1712205076478 13291.6 2271
1712205086645 13294.6 2272
1712205096927 13277.9 2273
1712205107118 13306.3 2274
1712205117352 13317.5 2275
1712205127590 13338.9 2276
1712205137796 13341.7 2277
1712205148075 13352.5 2278
1712205158268 13384.9 2279
1712205168437 13401.7 2280
1712205178612 13410.2 2281
1712205188804 13412.9 2282
1712205198973 13411.6 2283
1712205209257 13412.0 2284
1712205219405 13390.9 2285
1712205229563 13401.6 2286
1712205239714 13425.2 2287
1712205249881 13436.1 2288
1712205260059 13473.0 2289
1712205270329 13437.7 2290
1712205280502 13125.6 2291
1712205290654 13122.9 2292
1712205300837 13115.7 2293
1712205311028 13117.3 2294
1712205321190 13119.0 2295
1712205331472 13152.9 2296
1712205341654 13154.9 2297
1712205351822 13167.0 2298
1712205361978 13166.2 2299
1712205372109 13186.0 2300
1712205382300 13179.6 2301
1712205392557 13177.8 2302
1712205402720 13172.5 2303
1712205412897 13183.9 2304
1712205423064 13186.1 2305
1712205433238 13196.7 2306
1712205443425 13192.6 2307
1712205453586 13164.4 2308
1712205463751 13105.9 2309
1712205473917 13105.5 2310
1712205484095 13118.1 2311
1712205494273 13230.7 2312
1712205504448 13232.7 2313
1712205514626 13232.7 2314
1712205524833 13249.8 2315
1712205535008 13271.0 2316
1712205545191 13303.5 2317
1712205555391 13310.2 2318
1712205565571 12053.1 2319
1712205575747 11768.6 2320
1712205585937 11792.4 2321
1712205596118 11830.0 2322
1712205606305 11861.3 2323
1712205616480 11890.2 2324
1712205626663 11900.0 2325
1712205636824 11912.2 2326
1712205647005 11937.2 2327
1712205657182 11978.4 2328
1712205667384 11999.5 2329
1712205677567 12024.3 2330
1712205687752 12047.1 2331
1712205697929 12061.6 2332
1712205708135 12084.0 2333
1712205718323 12086.5 2334
1712205728507 12101.1 2335
1712205738668 12109.8 2336
1712205748845 12111.9 2337
1712205759042 12118.0 2338
1712205769211 12142.8 2339
1712205779395 12161.0 2340
1712205789587 12173.6 2341
1712205799761 12186.0 2342
1712205809941 12205.1 2343
1712205820141 12188.5 2344
1712205830329 12198.5 2345
1712205840509 12196.7 2346
1712205850699 12201.6 2347
1712205860874 12208.3 2348
1712205871052 12197.8 2349
1712205881224 12189.0 2350
1712205891408 12204.3 2351
1712205901591 12224.8 2352
1712205911888 12213.0 2353
1712205922064 12204.3 2354
1712205932241 12208.7 2355
1712205942420 12201.1 2356
1712205952614 12219.9 2357
1712205962797 12199.5 2358
