1712258624133 0.0 0
1712258634299 5.9 1
1712258644395 6.9 2
1712258654474 5.3 3
1712258664589 6.5 4
1712258674680 6.8 5
1712258684761 7.0 6
1712258694836 7.0 7
1712258704910 7.1 8
1712258714986 7.1 9
1712258725068 7.1 10
1712258735130 7.0 11
1712258745203 7.1 12
1712258755267 7.7 13
1712258765335 7.1 14
1712258775407 7.0 15
1712258785492 7.0 16
1712258795561 6.9 17
1712258805620 7.0 18
1712258815701 7.0 19
1712258825786 7.0 20
1712258835870 6.9 21
1712258845945 6.9 22
1712258856031 6.9 23
1712258866104 6.9 24
1712258876179 6.8 25
1712258886273 7.4 26
1712258896363 6.9 27
1712258906458 6.8 28
1712258916541 6.8 29
1712258926649 6.9 30
1712258936743 7.1 31
1712258946813 7.1 32
1712258956902 7.0 33
1712258966989 7.2 34
1712258977078 6.9 35
1712258987177 7.0 36
1712258997238 7.6 37
1712259007327 7.1 38
1712259017391 7.0 39
1712259027468 7.0 40
1712259037553 7.0 41
1712259047636 7.0 42
1712259057728 7.4 43
1712259067835 7.6 44
1712259077919 7.1 45
1712259088019 6.9 46
1712259098094 6.9 47
1712259108203 6.8 48
1712259118290 7.1 49
1712259128376 7.2 50
1712259138462 7.0 51
1712259148536 6.9 52
1712259158609 6.9 53
1712259168685 6.9 54
1712259178769 7.3 55
1712259188856 7.0 56
1712259198929 7.0 57
1712259209014 6.9 58
1712259219108 6.9 59
1712259229184 7.1 60
1712259239283 7.0 61
1712259249358 7.1 62
1712259259456 7.0 63
1712259269546 7.0 64
1712259279659 6.9 65
1712259289762 6.9 66
1712259299842 6.9 67
1712259309922 7.0 68
1712259320005 7.1 69
1712259330111 6.9 70
1712259340187 6.9 71
1712259350278 7.0 72
1712259360359 7.4 73
1712259370427 7.1 74
1712259380509 8.7 75
1712259390587 7.0 76
1712259400682 6.9 77
1712259410761 6.9 78
1712259420841 7.0 79
1712259430946 7.3 80
1712259441021 7.1 81
1712259451098 7.1 82
1712259461190 7.0 83
1712259471272 7.0 84
1712259481343 7.0 85
1712259491422 7.0 86
1712259501503 6.9 87
1712259511595 7.1 88
1712259521683 6.9 89
1712259531773 7.0 90
1712259541840 7.2 91
1712259551929 7.0 92
1712259562020 7.0 93
1712259572103 7.0 94
1712259582185 7.0 95
1712259592277 7.0 96
1712259602348 7.1 97
1712259612427 7.2 98
1712259622515 7.0 99
1712259632606 7.0 100
1712259642696 7.0 101
1712259652780 7.5 102
1712259662856 7.1 103
1712259672938 6.9 104
1712259683011 7.1 105
1712259693091 7.0 106
1712259703170 6.9 107
1712259713247 7.0 108
1712259723335 7.1 109
1712259733404 7.0 110
1712259743509 7.1 111
1712259753625 7.1 112
1712259763716 7.0 113
1712259773797 7.0 114
1712259783869 7.3 115
1712259793947 7.0 116
1712259804025 6.9 117
1712259814120 6.9 118
1712259824201 7.1 119
1712259834306 7.0 120
1712259844411 8.6 121
1712259854503 3.1 122
1712259864616 3.8 123
1712259874702 8.0 124
1712259884777 7.7 125
1712259894851 8.1 126
1712259904944 8.2 127
1712259915037 8.0 128
1712259925131 8.1 129
1712259935216 8.0 130
1712259945289 8.3 131
1712259955400 8.7 132
1712259965484 8.1 133
1712259975561 8.0 134
1712259985654 8.0 135
1712259995744 7.9 136
1712260005826 8.0 137
1712260015940 8.1 138
1712260026035 8.6 139
1712260036144 5.8 140
1712260046249 7.5 141
1712260056362 4.4 142
1712260066458 8.0 143
1712260076599 7.3 144
1712260086720 7.0 145
1712260096811 7.2 146
1712260106895 7.0 147
1712260117000 7.0 148
1712260127098 6.9 149
1712260137180 6.9 150
1712260147260 7.2 151
1712260157348 7.1 152
1712260167443 6.9 153
1712260177515 7.1 154
1712260187610 6.9 155
1712260197714 7.0 156
1712260207798 7.1 157
1712260217920 7.1 158
1712260228000 7.0 159
1712260238094 7.0 160
1712260248199 7.2 161
1712260258283 8.2 162
1712260268359 7.0 163
1712260278462 8.0 164
1712260288546 12.0 165
1712260298651 9.3 166
1712260308737 7.0 167
1712260318843 7.0 168
1712260328933 7.1 169
1712260339023 6.9 170
1712260349105 6.9 171
1712260359195 6.8 172
1712260369276 6.9 173
1712260379378 6.9 174
1712260389477 7.0 175
1712260399561 7.1 176
1712260409664 7.0 177
1712260419753 7.0 178
1712260429847 7.0 179
1712260439955 6.9 180
1712260450037 6.9 181
1712260460117 7.0 182
1712260470222 7.0 183
1712260480302 6.9 184
1712260490382 9.7 185
1712260500489 7.2 186
1712260510582 7.3 187
1712260520668 7.1 188
1712260530760 7.0 189
1712260540844 7.0 190
1712260550938 7.8 191
1712260561030 7.3 192
1712260571127 7.3 193
1712260581208 6.9 194
1712260591305 6.9 195
1712260601403 7.0 196
1712260611506 7.0 197
1712260621623 7.1 198
1712260631726 7.1 199
1712260641833 6.9 200
1712260651937 7.0 201
1712260662046 7.0 202
1712260672139 6.9 203
1712260682224 6.9 204
1712260692307 7.1 205
1712260702427 7.0 206
1712260712502 7.1 207
1712260722593 7.0 208
1712260732689 6.9 209
1712260742779 7.0 210
1712260752858 7.3 211
1712260762967 7.2 212
1712260773054 7.0 213
1712260783130 6.9 214
1712260793217 7.0 215
1712260803293 7.1 216
1712260813385 7.0 217
1712260823483 7.0 218
1712260833566 7.0 219
1712260843664 7.1 220
1712260853758 7.7 221
1712260863851 7.2 222
1712260873959 7.2 223
1712260884070 6.9 224
1712260894155 7.2 225
1712260904250 7.0 226
1712260914351 7.1 227
1712260924461 7.1 228
1712260934552 7.2 229
1712260944639 7.1 230
1712260954748 7.1 231
1712260964844 7.1 232
1712260974944 7.0 233
1712260985039 7.1 234
1712260995132 7.3 235
1712261005226 7.4 236
1712261015332 7.2 237
1712261025443 6.9 238
1712261035544 7.0 239
1712261045650 7.6 240
1712261055736 7.2 241
1712261065862 7.0 242
1712261075975 6.9 243
1712261086095 7.1 244
1712261096208 7.0 245
1712261106290 7.0 246
1712261116381 7.1 247
1712261126464 7.0 248
1712261136563 7.0 249
1712261146653 7.0 250
1712261156737 7.9 251
1712261166826 7.0 252
1712261176930 7.2 253
1712261187029 6.9 254
1712261197156 8.8 255
1712261207257 7.0 256
1712261217352 6.9 257
1712261227441 7.4 258
1712261237540 7.0 259
1712261247626 6.7 260
1712261257708 3.1 261
1712261267806 3.9 262
1712261277897 7.3 263
1712261287999 7.6 264
1712261298103 8.1 265
1712261308198 8.0 266
1712261318291 8.0 267
1712261328375 8.0 268
1712261338455 8.1 269
1712261348548 8.1 270
1712261358633 8.0 271
1712261368718 8.0 272
1712261378800 8.0 273
1712261388885 8.0 274
1712261398981 8.0 275
1712261409087 8.0 276
1712261419209 8.0 277
1712261429341 8.2 278
1712261439452 5.9 279
1712261449571 7.9 280
1712261459670 5.4 281
1712261469774 7.0 282
1712261479878 7.0 283
1712261489966 6.8 284
1712261500086 6.7 285
1712261510185 7.1 286
1712261520265 6.7 287
1712261530360 7.0 288
1712261540442 7.1 289
1712261550527 7.0 290
1712261560622 7.0 291
1712261570712 7.1 292
1712261580794 6.9 293
1712261590902 7.2 294
1712261600981 7.0 295
1712261611077 6.9 296
1712261621161 7.0 297
1712261631249 6.9 298
1712261641352 7.0 299
1712261651443 7.2 300
1712261661545 7.3 301
1712261671644 7.0 302
1712261681746 7.0 303
1712261691839 7.0 304
1712261701945 7.0 305
1712261712072 7.2 306
1712261722168 6.8 307
1712261732259 6.8 308
1712261742357 6.9 309
1712261752469 7.4 310
1712261762561 6.9 311
1712261772646 7.0 312
1712261782762 6.9 313
1712261792849 7.0 314
1712261802943 7.0 315
1712261813040 6.9 316
1712261823129 7.2 317
1712261833237 7.1 318
1712261843336 6.9 319
1712261853438 6.9 320
1712261863533 6.8 321
1712261873650 7.0 322
1712261883780 6.9 323
1712261893867 7.0 324
1712261903977 6.9 325
1712261914066 6.9 326
1712261924183 7.0 327
1712261934280 7.0 328
1712261944369 7.1 329
1712261954492 7.1 330
1712261964601 7.1 331
1712261974704 6.9 332
1712261984820 6.9 333
1712261994915 6.9 334
1712262005018 7.0 335
1712262015131 7.1 336
1712262025260 7.0 337
1712262035353 6.9 338
1712262045479 7.0 339
1712262055586 7.7 340
1712262065688 7.1 341
1712262075786 7.4 342
1712262085893 6.8 343
1712262096021 6.9 344
1712262106136 11.4 345
1712262116267 12.2 346
1712262126384 12.2 347
1712262136511 12.4 348
1712262146638 12.2 349
1712262156761 12.1 350
1712262166882 12.4 351
1712262177007 12.3 352
1712262187141 12.1 353
1712262197246 12.2 354
1712262207372 12.3 355
1712262217488 12.1 356
1712262227603 8.5 357
1712262237697 6.9 358
1712262247785 6.9 359
1712262257880 7.3 360
1712262268003 7.1 361
1712262278093 6.9 362
1712262288184 7.0 363
1712262298281 6.9 364
1712262308364 7.0 365
1712262318479 7.1 366
1712262328574 7.1 367
1712262338673 6.8 368
1712262348790 6.9 369
1712262358899 7.5 370
1712262369010 6.9 371
1712262379133 7.0 372
1712262389235 7.0 373
1712262399337 6.9 374
1712262409423 6.9 375
1712262419537 7.0 376
1712262429639 6.9 377
1712262439732 7.1 378
1712262449819 7.0 379
1712262459908 7.0 380
1712262469993 7.0 381
1712262480096 6.8 382
1712262490199 7.0 383
1712262500333 7.0 384
1712262510435 7.0 385
1712262520561 6.9 386
1712262530647 6.9 387
1712262540748 7.1 388
1712262550840 7.0 389
1712262560957 7.5 390
1712262571041 7.0 391
1712262581147 7.2 392
1712262591248 7.0 393
1712262601340 6.9 394
1712262611451 7.1 395
1712262621548 7.1 396
1712262631645 7.2 397
1712262641740 6.9 398
1712262651828 9.6 399
1712262661910 2.7 400
1712262672000 4.5 401
1712262682090 5.8 402
1712262692186 7.5 403
1712262702281 8.0 404
1712262712387 8.1 405
1712262722480 8.2 406
1712262732575 8.0 407
1712262742665 8.1 408
1712262752769 8.2 409
1712262762874 8.0 410
1712262772962 8.1 411
1712262783054 8.0 412
1712262793224 8.2 413
1712262803340 8.1 414
1712262813442 8.0 415
1712262823572 8.3 416
1712262833720 8.3 417
1712262843860 7.1 418
1712262854120 7.1 419
1712262864262 5.9 420
1712262874388 7.0 421
1712262884498 7.0 422
1712262894619 7.3 423
1712262904743 7.0 424
1712262914843 7.1 425
1712262924945 7.1 426
1712262935036 7.1 427
1712262945122 6.9 428
1712262955218 7.6 429
1712262965324 7.0 430
1712262975428 7.1 431
1712262985520 6.9 432
1712262995614 7.0 433
1712263005714 6.9 434
1712263015832 7.0 435
1712263025918 6.9 436
1712263036011 7.1 437
1712263046127 7.1 438
1712263056239 6.9 439
1712263066337 7.0 440
1712263076425 6.8 441
1712263086522 6.9 442
1712263096622 7.1 443
1712263106730 6.9 444
1712263116850 7.1 445
1712263126964 9.7 446
1712263137088 11.8 447
1712263147207 12.2 448
1712263157317 12.2 449
1712263167444 12.1 450
1712263177545 12.2 451
1712263187628 12.0 452
1712263197718 7.0 453
1712263207807 6.9 454
1712263217893 7.0 455
1712263227988 6.9 456
1712263238098 7.0 457
1712263248202 7.2 458
1712263258289 8.4 459
1712263268381 7.1 460
1712263278476 7.0 461
1712263288560 6.9 462
1712263298644 6.8 463
1712263308739 6.9 464
1712263318835 6.9 465
1712263328970 7.1 466
1712263339090 7.3 467
1712263349177 7.1 468
1712263359291 7.2 469
1712263369423 7.1 470
1712263379537 7.0 471
1712263389634 6.8 472
1712263399738 7.0 473
1712263409842 6.9 474
1712263419938 6.8 475
1712263430054 6.9 476
1712263440149 6.8 477
1712263450256 7.0 478
1712263460354 7.0 479
1712263470437 6.9 480
1712263480537 6.9 481
1712263490638 6.9 482
1712263500737 6.9 483
1712263510829 7.0 484
1712263520932 7.0 485
1712263531042 6.7 486
1712263541147 6.9 487
1712263551263 7.2 488
1712263561359 7.2 489
1712263571457 7.2 490
1712263581556 7.4 491
1712263591646 7.1 492
1712263601746 6.8 493
1712263611861 7.0 494
1712263621967 6.9 495
1712263632076 7.0 496
1712263642186 6.9 497
1712263652309 7.0 498
1712263662410 7.0 499
1712263672502 6.9 500
1712263682619 7.1 501
1712263692714 7.0 502
1712263702847 7.1 503
1712263712940 7.0 504
1712263723031 6.8 505
1712263733135 6.8 506
1712263743248 6.9 507
1712263753355 6.9 508
1712263763453 7.3 509
1712263773558 7.2 510
1712263783661 7.3 511
1712263793776 6.9 512
1712263803862 7.1 513
1712263813969 6.9 514
1712263824065 7.0 515
1712263834205 7.0 516
1712263844300 7.0 517
1712263854392 7.6 518
1712263864490 7.0 519
1712263874584 6.9 520
1712263884692 7.0 521
1712263894797 7.0 522
1712263904907 6.8 523
1712263915003 7.0 524
1712263925120 6.9 525
1712263935231 6.9 526
1712263945361 7.1 527
1712263955473 6.8 528
1712263965591 7.0 529
1712263975682 6.9 530
1712263985785 7.0 531
1712263995892 7.2 532
1712264006011 7.2 533
1712264016133 7.4 534
1712264026225 7.0 535
1712264036320 6.9 536
1712264046427 7.1 537
1712264056524 7.2 538
1712264066645 3.9 539
1712264076758 5.1 540
1712264086851 8.9 541
1712264096973 12.3 542
1712264107080 8.1 543
1712264117217 8.1 544
1712264127334 8.1 545
1712264137442 7.9 546
1712264147542 8.0 547
1712264157651 9.1 548
1712264167753 8.0 549
1712264177843 8.0 550
1712264187995 8.1 551
1712264198129 7.9 552
1712264208225 7.9 553
1712264218324 7.9 554
1712264228442 8.1 555
1712264238794 8.2 556
1712264248914 7.9 557
1712264259024 5.5 558
1712264269136 5.9 559
1712264279261 7.8 560
1712264289370 7.3 561
1712264299474 7.2 562
1712264309600 7.1 563
1712264319709 6.9 564
1712264329824 7.0 565
1712264339926 7.1 566
1712264350045 6.9 567
1712264360153 7.0 568
1712264370251 6.9 569
1712264380354 6.8 570
1712264390455 6.9 571
1712264400560 6.9 572
1712264410660 6.9 573
1712264420771 7.2 574
1712264430870 7.0 575
1712264440969 7.0 576
1712264451070 7.2 577
1712264461189 7.4 578
1712264471293 6.9 579
1712264481395 7.7 580
1712264491519 7.0 581
1712264501611 7.3 582
1712264511701 7.6 583
1712264521805 6.9 584
1712264531932 6.9 585
1712264542037 7.0 586
1712264552150 7.1 587
1712264562379 6.9 588
1712264572495 6.9 589
1712264582616 7.0 590
1712264592723 7.0 591
1712264602810 7.2 592
1712264612908 6.8 593
1712264623011 6.9 594
1712264633115 6.9 595
1712264643204 6.9 596
1712264653308 7.1 597
1712264663397 7.0 598
1712264673515 7.1 599
1712264683627 7.0 600
1712264693725 6.9 601
1712264703836 7.0 602
1712264714066 7.0 603
1712264724153 7.1 604
1712264734261 7.2 605
1712264744349 6.8 606
1712264754441 7.8 607
1712264764533 7.1 608
1712264774651 6.9 609
1712264784745 7.0 610
1712264794847 6.9 611
1712264804933 6.9 612
1712264815023 7.0 613
1712264825120 6.9 614
1712264835206 6.9 615
1712264845307 7.0 616
1712264855399 7.0 617
1712264865497 6.9 618
1712264875592 7.0 619
1712264885681 7.0 620
1712264895781 6.8 621
1712264905882 7.1 622
1712264915978 6.9 623
1712264926085 7.0 624
1712264936178 7.1 625
1712264946289 7.0 626
1712264956378 6.9 627
1712264966479 7.0 628
1712264976602 6.9 629
1712264986694 7.1 630
1712264996819 6.8 631
1712265006937 12.4 632
1712265017193 12.3 633
1712265027329 12.6 634
1712265037456 12.1 635
1712265047602 12.8 636
1712265057744 13.2 637
1712265067857 12.3 638
1712265077984 12.1 639
1712265088106 12.6 640
1712265098231 12.1 641
1712265108352 12.0 642
1712265118489 12.0 643
1712265128619 12.1 644
1712265138727 12.1 645
1712265148843 11.6 646
1712265158954 7.0 647
1712265169176 7.0 648
1712265179293 7.2 649
1712265189409 7.1 650
1712265199507 7.0 651
1712265209620 7.1 652
1712265219721 6.9 653
1712265229813 7.0 654
1712265239916 6.9 655
1712265250010 6.9 656
1712265260113 7.4 657
1712265270240 7.3 658
1712265280376 7.1 659
1712265290502 7.0 660
1712265300636 7.2 661
1712265310762 7.0 662
1712265320870 6.8 663
1712265330977 7.2 664
1712265341078 6.9 665
1712265351234 7.2 666
1712265361331 7.4 667
1712265371431 7.1 668
1712265381526 7.1 669
1712265391629 7.1 670
1712265401721 7.1 671
1712265411827 7.2 672
1712265421924 7.1 673
1712265432015 7.2 674
1712265442112 7.0 675
1712265452211 7.7 676
1712265462320 6.0 677
1712265472466 4.2 678
1712265482682 4.2 679
1712265492793 7.5 680
1712265502909 7.7 681
1712265513038 8.0 682
1712265523145 8.1 683
1712265533247 8.2 684
1712265543371 8.0 685
1712265553495 8.4 686
1712265563612 8.2 687
1712265573719 8.1 688
1712265583822 8.0 689
1712265593925 8.1 690
1712265604015 8.4 691
1712265614105 8.2 692
1712265624196 8.2 693
1712265634357 8.0 694
1712265645071 7.4 695
1712265655827 8.1 696
1712265665951 4.9 697
