1712258624133 117390.5 0
1712258634299 109677.4 1
1712258644395 105678.3 2
1712258654474 103874.1 3
1712258664589 103874.1 4
1712258674680 103874.1 5
1712258684761 103874.1 6
1712258694836 103874.1 7
1712258704910 103874.1 8
1712258714986 103874.1 9
1712258725068 103874.1 10
1712258735130 103874.1 11
1712258745203 103874.1 12
1712258755267 103874.1 13
1712258765335 103874.1 14
1712258775407 103874.1 15
1712258785492 103874.1 16
1712258795561 103874.1 17
1712258805620 103874.1 18
1712258815701 103874.1 19
1712258825786 103874.1 20
1712258835870 103874.1 21
1712258845945 103874.1 22
1712258856031 103874.1 23
1712258866104 103874.1 24
1712258876179 103874.1 25
1712258886273 103874.1 26
1712258896363 103874.0 27
1712258906458 103874.0 28
1712258916541 103874.0 29
1712258926649 103874.0 30
1712258936743 103874.0 31
1712258946813 103874.0 32
1712258956902 103874.0 33
1712258966989 103874.0 34
1712258977078 103874.0 35
1712258987177 103874.0 36
1712258997238 103874.0 37
1712259007327 103874.0 38
1712259017391 103874.0 39
1712259027468 103874.0 40
1712259037553 103874.0 41
1712259047636 103874.0 42
1712259057728 103874.0 43
1712259067835 103874.0 44
1712259077919 103874.0 45
1712259088019 103874.0 46
1712259098094 103874.0 47
1712259108203 103874.0 48
1712259118290 103874.0 49
1712259128376 103874.0 50
1712259138462 103874.0 51
1712259148536 103874.0 52
1712259158609 103874.0 53
1712259168685 103874.0 54
1712259178769 103874.0 55
1712259188856 103874.0 56
1712259198929 103874.0 57
1712259209014 103874.0 58
1712259219108 103874.0 59
1712259229184 103874.0 60
1712259239283 103874.0 61
1712259249358 103874.0 62
1712259259456 103874.0 63
1712259269546 103874.0 64
1712259279659 103874.0 65
1712259289762 103874.0 66
1712259299842 103874.0 67
1712259309922 103874.0 68
1712259320005 103874.0 69
1712259330111 103874.0 70
1712259340187 103874.0 71
1712259350278 103874.0 72
1712259360359 103874.0 73
1712259370427 103874.0 74
1712259380509 103874.0 75
1712259390587 103874.0 76
1712259400682 103874.0 77
1712259410761 103874.0 78
1712259420841 103874.0 79
1712259430946 103874.0 80
1712259441021 103874.0 81
1712259451098 103874.0 82
1712259461190 103874.0 83
1712259471272 103874.0 84
1712259481343 103874.0 85
1712259491422 103874.0 86
1712259501503 103874.0 87
1712259511595 103874.0 88
1712259521683 103874.0 89
1712259531773 103874.0 90
1712259541840 103874.0 91
1712259551929 103874.0 92
1712259562020 103874.0 93
1712259572103 103874.0 94
1712259582185 103874.0 95
1712259592277 103874.0 96
1712259602348 103874.0 97
1712259612427 103874.0 98
1712259622515 103874.0 99
1712259632606 103874.0 100
1712259642696 103874.0 101
1712259652780 103874.0 102
1712259662856 103873.5 103
1712259672938 103873.5 104
1712259683011 103873.5 105
1712259693091 103873.5 106
1712259703170 103873.5 107
1712259713247 103873.5 108
1712259723335 103873.5 109
1712259733404 103873.5 110
1712259743509 103873.5 111
1712259753625 103873.5 112
1712259763716 103873.5 113
1712259773797 103873.5 114
1712259783869 103873.5 115
1712259793947 103873.5 116
1712259804025 103873.5 117
1712259814120 103873.5 118
1712259824201 103873.5 119
1712259834306 103873.5 120
1712259844411 116084.8 121
1712259854503 114446.2 122
1712259864616 110105.5 123
1712259874702 109013.2 124
1712259884777 109013.2 125
1712259894851 109013.2 126
1712259904944 109013.2 127
1712259915037 109013.2 128
1712259925131 109013.2 129
1712259935216 109013.2 130
1712259945289 109013.2 131
1712259955400 109013.2 132
1712259965484 109013.2 133
1712259975561 109013.2 134
1712259985654 109013.2 135
1712259995744 109013.2 136
1712260005826 109013.2 137
1712260015940 109013.2 138
1712260026035 114844.7 139
1712260036144 108331.6 140
1712260046249 105684.8 141
1712260056362 103927.6 142
1712260066458 103927.6 143
1712260076599 103927.6 144
1712260086720 103927.6 145
1712260096811 103927.6 146
1712260106895 103927.6 147
1712260117000 103927.6 148
1712260127098 103927.6 149
1712260137180 103927.6 150
1712260147260 103927.6 151
1712260157348 103927.6 152
1712260167443 103927.6 153
1712260177515 103927.6 154
1712260187610 103936.0 155
1712260197714 103936.0 156
1712260207798 103936.0 157
1712260217920 103936.0 158
1712260228000 103936.0 159
1712260238094 103936.0 160
1712260248199 103936.0 161
1712260258283 103936.0 162
1712260268359 103936.0 163
1712260278462 103936.0 164
1712260288546 103936.0 165
1712260298651 103936.0 166
1712260308737 103936.0 167
1712260318843 103936.0 168
1712260328933 103936.0 169
1712260339023 103936.0 170
1712260349105 103936.0 171
1712260359195 103936.0 172
1712260369276 103936.0 173
1712260379378 103936.0 174
1712260389477 103936.0 175
1712260399561 103935.9 176
1712260409664 103935.9 177
1712260419753 103935.9 178
1712260429847 103935.9 179
1712260439955 103935.9 180
1712260450037 103935.9 181
1712260460117 103935.9 182
1712260470222 103935.9 183
1712260480302 103935.9 184
1712260490382 103935.9 185
1712260500489 103935.9 186
1712260510582 103935.9 187
1712260520668 103935.9 188
1712260530760 103935.9 189
1712260540844 103935.9 190
1712260550938 103935.9 191
1712260561030 103935.9 192
1712260571127 103935.9 193
1712260581208 103935.9 194
1712260591305 103935.9 195
1712260601403 103935.9 196
1712260611506 103935.9 197
1712260621623 103935.9 198
1712260631726 103935.9 199
1712260641833 103935.9 200
1712260651937 103935.9 201
1712260662046 103935.9 202
1712260672139 103935.9 203
1712260682224 103935.9 204
1712260692307 103935.9 205
1712260702427 103935.4 206
1712260712502 103935.4 207
1712260722593 103935.4 208
1712260732689 103935.4 209
1712260742779 103935.4 210
1712260752858 103935.4 211
1712260762967 103935.4 212
1712260773054 103935.4 213
1712260783130 103935.4 214
1712260793217 103935.4 215
1712260803293 103935.4 216
1712260813385 103935.4 217
1712260823483 103935.4 218
1712260833566 103935.4 219
1712260843664 103935.4 220
1712260853758 103935.4 221
1712260863851 103935.4 222
1712260873959 103935.4 223
1712260884070 103935.4 224
1712260894155 103935.4 225
1712260904250 103935.4 226
1712260914351 103935.4 227
1712260924461 103935.4 228
1712260934552 103935.4 229
1712260944639 103935.4 230
1712260954748 103935.4 231
1712260964844 103935.4 232
1712260974944 103935.4 233
1712260985039 103935.4 234
1712260995132 103935.4 235
1712261005226 103935.4 236
1712261015332 103935.4 237
1712261025443 103935.4 238
1712261035544 103935.4 239
1712261045650 103935.4 240
1712261055736 103935.4 241
1712261065862 103935.4 242
1712261075975 103935.4 243
1712261086095 103935.4 244
1712261096208 103935.4 245
1712261106290 103935.4 246
1712261116381 103935.4 247
1712261126464 103935.4 248
1712261136563 103935.4 249
1712261146653 103935.4 250
1712261156737 103935.4 251
1712261166826 103935.4 252
1712261176930 103935.4 253
1712261187029 103935.4 254
1712261197156 103935.4 255
1712261207257 103935.4 256
1712261217352 103935.4 257
1712261227441 103935.4 258
1712261237540 103935.4 259
1712261247626 115633.9 260
1712261257708 114013.0 261
1712261267806 109665.7 262
1712261277897 108567.4 263
1712261287999 108567.4 264
1712261298103 108567.4 265
1712261308198 108567.4 266
1712261318291 108567.4 267
1712261328375 108567.4 268
1712261338455 108567.4 269
1712261348548 108567.4 270
1712261358633 108567.4 271
1712261368718 108567.4 272
1712261378800 108567.4 273
1712261388885 108567.4 274
1712261398981 108567.4 275
1712261409087 108567.4 276
1712261419209 108567.4 277
1712261429341 114323.2 278
1712261439452 107836.0 279
1712261449571 105468.0 280
1712261459670 103770.4 281
1712261469774 103770.4 282
1712261479878 103770.4 283
1712261489966 103770.4 284
1712261500086 103770.4 285
1712261510185 103770.4 286
1712261520265 103770.4 287
1712261530360 103770.4 288
1712261540442 103770.4 289
1712261550527 103770.4 290
1712261560622 103770.4 291
1712261570712 103770.4 292
1712261580794 103770.4 293
1712261590902 103770.4 294
1712261600981 103770.4 295
1712261611077 103770.4 296
1712261621161 103770.4 297
1712261631249 103770.4 298
1712261641352 103770.4 299
1712261651443 103770.4 300
1712261661545 103770.4 301
1712261671644 103770.4 302
1712261681746 103770.4 303
1712261691839 103770.4 304
1712261701945 103770.4 305
1712261712072 103770.4 306
1712261722168 103770.4 307
1712261732259 103770.4 308
1712261742357 103769.8 309
1712261752469 103769.8 310
1712261762561 103769.8 311
1712261772646 103769.8 312
1712261782762 103769.8 313
1712261792849 103769.8 314
1712261802943 103769.8 315
1712261813040 103769.8 316
1712261823129 103769.8 317
1712261833237 103769.8 318
1712261843336 103769.8 319
1712261853438 103769.8 320
1712261863533 103769.8 321
1712261873650 103769.8 322
1712261883780 103769.8 323
1712261893867 103769.8 324
1712261903977 103769.8 325
1712261914066 103769.8 326
1712261924183 103769.8 327
1712261934280 103769.8 328
1712261944369 103769.8 329
1712261954492 103769.8 330
1712261964601 103769.8 331
1712261974704 103769.8 332
1712261984820 103769.8 333
1712261994915 103769.8 334
1712262005018 103769.8 335
1712262015131 103769.8 336
1712262025260 103769.8 337
1712262035353 103769.8 338
1712262045479 103769.8 339
1712262055586 103769.8 340
1712262065688 103769.8 341
1712262075786 103769.8 342
1712262085893 103769.8 343
1712262096021 103769.8 344
1712262106136 103769.8 345
1712262116267 103769.8 346
1712262126384 103769.8 347
1712262136511 103769.8 348
1712262146638 103769.8 349
1712262156761 103769.8 350
1712262166882 103769.8 351
1712262177007 103769.8 352
1712262187141 103769.8 353
1712262197246 103769.8 354
1712262207372 103769.8 355
1712262217488 103769.8 356
1712262227603 103769.8 357
1712262237697 103769.8 358
1712262247785 103769.8 359
1712262257880 103769.8 360
1712262268003 103769.8 361
1712262278093 103769.8 362
1712262288184 103769.8 363
1712262298281 103769.8 364
1712262308364 103769.8 365
1712262318479 103769.8 366
1712262328574 103769.8 367
1712262338673 103769.8 368
1712262348790 103769.8 369
1712262358899 103769.8 370
1712262369010 103769.8 371
1712262379133 103769.8 372
1712262389235 103769.8 373
1712262399337 103769.8 374
1712262409423 103769.8 375
1712262419537 103769.8 376
1712262429639 103769.8 377
1712262439732 103769.8 378
1712262449819 103769.8 379
1712262459908 103769.8 380
1712262469993 103769.8 381
1712262480096 103769.8 382
1712262490199 103769.8 383
1712262500333 103769.8 384
1712262510435 103769.8 385
1712262520561 103769.8 386
1712262530647 103769.8 387
1712262540748 103769.8 388
1712262550840 103769.8 389
1712262560957 103769.8 390
1712262571041 103769.8 391
1712262581147 103769.8 392
1712262591248 103769.8 393
1712262601340 103769.8 394
1712262611451 103769.8 395
1712262621548 103769.8 396
1712262631645 103769.8 397
1712262641740 103769.8 398
1712262651828 116039.3 399
1712262661910 114397.8 400
1712262672000 110019.8 401
1712262682090 108945.0 402
1712262692186 108945.0 403
1712262702281 108945.0 404
1712262712387 108945.0 405
1712262722480 108945.0 406
1712262732575 108945.0 407
1712262742665 108945.0 408
1712262752769 108945.0 409
1712262762874 108945.0 410
1712262772962 108945.0 411
1712262783054 108944.5 412
1712262793224 108944.5 413
1712262803340 108944.5 414
1712262813442 108944.5 415
1712262823572 108944.5 416
1712262833720 108944.5 417
1712262843860 110136.1 418
1712262854120 106868.9 419
1712262864262 103740.3 420
1712262874388 103740.3 421
1712262884498 103740.3 422
1712262894619 103740.3 423
1712262904743 103740.3 424
1712262914843 103740.3 425
1712262924945 103740.3 426
1712262935036 103740.3 427
1712262945122 103740.3 428
1712262955218 103740.3 429
1712262965324 103740.3 430
1712262975428 103740.3 431
1712262985520 103740.3 432
1712262995614 103740.3 433
1712263005714 103740.3 434
1712263015832 103740.3 435
1712263025918 103740.3 436
1712263036011 103740.3 437
1712263046127 103740.3 438
1712263056239 103740.3 439
1712263066337 103740.3 440
1712263076425 103740.3 441
1712263086522 103740.3 442
1712263096622 103740.3 443
1712263106730 103740.3 444
1712263116850 103740.3 445
1712263126964 103740.3 446
1712263137088 103740.3 447
1712263147207 103740.3 448
1712263157317 103740.3 449
1712263167444 103740.3 450
1712263177545 103740.3 451
1712263187628 103740.3 452
1712263197718 103740.3 453
1712263207807 103740.3 454
1712263217893 103740.3 455
1712263227988 103740.3 456
1712263238098 103740.3 457
1712263248202 103740.3 458
1712263258289 103740.3 459
1712263268381 103740.3 460
1712263278476 103740.3 461
1712263288560 103740.3 462
1712263298644 103740.3 463
1712263308739 103740.3 464
1712263318835 103740.3 465
1712263328970 103740.3 466
1712263339090 103740.3 467
1712263349177 103740.3 468
1712263359291 103740.3 469
1712263369423 103740.3 470
1712263379537 103740.3 471
1712263389634 103740.3 472
1712263399738 103740.3 473
1712263409842 103740.3 474
1712263419938 103740.3 475
1712263430054 103740.3 476
1712263440149 103740.3 477
1712263450256 103740.3 478
1712263460354 103740.3 479
1712263470437 103740.3 480
1712263480537 103740.3 481
1712263490638 103740.2 482
1712263500737 103740.2 483
1712263510829 103740.2 484
1712263520932 103740.2 485
1712263531042 103740.2 486
1712263541147 103740.2 487
1712263551263 103740.2 488
1712263561359 103740.2 489
1712263571457 103740.2 490
1712263581556 103740.2 491
1712263591646 103740.2 492
1712263601746 103740.2 493
1712263611861 103740.2 494
1712263621967 103740.2 495
1712263632076 103740.2 496
1712263642186 103740.2 497
1712263652309 103740.2 498
1712263662410 103740.2 499
1712263672502 103740.2 500
1712263682619 103740.2 501
1712263692714 103740.2 502
1712263702847 103740.2 503
1712263712940 103740.2 504
1712263723031 103740.2 505
1712263733135 103740.2 506
1712263743248 103740.2 507
1712263753355 103740.2 508
1712263763453 103740.2 509
1712263773558 103740.2 510
1712263783661 103740.2 511
1712263793776 103740.2 512
1712263803862 103740.2 513
1712263813969 103740.2 514
1712263824065 103740.2 515
1712263834205 103739.7 516
1712263844300 103739.7 517
1712263854392 103739.7 518
1712263864490 103739.7 519
1712263874584 103739.7 520
1712263884692 103739.7 521
1712263894797 103739.7 522
1712263904907 103739.7 523
1712263915003 103739.7 524
1712263925120 103739.7 525
1712263935231 103739.7 526
1712263945361 103739.7 527
1712263955473 103739.7 528
1712263965591 103739.7 529
1712263975682 103739.7 530
1712263985785 103739.7 531
1712263995892 103739.7 532
1712264006011 103739.7 533
1712264016133 103739.7 534
1712264026225 103739.7 535
1712264036320 103739.7 536
1712264046427 103739.7 537
1712264056524 115617.8 538
1712264066645 112904.2 539
1712264076758 108567.0 540
1712264086851 108567.0 541
1712264096973 108567.0 542
1712264107080 108567.0 543
1712264117217 108567.0 544
1712264127334 108567.0 545
1712264137442 108567.0 546
1712264147542 108567.0 547
1712264157651 108567.0 548
1712264167753 108567.0 549
1712264177843 108567.0 550
1712264187995 108567.0 551
1712264198129 108567.0 552
1712264208225 108567.0 553
1712264218324 108567.0 554
1712264228442 108567.0 555
1712264238794 113084.9 556
1712264248914 107637.3 557
1712264259024 105469.3 558
1712264269136 103713.0 559
1712264279261 103713.0 560
1712264289370 103713.0 561
1712264299474 103713.0 562
1712264309600 103713.0 563
1712264319709 103713.0 564
1712264329824 103713.0 565
1712264339926 103713.0 566
1712264350045 103713.0 567
1712264360153 103713.0 568
1712264370251 103713.0 569
1712264380354 103713.0 570
1712264390455 103713.0 571
1712264400560 103713.0 572
1712264410660 103713.0 573
1712264420771 103713.0 574
1712264430870 103713.0 575
1712264440969 103713.0 576
1712264451070 103713.0 577
1712264461189 103713.0 578
1712264471293 103713.0 579
1712264481395 103713.0 580
1712264491519 103713.0 581
1712264501611 103713.0 582
1712264511701 103713.0 583
1712264521805 103713.0 584
1712264531932 103713.0 585
1712264542037 103713.0 586
1712264552150 103713.0 587
1712264562379 103713.0 588
1712264572495 103713.0 589
1712264582616 103713.0 590
1712264592723 103713.0 591
1712264602810 103713.0 592
1712264612908 103713.0 593
1712264623011 103713.0 594
1712264633115 103713.0 595
1712264643204 103713.0 596
1712264653308 103713.0 597
1712264663397 103713.0 598
1712264673515 103713.0 599
1712264683627 103713.0 600
1712264693725 103713.0 601
1712264703836 103713.0 602
1712264714066 103713.0 603
1712264724153 103713.0 604
1712264734261 103713.0 605
1712264744349 103713.0 606
1712264754441 103713.0 607
1712264764533 103713.0 608
1712264774651 103713.0 609
1712264784745 103713.0 610
1712264794847 103713.0 611
1712264804933 103713.0 612
1712264815023 103713.0 613
1712264825120 103713.0 614
1712264835206 103713.0 615
1712264845307 103713.0 616
1712264855399 103713.0 617
1712264865497 103713.0 618
1712264875592 103712.4 619
1712264885681 103712.4 620
1712264895781 103712.4 621
1712264905882 103712.4 622
1712264915978 103712.4 623
1712264926085 103712.4 624
1712264936178 103712.4 625
1712264946289 103712.4 626
1712264956378 103712.4 627
1712264966479 103712.4 628
1712264976602 103712.4 629
1712264986694 103712.4 630
1712264996819 103712.4 631
1712265006937 103712.4 632
1712265017193 103712.4 633
1712265027329 103712.4 634
1712265037456 103712.4 635
1712265047602 103712.4 636
1712265057744 103712.4 637
1712265067857 103712.4 638
1712265077984 103712.4 639
1712265088106 103712.4 640
1712265098231 103712.4 641
1712265108352 103712.4 642
1712265118489 103712.4 643
1712265128619 103712.4 644
1712265138727 103712.4 645
1712265148843 103712.4 646
1712265158954 103712.4 647
1712265169176 103712.4 648
1712265179293 103712.4 649
1712265189409 103712.4 650
1712265199507 103712.4 651
1712265209620 103712.4 652
1712265219721 103712.4 653
1712265229813 103712.4 654
1712265239916 103712.4 655
1712265250010 103712.4 656
1712265260113 103712.4 657
1712265270240 103712.4 658
1712265280376 103712.4 659
1712265290502 103712.4 660
1712265300636 103712.4 661
1712265310762 103712.4 662
1712265320870 103712.4 663
1712265330977 103712.4 664
1712265341078 103712.4 665
1712265351234 103712.4 666
1712265361331 103712.4 667
1712265371431 103712.4 668
1712265381526 103712.4 669
1712265391629 103712.4 670
1712265401721 103712.4 671
1712265411827 103712.4 672
1712265421924 103712.4 673
1712265432015 103712.4 674
1712265442112 103712.4 675
1712265452211 103712.4 676
1712265462320 115282.5 677
1712265472466 113643.5 678
1712265482682 109230.1 679
1712265492793 109230.1 680
1712265502909 109230.1 681
1712265513038 109230.1 682
1712265523145 109230.1 683
1712265533247 109230.1 684
1712265543371 109230.1 685
1712265553495 109230.1 686
1712265563612 109230.1 687
1712265573719 109230.1 688
1712265583822 109230.1 689
1712265593925 109230.1 690
1712265604015 109230.1 691
1712265614105 109230.1 692
1712265624196 109230.1 693
1712265634357 109230.1 694
1712265645071 113265.1 695
1712265655827 107827.8 696
1712265665951 105527.3 697
