1712258624133 158757.2 0
1712258634299 166470.3 1
1712258644395 170469.4 2
1712258654474 172273.7 3
1712258664589 172273.7 4
1712258674680 172273.7 5
1712258684761 172273.7 6
1712258694836 172273.7 7
1712258704910 172273.7 8
1712258714986 172273.7 9
1712258725068 172273.7 10
1712258735130 172273.7 11
1712258745203 172273.7 12
1712258755267 172273.7 13
1712258765335 172273.7 14
1712258775407 172273.7 15
1712258785492 172273.7 16
1712258795561 172273.7 17
1712258805620 172273.7 18
1712258815701 172273.7 19
1712258825786 172273.7 20
1712258835870 172273.7 21
1712258845945 172273.7 22
1712258856031 172273.7 23
1712258866104 172273.7 24
1712258876179 172273.7 25
1712258886273 172273.7 26
1712258896363 172273.7 27
1712258906458 172273.7 28
1712258916541 172273.7 29
1712258926649 172273.7 30
1712258936743 172273.7 31
1712258946813 172273.7 32
1712258956902 172273.7 33
1712258966989 172273.7 34
1712258977078 172273.7 35
1712258987177 172273.7 36
1712258997238 172273.7 37
1712259007327 172273.7 38
1712259017391 172273.7 39
1712259027468 172273.7 40
1712259037553 172273.7 41
1712259047636 172273.7 42
1712259057728 172273.7 43
1712259067835 172273.7 44
1712259077919 172273.7 45
1712259088019 172273.7 46
1712259098094 172273.7 47
1712259108203 172273.7 48
1712259118290 172273.7 49
1712259128376 172273.7 50
1712259138462 172273.7 51
1712259148536 172273.7 52
1712259158609 172273.7 53
1712259168685 172273.7 54
1712259178769 172273.7 55
1712259188856 172273.7 56
1712259198929 172273.7 57
1712259209014 172273.7 58
1712259219108 172273.7 59
1712259229184 172273.7 60
1712259239283 172273.7 61
1712259249358 172273.7 62
1712259259456 172273.7 63
1712259269546 172273.7 64
1712259279659 172273.7 65
1712259289762 172273.7 66
1712259299842 172273.7 67
1712259309922 172273.7 68
1712259320005 172273.7 69
1712259330111 172273.7 70
1712259340187 172273.7 71
1712259350278 172273.7 72
1712259360359 172273.7 73
1712259370427 172273.7 74
1712259380509 172273.7 75
1712259390587 172273.7 76
1712259400682 172273.7 77
1712259410761 172273.7 78
1712259420841 172273.7 79
1712259430946 172273.7 80
1712259441021 172273.7 81
1712259451098 172273.7 82
1712259461190 172273.7 83
1712259471272 172273.7 84
1712259481343 172273.7 85
1712259491422 172273.7 86
1712259501503 172273.7 87
1712259511595 172273.7 88
1712259521683 172273.7 89
1712259531773 172273.7 90
1712259541840 172273.7 91
1712259551929 172273.7 92
1712259562020 172273.7 93
1712259572103 172273.7 94
1712259582185 172273.7 95
1712259592277 172273.7 96
1712259602348 172273.7 97
1712259612427 172273.7 98
1712259622515 172273.7 99
1712259632606 172273.7 100
1712259642696 172273.7 101
1712259652780 172273.7 102
1712259662856 172274.3 103
1712259672938 172274.3 104
1712259683011 172274.3 105
1712259693091 172274.3 106
1712259703170 172274.3 107
1712259713247 172274.3 108
1712259723335 172274.3 109
1712259733404 172274.3 110
1712259743509 172274.3 111
1712259753625 172274.3 112
1712259763716 172274.3 113
1712259773797 172274.3 114
1712259783869 172274.3 115
1712259793947 172274.3 116
1712259804025 172274.3 117
1712259814120 172274.3 118
1712259824201 172274.3 119
1712259834306 172274.3 120
1712259844411 160062.9 121
1712259854503 161701.5 122
1712259864616 166042.2 123
1712259874702 167134.6 124
1712259884777 167134.6 125
1712259894851 167134.6 126
1712259904944 167134.6 127
1712259915037 167134.6 128
1712259925131 167134.6 129
1712259935216 167134.6 130
1712259945289 167134.6 131
1712259955400 167134.6 132
1712259965484 167134.6 133
1712259975561 167134.6 134
1712259985654 167134.6 135
1712259995744 167134.6 136
1712260005826 167134.6 137
1712260015940 167134.6 138
1712260026035 161303.0 139
1712260036144 167816.1 140
1712260046249 170463.0 141
1712260056362 172220.1 142
1712260066458 172220.1 143
1712260076599 172220.1 144
1712260086720 172220.1 145
1712260096811 172220.1 146
1712260106895 172220.1 147
1712260117000 172220.1 148
1712260127098 172220.1 149
1712260137180 172220.1 150
1712260147260 172220.1 151
1712260157348 172220.1 152
1712260167443 172220.1 153
1712260177515 172220.1 154
1712260187610 172211.8 155
1712260197714 172211.8 156
1712260207798 172211.8 157
1712260217920 172211.8 158
1712260228000 172211.8 159
1712260238094 172211.8 160
1712260248199 172211.8 161
1712260258283 172211.8 162
1712260268359 172211.8 163
1712260278462 172211.8 164
1712260288546 172211.8 165
1712260298651 172211.8 166
1712260308737 172211.8 167
1712260318843 172211.8 168
1712260328933 172211.8 169
1712260339023 172211.8 170
1712260349105 172211.8 171
1712260359195 172211.8 172
1712260369276 172211.8 173
1712260379378 172211.8 174
1712260389477 172211.8 175
1712260399561 172211.8 176
1712260409664 172211.8 177
1712260419753 172211.8 178
1712260429847 172211.8 179
1712260439955 172211.8 180
1712260450037 172211.8 181
1712260460117 172211.8 182
1712260470222 172211.8 183
1712260480302 172211.8 184
1712260490382 172211.8 185
1712260500489 172211.8 186
1712260510582 172211.8 187
1712260520668 172211.8 188
1712260530760 172211.8 189
1712260540844 172211.8 190
1712260550938 172211.8 191
1712260561030 172211.8 192
1712260571127 172211.8 193
1712260581208 172211.8 194
1712260591305 172211.8 195
1712260601403 172211.8 196
1712260611506 172211.8 197
1712260621623 172211.8 198
1712260631726 172211.8 199
1712260641833 172211.8 200
1712260651937 172211.8 201
1712260662046 172211.8 202
1712260672139 172211.8 203
1712260682224 172211.8 204
1712260692307 172211.8 205
1712260702427 172212.3 206
1712260712502 172212.3 207
1712260722593 172212.3 208
1712260732689 172212.3 209
1712260742779 172212.3 210
1712260752858 172212.3 211
1712260762967 172212.3 212
1712260773054 172212.3 213
1712260783130 172212.3 214
1712260793217 172212.3 215
1712260803293 172212.3 216
1712260813385 172212.3 217
1712260823483 172212.3 218
1712260833566 172212.3 219
1712260843664 172212.3 220
1712260853758 172212.3 221
1712260863851 172212.3 222
1712260873959 172212.3 223
1712260884070 172212.3 224
1712260894155 172212.3 225
1712260904250 172212.3 226
1712260914351 172212.3 227
1712260924461 172212.3 228
1712260934552 172212.3 229
1712260944639 172212.3 230
1712260954748 172212.3 231
1712260964844 172212.3 232
1712260974944 172212.3 233
1712260985039 172212.3 234
1712260995132 172212.3 235
1712261005226 172212.3 236
1712261015332 172212.3 237
1712261025443 172212.3 238
1712261035544 172212.3 239
1712261045650 172212.3 240
1712261055736 172212.3 241
1712261065862 172212.3 242
1712261075975 172212.3 243
1712261086095 172212.3 244
1712261096208 172212.3 245
1712261106290 172212.3 246
1712261116381 172212.3 247
1712261126464 172212.3 248
1712261136563 172212.3 249
1712261146653 172212.3 250
1712261156737 172212.3 251
1712261166826 172212.3 252
1712261176930 172212.3 253
1712261187029 172212.3 254
1712261197156 172212.3 255
1712261207257 172212.3 256
1712261217352 172212.3 257
1712261227441 172212.3 258
1712261237540 172212.3 259
1712261247626 160513.8 260
1712261257708 162134.7 261
1712261267806 166482.1 262
1712261277897 167580.3 263
1712261287999 167580.3 264
1712261298103 167580.3 265
1712261308198 167580.3 266
1712261318291 167580.3 267
1712261328375 167580.3 268
1712261338455 167580.3 269
1712261348548 167580.3 270
1712261358633 167580.3 271
1712261368718 167580.3 272
1712261378800 167580.3 273
1712261388885 167580.3 274
1712261398981 167580.3 275
1712261409087 167580.3 276
1712261419209 167580.3 277
1712261429341 161824.6 278
1712261439452 168311.8 279
1712261449571 170679.7 280
1712261459670 172377.3 281
1712261469774 172377.3 282
1712261479878 172377.3 283
1712261489966 172377.3 284
1712261500086 172377.3 285
1712261510185 172377.3 286
1712261520265 172377.3 287
1712261530360 172377.3 288
1712261540442 172377.4 289
1712261550527 172377.4 290
1712261560622 172377.4 291
1712261570712 172377.4 292
1712261580794 172377.4 293
1712261590902 172377.4 294
1712261600981 172377.4 295
1712261611077 172377.4 296
1712261621161 172377.4 297
1712261631249 172377.4 298
1712261641352 172377.4 299
1712261651443 172377.4 300
1712261661545 172377.4 301
1712261671644 172377.4 302
1712261681746 172377.4 303
1712261691839 172377.4 304
1712261701945 172377.4 305
1712261712072 172377.4 306
1712261722168 172377.4 307
1712261732259 172377.4 308
1712261742357 172377.9 309
1712261752469 172377.9 310
1712261762561 172377.9 311
1712261772646 172377.9 312
1712261782762 172377.9 313
1712261792849 172377.9 314
1712261802943 172377.9 315
1712261813040 172377.9 316
1712261823129 172377.9 317
1712261833237 172377.9 318
1712261843336 172377.9 319
1712261853438 172377.9 320
1712261863533 172377.9 321
1712261873650 172377.9 322
1712261883780 172377.9 323
1712261893867 172377.9 324
1712261903977 172377.9 325
1712261914066 172377.9 326
1712261924183 172377.9 327
1712261934280 172377.9 328
1712261944369 172377.9 329
1712261954492 172377.9 330
1712261964601 172377.9 331
1712261974704 172377.9 332
1712261984820 172377.9 333
1712261994915 172377.9 334
1712262005018 172377.9 335
1712262015131 172377.9 336
1712262025260 172377.9 337
1712262035353 172377.9 338
1712262045479 172377.9 339
1712262055586 172377.9 340
1712262065688 172377.9 341
1712262075786 172377.9 342
1712262085893 172377.9 343
1712262096021 172377.9 344
1712262106136 172377.9 345
1712262116267 172377.9 346
1712262126384 172377.9 347
1712262136511 172377.9 348
1712262146638 172377.9 349
1712262156761 172377.9 350
1712262166882 172377.9 351
1712262177007 172377.9 352
1712262187141 172377.9 353
1712262197246 172377.9 354
1712262207372 172377.9 355
1712262217488 172377.9 356
1712262227603 172377.9 357
1712262237697 172377.9 358
1712262247785 172377.9 359
1712262257880 172377.9 360
1712262268003 172377.9 361
1712262278093 172377.9 362
1712262288184 172377.9 363
1712262298281 172377.9 364
1712262308364 172377.9 365
1712262318479 172377.9 366
1712262328574 172377.9 367
1712262338673 172377.9 368
1712262348790 172377.9 369
1712262358899 172377.9 370
1712262369010 172377.9 371
1712262379133 172377.9 372
1712262389235 172377.9 373
1712262399337 172377.9 374
1712262409423 172377.9 375
1712262419537 172377.9 376
1712262429639 172377.9 377
1712262439732 172377.9 378
1712262449819 172377.9 379
1712262459908 172377.9 380
1712262469993 172377.9 381
1712262480096 172377.9 382
1712262490199 172377.9 383
1712262500333 172377.9 384
1712262510435 172377.9 385
1712262520561 172377.9 386
1712262530647 172377.9 387
1712262540748 172377.9 388
1712262550840 172377.9 389
1712262560957 172377.9 390
1712262571041 172377.9 391
1712262581147 172377.9 392
1712262591248 172377.9 393
1712262601340 172377.9 394
1712262611451 172377.9 395
1712262621548 172377.9 396
1712262631645 172377.9 397
1712262641740 172377.9 398
1712262651828 160108.4 399
1712262661910 161750.0 400
1712262672000 166127.9 401
1712262682090 167202.7 402
1712262692186 167202.7 403
1712262702281 167202.7 404
1712262712387 167202.7 405
1712262722480 167202.7 406
1712262732575 167202.7 407
1712262742665 167202.7 408
1712262752769 167202.7 409
1712262762874 167202.7 410
1712262772962 167202.7 411
1712262783054 167203.2 412
1712262793224 167203.2 413
1712262803340 167203.2 414
1712262813442 167203.2 415
1712262823572 167203.2 416
1712262833720 167203.2 417
1712262843860 166011.7 418
1712262854120 169278.8 419
1712262864262 172407.4 420
1712262874388 172407.4 421
1712262884498 172407.4 422
1712262894619 172407.4 423
1712262904743 172407.4 424
1712262914843 172407.4 425
1712262924945 172407.4 426
1712262935036 172407.4 427
1712262945122 172407.4 428
1712262955218 172407.4 429
1712262965324 172407.4 430
1712262975428 172407.4 431
1712262985520 172407.4 432
1712262995614 172407.4 433
1712263005714 172407.4 434
1712263015832 172407.4 435
1712263025918 172407.4 436
1712263036011 172407.4 437
1712263046127 172407.4 438
1712263056239 172407.4 439
1712263066337 172407.4 440
1712263076425 172407.4 441
1712263086522 172407.4 442
1712263096622 172407.4 443
1712263106730 172407.4 444
1712263116850 172407.4 445
1712263126964 172407.4 446
1712263137088 172407.4 447
1712263147207 172407.4 448
1712263157317 172407.4 449
1712263167444 172407.4 450
1712263177545 172407.4 451
1712263187628 172407.4 452
1712263197718 172407.4 453
1712263207807 172407.5 454
1712263217893 172407.5 455
1712263227988 172407.5 456
1712263238098 172407.5 457
1712263248202 172407.5 458
1712263258289 172407.5 459
1712263268381 172407.5 460
1712263278476 172407.5 461
1712263288560 172407.5 462
1712263298644 172407.5 463
1712263308739 172407.5 464
1712263318835 172407.5 465
1712263328970 172407.5 466
1712263339090 172407.5 467
1712263349177 172407.5 468
1712263359291 172407.5 469
1712263369423 172407.5 470
1712263379537 172407.5 471
1712263389634 172407.5 472
1712263399738 172407.5 473
1712263409842 172407.5 474
1712263419938 172407.5 475
1712263430054 172407.5 476
1712263440149 172407.5 477
1712263450256 172407.5 478
1712263460354 172407.5 479
1712263470437 172407.5 480
1712263480537 172407.5 481
1712263490638 172407.5 482
1712263500737 172407.5 483
1712263510829 172407.5 484
1712263520932 172407.5 485
1712263531042 172407.5 486
1712263541147 172407.5 487
1712263551263 172407.5 488
1712263561359 172407.5 489
1712263571457 172407.5 490
1712263581556 172407.5 491
1712263591646 172407.5 492
1712263601746 172407.5 493
1712263611861 172407.5 494
1712263621967 172407.5 495
1712263632076 172407.5 496
1712263642186 172407.5 497
1712263652309 172407.5 498
1712263662410 172407.5 499
1712263672502 172407.5 500
1712263682619 172407.5 501
1712263692714 172407.5 502
1712263702847 172407.5 503
1712263712940 172407.5 504
1712263723031 172407.5 505
1712263733135 172407.5 506
1712263743248 172407.5 507
1712263753355 172407.5 508
1712263763453 172407.5 509
1712263773558 172407.5 510
1712263783661 172407.5 511
1712263793776 172407.5 512
1712263803862 172407.5 513
1712263813969 172407.5 514
1712263824065 172407.5 515
1712263834205 172408.0 516
1712263844300 172408.0 517
1712263854392 172408.0 518
1712263864490 172408.0 519
1712263874584 172408.0 520
1712263884692 172408.0 521
1712263894797 172408.0 522
1712263904907 172408.0 523
1712263915003 172408.0 524
1712263925120 172408.0 525
1712263935231 172408.0 526
1712263945361 172408.0 527
1712263955473 172408.0 528
1712263965591 172408.0 529
1712263975682 172408.0 530
1712263985785 172408.0 531
1712263995892 172408.0 532
1712264006011 172408.0 533
1712264016133 172408.0 534
1712264026225 172408.0 535
1712264036320 172408.0 536
1712264046427 172408.0 537
1712264056524 160529.9 538
1712264066645 163243.6 539
1712264076758 167580.7 540
1712264086851 167580.7 541
1712264096973 167580.7 542
1712264107080 167580.7 543
1712264117217 167580.7 544
1712264127334 167580.7 545
1712264137442 167580.7 546
1712264147542 167580.7 547
1712264157651 167580.7 548
1712264167753 167580.7 549
1712264177843 167580.7 550
1712264187995 167580.7 551
1712264198129 167580.7 552
1712264208225 167580.7 553
1712264218324 167580.7 554
1712264228442 167580.7 555
1712264238794 163062.8 556
1712264248914 168510.4 557
1712264259024 170678.5 558
1712264269136 172434.7 559
1712264279261 172434.7 560
1712264289370 172434.7 561
1712264299474 172434.7 562
1712264309600 172434.7 563
1712264319709 172434.7 564
1712264329824 172434.7 565
1712264339926 172434.7 566
1712264350045 172434.7 567
1712264360153 172434.7 568
1712264370251 172434.7 569
1712264380354 172434.7 570
1712264390455 172434.7 571
1712264400560 172434.7 572
1712264410660 172434.7 573
1712264420771 172434.7 574
1712264430870 172434.7 575
1712264440969 172434.7 576
1712264451070 172434.7 577
1712264461189 172434.7 578
1712264471293 172434.7 579
1712264481395 172434.7 580
1712264491519 172434.7 581
1712264501611 172434.7 582
1712264511701 172434.7 583
1712264521805 172434.7 584
1712264531932 172434.7 585
1712264542037 172434.7 586
1712264552150 172434.7 587
1712264562379 172434.7 588
1712264572495 172434.7 589
1712264582616 172434.7 590
1712264592723 172434.7 591
1712264602810 172434.7 592
1712264612908 172434.7 593
1712264623011 172434.7 594
1712264633115 172434.7 595
1712264643204 172434.7 596
1712264653308 172434.7 597
1712264663397 172434.7 598
1712264673515 172434.7 599
1712264683627 172434.7 600
1712264693725 172434.7 601
1712264703836 172434.7 602
1712264714066 172434.7 603
1712264724153 172434.7 604
1712264734261 172434.7 605
1712264744349 172434.7 606
1712264754441 172434.7 607
1712264764533 172434.7 608
1712264774651 172434.7 609
1712264784745 172434.7 610
1712264794847 172434.7 611
1712264804933 172434.7 612
1712264815023 172434.7 613
1712264825120 172434.7 614
1712264835206 172434.7 615
1712264845307 172434.7 616
1712264855399 172434.7 617
1712264865497 172434.8 618
1712264875592 172435.3 619
1712264885681 172435.3 620
1712264895781 172435.3 621
1712264905882 172435.3 622
1712264915978 172435.3 623
1712264926085 172435.3 624
1712264936178 172435.3 625
1712264946289 172435.3 626
1712264956378 172435.3 627
1712264966479 172435.3 628
1712264976602 172435.3 629
1712264986694 172435.3 630
1712264996819 172435.3 631
1712265006937 172435.3 632
1712265017193 172435.3 633
1712265027329 172435.3 634
1712265037456 172435.3 635
1712265047602 172435.3 636
1712265057744 172435.3 637
1712265067857 172435.3 638
1712265077984 172435.3 639
1712265088106 172435.3 640
1712265098231 172435.3 641
1712265108352 172435.3 642
1712265118489 172435.3 643
1712265128619 172435.3 644
1712265138727 172435.3 645
1712265148843 172435.3 646
1712265158954 172435.3 647
1712265169176 172435.3 648
1712265179293 172435.3 649
1712265189409 172435.3 650
1712265199507 172435.3 651
1712265209620 172435.3 652
1712265219721 172435.3 653
1712265229813 172435.3 654
1712265239916 172435.3 655
1712265250010 172435.3 656
1712265260113 172435.3 657
1712265270240 172435.3 658
1712265280376 172435.3 659
1712265290502 172435.3 660
1712265300636 172435.3 661
1712265310762 172435.3 662
1712265320870 172435.3 663
1712265330977 172435.3 664
1712265341078 172435.3 665
1712265351234 172435.3 666
1712265361331 172435.3 667
1712265371431 172435.3 668
1712265381526 172435.3 669
1712265391629 172435.3 670
1712265401721 172435.3 671
1712265411827 172435.3 672
1712265421924 172435.3 673
1712265432015 172435.3 674
1712265442112 172435.3 675
1712265452211 172435.3 676
1712265462320 160865.3 677
1712265472466 162504.3 678
1712265482682 166917.6 679
1712265492793 166917.6 680
1712265502909 166917.6 681
1712265513038 166917.6 682
1712265523145 166917.6 683
1712265533247 166917.6 684
1712265543371 166917.6 685
1712265553495 166917.6 686
1712265563612 166917.6 687
1712265573719 166917.7 688
1712265583822 166917.7 689
1712265593925 166917.7 690
1712265604015 166917.7 691
1712265614105 166917.7 692
1712265624196 166917.7 693
1712265634357 166917.7 694
1712265645071 162882.6 695
1712265655827 168320.0 696
1712265665951 170620.4 697
