1712258624133 57.5 0
1712258634299 60.3 1
1712258644395 61.7 2
1712258654474 62.4 3
1712258664589 62.4 4
1712258674680 62.4 5
1712258684761 62.4 6
1712258694836 62.4 7
1712258704910 62.4 8
1712258714986 62.4 9
1712258725068 62.4 10
1712258735130 62.4 11
1712258745203 62.4 12
1712258755267 62.4 13
1712258765335 62.4 14
1712258775407 62.4 15
1712258785492 62.4 16
1712258795561 62.4 17
1712258805620 62.4 18
1712258815701 62.4 19
1712258825786 62.4 20
1712258835870 62.4 21
1712258845945 62.4 22
1712258856031 62.4 23
1712258866104 62.4 24
1712258876179 62.4 25
1712258886273 62.4 26
1712258896363 62.4 27
1712258906458 62.4 28
1712258916541 62.4 29
1712258926649 62.4 30
1712258936743 62.4 31
1712258946813 62.4 32
1712258956902 62.4 33
1712258966989 62.4 34
1712258977078 62.4 35
1712258987177 62.4 36
1712258997238 62.4 37
1712259007327 62.4 38
1712259017391 62.4 39
1712259027468 62.4 40
1712259037553 62.4 41
1712259047636 62.4 42
1712259057728 62.4 43
1712259067835 62.4 44
1712259077919 62.4 45
1712259088019 62.4 46
1712259098094 62.4 47
1712259108203 62.4 48
1712259118290 62.4 49
1712259128376 62.4 50
1712259138462 62.4 51
1712259148536 62.4 52
1712259158609 62.4 53
1712259168685 62.4 54
1712259178769 62.4 55
1712259188856 62.4 56
1712259198929 62.4 57
1712259209014 62.4 58
1712259219108 62.4 59
1712259229184 62.4 60
1712259239283 62.4 61
1712259249358 62.4 62
1712259259456 62.4 63
1712259269546 62.4 64
1712259279659 62.4 65
1712259289762 62.4 66
1712259299842 62.4 67
1712259309922 62.4 68
1712259320005 62.4 69
1712259330111 62.4 70
1712259340187 62.4 71
1712259350278 62.4 72
1712259360359 62.4 73
1712259370427 62.4 74
1712259380509 62.4 75
1712259390587 62.4 76
1712259400682 62.4 77
1712259410761 62.4 78
1712259420841 62.4 79
1712259430946 62.4 80
1712259441021 62.4 81
1712259451098 62.4 82
1712259461190 62.4 83
1712259471272 62.4 84
1712259481343 62.4 85
1712259491422 62.4 86
1712259501503 62.4 87
1712259511595 62.4 88
1712259521683 62.4 89
1712259531773 62.4 90
1712259541840 62.4 91
1712259551929 62.4 92
1712259562020 62.4 93
1712259572103 62.4 94
1712259582185 62.4 95
1712259592277 62.4 96
1712259602348 62.4 97
1712259612427 62.4 98
1712259622515 62.4 99
1712259632606 62.4 100
1712259642696 62.4 101
1712259652780 62.4 102
1712259662856 62.4 103
1712259672938 62.4 104
1712259683011 62.4 105
1712259693091 62.4 106
1712259703170 62.4 107
1712259713247 62.4 108
1712259723335 62.4 109
1712259733404 62.4 110
1712259743509 62.4 111
1712259753625 62.4 112
1712259763716 62.4 113
1712259773797 62.4 114
1712259783869 62.4 115
1712259793947 62.4 116
1712259804025 62.4 117
1712259814120 62.4 118
1712259824201 62.4 119
1712259834306 62.4 120
1712259844411 58.0 121
1712259854503 58.6 122
1712259864616 60.1 123
1712259874702 60.5 124
1712259884777 60.5 125
1712259894851 60.5 126
1712259904944 60.5 127
1712259915037 60.5 128
1712259925131 60.5 129
1712259935216 60.5 130
1712259945289 60.5 131
1712259955400 60.5 132
1712259965484 60.5 133
1712259975561 60.5 134
1712259985654 60.5 135
1712259995744 60.5 136
1712260005826 60.5 137
1712260015940 60.5 138
1712260026035 58.4 139
1712260036144 60.8 140
1712260046249 61.7 141
1712260056362 62.4 142
1712260066458 62.4 143
1712260076599 62.4 144
1712260086720 62.4 145
1712260096811 62.4 146
1712260106895 62.4 147
1712260117000 62.4 148
1712260127098 62.4 149
1712260137180 62.4 150
1712260147260 62.4 151
1712260157348 62.4 152
1712260167443 62.4 153
1712260177515 62.4 154
1712260187610 62.4 155
1712260197714 62.4 156
1712260207798 62.4 157
1712260217920 62.4 158
1712260228000 62.4 159
1712260238094 62.4 160
1712260248199 62.4 161
1712260258283 62.4 162
1712260268359 62.4 163
1712260278462 62.4 164
1712260288546 62.4 165
1712260298651 62.4 166
1712260308737 62.4 167
1712260318843 62.4 168
1712260328933 62.4 169
1712260339023 62.4 170
1712260349105 62.4 171
1712260359195 62.4 172
1712260369276 62.4 173
1712260379378 62.4 174
1712260389477 62.4 175
1712260399561 62.4 176
1712260409664 62.4 177
1712260419753 62.4 178
1712260429847 62.4 179
1712260439955 62.4 180
1712260450037 62.4 181
1712260460117 62.4 182
1712260470222 62.4 183
1712260480302 62.4 184
1712260490382 62.4 185
1712260500489 62.4 186
1712260510582 62.4 187
1712260520668 62.4 188
1712260530760 62.4 189
1712260540844 62.4 190
1712260550938 62.4 191
1712260561030 62.4 192
1712260571127 62.4 193
1712260581208 62.4 194
1712260591305 62.4 195
1712260601403 62.4 196
1712260611506 62.4 197
1712260621623 62.4 198
1712260631726 62.4 199
1712260641833 62.4 200
1712260651937 62.4 201
1712260662046 62.4 202
1712260672139 62.4 203
1712260682224 62.4 204
1712260692307 62.4 205
1712260702427 62.4 206
1712260712502 62.4 207
1712260722593 62.4 208
1712260732689 62.4 209
1712260742779 62.4 210
1712260752858 62.4 211
1712260762967 62.4 212
1712260773054 62.4 213
1712260783130 62.4 214
1712260793217 62.4 215
1712260803293 62.4 216
1712260813385 62.4 217
1712260823483 62.4 218
1712260833566 62.4 219
1712260843664 62.4 220
1712260853758 62.4 221
1712260863851 62.4 222
1712260873959 62.4 223
1712260884070 62.4 224
1712260894155 62.4 225
1712260904250 62.4 226
1712260914351 62.4 227
1712260924461 62.4 228
1712260934552 62.4 229
1712260944639 62.4 230
1712260954748 62.4 231
1712260964844 62.4 232
1712260974944 62.4 233
1712260985039 62.4 234
1712260995132 62.4 235
1712261005226 62.4 236
1712261015332 62.4 237
1712261025443 62.4 238
1712261035544 62.4 239
1712261045650 62.4 240
1712261055736 62.4 241
1712261065862 62.4 242
1712261075975 62.4 243
1712261086095 62.4 244
1712261096208 62.4 245
1712261106290 62.4 246
1712261116381 62.4 247
1712261126464 62.4 248
1712261136563 62.4 249
1712261146653 62.4 250
1712261156737 62.4 251
1712261166826 62.4 252
1712261176930 62.4 253
1712261187029 62.4 254
1712261197156 62.4 255
1712261207257 62.4 256
1712261217352 62.4 257
1712261227441 62.4 258
1712261237540 62.4 259
1712261247626 58.1 260
1712261257708 58.7 261
1712261267806 60.3 262
1712261277897 60.7 263
1712261287999 60.7 264
1712261298103 60.7 265
1712261308198 60.7 266
1712261318291 60.7 267
1712261328375 60.7 268
1712261338455 60.7 269
1712261348548 60.7 270
1712261358633 60.7 271
1712261368718 60.7 272
1712261378800 60.7 273
1712261388885 60.7 274
1712261398981 60.7 275
1712261409087 60.7 276
1712261419209 60.7 277
1712261429341 58.6 278
1712261439452 60.9 279
1712261449571 61.8 280
1712261459670 62.4 281
1712261469774 62.4 282
1712261479878 62.4 283
1712261489966 62.4 284
1712261500086 62.4 285
1712261510185 62.4 286
1712261520265 62.4 287
1712261530360 62.4 288
1712261540442 62.4 289
1712261550527 62.4 290
1712261560622 62.4 291
1712261570712 62.4 292
1712261580794 62.4 293
1712261590902 62.4 294
1712261600981 62.4 295
1712261611077 62.4 296
1712261621161 62.4 297
1712261631249 62.4 298
1712261641352 62.4 299
1712261651443 62.4 300
1712261661545 62.4 301
1712261671644 62.4 302
1712261681746 62.4 303
1712261691839 62.4 304
1712261701945 62.4 305
1712261712072 62.4 306
1712261722168 62.4 307
1712261732259 62.4 308
1712261742357 62.4 309
1712261752469 62.4 310
1712261762561 62.4 311
1712261772646 62.4 312
1712261782762 62.4 313
1712261792849 62.4 314
1712261802943 62.4 315
1712261813040 62.4 316
1712261823129 62.4 317
1712261833237 62.4 318
1712261843336 62.4 319
1712261853438 62.4 320
1712261863533 62.4 321
1712261873650 62.4 322
1712261883780 62.4 323
1712261893867 62.4 324
1712261903977 62.4 325
1712261914066 62.4 326
1712261924183 62.4 327
1712261934280 62.4 328
1712261944369 62.4 329
1712261954492 62.4 330
1712261964601 62.4 331
1712261974704 62.4 332
1712261984820 62.4 333
1712261994915 62.4 334
1712262005018 62.4 335
1712262015131 62.4 336
1712262025260 62.4 337
1712262035353 62.4 338
1712262045479 62.4 339
1712262055586 62.4 340
1712262065688 62.4 341
1712262075786 62.4 342
1712262085893 62.4 343
1712262096021 62.4 344
1712262106136 62.4 345
1712262116267 62.4 346
1712262126384 62.4 347
1712262136511 62.4 348
1712262146638 62.4 349
1712262156761 62.4 350
1712262166882 62.4 351
1712262177007 62.4 352
1712262187141 62.4 353
1712262197246 62.4 354
1712262207372 62.4 355
1712262217488 62.4 356
1712262227603 62.4 357
1712262237697 62.4 358
1712262247785 62.4 359
1712262257880 62.4 360
1712262268003 62.4 361
1712262278093 62.4 362
1712262288184 62.4 363
1712262298281 62.4 364
1712262308364 62.4 365
1712262318479 62.4 366
1712262328574 62.4 367
1712262338673 62.4 368
1712262348790 62.4 369
1712262358899 62.4 370
1712262369010 62.4 371
1712262379133 62.4 372
1712262389235 62.4 373
1712262399337 62.4 374
1712262409423 62.4 375
1712262419537 62.4 376
1712262429639 62.4 377
1712262439732 62.4 378
1712262449819 62.4 379
1712262459908 62.4 380
1712262469993 62.4 381
1712262480096 62.4 382
1712262490199 62.4 383
1712262500333 62.4 384
1712262510435 62.4 385
1712262520561 62.4 386
1712262530647 62.4 387
1712262540748 62.4 388
1712262550840 62.4 389
1712262560957 62.4 390
1712262571041 62.4 391
1712262581147 62.4 392
1712262591248 62.4 393
1712262601340 62.4 394
1712262611451 62.4 395
1712262621548 62.4 396
1712262631645 62.4 397
1712262641740 62.4 398
1712262651828 58.0 399
1712262661910 58.6 400
1712262672000 60.2 401
1712262682090 60.5 402
1712262692186 60.5 403
1712262702281 60.5 404
1712262712387 60.5 405
1712262722480 60.5 406
1712262732575 60.5 407
1712262742665 60.5 408
1712262752769 60.5 409
1712262762874 60.5 410
1712262772962 60.5 411
1712262783054 60.5 412
1712262793224 60.5 413
1712262803340 60.5 414
1712262813442 60.5 415
1712262823572 60.5 416
1712262833720 60.5 417
1712262843860 60.1 418
1712262854120 61.3 419
1712262864262 62.4 420
1712262874388 62.4 421
1712262884498 62.4 422
1712262894619 62.4 423
1712262904743 62.4 424
1712262914843 62.4 425
1712262924945 62.4 426
1712262935036 62.4 427
1712262945122 62.4 428
1712262955218 62.4 429
1712262965324 62.4 430
1712262975428 62.4 431
1712262985520 62.4 432
1712262995614 62.4 433
1712263005714 62.4 434
1712263015832 62.4 435
1712263025918 62.4 436
1712263036011 62.4 437
1712263046127 62.4 438
1712263056239 62.4 439
1712263066337 62.4 440
1712263076425 62.4 441
1712263086522 62.4 442
1712263096622 62.4 443
1712263106730 62.4 444
1712263116850 62.4 445
1712263126964 62.4 446
1712263137088 62.4 447
1712263147207 62.4 448
1712263157317 62.4 449
1712263167444 62.4 450
1712263177545 62.4 451
1712263187628 62.4 452
1712263197718 62.4 453
1712263207807 62.4 454
1712263217893 62.4 455
1712263227988 62.4 456
1712263238098 62.4 457
1712263248202 62.4 458
1712263258289 62.4 459
1712263268381 62.4 460
1712263278476 62.4 461
1712263288560 62.4 462
1712263298644 62.4 463
1712263308739 62.4 464
1712263318835 62.4 465
1712263328970 62.4 466
1712263339090 62.4 467
1712263349177 62.4 468
1712263359291 62.4 469
1712263369423 62.4 470
1712263379537 62.4 471
1712263389634 62.4 472
1712263399738 62.4 473
1712263409842 62.4 474
1712263419938 62.4 475
1712263430054 62.4 476
1712263440149 62.4 477
1712263450256 62.4 478
1712263460354 62.4 479
1712263470437 62.4 480
1712263480537 62.4 481
1712263490638 62.4 482
1712263500737 62.4 483
1712263510829 62.4 484
1712263520932 62.4 485
1712263531042 62.4 486
1712263541147 62.4 487
1712263551263 62.4 488
1712263561359 62.4 489
1712263571457 62.4 490
1712263581556 62.4 491
1712263591646 62.4 492
1712263601746 62.4 493
1712263611861 62.4 494
1712263621967 62.4 495
1712263632076 62.4 496
1712263642186 62.4 497
1712263652309 62.4 498
1712263662410 62.4 499
1712263672502 62.4 500
1712263682619 62.4 501
1712263692714 62.4 502
1712263702847 62.4 503
1712263712940 62.4 504
1712263723031 62.4 505
1712263733135 62.4 506
1712263743248 62.4 507
1712263753355 62.4 508
1712263763453 62.4 509
1712263773558 62.4 510
1712263783661 62.4 511
1712263793776 62.4 512
1712263803862 62.4 513
1712263813969 62.4 514
1712263824065 62.4 515
1712263834205 62.4 516
1712263844300 62.4 517
1712263854392 62.4 518
1712263864490 62.4 519
1712263874584 62.4 520
1712263884692 62.4 521
1712263894797 62.4 522
1712263904907 62.4 523
1712263915003 62.4 524
1712263925120 62.4 525
1712263935231 62.4 526
1712263945361 62.4 527
1712263955473 62.4 528
1712263965591 62.4 529
1712263975682 62.4 530
1712263985785 62.4 531
1712263995892 62.4 532
1712264006011 62.4 533
1712264016133 62.4 534
1712264026225 62.4 535
1712264036320 62.4 536
1712264046427 62.4 537
1712264056524 58.1 538
1712264066645 59.1 539
1712264076758 60.7 540
1712264086851 60.7 541
1712264096973 60.7 542
1712264107080 60.7 543
1712264117217 60.7 544
1712264127334 60.7 545
1712264137442 60.7 546
1712264147542 60.7 547
1712264157651 60.7 548
1712264167753 60.7 549
1712264177843 60.7 550
1712264187995 60.7 551
1712264198129 60.7 552
1712264208225 60.7 553
1712264218324 60.7 554
1712264228442 60.7 555
1712264238794 59.0 556
1712264248914 61.0 557
1712264259024 61.8 558
1712264269136 62.4 559
1712264279261 62.4 560
1712264289370 62.4 561
1712264299474 62.4 562
1712264309600 62.4 563
1712264319709 62.4 564
1712264329824 62.4 565
1712264339926 62.4 566
1712264350045 62.4 567
1712264360153 62.4 568
1712264370251 62.4 569
1712264380354 62.4 570
1712264390455 62.4 571
1712264400560 62.4 572
1712264410660 62.4 573
1712264420771 62.4 574
1712264430870 62.4 575
1712264440969 62.4 576
1712264451070 62.4 577
1712264461189 62.4 578
1712264471293 62.4 579
1712264481395 62.4 580
1712264491519 62.4 581
1712264501611 62.4 582
1712264511701 62.4 583
1712264521805 62.4 584
1712264531932 62.4 585
1712264542037 62.4 586
1712264552150 62.4 587
1712264562379 62.4 588
1712264572495 62.4 589
1712264582616 62.4 590
1712264592723 62.4 591
1712264602810 62.4 592
1712264612908 62.4 593
1712264623011 62.4 594
1712264633115 62.4 595
1712264643204 62.4 596
1712264653308 62.4 597
1712264663397 62.4 598
1712264673515 62.4 599
1712264683627 62.4 600
1712264693725 62.4 601
1712264703836 62.4 602
1712264714066 62.4 603
1712264724153 62.4 604
1712264734261 62.4 605
1712264744349 62.4 606
1712264754441 62.4 607
1712264764533 62.4 608
1712264774651 62.4 609
1712264784745 62.4 610
1712264794847 62.4 611
1712264804933 62.4 612
1712264815023 62.4 613
1712264825120 62.4 614
1712264835206 62.4 615
1712264845307 62.4 616
1712264855399 62.4 617
1712264865497 62.4 618
1712264875592 62.4 619
1712264885681 62.4 620
1712264895781 62.4 621
1712264905882 62.4 622
1712264915978 62.4 623
1712264926085 62.4 624
1712264936178 62.4 625
1712264946289 62.4 626
1712264956378 62.4 627
1712264966479 62.4 628
1712264976602 62.4 629
1712264986694 62.4 630
1712264996819 62.4 631
1712265006937 62.4 632
1712265017193 62.4 633
1712265027329 62.4 634
1712265037456 62.4 635
1712265047602 62.4 636
1712265057744 62.4 637
1712265067857 62.4 638
1712265077984 62.4 639
1712265088106 62.4 640
1712265098231 62.4 641
1712265108352 62.4 642
1712265118489 62.4 643
1712265128619 62.4 644
1712265138727 62.4 645
1712265148843 62.4 646
1712265158954 62.4 647
1712265169176 62.4 648
1712265179293 62.4 649
1712265189409 62.4 650
1712265199507 62.4 651
1712265209620 62.4 652
1712265219721 62.4 653
1712265229813 62.4 654
1712265239916 62.4 655
1712265250010 62.4 656
1712265260113 62.4 657
1712265270240 62.4 658
1712265280376 62.4 659
1712265290502 62.4 660
1712265300636 62.4 661
1712265310762 62.4 662
1712265320870 62.4 663
1712265330977 62.4 664
1712265341078 62.4 665
1712265351234 62.4 666
1712265361331 62.4 667
1712265371431 62.4 668
1712265381526 62.4 669
1712265391629 62.4 670
1712265401721 62.4 671
1712265411827 62.4 672
1712265421924 62.4 673
1712265432015 62.4 674
1712265442112 62.4 675
1712265452211 62.4 676
1712265462320 58.3 677
1712265472466 58.8 678
1712265482682 60.4 679
1712265492793 60.4 680
1712265502909 60.4 681
1712265513038 60.4 682
1712265523145 60.4 683
1712265533247 60.4 684
1712265543371 60.4 685
1712265553495 60.4 686
1712265563612 60.4 687
1712265573719 60.4 688
1712265583822 60.4 689
1712265593925 60.4 690
1712265604015 60.4 691
1712265614105 60.4 692
1712265624196 60.4 693
1712265634357 60.4 694
1712265645071 59.0 695
1712265655827 61.0 696
1712265665951 61.8 697
