1712258624133 0.0 0
1712258634299 0.0 1
1712258644395 0.0 2
1712258654474 0.0 3
1712258664589 100.0 4
1712258674680 100.0 5
1712258684761 100.0 6
1712258694836 100.0 7
1712258704910 100.0 8
1712258714986 100.0 9
1712258725068 100.0 10
1712258735130 100.0 11
1712258745203 100.0 12
1712258755267 100.0 13
1712258765335 100.0 14
1712258775407 99.0 15
1712258785492 100.0 16
1712258795561 99.0 17
1712258805620 100.0 18
1712258815701 100.0 19
1712258825786 100.0 20
1712258835870 100.0 21
1712258845945 99.0 22
1712258856031 100.0 23
1712258866104 99.0 24
1712258876179 100.0 25
1712258886273 99.0 26
1712258896363 99.0 27
1712258906458 100.0 28
1712258916541 100.0 29
1712258926649 100.0 30
1712258936743 100.0 31
1712258946813 100.0 32
1712258956902 99.0 33
1712258966989 99.0 34
1712258977078 100.0 35
1712258987177 100.0 36
1712258997238 100.0 37
1712259007327 99.0 38
1712259017391 99.0 39
1712259027468 100.0 40
1712259037553 99.0 41
1712259047636 99.0 42
1712259057728 100.0 43
1712259067835 100.0 44
1712259077919 100.0 45
1712259088019 100.0 46
1712259098094 99.0 47
1712259108203 99.0 48
1712259118290 100.0 49
1712259128376 99.0 50
1712259138462 100.0 51
1712259148536 100.0 52
1712259158609 99.0 53
1712259168685 100.0 54
1712259178769 100.0 55
1712259188856 99.0 56
1712259198929 100.0 57
1712259209014 100.0 58
1712259219108 99.0 59
1712259229184 100.0 60
1712259239283 100.0 61
1712259249358 99.0 62
1712259259456 100.0 63
1712259269546 99.0 64
1712259279659 99.0 65
1712259289762 100.0 66
1712259299842 100.0 67
1712259309922 100.0 68
1712259320005 100.0 69
1712259330111 99.0 70
1712259340187 99.0 71
1712259350278 100.0 72
1712259360359 100.0 73
1712259370427 99.0 74
1712259380509 100.0 75
1712259390587 100.0 76
1712259400682 100.0 77
1712259410761 100.0 78
1712259420841 100.0 79
1712259430946 99.0 80
1712259441021 99.0 81
1712259451098 100.0 82
1712259461190 99.0 83
1712259471272 99.0 84
1712259481343 100.0 85
1712259491422 99.0 86
1712259501503 95.0 87
1712259511595 100.0 88
1712259521683 99.0 89
1712259531773 100.0 90
1712259541840 99.0 91
1712259551929 99.0 92
1712259562020 99.0 93
1712259572103 100.0 94
1712259582185 99.0 95
1712259592277 100.0 96
1712259602348 100.0 97
1712259612427 100.0 98
1712259622515 100.0 99
1712259632606 100.0 100
1712259642696 99.0 101
1712259652780 100.0 102
1712259662856 100.0 103
1712259672938 99.0 104
1712259683011 100.0 105
1712259693091 100.0 106
1712259703170 100.0 107
1712259713247 100.0 108
1712259723335 99.0 109
1712259733404 99.0 110
1712259743509 100.0 111
1712259753625 100.0 112
1712259763716 99.0 113
1712259773797 99.0 114
1712259783869 100.0 115
1712259793947 99.0 116
1712259804025 99.0 117
1712259814120 100.0 118
1712259824201 99.0 119
1712259834306 99.0 120
1712259844411 0.0 121
1712259854503 0.0 122
1712259864616 0.0 123
1712259874702 100.0 124
1712259884777 100.0 125
1712259894851 100.0 126
1712259904944 100.0 127
1712259915037 100.0 128
1712259925131 100.0 129
1712259935216 100.0 130
1712259945289 99.0 131
1712259955400 100.0 132
1712259965484 100.0 133
1712259975561 100.0 134
1712259985654 100.0 135
1712259995744 100.0 136
1712260005826 100.0 137
1712260015940 100.0 138
1712260026035 0.0 139
1712260036144 0.0 140
1712260046249 0.0 141
1712260056362 0.0 142
1712260066458 100.0 143
1712260076599 100.0 144
1712260086720 100.0 145
1712260096811 99.0 146
1712260106895 100.0 147
1712260117000 99.0 148
1712260127098 100.0 149
1712260137180 99.0 150
1712260147260 100.0 151
1712260157348 100.0 152
1712260167443 99.0 153
1712260177515 100.0 154
1712260187610 99.0 155
1712260197714 100.0 156
1712260207798 99.0 157
1712260217920 100.0 158
1712260228000 100.0 159
1712260238094 100.0 160
1712260248199 99.0 161
1712260258283 100.0 162
1712260268359 99.0 163
1712260278462 100.0 164
1712260288546 99.0 165
1712260298651 99.0 166
1712260308737 99.0 167
1712260318843 100.0 168
1712260328933 99.0 169
1712260339023 99.0 170
1712260349105 100.0 171
1712260359195 100.0 172
1712260369276 100.0 173
1712260379378 100.0 174
1712260389477 99.0 175
1712260399561 99.0 176
1712260409664 100.0 177
1712260419753 100.0 178
1712260429847 100.0 179
1712260439955 99.0 180
1712260450037 100.0 181
1712260460117 100.0 182
1712260470222 100.0 183
1712260480302 100.0 184
1712260490382 100.0 185
1712260500489 99.0 186
1712260510582 99.0 187
1712260520668 100.0 188
1712260530760 100.0 189
1712260540844 99.0 190
1712260550938 100.0 191
1712260561030 98.0 192
1712260571127 99.0 193
1712260581208 100.0 194
1712260591305 100.0 195
1712260601403 99.0 196
1712260611506 99.0 197
1712260621623 100.0 198
1712260631726 100.0 199
1712260641833 100.0 200
1712260651937 95.0 201
1712260662046 100.0 202
1712260672139 100.0 203
1712260682224 99.0 204
1712260692307 100.0 205
1712260702427 99.0 206
1712260712502 99.0 207
1712260722593 100.0 208
1712260732689 100.0 209
1712260742779 100.0 210
1712260752858 99.0 211
1712260762967 99.0 212
1712260773054 100.0 213
1712260783130 99.0 214
1712260793217 99.0 215
1712260803293 100.0 216
1712260813385 100.0 217
1712260823483 100.0 218
1712260833566 100.0 219
1712260843664 100.0 220
1712260853758 100.0 221
1712260863851 100.0 222
1712260873959 100.0 223
1712260884070 99.0 224
1712260894155 99.0 225
1712260904250 100.0 226
1712260914351 100.0 227
1712260924461 100.0 228
1712260934552 100.0 229
1712260944639 100.0 230
1712260954748 99.0 231
1712260964844 100.0 232
1712260974944 100.0 233
1712260985039 99.0 234
1712260995132 99.0 235
1712261005226 100.0 236
1712261015332 99.0 237
1712261025443 100.0 238
1712261035544 99.0 239
1712261045650 100.0 240
1712261055736 99.0 241
1712261065862 100.0 242
1712261075975 100.0 243
1712261086095 99.0 244
1712261096208 99.0 245
1712261106290 100.0 246
1712261116381 100.0 247
1712261126464 100.0 248
1712261136563 100.0 249
1712261146653 100.0 250
1712261156737 99.0 251
1712261166826 100.0 252
1712261176930 100.0 253
1712261187029 99.0 254
1712261197156 98.0 255
1712261207257 100.0 256
1712261217352 100.0 257
1712261227441 100.0 258
1712261237540 99.0 259
1712261247626 0.0 260
1712261257708 0.0 261
1712261267806 0.0 262
1712261277897 100.0 263
1712261287999 100.0 264
1712261298103 100.0 265
1712261308198 100.0 266
1712261318291 100.0 267
1712261328375 100.0 268
1712261338455 99.0 269
1712261348548 100.0 270
1712261358633 100.0 271
1712261368718 100.0 272
1712261378800 100.0 273
1712261388885 100.0 274
1712261398981 99.0 275
1712261409087 100.0 276
1712261419209 99.0 277
1712261429341 0.0 278
1712261439452 0.0 279
1712261449571 0.0 280
1712261459670 0.0 281
1712261469774 99.0 282
1712261479878 99.0 283
1712261489966 100.0 284
1712261500086 100.0 285
1712261510185 100.0 286
1712261520265 99.0 287
1712261530360 99.0 288
1712261540442 96.0 289
1712261550527 100.0 290
1712261560622 100.0 291
1712261570712 100.0 292
1712261580794 100.0 293
1712261590902 99.0 294
1712261600981 99.0 295
1712261611077 100.0 296
1712261621161 99.0 297
1712261631249 99.0 298
1712261641352 100.0 299
1712261651443 100.0 300
1712261661545 100.0 301
1712261671644 99.0 302
1712261681746 99.0 303
1712261691839 100.0 304
1712261701945 99.0 305
1712261712072 100.0 306
1712261722168 100.0 307
1712261732259 99.0 308
1712261742357 100.0 309
1712261752469 99.0 310
1712261762561 99.0 311
1712261772646 100.0 312
1712261782762 100.0 313
1712261792849 95.0 314
1712261802943 100.0 315
1712261813040 100.0 316
1712261823129 100.0 317
1712261833237 99.0 318
1712261843336 100.0 319
1712261853438 100.0 320
1712261863533 100.0 321
1712261873650 99.0 322
1712261883780 100.0 323
1712261893867 100.0 324
1712261903977 100.0 325
1712261914066 100.0 326
1712261924183 100.0 327
1712261934280 100.0 328
1712261944369 99.0 329
1712261954492 100.0 330
1712261964601 100.0 331
1712261974704 100.0 332
1712261984820 99.0 333
1712261994915 99.0 334
1712262005018 100.0 335
1712262015131 100.0 336
1712262025260 99.0 337
1712262035353 99.0 338
1712262045479 100.0 339
1712262055586 100.0 340
1712262065688 100.0 341
1712262075786 99.0 342
1712262085893 100.0 343
1712262096021 100.0 344
1712262106136 100.0 345
1712262116267 100.0 346
1712262126384 99.0 347
1712262136511 99.0 348
1712262146638 99.0 349
1712262156761 95.0 350
1712262166882 99.0 351
1712262177007 100.0 352
1712262187141 100.0 353
1712262197246 99.0 354
1712262207372 100.0 355
1712262217488 99.0 356
1712262227603 99.0 357
1712262237697 98.0 358
1712262247785 100.0 359
1712262257880 100.0 360
1712262268003 100.0 361
1712262278093 99.0 362
1712262288184 100.0 363
1712262298281 100.0 364
1712262308364 100.0 365
1712262318479 99.0 366
1712262328574 99.0 367
1712262338673 100.0 368
1712262348790 99.0 369
1712262358899 100.0 370
1712262369010 100.0 371
1712262379133 100.0 372
1712262389235 100.0 373
1712262399337 100.0 374
1712262409423 100.0 375
1712262419537 100.0 376
1712262429639 99.0 377
1712262439732 100.0 378
1712262449819 100.0 379
1712262459908 99.0 380
1712262469993 99.0 381
1712262480096 99.0 382
1712262490199 100.0 383
1712262500333 100.0 384
1712262510435 99.0 385
1712262520561 99.0 386
1712262530647 100.0 387
1712262540748 100.0 388
1712262550840 99.0 389
1712262560957 99.0 390
1712262571041 99.0 391
1712262581147 100.0 392
1712262591248 99.0 393
1712262601340 100.0 394
1712262611451 100.0 395
1712262621548 100.0 396
1712262631645 100.0 397
1712262641740 100.0 398
1712262651828 0.0 399
1712262661910 0.0 400
1712262672000 0.0 401
1712262682090 100.0 402
1712262692186 100.0 403
1712262702281 100.0 404
1712262712387 100.0 405
1712262722480 100.0 406
1712262732575 99.0 407
1712262742665 100.0 408
1712262752769 100.0 409
1712262762874 100.0 410
1712262772962 100.0 411
1712262783054 100.0 412
1712262793224 100.0 413
1712262803340 100.0 414
1712262813442 100.0 415
1712262823572 99.0 416
1712262833720 4.0 417
1712262843860 0.0 418
1712262854120 0.0 419
1712262864262 0.0 420
1712262874388 100.0 421
1712262884498 99.0 422
1712262894619 99.0 423
1712262904743 100.0 424
1712262914843 100.0 425
1712262924945 100.0 426
1712262935036 100.0 427
1712262945122 100.0 428
1712262955218 100.0 429
1712262965324 96.0 430
1712262975428 99.0 431
1712262985520 100.0 432
1712262995614 100.0 433
1712263005714 99.0 434
1712263015832 100.0 435
1712263025918 100.0 436
1712263036011 99.0 437
1712263046127 99.0 438
1712263056239 100.0 439
1712263066337 99.0 440
1712263076425 99.0 441
1712263086522 100.0 442
1712263096622 100.0 443
1712263106730 100.0 444
1712263116850 99.0 445
1712263126964 99.0 446
1712263137088 100.0 447
1712263147207 100.0 448
1712263157317 99.0 449
1712263167444 99.0 450
1712263177545 100.0 451
1712263187628 99.0 452
1712263197718 100.0 453
1712263207807 100.0 454
1712263217893 100.0 455
1712263227988 99.0 456
1712263238098 100.0 457
1712263248202 100.0 458
1712263258289 99.0 459
1712263268381 99.0 460
1712263278476 100.0 461
1712263288560 99.0 462
1712263298644 95.0 463
1712263308739 100.0 464
1712263318835 99.0 465
1712263328970 95.0 466
1712263339090 100.0 467
1712263349177 100.0 468
1712263359291 100.0 469
1712263369423 100.0 470
1712263379537 100.0 471
1712263389634 100.0 472
1712263399738 100.0 473
1712263409842 99.0 474
1712263419938 100.0 475
1712263430054 100.0 476
1712263440149 100.0 477
1712263450256 99.0 478
1712263460354 100.0 479
1712263470437 100.0 480
1712263480537 100.0 481
1712263490638 100.0 482
1712263500737 100.0 483
1712263510829 100.0 484
1712263520932 100.0 485
1712263531042 100.0 486
1712263541147 99.0 487
1712263551263 100.0 488
1712263561359 100.0 489
1712263571457 100.0 490
1712263581556 99.0 491
1712263591646 100.0 492
1712263601746 99.0 493
1712263611861 99.0 494
1712263621967 100.0 495
1712263632076 100.0 496
1712263642186 100.0 497
1712263652309 99.0 498
1712263662410 99.0 499
1712263672502 100.0 500
1712263682619 100.0 501
1712263692714 99.0 502
1712263702847 100.0 503
1712263712940 100.0 504
1712263723031 99.0 505
1712263733135 100.0 506
1712263743248 100.0 507
1712263753355 100.0 508
1712263763453 99.0 509
1712263773558 99.0 510
1712263783661 100.0 511
1712263793776 100.0 512
1712263803862 99.0 513
1712263813969 100.0 514
1712263824065 100.0 515
1712263834205 100.0 516
1712263844300 87.0 517
1712263854392 99.0 518
1712263864490 99.0 519
1712263874584 100.0 520
1712263884692 99.0 521
1712263894797 100.0 522
1712263904907 100.0 523
1712263915003 100.0 524
1712263925120 100.0 525
1712263935231 100.0 526
1712263945361 100.0 527
1712263955473 100.0 528
1712263965591 99.0 529
1712263975682 99.0 530
1712263985785 100.0 531
1712263995892 100.0 532
1712264006011 99.0 533
1712264016133 100.0 534
1712264026225 100.0 535
1712264036320 100.0 536
1712264046427 100.0 537
1712264056524 0.0 538
1712264066645 0.0 539
1712264076758 0.0 540
1712264086851 99.0 541
1712264096973 100.0 542
1712264107080 100.0 543
1712264117217 100.0 544
1712264127334 100.0 545
1712264137442 100.0 546
1712264147542 100.0 547
1712264157651 100.0 548
1712264167753 100.0 549
1712264177843 100.0 550
1712264187995 100.0 551
1712264198129 100.0 552
1712264208225 99.0 553
1712264218324 99.0 554
1712264228442 99.0 555
1712264238794 0.0 556
1712264248914 0.0 557
1712264259024 0.0 558
1712264269136 99.0 559
1712264279261 100.0 560
1712264289370 99.0 561
1712264299474 100.0 562
1712264309600 100.0 563
1712264319709 100.0 564
1712264329824 100.0 565
1712264339926 99.0 566
1712264350045 100.0 567
1712264360153 100.0 568
1712264370251 100.0 569
1712264380354 99.0 570
1712264390455 100.0 571
1712264400560 99.0 572
1712264410660 100.0 573
1712264420771 98.0 574
1712264430870 100.0 575
1712264440969 99.0 576
1712264451070 99.0 577
1712264461189 99.0 578
1712264471293 100.0 579
1712264481395 95.0 580
1712264491519 100.0 581
1712264501611 99.0 582
1712264511701 99.0 583
1712264521805 100.0 584
1712264531932 100.0 585
1712264542037 100.0 586
1712264552150 99.0 587
1712264562379 100.0 588
1712264572495 77.0 589
1712264582616 100.0 590
1712264592723 100.0 591
1712264602810 100.0 592
1712264612908 99.0 593
1712264623011 100.0 594
1712264633115 95.0 595
1712264643204 100.0 596
1712264653308 99.0 597
1712264663397 100.0 598
1712264673515 98.0 599
1712264683627 100.0 600
1712264693725 100.0 601
1712264703836 100.0 602
1712264714066 100.0 603
1712264724153 99.0 604
1712264734261 100.0 605
1712264744349 100.0 606
1712264754441 100.0 607
1712264764533 100.0 608
1712264774651 100.0 609
1712264784745 100.0 610
1712264794847 100.0 611
1712264804933 100.0 612
1712264815023 100.0 613
1712264825120 100.0 614
1712264835206 100.0 615
1712264845307 99.0 616
1712264855399 99.0 617
1712264865497 100.0 618
1712264875592 100.0 619
1712264885681 100.0 620
1712264895781 100.0 621
1712264905882 100.0 622
1712264915978 100.0 623
1712264926085 100.0 624
1712264936178 99.0 625
1712264946289 99.0 626
1712264956378 100.0 627
1712264966479 100.0 628
1712264976602 99.0 629
1712264986694 99.0 630
1712264996819 99.0 631
1712265006937 99.0 632
1712265017193 100.0 633
1712265027329 100.0 634
1712265037456 99.0 635
1712265047602 100.0 636
1712265057744 100.0 637
1712265067857 99.0 638
1712265077984 99.0 639
1712265088106 99.0 640
1712265098231 100.0 641
1712265108352 100.0 642
1712265118489 99.0 643
1712265128619 99.0 644
1712265138727 100.0 645
1712265148843 99.0 646
1712265158954 100.0 647
1712265169176 99.0 648
1712265179293 99.0 649
1712265189409 99.0 650
1712265199507 100.0 651
1712265209620 100.0 652
1712265219721 100.0 653
1712265229813 100.0 654
1712265239916 100.0 655
1712265250010 97.0 656
1712265260113 97.0 657
1712265270240 95.0 658
1712265280376 100.0 659
1712265290502 100.0 660
1712265300636 98.0 661
1712265310762 99.0 662
1712265320870 99.0 663
1712265330977 100.0 664
1712265341078 100.0 665
1712265351234 100.0 666
1712265361331 99.0 667
1712265371431 100.0 668
1712265381526 95.0 669
1712265391629 100.0 670
1712265401721 99.0 671
1712265411827 99.0 672
1712265421924 100.0 673
1712265432015 100.0 674
1712265442112 99.0 675
1712265452211 100.0 676
1712265462320 0.0 677
1712265472466 0.0 678
1712265482682 0.0 679
1712265492793 100.0 680
1712265502909 99.0 681
1712265513038 100.0 682
1712265523145 99.0 683
1712265533247 100.0 684
1712265543371 100.0 685
1712265553495 99.0 686
1712265563612 100.0 687
1712265573719 100.0 688
1712265583822 100.0 689
1712265593925 100.0 690
1712265604015 100.0 691
1712265614105 100.0 692
1712265624196 100.0 693
1712265634357 100.0 694
1712265645071 0.0 695
1712265655827 0.0 696
1712265665951 0.0 697
