1712258624133 3835.2 0
1712258634299 3835.2 1
1712258644395 3835.2 2
1712258654474 3835.2 3
1712258664589 3835.2 4
1712258674680 3835.2 5
1712258684761 3835.2 6
1712258694836 3835.2 7
1712258704910 3835.2 8
1712258714986 3835.2 9
1712258725068 3835.2 10
1712258735130 3835.2 11
1712258745203 3835.2 12
1712258755267 3835.2 13
1712258765335 3835.2 14
1712258775407 3835.2 15
1712258785492 3835.2 16
1712258795561 3835.2 17
1712258805620 3835.2 18
1712258815701 3835.2 19
1712258825786 3835.2 20
1712258835870 3835.2 21
1712258845945 3835.2 22
1712258856031 3835.2 23
1712258866104 3835.2 24
1712258876179 3835.2 25
1712258886273 3835.2 26
1712258896363 3835.2 27
1712258906458 3835.2 28
1712258916541 3835.2 29
1712258926649 3835.2 30
1712258936743 3835.2 31
1712258946813 3835.2 32
1712258956902 3835.2 33
1712258966989 3835.2 34
1712258977078 3835.2 35
1712258987177 3835.2 36
1712258997238 3835.2 37
1712259007327 3835.2 38
1712259017391 3835.2 39
1712259027468 3835.2 40
1712259037553 3835.2 41
1712259047636 3835.2 42
1712259057728 3835.2 43
1712259067835 3835.2 44
1712259077919 3835.2 45
1712259088019 3835.2 46
1712259098094 3835.2 47
1712259108203 3835.2 48
1712259118290 3835.2 49
1712259128376 3835.2 50
1712259138462 3835.2 51
1712259148536 3835.2 52
1712259158609 3835.2 53
1712259168685 3835.2 54
1712259178769 3835.2 55
1712259188856 3835.2 56
1712259198929 3835.2 57
1712259209014 3835.2 58
1712259219108 3835.2 59
1712259229184 3835.2 60
1712259239283 3835.2 61
1712259249358 3835.2 62
1712259259456 3835.2 63
1712259269546 3835.2 64
1712259279659 3835.2 65
1712259289762 3835.2 66
1712259299842 3835.2 67
1712259309922 3835.2 68
1712259320005 3835.2 69
1712259330111 3835.2 70
1712259340187 3835.2 71
1712259350278 3835.2 72
1712259360359 3835.2 73
1712259370427 3835.2 74
1712259380509 3835.2 75
1712259390587 3835.2 76
1712259400682 3835.2 77
1712259410761 3835.2 78
1712259420841 3835.2 79
1712259430946 3835.2 80
1712259441021 3835.2 81
1712259451098 3835.2 82
1712259461190 3835.2 83
1712259471272 3835.2 84
1712259481343 3835.2 85
1712259491422 3835.2 86
1712259501503 3835.2 87
1712259511595 3835.2 88
1712259521683 3835.2 89
1712259531773 3835.2 90
1712259541840 3835.2 91
1712259551929 3835.2 92
1712259562020 3835.2 93
1712259572103 3835.2 94
1712259582185 3835.2 95
1712259592277 3835.2 96
1712259602348 3835.2 97
1712259612427 3835.2 98
1712259622515 3835.2 99
1712259632606 3835.2 100
1712259642696 3835.2 101
1712259652780 3835.2 102
1712259662856 3835.2 103
1712259672938 3835.2 104
1712259683011 3835.2 105
1712259693091 3835.2 106
1712259703170 3835.2 107
1712259713247 3835.2 108
1712259723335 3835.2 109
1712259733404 3835.2 110
1712259743509 3835.2 111
1712259753625 3835.2 112
1712259763716 3835.2 113
1712259773797 3835.2 114
1712259783869 3835.2 115
1712259793947 3835.2 116
1712259804025 3835.2 117
1712259814120 3835.2 118
1712259824201 3835.2 119
1712259834306 3835.2 120
1712259844411 3835.2 121
1712259854503 3835.2 122
1712259864616 3835.2 123
1712259874702 3835.2 124
1712259884777 3835.2 125
1712259894851 3835.2 126
1712259904944 3835.2 127
1712259915037 3835.2 128
1712259925131 3835.2 129
1712259935216 3835.2 130
1712259945289 3835.2 131
1712259955400 3835.2 132
1712259965484 3835.2 133
1712259975561 3835.2 134
1712259985654 3835.2 135
1712259995744 3835.2 136
1712260005826 3835.2 137
1712260015940 3835.2 138
1712260026035 3835.2 139
1712260036144 3835.2 140
1712260046249 3835.2 141
1712260056362 3835.2 142
1712260066458 3835.2 143
1712260076599 3835.2 144
1712260086720 3835.2 145
1712260096811 3835.2 146
1712260106895 3835.2 147
1712260117000 3835.2 148
1712260127098 3835.2 149
1712260137180 3835.2 150
1712260147260 3835.2 151
1712260157348 3835.2 152
1712260167443 3835.2 153
1712260177515 3835.2 154
1712260187610 3835.2 155
1712260197714 3835.2 156
1712260207798 3835.2 157
1712260217920 3835.2 158
1712260228000 3835.2 159
1712260238094 3835.2 160
1712260248199 3835.2 161
1712260258283 3835.2 162
1712260268359 3835.2 163
1712260278462 3835.2 164
1712260288546 3835.2 165
1712260298651 3835.2 166
1712260308737 3835.2 167
1712260318843 3835.2 168
1712260328933 3835.2 169
1712260339023 3835.2 170
1712260349105 3835.2 171
1712260359195 3835.2 172
1712260369276 3835.2 173
1712260379378 3835.2 174
1712260389477 3835.2 175
1712260399561 3835.2 176
1712260409664 3835.2 177
1712260419753 3835.2 178
1712260429847 3835.2 179
1712260439955 3835.2 180
1712260450037 3835.2 181
1712260460117 3835.2 182
1712260470222 3835.2 183
1712260480302 3835.2 184
1712260490382 3835.2 185
1712260500489 3835.2 186
1712260510582 3835.2 187
1712260520668 3835.2 188
1712260530760 3835.2 189
1712260540844 3835.2 190
1712260550938 3835.2 191
1712260561030 3835.2 192
1712260571127 3835.2 193
1712260581208 3835.2 194
1712260591305 3835.2 195
1712260601403 3835.2 196
1712260611506 3835.2 197
1712260621623 3835.2 198
1712260631726 3835.2 199
1712260641833 3835.2 200
1712260651937 3835.2 201
1712260662046 3835.2 202
1712260672139 3835.2 203
1712260682224 3835.2 204
1712260692307 3835.2 205
1712260702427 3835.2 206
1712260712502 3835.2 207
1712260722593 3835.2 208
1712260732689 3835.2 209
1712260742779 3835.2 210
1712260752858 3835.2 211
1712260762967 3835.2 212
1712260773054 3835.2 213
1712260783130 3835.2 214
1712260793217 3835.2 215
1712260803293 3835.2 216
1712260813385 3835.2 217
1712260823483 3835.2 218
1712260833566 3835.2 219
1712260843664 3835.2 220
1712260853758 3835.2 221
1712260863851 3835.2 222
1712260873959 3835.2 223
1712260884070 3835.2 224
1712260894155 3835.2 225
1712260904250 3835.2 226
1712260914351 3835.2 227
1712260924461 3835.2 228
1712260934552 3835.2 229
1712260944639 3835.2 230
1712260954748 3835.2 231
1712260964844 3835.2 232
1712260974944 3835.2 233
1712260985039 3835.2 234
1712260995132 3835.2 235
1712261005226 3835.2 236
1712261015332 3835.2 237
1712261025443 3835.2 238
1712261035544 3835.2 239
1712261045650 3835.2 240
1712261055736 3835.2 241
1712261065862 3835.2 242
1712261075975 3835.2 243
1712261086095 3835.2 244
1712261096208 3835.2 245
1712261106290 3835.2 246
1712261116381 3835.2 247
1712261126464 3835.2 248
1712261136563 3835.2 249
1712261146653 3835.2 250
1712261156737 3835.2 251
1712261166826 3835.2 252
1712261176930 3835.2 253
1712261187029 3835.2 254
1712261197156 3835.2 255
1712261207257 3835.2 256
1712261217352 3835.2 257
1712261227441 3835.2 258
1712261237540 3835.2 259
1712261247626 3835.2 260
1712261257708 3835.2 261
1712261267806 3835.2 262
1712261277897 3835.2 263
1712261287999 3835.2 264
1712261298103 3835.2 265
1712261308198 3835.2 266
1712261318291 3835.2 267
1712261328375 3835.2 268
1712261338455 3835.2 269
1712261348548 3835.2 270
1712261358633 3835.2 271
1712261368718 3835.2 272
1712261378800 3835.2 273
1712261388885 3835.2 274
1712261398981 3835.2 275
1712261409087 3835.2 276
1712261419209 3835.2 277
1712261429341 3835.2 278
1712261439452 3835.2 279
1712261449571 3835.2 280
1712261459670 3835.2 281
1712261469774 3835.2 282
1712261479878 3835.2 283
1712261489966 3835.2 284
1712261500086 3835.2 285
1712261510185 3835.2 286
1712261520265 3835.2 287
1712261530360 3835.2 288
1712261540442 3835.2 289
1712261550527 3835.2 290
1712261560622 3835.2 291
1712261570712 3835.2 292
1712261580794 3835.2 293
1712261590902 3835.2 294
1712261600981 3835.2 295
1712261611077 3835.2 296
1712261621161 3835.2 297
1712261631249 3835.2 298
1712261641352 3835.2 299
1712261651443 3835.2 300
1712261661545 3835.2 301
1712261671644 3835.2 302
1712261681746 3835.2 303
1712261691839 3835.2 304
1712261701945 3835.2 305
1712261712072 3835.2 306
1712261722168 3835.2 307
1712261732259 3835.2 308
1712261742357 3835.2 309
1712261752469 3835.2 310
1712261762561 3835.2 311
1712261772646 3835.2 312
1712261782762 3835.2 313
1712261792849 3835.2 314
1712261802943 3835.2 315
1712261813040 3835.2 316
1712261823129 3835.2 317
1712261833237 3835.2 318
1712261843336 3835.2 319
1712261853438 3835.2 320
1712261863533 3835.2 321
1712261873650 3835.2 322
1712261883780 3835.2 323
1712261893867 3835.2 324
1712261903977 3835.2 325
1712261914066 3835.2 326
1712261924183 3835.2 327
1712261934280 3835.2 328
1712261944369 3835.2 329
1712261954492 3835.2 330
1712261964601 3835.2 331
1712261974704 3835.2 332
1712261984820 3835.2 333
1712261994915 3835.2 334
1712262005018 3835.2 335
1712262015131 3835.2 336
1712262025260 3835.2 337
1712262035353 3835.2 338
1712262045479 3835.2 339
1712262055586 3835.2 340
1712262065688 3835.2 341
1712262075786 3835.2 342
1712262085893 3835.2 343
1712262096021 3835.2 344
1712262106136 3835.2 345
1712262116267 3835.2 346
1712262126384 3835.2 347
1712262136511 3835.2 348
1712262146638 3835.2 349
1712262156761 3835.2 350
1712262166882 3835.2 351
1712262177007 3835.2 352
1712262187141 3835.2 353
1712262197246 3835.2 354
1712262207372 3835.2 355
1712262217488 3835.2 356
1712262227603 3835.2 357
1712262237697 3835.2 358
1712262247785 3835.2 359
1712262257880 3835.2 360
1712262268003 3835.2 361
1712262278093 3835.2 362
1712262288184 3835.2 363
1712262298281 3835.2 364
1712262308364 3835.2 365
1712262318479 3835.2 366
1712262328574 3835.2 367
1712262338673 3835.2 368
1712262348790 3835.2 369
1712262358899 3835.2 370
1712262369010 3835.2 371
1712262379133 3835.2 372
1712262389235 3835.2 373
1712262399337 3835.2 374
1712262409423 3835.2 375
1712262419537 3835.2 376
1712262429639 3835.2 377
1712262439732 3835.2 378
1712262449819 3835.2 379
1712262459908 3835.2 380
1712262469993 3835.2 381
1712262480096 3835.2 382
1712262490199 3835.2 383
1712262500333 3835.2 384
1712262510435 3835.2 385
1712262520561 3835.2 386
1712262530647 3835.2 387
1712262540748 3835.2 388
1712262550840 3835.2 389
1712262560957 3835.2 390
1712262571041 3835.2 391
1712262581147 3835.2 392
1712262591248 3835.2 393
1712262601340 3835.2 394
1712262611451 3835.2 395
1712262621548 3835.2 396
1712262631645 3835.2 397
1712262641740 3835.2 398
1712262651828 3835.2 399
1712262661910 3835.2 400
1712262672000 3835.2 401
1712262682090 3835.2 402
1712262692186 3835.2 403
1712262702281 3835.2 404
1712262712387 3835.2 405
1712262722480 3835.2 406
1712262732575 3835.2 407
1712262742665 3835.2 408
1712262752769 3835.2 409
1712262762874 3835.2 410
1712262772962 3835.2 411
1712262783054 3835.2 412
1712262793224 3835.2 413
1712262803340 3835.2 414
1712262813442 3835.2 415
1712262823572 3835.2 416
1712262833720 3835.2 417
1712262843860 3835.2 418
1712262854120 3835.2 419
1712262864262 3835.2 420
1712262874388 3835.2 421
1712262884498 3835.2 422
1712262894619 3835.2 423
1712262904743 3835.2 424
1712262914843 3835.2 425
1712262924945 3835.2 426
1712262935036 3835.2 427
1712262945122 3835.2 428
1712262955218 3835.2 429
1712262965324 3835.2 430
1712262975428 3835.2 431
1712262985520 3835.2 432
1712262995614 3835.2 433
1712263005714 3835.2 434
1712263015832 3835.2 435
1712263025918 3835.2 436
1712263036011 3835.2 437
1712263046127 3835.2 438
1712263056239 3835.2 439
1712263066337 3835.2 440
1712263076425 3835.2 441
1712263086522 3835.2 442
1712263096622 3835.2 443
1712263106730 3835.2 444
1712263116850 3835.2 445
1712263126964 3835.2 446
1712263137088 3835.2 447
1712263147207 3835.2 448
1712263157317 3835.2 449
1712263167444 3835.2 450
1712263177545 3835.2 451
1712263187628 3835.2 452
1712263197718 3835.2 453
1712263207807 3835.2 454
1712263217893 3835.2 455
1712263227988 3835.2 456
1712263238098 3835.2 457
1712263248202 3835.2 458
1712263258289 3835.2 459
1712263268381 3835.2 460
1712263278476 3835.2 461
1712263288560 3835.2 462
1712263298644 3835.2 463
1712263308739 3835.2 464
1712263318835 3835.2 465
1712263328970 3835.2 466
1712263339090 3835.2 467
1712263349177 3835.2 468
1712263359291 3835.2 469
1712263369423 3835.2 470
1712263379537 3835.2 471
1712263389634 3835.2 472
1712263399738 3835.2 473
1712263409842 3835.2 474
1712263419938 3835.2 475
1712263430054 3835.2 476
1712263440149 3835.2 477
1712263450256 3835.2 478
1712263460354 3835.2 479
1712263470437 3835.2 480
1712263480537 3835.2 481
1712263490638 3835.2 482
1712263500737 3835.2 483
1712263510829 3835.2 484
1712263520932 3835.2 485
1712263531042 3835.2 486
1712263541147 3835.2 487
1712263551263 3835.2 488
1712263561359 3835.2 489
1712263571457 3835.2 490
1712263581556 3835.2 491
1712263591646 3835.2 492
1712263601746 3835.2 493
1712263611861 3835.2 494
1712263621967 3835.2 495
1712263632076 3835.2 496
1712263642186 3835.2 497
1712263652309 3835.2 498
1712263662410 3835.2 499
1712263672502 3835.2 500
1712263682619 3835.2 501
1712263692714 3835.2 502
1712263702847 3835.2 503
1712263712940 3835.2 504
1712263723031 3835.2 505
1712263733135 3835.2 506
1712263743248 3835.2 507
1712263753355 3835.2 508
1712263763453 3835.2 509
1712263773558 3835.2 510
1712263783661 3835.2 511
1712263793776 3835.2 512
1712263803862 3835.2 513
1712263813969 3835.2 514
1712263824065 3835.2 515
1712263834205 3835.2 516
1712263844300 3835.2 517
1712263854392 3835.2 518
1712263864490 3835.2 519
1712263874584 3835.2 520
1712263884692 3835.2 521
1712263894797 3835.2 522
1712263904907 3835.2 523
1712263915003 3835.2 524
1712263925120 3835.2 525
1712263935231 3835.2 526
1712263945361 3835.2 527
1712263955473 3835.2 528
1712263965591 3835.2 529
1712263975682 3835.2 530
1712263985785 3835.2 531
1712263995892 3835.2 532
1712264006011 3835.2 533
1712264016133 3835.2 534
1712264026225 3835.2 535
1712264036320 3835.2 536
1712264046427 3835.2 537
1712264056524 3835.2 538
1712264066645 3835.2 539
1712264076758 3835.2 540
1712264086851 3835.2 541
1712264096973 3835.2 542
1712264107080 3835.2 543
1712264117217 3835.2 544
1712264127334 3835.2 545
1712264137442 3835.2 546
1712264147542 3835.2 547
1712264157651 3835.2 548
1712264167753 3835.2 549
1712264177843 3835.2 550
1712264187995 3835.2 551
1712264198129 3835.2 552
1712264208225 3835.2 553
1712264218324 3835.2 554
1712264228442 3835.2 555
1712264238794 3835.2 556
1712264248914 3835.2 557
1712264259024 3835.2 558
1712264269136 3835.2 559
1712264279261 3835.2 560
1712264289370 3835.2 561
1712264299474 3835.2 562
1712264309600 3835.2 563
1712264319709 3835.2 564
1712264329824 3835.2 565
1712264339926 3835.2 566
1712264350045 3835.2 567
1712264360153 3835.2 568
1712264370251 3835.2 569
1712264380354 3835.2 570
1712264390455 3835.2 571
1712264400560 3835.2 572
1712264410660 3835.2 573
1712264420771 3835.2 574
1712264430870 3835.2 575
1712264440969 3835.2 576
1712264451070 3835.2 577
1712264461189 3835.2 578
1712264471293 3835.2 579
1712264481395 3835.2 580
1712264491519 3835.2 581
1712264501611 3835.2 582
1712264511701 3835.2 583
1712264521805 3835.2 584
1712264531932 3835.2 585
1712264542037 3835.2 586
1712264552150 3835.2 587
1712264562379 3835.2 588
1712264572495 3835.2 589
1712264582616 3835.2 590
1712264592723 3835.2 591
1712264602810 3835.2 592
1712264612908 3835.2 593
1712264623011 3835.2 594
1712264633115 3835.2 595
1712264643204 3835.2 596
1712264653308 3835.2 597
1712264663397 3835.2 598
1712264673515 3835.2 599
1712264683627 3835.2 600
1712264693725 3835.2 601
1712264703836 3835.2 602
1712264714066 3835.2 603
1712264724153 3835.2 604
1712264734261 3835.2 605
1712264744349 3835.2 606
1712264754441 3835.2 607
1712264764533 3835.2 608
1712264774651 3835.2 609
1712264784745 3835.2 610
1712264794847 3835.2 611
1712264804933 3835.2 612
1712264815023 3835.2 613
1712264825120 3835.2 614
1712264835206 3835.2 615
1712264845307 3835.2 616
1712264855399 3835.2 617
1712264865497 3835.2 618
1712264875592 3835.2 619
1712264885681 3835.2 620
1712264895781 3835.2 621
1712264905882 3835.2 622
1712264915978 3835.2 623
1712264926085 3835.2 624
1712264936178 3835.2 625
1712264946289 3835.2 626
1712264956378 3835.2 627
1712264966479 3835.2 628
1712264976602 3835.2 629
1712264986694 3835.2 630
1712264996819 3835.2 631
1712265006937 3835.2 632
1712265017193 3835.2 633
1712265027329 3835.2 634
1712265037456 3835.2 635
1712265047602 3835.2 636
1712265057744 3835.2 637
1712265067857 3835.2 638
1712265077984 3835.2 639
1712265088106 3835.2 640
1712265098231 3835.2 641
1712265108352 3835.2 642
1712265118489 3835.2 643
1712265128619 3835.2 644
1712265138727 3835.2 645
1712265148843 3835.2 646
1712265158954 3835.2 647
1712265169176 3835.2 648
1712265179293 3835.2 649
1712265189409 3835.2 650
1712265199507 3835.2 651
1712265209620 3835.2 652
1712265219721 3835.2 653
1712265229813 3835.2 654
1712265239916 3835.2 655
1712265250010 3835.2 656
1712265260113 3835.2 657
1712265270240 3835.2 658
1712265280376 3835.2 659
1712265290502 3835.2 660
1712265300636 3835.2 661
1712265310762 3835.2 662
1712265320870 3835.2 663
1712265330977 3835.2 664
1712265341078 3835.2 665
1712265351234 3835.2 666
1712265361331 3835.2 667
1712265371431 3835.2 668
1712265381526 3835.2 669
1712265391629 3835.2 670
1712265401721 3835.2 671
1712265411827 3835.2 672
1712265421924 3835.2 673
1712265432015 3835.2 674
1712265442112 3835.2 675
1712265452211 3835.2 676
1712265462320 3835.2 677
1712265472466 3835.2 678
1712265482682 3835.2 679
1712265492793 3835.2 680
1712265502909 3835.2 681
1712265513038 3835.2 682
1712265523145 3835.2 683
1712265533247 3835.2 684
1712265543371 3835.2 685
1712265553495 3835.2 686
1712265563612 3835.2 687
1712265573719 3835.2 688
1712265583822 3835.2 689
1712265593925 3835.2 690
1712265604015 3835.2 691
1712265614105 3835.2 692
1712265624196 3835.2 693
1712265634357 3835.2 694
1712265645071 3835.2 695
1712265655827 3835.2 696
1712265665951 3835.2 697
