1712258624133 89.3 0
1712258634299 89.3 1
1712258644395 89.3 2
1712258654474 89.3 3
1712258664589 89.3 4
1712258674680 89.3 5
1712258684761 89.3 6
1712258694836 89.3 7
1712258704910 89.3 8
1712258714986 89.3 9
1712258725068 89.3 10
1712258735130 89.3 11
1712258745203 89.3 12
1712258755267 89.3 13
1712258765335 89.3 14
1712258775407 89.3 15
1712258785492 89.3 16
1712258795561 89.3 17
1712258805620 89.3 18
1712258815701 89.3 19
1712258825786 89.3 20
1712258835870 89.3 21
1712258845945 89.3 22
1712258856031 89.3 23
1712258866104 89.3 24
1712258876179 89.3 25
1712258886273 89.3 26
1712258896363 89.3 27
1712258906458 89.3 28
1712258916541 89.3 29
1712258926649 89.3 30
1712258936743 89.3 31
1712258946813 89.3 32
1712258956902 89.3 33
1712258966989 89.3 34
1712258977078 89.3 35
1712258987177 89.3 36
1712258997238 89.3 37
1712259007327 89.3 38
1712259017391 89.3 39
1712259027468 89.3 40
1712259037553 89.3 41
1712259047636 89.3 42
1712259057728 89.3 43
1712259067835 89.3 44
1712259077919 89.3 45
1712259088019 89.3 46
1712259098094 89.3 47
1712259108203 89.3 48
1712259118290 89.3 49
1712259128376 89.3 50
1712259138462 89.3 51
1712259148536 89.3 52
1712259158609 89.3 53
1712259168685 89.3 54
1712259178769 89.3 55
1712259188856 89.3 56
1712259198929 89.3 57
1712259209014 89.3 58
1712259219108 89.3 59
1712259229184 89.3 60
1712259239283 89.3 61
1712259249358 89.3 62
1712259259456 89.3 63
1712259269546 89.3 64
1712259279659 89.3 65
1712259289762 89.3 66
1712259299842 89.3 67
1712259309922 89.3 68
1712259320005 89.3 69
1712259330111 89.3 70
1712259340187 89.3 71
1712259350278 89.3 72
1712259360359 89.3 73
1712259370427 89.3 74
1712259380509 89.3 75
1712259390587 89.3 76
1712259400682 89.3 77
1712259410761 89.3 78
1712259420841 89.3 79
1712259430946 89.3 80
1712259441021 89.3 81
1712259451098 89.3 82
1712259461190 89.3 83
1712259471272 89.3 84
1712259481343 89.3 85
1712259491422 89.3 86
1712259501503 89.3 87
1712259511595 89.3 88
1712259521683 89.3 89
1712259531773 89.3 90
1712259541840 89.3 91
1712259551929 89.3 92
1712259562020 89.3 93
1712259572103 89.3 94
1712259582185 89.3 95
1712259592277 89.3 96
1712259602348 89.3 97
1712259612427 89.3 98
1712259622515 89.3 99
1712259632606 89.3 100
1712259642696 89.3 101
1712259652780 89.3 102
1712259662856 89.3 103
1712259672938 89.3 104
1712259683011 89.3 105
1712259693091 89.3 106
1712259703170 89.3 107
1712259713247 89.3 108
1712259723335 89.3 109
1712259733404 89.3 110
1712259743509 89.3 111
1712259753625 89.3 112
1712259763716 89.3 113
1712259773797 89.3 114
1712259783869 89.3 115
1712259793947 89.3 116
1712259804025 89.3 117
1712259814120 89.3 118
1712259824201 89.3 119
1712259834306 89.3 120
1712259844411 89.3 121
1712259854503 89.3 122
1712259864616 89.3 123
1712259874702 89.3 124
1712259884777 89.3 125
1712259894851 89.3 126
1712259904944 89.3 127
1712259915037 89.3 128
1712259925131 89.3 129
1712259935216 89.3 130
1712259945289 89.3 131
1712259955400 89.3 132
1712259965484 89.3 133
1712259975561 89.3 134
1712259985654 89.3 135
1712259995744 89.3 136
1712260005826 89.3 137
1712260015940 89.3 138
1712260026035 89.3 139
1712260036144 89.3 140
1712260046249 89.3 141
1712260056362 89.3 142
1712260066458 89.3 143
1712260076599 89.3 144
1712260086720 89.3 145
1712260096811 89.3 146
1712260106895 89.3 147
1712260117000 89.3 148
1712260127098 89.3 149
1712260137180 89.3 150
1712260147260 89.3 151
1712260157348 89.3 152
1712260167443 89.3 153
1712260177515 89.3 154
1712260187610 89.3 155
1712260197714 89.3 156
1712260207798 89.3 157
1712260217920 89.3 158
1712260228000 89.3 159
1712260238094 89.3 160
1712260248199 89.3 161
1712260258283 89.3 162
1712260268359 89.3 163
1712260278462 89.3 164
1712260288546 89.3 165
1712260298651 89.3 166
1712260308737 89.3 167
1712260318843 89.3 168
1712260328933 89.3 169
1712260339023 89.3 170
1712260349105 89.3 171
1712260359195 89.3 172
1712260369276 89.3 173
1712260379378 89.3 174
1712260389477 89.3 175
1712260399561 89.3 176
1712260409664 89.3 177
1712260419753 89.3 178
1712260429847 89.3 179
1712260439955 89.3 180
1712260450037 89.3 181
1712260460117 89.3 182
1712260470222 89.3 183
1712260480302 89.3 184
1712260490382 89.3 185
1712260500489 89.3 186
1712260510582 89.3 187
1712260520668 89.3 188
1712260530760 89.3 189
1712260540844 89.3 190
1712260550938 89.3 191
1712260561030 89.3 192
1712260571127 89.3 193
1712260581208 89.3 194
1712260591305 89.3 195
1712260601403 89.3 196
1712260611506 89.3 197
1712260621623 89.3 198
1712260631726 89.3 199
1712260641833 89.3 200
1712260651937 89.3 201
1712260662046 89.3 202
1712260672139 89.3 203
1712260682224 89.3 204
1712260692307 89.3 205
1712260702427 89.3 206
1712260712502 89.3 207
1712260722593 89.3 208
1712260732689 89.3 209
1712260742779 89.3 210
1712260752858 89.3 211
1712260762967 89.3 212
1712260773054 89.3 213
1712260783130 89.3 214
1712260793217 89.3 215
1712260803293 89.3 216
1712260813385 89.3 217
1712260823483 89.3 218
1712260833566 89.3 219
1712260843664 89.3 220
1712260853758 89.3 221
1712260863851 89.3 222
1712260873959 89.3 223
1712260884070 89.3 224
1712260894155 89.3 225
1712260904250 89.3 226
1712260914351 89.3 227
1712260924461 89.3 228
1712260934552 89.3 229
1712260944639 89.3 230
1712260954748 89.3 231
1712260964844 89.3 232
1712260974944 89.3 233
1712260985039 89.3 234
1712260995132 89.3 235
1712261005226 89.3 236
1712261015332 89.3 237
1712261025443 89.3 238
1712261035544 89.3 239
1712261045650 89.3 240
1712261055736 89.3 241
1712261065862 89.3 242
1712261075975 89.3 243
1712261086095 89.3 244
1712261096208 89.3 245
1712261106290 89.3 246
1712261116381 89.3 247
1712261126464 89.3 248
1712261136563 89.3 249
1712261146653 89.3 250
1712261156737 89.3 251
1712261166826 89.3 252
1712261176930 89.3 253
1712261187029 89.3 254
1712261197156 89.3 255
1712261207257 89.3 256
1712261217352 89.3 257
1712261227441 89.3 258
1712261237540 89.3 259
1712261247626 89.3 260
1712261257708 89.3 261
1712261267806 89.3 262
1712261277897 89.3 263
1712261287999 89.3 264
1712261298103 89.3 265
1712261308198 89.3 266
1712261318291 89.3 267
1712261328375 89.3 268
1712261338455 89.3 269
1712261348548 89.3 270
1712261358633 89.3 271
1712261368718 89.3 272
1712261378800 89.3 273
1712261388885 89.3 274
1712261398981 89.3 275
1712261409087 89.3 276
1712261419209 89.3 277
1712261429341 89.3 278
1712261439452 89.3 279
1712261449571 89.3 280
1712261459670 89.3 281
1712261469774 89.3 282
1712261479878 89.3 283
1712261489966 89.3 284
1712261500086 89.3 285
1712261510185 89.3 286
1712261520265 89.3 287
1712261530360 89.3 288
1712261540442 89.3 289
1712261550527 89.3 290
1712261560622 89.3 291
1712261570712 89.3 292
1712261580794 89.3 293
1712261590902 89.3 294
1712261600981 89.3 295
1712261611077 89.3 296
1712261621161 89.3 297
1712261631249 89.3 298
1712261641352 89.3 299
1712261651443 89.3 300
1712261661545 89.3 301
1712261671644 89.3 302
1712261681746 89.3 303
1712261691839 89.3 304
1712261701945 89.3 305
1712261712072 89.3 306
1712261722168 89.3 307
1712261732259 89.3 308
1712261742357 89.3 309
1712261752469 89.3 310
1712261762561 89.3 311
1712261772646 89.3 312
1712261782762 89.3 313
1712261792849 89.3 314
1712261802943 89.3 315
1712261813040 89.3 316
1712261823129 89.3 317
1712261833237 89.3 318
1712261843336 89.3 319
1712261853438 89.3 320
1712261863533 89.3 321
1712261873650 89.3 322
1712261883780 89.3 323
1712261893867 89.3 324
1712261903977 89.3 325
1712261914066 89.3 326
1712261924183 89.3 327
1712261934280 89.3 328
1712261944369 89.3 329
1712261954492 89.3 330
1712261964601 89.3 331
1712261974704 89.3 332
1712261984820 89.3 333
1712261994915 89.3 334
1712262005018 89.3 335
1712262015131 89.3 336
1712262025260 89.3 337
1712262035353 89.3 338
1712262045479 89.3 339
1712262055586 89.3 340
1712262065688 89.3 341
1712262075786 89.3 342
1712262085893 89.3 343
1712262096021 89.3 344
1712262106136 89.3 345
1712262116267 89.3 346
1712262126384 89.3 347
1712262136511 89.3 348
1712262146638 89.3 349
1712262156761 89.3 350
1712262166882 89.3 351
1712262177007 89.3 352
1712262187141 89.3 353
1712262197246 89.3 354
1712262207372 89.3 355
1712262217488 89.3 356
1712262227603 89.3 357
1712262237697 89.3 358
1712262247785 89.3 359
1712262257880 89.3 360
1712262268003 89.3 361
1712262278093 89.3 362
1712262288184 89.3 363
1712262298281 89.3 364
1712262308364 89.3 365
1712262318479 89.3 366
1712262328574 89.3 367
1712262338673 89.3 368
1712262348790 89.3 369
1712262358899 89.3 370
1712262369010 89.3 371
1712262379133 89.3 372
1712262389235 89.3 373
1712262399337 89.3 374
1712262409423 89.3 375
1712262419537 89.3 376
1712262429639 89.3 377
1712262439732 89.3 378
1712262449819 89.3 379
1712262459908 89.3 380
1712262469993 89.3 381
1712262480096 89.3 382
1712262490199 89.3 383
1712262500333 89.3 384
1712262510435 89.3 385
1712262520561 89.3 386
1712262530647 89.3 387
1712262540748 89.3 388
1712262550840 89.3 389
1712262560957 89.3 390
1712262571041 89.3 391
1712262581147 89.3 392
1712262591248 89.3 393
1712262601340 89.3 394
1712262611451 89.3 395
1712262621548 89.3 396
1712262631645 89.3 397
1712262641740 89.3 398
1712262651828 89.3 399
1712262661910 89.3 400
1712262672000 89.3 401
1712262682090 89.3 402
1712262692186 89.3 403
1712262702281 89.3 404
1712262712387 89.3 405
1712262722480 89.3 406
1712262732575 89.3 407
1712262742665 89.3 408
1712262752769 89.3 409
1712262762874 89.3 410
1712262772962 89.3 411
1712262783054 89.3 412
1712262793224 89.3 413
1712262803340 89.3 414
1712262813442 89.3 415
1712262823572 89.3 416
1712262833720 89.3 417
1712262843860 89.3 418
1712262854120 89.3 419
1712262864262 89.3 420
1712262874388 89.3 421
1712262884498 89.3 422
1712262894619 89.3 423
1712262904743 89.3 424
1712262914843 89.3 425
1712262924945 89.3 426
1712262935036 89.3 427
1712262945122 89.3 428
1712262955218 89.3 429
1712262965324 89.3 430
1712262975428 89.3 431
1712262985520 89.3 432
1712262995614 89.3 433
1712263005714 89.3 434
1712263015832 89.3 435
1712263025918 89.3 436
1712263036011 89.3 437
1712263046127 89.3 438
1712263056239 89.3 439
1712263066337 89.3 440
1712263076425 89.3 441
1712263086522 89.3 442
1712263096622 89.3 443
1712263106730 89.3 444
1712263116850 89.3 445
1712263126964 89.3 446
1712263137088 89.3 447
1712263147207 89.3 448
1712263157317 89.3 449
1712263167444 89.3 450
1712263177545 89.3 451
1712263187628 89.3 452
1712263197718 89.3 453
1712263207807 89.3 454
1712263217893 89.3 455
1712263227988 89.3 456
1712263238098 89.3 457
1712263248202 89.3 458
1712263258289 89.3 459
1712263268381 89.3 460
1712263278476 89.3 461
1712263288560 89.3 462
1712263298644 89.3 463
1712263308739 89.3 464
1712263318835 89.3 465
1712263328970 89.3 466
1712263339090 89.3 467
1712263349177 89.3 468
1712263359291 89.3 469
1712263369423 89.3 470
1712263379537 89.3 471
1712263389634 89.3 472
1712263399738 89.3 473
1712263409842 89.3 474
1712263419938 89.3 475
1712263430054 89.3 476
1712263440149 89.3 477
1712263450256 89.3 478
1712263460354 89.3 479
1712263470437 89.3 480
1712263480537 89.3 481
1712263490638 89.3 482
1712263500737 89.3 483
1712263510829 89.3 484
1712263520932 89.3 485
1712263531042 89.3 486
1712263541147 89.3 487
1712263551263 89.3 488
1712263561359 89.3 489
1712263571457 89.3 490
1712263581556 89.3 491
1712263591646 89.3 492
1712263601746 89.3 493
1712263611861 89.3 494
1712263621967 89.3 495
1712263632076 89.3 496
1712263642186 89.3 497
1712263652309 89.3 498
1712263662410 89.3 499
1712263672502 89.3 500
1712263682619 89.3 501
1712263692714 89.3 502
1712263702847 89.3 503
1712263712940 89.3 504
1712263723031 89.3 505
1712263733135 89.3 506
1712263743248 89.3 507
1712263753355 89.3 508
1712263763453 89.3 509
1712263773558 89.3 510
1712263783661 89.3 511
1712263793776 89.3 512
1712263803862 89.3 513
1712263813969 89.3 514
1712263824065 89.3 515
1712263834205 89.3 516
1712263844300 89.3 517
1712263854392 89.3 518
1712263864490 89.3 519
1712263874584 89.3 520
1712263884692 89.3 521
1712263894797 89.3 522
1712263904907 89.3 523
1712263915003 89.3 524
1712263925120 89.3 525
1712263935231 89.3 526
1712263945361 89.3 527
1712263955473 89.3 528
1712263965591 89.3 529
1712263975682 89.3 530
1712263985785 89.3 531
1712263995892 89.3 532
1712264006011 89.3 533
1712264016133 89.3 534
1712264026225 89.3 535
1712264036320 89.3 536
1712264046427 89.3 537
1712264056524 89.3 538
1712264066645 89.3 539
1712264076758 89.3 540
1712264086851 89.3 541
1712264096973 89.3 542
1712264107080 89.3 543
1712264117217 89.3 544
1712264127334 89.3 545
1712264137442 89.3 546
1712264147542 89.3 547
1712264157651 89.3 548
1712264167753 89.3 549
1712264177843 89.3 550
1712264187995 89.3 551
1712264198129 89.3 552
1712264208225 89.3 553
1712264218324 89.3 554
1712264228442 89.3 555
1712264238794 89.3 556
1712264248914 89.3 557
1712264259024 89.3 558
1712264269136 89.3 559
1712264279261 89.3 560
1712264289370 89.3 561
1712264299474 89.3 562
1712264309600 89.3 563
1712264319709 89.3 564
1712264329824 89.3 565
1712264339926 89.3 566
1712264350045 89.3 567
1712264360153 89.3 568
1712264370251 89.3 569
1712264380354 89.3 570
1712264390455 89.3 571
1712264400560 89.3 572
1712264410660 89.3 573
1712264420771 89.3 574
1712264430870 89.3 575
1712264440969 89.3 576
1712264451070 89.3 577
1712264461189 89.3 578
1712264471293 89.3 579
1712264481395 89.3 580
1712264491519 89.3 581
1712264501611 89.3 582
1712264511701 89.3 583
1712264521805 89.3 584
1712264531932 89.3 585
1712264542037 89.3 586
1712264552150 89.3 587
1712264562379 89.3 588
1712264572495 89.3 589
1712264582616 89.3 590
1712264592723 89.3 591
1712264602810 89.3 592
1712264612908 89.3 593
1712264623011 89.3 594
1712264633115 89.3 595
1712264643204 89.3 596
1712264653308 89.3 597
1712264663397 89.3 598
1712264673515 89.3 599
1712264683627 89.3 600
1712264693725 89.3 601
1712264703836 89.3 602
1712264714066 89.3 603
1712264724153 89.3 604
1712264734261 89.3 605
1712264744349 89.3 606
1712264754441 89.3 607
1712264764533 89.3 608
1712264774651 89.3 609
1712264784745 89.3 610
1712264794847 89.3 611
1712264804933 89.3 612
1712264815023 89.3 613
1712264825120 89.3 614
1712264835206 89.3 615
1712264845307 89.3 616
1712264855399 89.3 617
1712264865497 89.3 618
1712264875592 89.3 619
1712264885681 89.3 620
1712264895781 89.3 621
1712264905882 89.3 622
1712264915978 89.3 623
1712264926085 89.3 624
1712264936178 89.3 625
1712264946289 89.3 626
1712264956378 89.3 627
1712264966479 89.3 628
1712264976602 89.3 629
1712264986694 89.3 630
1712264996819 89.3 631
1712265006937 89.3 632
1712265017193 89.3 633
1712265027329 89.3 634
1712265037456 89.3 635
1712265047602 89.3 636
1712265057744 89.3 637
1712265067857 89.3 638
1712265077984 89.3 639
1712265088106 89.3 640
1712265098231 89.3 641
1712265108352 89.3 642
1712265118489 89.3 643
1712265128619 89.3 644
1712265138727 89.3 645
1712265148843 89.3 646
1712265158954 89.3 647
1712265169176 89.3 648
1712265179293 89.3 649
1712265189409 89.3 650
1712265199507 89.3 651
1712265209620 89.3 652
1712265219721 89.3 653
1712265229813 89.3 654
1712265239916 89.3 655
1712265250010 89.3 656
1712265260113 89.3 657
1712265270240 89.3 658
1712265280376 89.3 659
1712265290502 89.3 660
1712265300636 89.3 661
1712265310762 89.3 662
1712265320870 89.3 663
1712265330977 89.3 664
1712265341078 89.3 665
1712265351234 89.3 666
1712265361331 89.3 667
1712265371431 89.3 668
1712265381526 89.3 669
1712265391629 89.3 670
1712265401721 89.3 671
1712265411827 89.3 672
1712265421924 89.3 673
1712265432015 89.3 674
1712265442112 89.3 675
1712265452211 89.3 676
1712265462320 89.3 677
1712265472466 89.3 678
1712265482682 89.3 679
1712265492793 89.3 680
1712265502909 89.3 681
1712265513038 89.3 682
1712265523145 89.3 683
1712265533247 89.3 684
1712265543371 89.3 685
1712265553495 89.3 686
1712265563612 89.3 687
1712265573719 89.3 688
1712265583822 89.3 689
1712265593925 89.3 690
1712265604015 89.3 691
1712265614105 89.3 692
1712265624196 89.3 693
1712265634357 89.3 694
1712265645071 89.3 695
1712265655827 89.3 696
1712265665951 89.3 697
