1712258624133 0.0 0
1712258634299 0.013799000000290107 1
1712258644395 0.014626000000134809 2
1712258654474 0.04148200000054203 3
1712258664589 0.0443539999978384 4
1712258674680 0.044844000000011874 5
1712258684761 0.07099299999754294 6
1712258694836 0.08009200000014971 7
1712258704910 0.0996579999991809 8
1712258714986 0.10167399999772897 9
1712258725068 0.10222799999974086 10
1712258735130 0.11466199999995297 11
1712258745203 0.11593399999765097 12
1712258755267 0.2154549999977462 13
1712258765335 0.2918920000010985 14
1712258775407 0.29508699999860255 15
1712258785492 0.29721100000097067 16
1712258795561 0.2976589999998396 17
1712258805620 0.30077999999775784 18
1712258815701 0.3246929999986605 19
1712258825786 0.3255719999979192 20
1712258835870 0.32872499999939464 21
1712258845945 0.32923699999810196 22
1712258856031 0.36731700000018463 23
1712258866104 0.36870600000111153 24
1712258876179 0.37966600000072503 25
1712258886273 0.38036599999759346 26
1712258896363 0.3948720000007597 27
1712258906458 0.3969909999977972 28
1712258916541 0.3988709999975981 29
1712258926649 0.4112879999993311 30
1712258936743 0.42221100000097067 31
1712258946813 0.4234870000000228 32
1712258956902 0.42705500000010943 33
1712258966989 0.4276219999992463 34
1712258977078 0.42898000000059255 35
1712258987177 0.4305629999980738 36
1712258997238 0.43732900000031805 37
1712259007327 0.45454899999822374 38
1712259017391 0.45900199999960023 39
1712259027468 0.46019499999965774 40
1712259037553 0.46109699999942677 41
1712259047636 0.47809399999823654 42
1712259057728 0.4862939999984519 43
1712259067835 0.5146459999996296 44
1712259077919 0.5346349999999802 45
1712259088019 0.5351469999986875 46
1712259098094 1.0019659999998112 47
1712259108203 1.0217669999983627 48
1712259118290 1.0221949999977369 49
1712259128376 1.0226849999999104 50
1712259138462 1.028980999999476 51
1712259148536 1.034724000001006 52
1712259158609 1.0350980000002892 53
1712259168685 1.0460849999981292 54
1712259178769 1.0474350000004051 55
1712259188856 1.0602529999996477 56
1712259198929 1.0612709999986691 57
1712259209014 1.074533999999403 58
1712259219108 1.0768439999992552 59
1712259229184 1.1112319999992906 60
1712259239283 1.1119939999989583 61
1712259249358 1.114754999998695 62
1712259259456 1.1595569999990403 63
1712259269546 1.1768909999991592 64
1712259279659 1.1787839999997232 65
1712259289762 1.193621999998868 66
1712259299842 1.194406999999046 67
1712259309922 1.3119039999983215 68
1712259320005 1.3125039999977162 69
1712259330111 1.31497699999818 70
1712259340187 1.315958999999566 71
1712259350278 1.3248139999996056 72
1712259360359 1.3358789999983856 73
1712259370427 1.3602309999987483 74
1712259380509 1.3631089999980759 75
1712259390587 1.389311999999336 76
1712259400682 1.395462000000407 77
1712259410761 1.4181150000003981 78
1712259420841 1.42281599999842 79
1712259430946 1.4313809999985097 80
1712259441021 1.4449969999986934 81
1712259451098 1.4484420000007958 82
1712259461190 1.4510520000003453 83
1712259471272 1.4578110000002198 84
1712259481343 1.4605669999982638 85
1712259491422 1.4716999999982363 86
1712259501503 1.4755850000001374 87
1712259511595 1.4792730000008305 88
1712259521683 1.4875370000008843 89
1712259531773 1.5194630000005418 90
1712259541840 1.5204799999992247 91
1712259551929 1.5220359999984794 92
1712259562020 1.5234749999981432 93
1712259572103 1.5260999999991327 94
1712259582185 1.5272829999994428 95
1712259592277 1.5348749999975553 96
1712259602348 1.537081999998918 97
1712259612427 1.5457429999987653 98
1712259622515 1.5606650000008813 99
1712259632606 1.5707819999988715 100
1712259642696 1.5739859999994223 101
1712259652780 1.598598000000493 102
1712259662856 1.6145509999987553 103
1712259672938 1.615694000000076 104
1712259683011 1.6164590000007593 105
1712259693091 1.620178000001033 106
1712259703170 1.6214409999993222 107
1712259713247 1.627926999997726 108
1712259723335 1.6300329999976384 109
1712259733404 1.6309089999995194 110
1712259743509 1.6335650000000896 111
1712259753625 1.685247999997955 112
1712259763716 1.6871399999981804 113
1712259773797 1.6939429999983986 114
1712259783869 1.6951799999987998 115
1712259793947 1.701960999998846 116
1712259804025 1.7025059999978112 117
1712259814120 1.705164999999397 118
1712259824201 1.7073979999986477 119
1712259834306 1.716668999997637 120
1712259844411 1.717771999999968 121
1712259854503 1.7231670000001031 122
1712259864616 1.7834939999993367 123
1712259874702 1.877914000000601 124
1712259884777 3.0010529999999562 125
1712259894851 3.8205070000003616 126
1712259904944 3.821122999997897 127
1712259915037 3.8370670000003884 128
1712259925131 3.8422759999994014 129
1712259935216 3.878828999997495 130
1712259945289 3.8836709999995946 131
1712259955400 3.8967979999979434 132
1712259965484 3.8980049999991024 133
1712259975561 3.8987989999986894 134
1712259985654 3.9007299999975658 135
1712259995744 3.916505999997753 136
1712260005826 3.9228230000007898 137
1712260015940 3.9290130000008503 138
1712260026035 3.9296829999984766 139
1712260036144 3.93053399999917 140
1712260046249 3.9315309999983583 141
1712260056362 3.9337699999996403 142
1712260066458 4.001259000000573 143
1712260076599 4.0145919999995385 144
1712260086720 4.015039999998407 145
1712260096811 4.025863999999274 146
1712260106895 4.026918999999907 147
1712260117000 4.028932999997778 148
1712260127098 4.062342999997782 149
1712260137180 4.068726999998034 150
1712260147260 4.070152000000235 151
1712260157348 4.070895000000746 152
1712260167443 4.073153999997885 153
1712260177515 4.08369699999821 154
1712260187610 4.096075999997993 155
1712260197714 4.1009869999979855 156
1712260207798 4.102182999999059 157
1712260217920 4.104291999999987 158
1712260228000 4.105036999997537 159
1712260238094 4.1066329999994196 160
1712260248199 4.116387999998551 161
1712260258283 4.121157999998104 162
1712260268359 4.135039000000688 163
1712260278462 4.136073999998189 164
1712260288546 4.136555999997654 165
1712260298651 4.3520470000003115 166
1712260308737 4.477643999998691 167
1712260318843 4.478430999999546 168
1712260328933 4.478975999998511 169
1712260339023 4.505196999998589 170
1712260349105 4.505831999998918 171
1712260359195 4.508045999999013 172
1712260369276 4.519897999998648 173
1712260379378 4.53028699999777 174
1712260389477 4.5371479999994335 175
1712260399561 4.5378380000001926 176
1712260409664 4.538308999999572 177
1712260419753 4.543206999998802 178
1712260429847 4.646215000000666 179
1712260439955 4.646775999997772 180
1712260450037 4.67290199999843 181
1712260460117 4.677826999999525 182
1712260470222 4.680519999998069 183
1712260480302 4.681608999999298 184
1712260490382 4.884451999998419 185
1712260500489 4.9320389999993495 186
1712260510582 4.978274000000965 187
1712260520668 5.002309999999852 188
1712260530760 5.011491999997816 189
1712260540844 5.023494000000937 190
1712260550938 5.071155999998155 191
1712260561030 5.075187999998889 192
1712260571127 5.078055999998469 193
1712260581208 5.080164999999397 194
1712260591305 5.083748000000924 195
1712260601403 5.096889000000374 196
1712260611506 5.107856999999058 197
1712260621623 5.108789999998407 198
1712260631726 5.11106799999834 199
1712260641833 5.111757999999099 200
1712260651937 5.146588999999949 201
1712260662046 5.15324899999905 202
1712260672139 5.164125999999669 203
1712260682224 5.1664160000000265 204
1712260692307 5.1733339999991586 205
1712260702427 5.184239999998681 206
1712260712502 5.187042999998084 207
1712260722593 5.191641999997955 208
1712260732689 5.204948999999033 209
1712260742779 5.207610999997996 210
1712260752858 5.2091939999991155 211
1712260762967 5.220042999997531 212
1712260773054 5.221198999999615 213
1712260783130 5.24614599999768 214
1712260793217 5.2690569999977015 215
1712260803293 5.27125999999771 216
1712260813385 5.271731000000727 217
1712260823483 5.273894999998447 218
1712260833566 5.274571999998443 219
1712260843664 5.286400000000867 220
1712260853758 5.2995929999997315 221
1712260863851 5.316241000000446 222
1712260873959 5.316801999997551 223
1712260884070 5.336338000000978 224
1712260894155 5.351399999999558 225
1712260904250 5.354520000000775 226
1712260914351 5.363827000001038 227
1712260924461 5.388187000000471 228
1712260934552 5.388560999999754 229
1712260944639 5.390725000001112 230
1712260954748 5.391456999997899 231
1712260964844 5.393366000000242 232
1712260974944 5.40809900000022 233
1712260985039 5.41013699999894 234
1712260995132 5.417419999997946 235
1712261005226 5.418330000000424 236
1712261015332 5.4192650000004505 237
1712261025443 5.421737000000576 238
1712261035544 5.446377000000211 239
1712261045650 5.45235799999864 240
1712261055736 5.456164999999601 241
1712261065862 5.457643999998254 242
1712261075975 5.45832099999825 243
1712261086095 5.462606999997661 244
1712261096208 5.468897999999172 245
1712261106290 5.4709899999979825 246
1712261116381 5.478245999998762 247
1712261126464 5.478903999999602 248
1712261136563 5.490496999998868 249
1712261146653 5.492119999998977 250
1712261156737 5.523994999999559 251
1712261166826 5.5355429999981425 252
1712261176930 5.537797999997565 253
1712261187029 5.539026999998896 254
1712261197156 5.5471939999988535 255
1712261207257 5.554377000000386 256
1712261217352 5.5624600000010105 257
1712261227441 5.56455300000016 258
1712261237540 5.570382999998401 259
1712261247626 5.581276000000798 260
1712261257708 5.581951000000117 261
1712261267806 5.590869999999995 262
1712261277897 5.5915229999991425 263
1712261287999 5.593725999999151 264
1712261298103 5.600759000000835 265
1712261308198 5.60137499999837 266
1712261318291 5.602533999997831 267
1712261328375 5.657563000000664 268
1712261338455 5.658102999997936 269
1712261348548 5.661379999997735 270
1712261358633 5.661809000001085 271
1712261368718 5.882789999999659 272
1712261378800 5.883218999999372 273
1712261388885 5.89017899999817 274
1712261398981 5.8917639999999665 275
1712261409087 5.894228999997722 276
1712261419209 5.896499999998923 277
1712261429341 5.897060999999667 278
1712261439452 5.897605999998632 279
1712261449571 5.917691999999079 280
1712261459670 5.93565899999885 281
1712261469774 5.950048999999126 282
1712261479878 5.951188999999431 283
1712261489966 5.952014999998937 284
1712261500086 5.952498999999079 285
1712261510185 5.961084999999002 286
1712261520265 5.984848000000056 287
1712261530360 5.985350999999355 288
1712261540442 5.989125000000058 289
1712261550527 6.033923999999388 290
1712261560622 6.039706999999908 291
1712261570712 6.058348999998998 292
1712261580794 6.0598639999989246 293
1712261590902 6.066983000000619 294
1712261600981 6.069525999999314 295
1712261611077 6.069941999998264 296
1712261621161 6.071041999999579 297
1712261631249 6.08408000000054 298
1712261641352 6.084898000000976 299
1712261651443 6.0903159999979835 300
1712261661545 6.1313220000010915 301
1712261671644 6.133355999998457 302
1712261681746 6.143067999997584 303
1712261691839 6.1511609999979555 304
1712261701945 6.153310999998212 305
1712261712072 6.153926999999385 306
1712261722168 6.16526999999769 307
1712261732259 6.165850999997929 308
1712261742357 6.16622500000085 309
1712261752469 6.177792999998928 310
1712261762561 6.180245999999897 311
1712261772646 6.198384999999689 312
1712261782762 6.2021590000003926 313
1712261792849 6.21157200000016 314
1712261802943 6.212621999999101 315
1712261813040 6.227748999997857 316
1712261823129 6.229011999999784 317
1712261833237 6.229573000000528 318
1712261843336 6.231927000000724 319
1712261853438 6.232398000000103 320
1712261863533 6.232845999998972 321
1712261873650 6.24374700000044 322
1712261883780 6.244307999997545 323
1712261893867 6.250460999999632 324
1712261903977 6.254138000000239 325
1712261914066 6.2553139999981795 326
1712261924183 6.267861000000266 327
1712261934280 6.2903689999984636 328
1712261944369 6.2928179999980784 329
1712261954492 6.4256509999977425 330
1712261964601 6.436521999999968 331
1712261974704 6.43700600000011 332
1712261984820 6.440428999998403 333
1712261994915 6.454149999997753 334
1712262005018 6.455347999999503 335
1712262015131 6.456215999998676 336
1712262025260 6.459984000000986 337
1712262035353 6.460998999998992 338
1712262045479 6.463317999998253 339
1712262055586 6.474650000000111 340
1712262065688 6.496014000000287 341
1712262075786 6.4972820000002685 342
1712262085893 6.500288999999611 343
1712262096021 6.501180999999633 344
1712262106136 6.503422999998293 345
1712262116267 6.522614999998041 346
1712262126384 6.523777999998856 347
1712262136511 6.528420999999071 348
1712262146638 6.57165299999906 349
1712262156761 6.5723719999987225 350
1712262166882 6.5771569999997155 351
1712262177007 6.588093999998819 352
1712262187141 6.589233999999124 353
1712262197246 6.5947310000010475 354
1712262207372 6.597631000000547 355
1712262217488 6.59860800000024 356
1712262227603 6.613066999998409 357
1712262237697 6.614423999999417 358
1712262247785 6.6156039999987115 359
1712262257880 6.620589999998629 360
1712262268003 6.6243629999989935 361
1712262278093 6.625094999999419 362
1712262288184 6.63407499999812 363
1712262298281 6.634782999997697 364
1712262308364 6.64239599999928 365
1712262318479 6.649624999998196 366
1712262328574 6.660755999997491 367
1712262338673 6.671303999999509 368
1712262348790 6.688258999998652 369
1712262358899 6.693178999998054 370
1712262369010 6.69462299999941 371
1712262379133 6.696774000000005 372
1712262389235 6.699355000000651 373
1712262399337 6.701146999999764 374
1712262409423 6.709203999998863 375
1712262419537 6.709797999999864 376
1712262429639 6.710370000000694 377
1712262439732 6.712462999999843 378
1712262449819 6.74623900000006 379
1712262459908 6.766363999999157 380
1712262469993 6.780342999998538 381
1712262480096 6.781130999999732 382
1712262490199 6.781903999999486 383
1712262500333 6.788877999999386 384
1712262510435 6.789251999998669 385
1712262520561 6.792057999999088 386
1712262530647 6.827232999999978 387
1712262540748 6.827726999999868 388
1712262550840 6.828289999997651 389
1712262560957 6.82892499999798 390
1712262571041 6.829540999999153 391
1712262581147 6.832375999998476 392
1712262591248 6.8925060000001395 393
1712262601340 6.90205799999967 394
1712262611451 6.902793999997812 395
1712262621548 6.904944999998406 396
1712262631645 6.905804999998509 397
1712262641740 6.9081049999986135 398
1712262651828 6.937611999997898 399
1712262661910 6.95158900000024 400
1712262672000 6.9890919999998005 401
1712262682090 6.98964899999919 402
1712262692186 6.99374700000044 403
1712262702281 7.006768999999622 404
1712262712387 7.0155720000002475 405
1712262722480 7.016154999997525 406
1712262732575 7.016990000000078 407
1712262742665 7.021139000000403 408
1712262752769 7.021882999997615 409
1712262762874 7.024151999998139 410
1712262772962 7.037053000000014 411
1712262783054 7.037689000000682 412
1712262793224 7.044945999998163 413
1712262803340 7.057998000000225 414
1712262813442 7.058536000000458 415
1712262823572 7.061421999998856 416
1712262833720 7.069240000000718 417
1712262843860 7.070380999997724 418
1712262854120 7.082754999999452 419
1712262864262 7.084919000000809 420
1712262874388 7.126742000000377 421
1712262884498 7.129848000000493 422
1712262894619 7.140294000000722 423
1712262904743 7.140838999999687 424
1712262914843 7.1417899999978545 425
1712262924945 7.153537999998662 426
1712262935036 7.154402000000118 427
1712262945122 7.162949999998091 428
1712262955218 7.174444000000221 429
1712262965324 7.200495999997656 430
1712262975428 7.34382800000094 431
1712262985520 7.345625999998447 432
1712262995614 7.346843999999692 433
1712263005714 7.353650999997626 434
1712263015832 7.372802999998385 435
1712263025918 7.373405999998795 436
1712263036011 7.374058999997942 437
1712263046127 7.403220000000147 438
1712263056239 7.4037590000007185 439
1712263066337 7.407290999999532 440
1712263076425 7.417384000000311 441
1712263086522 7.434317999999621 442
1712263096622 7.442459999998391 443
1712263106730 7.443957999999839 444
1712263116850 7.44470100000035 445
1712263126964 7.452293999998801 446
1712263137088 7.458632999998372 447
1712263147207 7.467368999998143 448
1712263157317 7.46940899999754 449
1712263167444 7.470350999999937 450
1712263177545 7.471579000000929 451
1712263187628 7.479008999998769 452
1712263197718 7.4807959999998275 453
1712263207807 7.484636000001046 454
1712263217893 7.491727000000537 455
1712263227988 7.497262000000774 456
1712263238098 7.497951999997895 457
1712263248202 7.516322999999829 458
1712263258289 7.522985999999946 459
1712263268381 7.535523999998986 460
1712263278476 7.5378490000002785 461
1712263288560 7.538581000000704 462
1712263298644 7.558379999998579 463
1712263308739 7.566036000000167 464
1712263318835 7.568897000001016 465
1712263328970 7.57887699999992 466
1712263339090 7.592113999999128 467
1712263349177 7.6294400000006135 468
1712263359291 7.6505639999995765 469
1712263369423 7.65878999999768 470
1712263379537 7.661433999997826 471
1712263389634 7.661895999997796 472
1712263399738 7.670039000000543 473
1712263409842 7.772555999999895 474
1712263419938 7.910869999999704 475
1712263430054 7.960810000000492 476
1712263440149 7.964916000000812 477
1712263450256 7.967945000000327 478
1712263460354 7.973245999997744 479
1712263470437 7.973717000000761 480
1712263480537 7.975245999998151 481
1712263490638 7.99105199999758 482
1712263500737 7.9991769999978715 483
1712263510829 8.00095599999986 484
1712263520932 8.010239999999612 485
1712263531042 8.011383000000933 486
1712263541147 8.022377999997843 487
1712263551263 8.032835999998497 488
1712263561359 8.037281000000803 489
1712263571457 8.03922700000112 490
1712263581556 8.041925999998057 491
1712263591646 8.042936999998346 492
1712263601746 8.060394000000088 493
1712263611861 8.070298999999068 494
1712263621967 8.072824999999284 495
1712263632076 8.07382299999881 496
1712263642186 8.076492000000144 497
1712263652309 8.078833999999915 498
1712263662410 8.080898000000161 499
1712263672502 8.090947000000597 500
1712263682619 8.102591999999277 501
1712263692714 8.110533999999461 502
1712263702847 8.11314499999935 503
1712263712940 8.117787999999564 504
1712263723031 8.119744999999966 505
1712263733135 8.131171000000904 506
1712263743248 8.133228999999119 507
1712263753355 8.13437200000044 508
1712263763453 8.135920000000624 509
1712263773558 8.190227999999479 510
1712263783661 8.191556999998284 511
1712263793776 8.200134999999136 512
1712263803862 8.202569000000949 513
1712263813969 8.203105000000505 514
1712263824065 8.205416000000696 515
1712263834205 8.206388999999035 516
1712263844300 8.220070999999734 517
1712263854392 8.235850999997638 518
1712263864490 8.251797999997507 519
1712263874584 8.253500999999233 520
1712263884692 8.255277000000206 521
1712263894797 8.256281999998464 522
1712263904907 8.256730000000971 523
1712263915003 8.271161000000575 524
1712263925120 8.273536000000604 525
1712263935231 8.277839999998832 526
1712263945361 8.290743999998085 527
1712263955473 8.299629000001005 528
1712263965591 8.301978999999847 529
1712263975682 8.317709999999352 530
1712263985785 8.329695000000356 531
1712263995892 8.338858999999502 532
1712264006011 8.339845999998943 533
1712264016133 8.340274999998655 534
1712264026225 8.371263999997609 535
1712264036320 8.406374999998661 536
1712264046427 8.455385000001115 537
1712264056524 8.501475999997638 538
1712264066645 8.503321000000142 539
1712264076758 8.561030000000756 540
1712264086851 8.73778300000049 541
1712264096973 8.833206999999675 542
1712264107080 8.852836999998544 543
1712264117217 8.871686999998929 544
1712264127334 8.882848999997805 545
1712264137442 8.895711000001029 546
1712264147542 8.942036000000371 547
1712264157651 8.955509999999776 548
1712264167753 8.956323999998858 549
1712264177843 8.960204999999405 550
1712264187995 8.961463999999978 551
1712264198129 8.962305999997625 552
1712264208225 8.977489000000787 553
1712264218324 8.977990999999747 554
1712264228442 9.006785999998101 555
1712264238794 9.011478000000352 556
1712264248914 9.058195999998134 557
1712264259024 9.063666999998532 558
1712264269136 9.077468999999837 559
1712264279261 9.078257000001031 560
1712264289370 9.088756999997713 561
1712264299474 9.101302999999461 562
1712264309600 9.10332500000004 563
1712264319709 9.10477499999979 564
1712264329824 9.122507000000041 565
1712264339926 9.123051999999007 566
1712264350045 9.12348099999872 567
1712264360153 9.134385999997903 568
1712264370251 9.137383999997837 569
1712264380354 9.137922999998409 570
1712264390455 9.164268000000448 571
1712264400560 9.164828999997553 572
1712264410660 9.179282999997668 573
1712264420771 9.181581000000733 574
1712264430870 9.183729000000312 575
1712264440969 9.184461000000738 576
1712264451070 9.199284999998781 577
1712264461189 9.330649999999878 578
1712264471293 9.331266000001051 579
1712264481395 9.33289700000023 580
1712264491519 9.335540000000037 581
1712264501611 9.359444999998232 582
1712264511701 9.374221999998554 583
1712264521805 9.383548999998311 584
1712264531932 9.38418399999864 585
1712264542037 9.388466000000335 586
1712264552150 9.393755000000965 587
1712264562379 9.394432000000961 588
1712264572495 9.409144999997807 589
1712264582616 9.40969000000041 590
1712264592723 9.414271999998164 591
1712264602810 9.419174999999086 592
1712264612908 9.421297000000777 593
1712264623011 9.422645999999077 594
1712264633115 9.442951000000903 595
1712264643204 9.444324000000051 596
1712264653308 9.44477199999892 597
1712264663397 9.449947999997676 598
1712264673515 9.452440000000934 599
1712264683627 9.453097999998135 600
1712264693725 9.46818599999824 601
1712264703836 9.46949599999789 602
1712264714066 9.48679600000105 603
1712264724153 9.494061999997939 604
1712264734261 9.502307999999175 605
1712264744349 9.507509999999456 606
1712264754441 9.520332000000053 607
1712264764533 9.541337999999087 608
1712264774651 9.550447999998141 609
1712264784745 9.553263999998308 610
1712264794847 9.562999999998283 611
1712264804933 9.568779000001086 612
1712264815023 9.592775999997684 613
1712264825120 9.593319999999949 614
1712264835206 9.618829999999434 615
1712264845307 9.626211999999214 616
1712264855399 9.628351999999722 617
1712264865497 9.629894999998214 618
1712264875592 9.643465000001015 619
1712264885681 9.650473999998212 620
1712264895781 9.657230000000709 621
1712264905882 9.659182999999757 622
1712264915978 9.661573999997927 623
1712264926085 9.679529999997612 624
1712264936178 9.701820999998745 625
1712264946289 9.704610000000685 626
1712264956378 9.708566999997856 627
1712264966479 9.724717000000965 628
1712264976602 9.727215999999316 629
1712264986694 9.744576000000961 630
1712264996819 9.762500000000728 631
1712265006937 9.764154000000417 632
1712265017193 9.765693999997893 633
1712265027329 9.768231999998534 634
1712265037456 9.777602999998635 635
1712265047602 9.802417999999307 636
1712265057744 9.810129999998026 637
1712265067857 9.823512999999366 638
1712265077984 9.824115999999776 639
1712265088106 9.828778999999486 640
1712265098231 9.831791000000521 641
1712265108352 9.840660999998363 642
1712265118489 9.841317999998864 643
1712265128619 9.842971999998554 644
1712265138727 9.845251999999164 645
1712265148843 9.87936500000069 646
1712265158954 9.898605999998836 647
1712265169176 9.91532300000108 648
1712265179293 9.91594299999997 649
1712265189409 9.91759699999966 650
1712265199507 9.927725999998074 651
1712265209620 9.92944499999794 652
1712265219721 9.931588999999803 653
1712265229813 9.940907000000152 654
1712265239916 9.942716999998083 655
1712265250010 9.944126999998844 656
1712265260113 9.956342999998014 657
1712265270240 9.957460999998148 658
1712265280376 9.965946000000258 659
1712265290502 9.974780000000464 660
1712265300636 9.975227999999333 661
1712265310762 9.984034999997675 662
1712265320870 10.117889999997715 663
1712265330977 10.12886399999843 664
1712265341078 10.130945000000793 665
1712265351234 10.1365650000007 666
1712265361331 10.1452160000008 667
1712265371431 10.1457190000001 668
1712265381526 10.148001999998087 669
1712265391629 10.148675000000367 670
1712265401721 10.15169799999785 671
1712265411827 10.162953999999445 672
1712265421924 10.164746999998897 673
1712265432015 10.16530799999964 674
1712265442112 10.16594299999997 675
1712265452211 10.1665150000008 676
1712265462320 10.168361000000004 677
1712265472466 10.22681399999783 678
1712265482682 10.227584000000206 679
1712265492793 10.228338999997504 680
1712265502909 10.235427999999956 681
1712265513038 10.23652999999831 682
1712265523145 10.297568999998475 683
1712265533247 10.320818000000145 684
1712265543371 10.321320999999443 685
1712265553495 10.322388000000501 686
1712265563612 10.323077999997622 687
1712265573719 10.323640999999043 688
1712265583822 10.334765999999945 689
1712265593925 10.343850000001112 690
1712265604015 10.35715799999889 691
1712265614105 10.426065999999992 692
1712265624196 10.42841799999951 693
1712265634357 10.43450699999812 694
1712265645071 10.435331000000588 695
1712265655827 10.449109000001044 696
1712265665951 10.474034999999276 697
