1712258624133 0.0 0
1712258634299 0.03915499999857275 1
1712258644395 0.048109999999724096 2
1712258654474 0.10059299999920768 3
1712258664589 0.11503199999788194 4
1712258674680 0.12251100000139559 5
1712258684761 0.14965400000073714 6
1712258694836 0.17808399999921676 7
1712258704910 0.22553699999843957 8
1712258714986 0.2466019999992568 9
1712258725068 0.25750500000140164 10
1712258735130 0.2788369999980205 11
1712258745203 0.2858859999978449 12
1712258755267 0.4086439999991853 13
1712258765335 0.49801099999967846 14
1712258775407 0.5148079999999027 15
1712258785492 0.5200000000004366 16
1712258795561 0.5316949999978533 17
1712258805620 0.5432699999983015 18
1712258815701 0.5735409999979311 19
1712258825786 0.5799149999984365 20
1712258835870 0.6040829999983544 21
1712258845945 0.6194619999987481 22
1712258856031 0.6628190000010363 23
1712258866104 0.6724289999983739 24
1712258876179 0.6887639999986277 25
1712258886273 0.6999230000001262 26
1712258896363 0.7547149999991234 27
1712258906458 0.7628179999992426 28
1712258916541 0.773138000000472 29
1712258926649 0.789269000000786 30
1712258936743 0.8108470000006491 31
1712258946813 0.8241339999985939 32
1712258956902 0.8424400000003516 33
1712258966989 0.8556160000007367 34
1712258977078 0.8632660000002943 35
1712258987177 0.8705760000011651 36
1712258997238 0.8844500000013795 37
1712259007327 0.9109250000001339 38
1712259017391 0.9281379999993078 39
1712259027468 0.9344989999990503 40
1712259037553 0.9417560000001686 41
1712259047636 0.9783339999994496 42
1712259057728 1.0074779999995371 43
1712259067835 1.0987019999993208 44
1712259077919 1.1370979999992414 45
1712259088019 1.150180000000546 46
1712259098094 1.625704999998561 47
1712259108203 1.6497119999985443 48
1712259118290 1.6589830000011716 49
1712259128376 1.6653860000005807 50
1712259138462 1.6985749999985273 51
1712259148536 1.7130079999988084 52
1712259158609 1.7224429999987478 53
1712259168685 1.738164999998844 54
1712259178769 1.746462999999494 55
1712259188856 1.7969579999989946 56
1712259198929 1.807037999999011 57
1712259209014 1.8361189999995986 58
1712259219108 1.8458949999985634 59
1712259229184 1.8869960000010906 60
1712259239283 1.8938090000010561 61
1712259249358 1.9012369999982184 62
1712259259456 1.953322000001208 63
1712259269546 1.9875069999980042 64
1712259279659 1.9983419999989565 65
1712259289762 2.0378789999995206 66
1712259299842 2.0478299999995215 67
1712259309922 2.183794000000489 68
1712259320005 2.1937719999987166 69
1712259330111 2.2065110000003187 70
1712259340187 2.216201999999612 71
1712259350278 2.2388499999979103 72
1712259360359 2.266898999998375 73
1712259370427 2.301116999999067 74
1712259380509 2.311569999998028 75
1712259390587 2.347515999997995 76
1712259400682 2.366755999999441 77
1712259410761 2.4149409999990894 78
1712259420841 2.4298559999988356 79
1712259430946 2.4510410000002594 80
1712259441021 2.4894769999991695 81
1712259451098 2.504356999997981 82
1712259461190 2.515465000000404 83
1712259471272 2.5281839999988733 84
1712259481343 2.5384649999978137 85
1712259491422 2.580646999998862 86
1712259501503 2.5869129999991856 87
1712259511595 2.6013590000002296 88
1712259521683 2.616000999998505 89
1712259531773 2.6512499999989814 90
1712259541840 2.6558230000009644 91
1712259551929 2.666279000000941 92
1712259562020 2.6761899999983143 93
1712259572103 2.687214000001404 94
1712259582185 2.6933370000006107 95
1712259592277 2.705662000000302 96
1712259602348 2.7111389999990934 97
1712259612427 2.726908000000549 98
1712259622515 2.746170999998867 99
1712259632606 2.7677130000010948 100
1712259642696 2.7777339999993274 101
1712259652780 2.8233279999985825 102
1712259662856 2.84970500000054 103
1712259672938 2.862451000000874 104
1712259683011 2.873136999998678 105
1712259693091 2.8849819999995816 106
1712259703170 2.889275000001362 107
1712259713247 2.898934000000736 108
1712259723335 2.9053419999981998 109
1712259733404 2.9124400000000605 110
1712259743509 2.915288000000146 111
1712259753625 2.9953419999983453 112
1712259763716 3.0000309999995807 113
1712259773797 3.0083659999982046 114
1712259783869 3.0152630000011413 115
1712259793947 3.04225199999928 116
1712259804025 3.0567709999995714 117
1712259814120 3.066475999999966 118
1712259824201 3.0797329999986687 119
1712259834306 3.0917349999981525 120
1712259844411 3.0991739999990386 121
1712259854503 3.1100139999980456 122
1712259864616 3.171929000000091 123
1712259874702 3.275573999999324 124
1712259884777 4.405886000000464 125
1712259894851 5.240412999999535 126
1712259904944 5.244587000001047 127
1712259915037 5.289755999998306 128
1712259925131 5.305735999998433 129
1712259935216 5.350944999998319 130
1712259945289 5.366299000001163 131
1712259955400 5.395902000000206 132
1712259965484 5.401459000000614 133
1712259975561 5.407909999998083 134
1712259985654 5.41210399999909 135
1712259995744 5.433475999998336 136
1712260005826 5.448597999999038 137
1712260015940 5.460761999998795 138
1712260026035 5.466136999999435 139
1712260036144 5.476206999999704 140
1712260046249 5.482124999998632 141
1712260056362 5.489698000001226 142
1712260066458 5.563992999999755 143
1712260076599 5.596556000000419 144
1712260086720 5.599216999999044 145
1712260096811 5.634345999998914 146
1712260106895 5.637500000000728 147
1712260117000 5.641095999999379 148
1712260127098 5.685765999998694 149
1712260137180 5.700214000000415 150
1712260147260 5.705232000000251 151
1712260157348 5.713840000000346 152
1712260167443 5.721768999999767 153
1712260177515 5.734624000000622 154
1712260187610 5.755585999999312 155
1712260197714 5.765793999999005 156
1712260207798 5.776831999999558 157
1712260217920 5.794321000001219 158
1712260228000 5.797534999997879 159
1712260238094 5.805845999999292 160
1712260248199 5.82137800000055 161
1712260258283 5.845811999999569 162
1712260268359 5.862961999999243 163
1712260278462 5.87398899999971 164
1712260288546 5.885083000001032 165
1712260298651 6.107731000000058 166
1712260308737 6.250711000000592 167
1712260318843 6.254165999998804 168
1712260328933 6.262445000000298 169
1712260339023 6.301705999998376 170
1712260349105 6.309578000000329 171
1712260359195 6.317915999999968 172
1712260369276 6.337532999998075 173
1712260379378 6.357746999998199 174
1712260389477 6.384775999998965 175
1712260399561 6.391834999998537 176
1712260409664 6.395823999999266 177
1712260419753 6.428031999999803 178
1712260429847 6.537500999998883 179
1712260439955 6.544363000000885 180
1712260450037 6.574226000000635 181
1712260460117 6.587843999997858 182
1712260470222 6.5935500000014144 183
1712260480302 6.595891000000847 184
1712260490382 7.864573999999266 185
1712260500489 7.89187099999981 186
1712260510582 7.9497709999996005 187
1712260520668 7.986869000000297 188
1712260530760 7.998219000000972 189
1712260540844 8.013273000000481 190
1712260550938 8.06748399999924 191
1712260561030 8.076544999999896 192
1712260571127 8.080912000001263 193
1712260581208 8.08721499999956 194
1712260591305 8.093681999998807 195
1712260601403 8.111439000000246 196
1712260611506 8.124456999998074 197
1712260621623 8.13325099999929 198
1712260631726 8.140763999999763 199
1712260641833 8.147766999998566 200
1712260651937 8.184174999998504 201
1712260662046 8.196012000000337 202
1712260672139 8.209494999999151 203
1712260682224 8.216755999997986 204
1712260692307 8.237896999999066 205
1712260702427 8.249755000000732 206
1712260712502 8.257682999999815 207
1712260722593 8.266028999998525 208
1712260732689 8.281264000001102 209
1712260742779 8.290911000000051 210
1712260752858 8.299814999998489 211
1712260762967 8.35760400000072 212
1712260773054 8.36285399999906 213
1712260783130 8.40171299999929 214
1712260793217 8.43881699999838 215
1712260803293 8.447095999999874 216
1712260813385 8.452438000000257 217
1712260823483 8.454150999998092 218
1712260833566 8.457256999998208 219
1712260843664 8.470903999997972 220
1712260853758 8.491745999999694 221
1712260863851 8.519146999999066 222
1712260873959 8.525150000001304 223
1712260884070 8.54703900000095 224
1712260894155 8.568210000001272 225
1712260904250 8.576773000000685 226
1712260914351 8.5890330000002 227
1712260924461 8.625138999999763 228
1712260934552 8.632439000000886 229
1712260944639 8.637781000001269 230
1712260954748 8.64234199999919 231
1712260964844 8.646278000000166 232
1712260974944 8.663767999998527 233
1712260985039 8.674608999997872 234
1712260995132 8.700636999998096 235
1712261005226 8.70338400000037 236
1712261015332 8.709979999999632 237
1712261025443 8.71592999999848 238
1712261035544 8.745034999999916 239
1712261045650 8.761051000001316 240
1712261055736 8.772079999998823 241
1712261065862 8.775896999999532 242
1712261075975 8.779646999999386 243
1712261086095 8.787336000001233 244
1712261096208 8.798070000000735 245
1712261106290 8.80690500000128 246
1712261116381 8.821780999998737 247
1712261126464 8.82368199999837 248
1712261136563 8.838816999999835 249
1712261146653 8.84675100000095 250
1712261156737 8.88173100000131 251
1712261166826 8.91895199999999 252
1712261176930 8.923189000001003 253
1712261187029 8.927254999998695 254
1712261197156 8.940589999998338 255
1712261207257 8.956156000000192 256
1712261217352 8.97266799999852 257
1712261227441 8.981275999998616 258
1712261237540 8.99402800000098 259
1712261247626 9.00729499999943 260
1712261257708 9.013098999999784 261
1712261267806 9.025123999999778 262
1712261277897 9.027141999999003 263
1712261287999 9.03701799999908 264
1712261298103 9.05849500000113 265
1712261308198 9.063716000000568 266
1712261318291 9.068575000001147 267
1712261328375 9.124885000001086 268
1712261338455 9.12976400000116 269
1712261348548 9.142052999999578 270
1712261358633 9.149868000000424 271
1712261368718 9.373132000000624 272
1712261378800 9.379093999999895 273
1712261388885 9.39086899999893 274
1712261398981 9.393974999999045 275
1712261409087 9.401216999998724 276
1712261419209 9.403339000000415 277
1712261429341 9.40435399999842 278
1712261439452 9.407586000001174 279
1712261449571 9.426484999999957 280
1712261459670 9.455245000001014 281
1712261469774 9.471988999997848 282
1712261479878 9.482466000001295 283
1712261489966 9.486127000000124 284
1712261500086 9.49120799999946 285
1712261510185 9.511759000000893 286
1712261520265 9.539106000000174 287
1712261530360 9.543837000001076 288
1712261540442 9.552550000000338 289
1712261550527 9.61891199999809 290
1712261560622 9.629661999999371 291
1712261570712 9.667806000001292 292
1712261580794 9.672142999999778 293
1712261590902 9.693719999999303 294
1712261600981 9.706394000000728 295
1712261611077 9.710596000000805 296
1712261621161 9.720305999999255 297
1712261631249 9.733446999998705 298
1712261641352 9.739020000000892 299
1712261651443 9.751961999998457 300
1712261661545 9.875836999999592 301
1712261671644 9.878448999999819 302
1712261681746 10.054159999999683 303
1712261691839 10.061909000000014 304
1712261701945 10.066827999999077 305
1712261712072 10.071818000000349 306
1712261722168 10.104934999999386 307
1712261732259 10.10656200000085 308
1712261742357 10.112182000000757 309
1712261752469 10.13142599999992 310
1712261762561 10.140752999999677 311
1712261772646 10.161334000000352 312
1712261782762 10.168645999998262 313
1712261792849 10.180613000000449 314
1712261802943 10.184892000001128 315
1712261813040 10.204933000000892 316
1712261823129 10.20967699999892 317
1712261833237 10.217565999999351 318
1712261843336 10.226620000001276 319
1712261853438 10.229928000000655 320
1712261863533 10.23666299999968 321
1712261873650 10.250445999998192 322
1712261883780 10.256387999997969 323
1712261893867 10.278414000000339 324
1712261903977 10.286906000001181 325
1712261914066 10.290827000000718 326
1712261924183 10.304213999999774 327
1712261934280 10.32723999999871 328
1712261944369 10.329915999998775 329
1712261954492 10.468252999999095 330
1712261964601 10.48662300000069 331
1712261974704 10.490795999998227 332
1712261984820 10.49947500000053 333
1712261994915 10.513758000000962 334
1712262005018 10.516794999999547 335
1712262015131 10.521444999998494 336
1712262025260 10.53020800000013 337
1712262035353 10.531447000001208 338
1712262045479 10.535618999998405 339
1712262055586 10.559092999999848 340
1712262065688 10.582400999999663 341
1712262075786 10.589202999999543 342
1712262085893 10.600639000000228 343
1712262096021 10.604181999999128 344
1712262106136 10.609097000000475 345
1712262116267 10.646528000001126 346
1712262126384 10.650877000000037 347
1712262136511 10.662446999998792 348
1712262146638 10.715832999998383 349
1712262156761 10.718869000000268 350
1712262166882 10.72503499999948 351
1712262177007 10.736227000001236 352
1712262187141 10.741031000001385 353
1712262197246 10.76318099999844 354
1712262207372 10.772462000000814 355
1712262217488 10.776894999999058 356
1712262227603 10.797418999998627 357
1712262237697 10.801919000001362 358
1712262247785 10.805376000000251 359
1712262257880 10.813343999998324 360
1712262268003 10.822186000001238 361
1712262278093 10.825727999999799 362
1712262288184 10.83429199999955 363
1712262298281 10.83718299999964 364
1712262308364 10.84488599999895 365
1712262318479 10.883535000000848 366
1712262328574 10.901608000000124 367
1712262338673 10.916195999998308 368
1712262348790 10.934606999999232 369
1712262358899 10.950637999998435 370
1712262369010 10.953906999999163 371
1712262379133 10.956860999998753 372
1712262389235 10.964219000001322 373
1712262399337 10.97228399999949 374
1712262409423 10.981299999999464 375
1712262419537 10.983571000000666 376
1712262429639 10.98742399999901 377
1712262439732 10.996133000000555 378
1712262449819 11.032992000000377 379
1712262459908 11.063525999998092 380
1712262469993 11.085462999999436 381
1712262480096 11.088996999998926 382
1712262490199 11.092421000001195 383
1712262500333 11.113814000000275 384
1712262510435 11.116492000001017 385
1712262520561 11.126070999998774 386
1712262530647 11.15994800000044 387
1712262540748 11.161799999998038 388
1712262550840 11.166508999998769 389
1712262560957 11.17205499999909 390
1712262571041 11.174383000001399 391
1712262581147 11.185537000001204 392
1712262591248 11.253294999998616 393
1712262601340 11.264626000000135 394
1712262611451 11.266993999997794 395
1712262621548 11.269442000000709 396
1712262631645 11.271625999997923 397
1712262641740 11.279352999998082 398
1712262651828 11.334359000000404 399
1712262661910 11.354323999999906 400
1712262672000 11.451363000000129 401
1712262682090 11.457131999999547 402
1712262692186 11.468313999997918 403
1712262702281 11.483852000001207 404
1712262712387 11.491495999998733 405
1712262722480 11.494486999999936 406
1712262732575 11.497246999999334 407
1712262742665 11.51693399999931 408
1712262752769 11.518123999998352 409
1712262762874 11.52618000000075 410
1712262772962 11.5415150000008 411
1712262783054 11.544214999998076 412
1712262793224 11.576451000000816 413
1712262803340 11.593646000001172 414
1712262813442 11.602876000000833 415
1712262823572 11.62326799999937 416
1712262833720 11.63484199999948 417
1712262843860 11.639299999998912 418
1712262854120 11.653725000000122 419
1712262864262 11.660296999998536 420
1712262874388 11.704549999998562 421
1712262884498 11.713886000001366 422
1712262894619 11.736705999999685 423
1712262904743 11.738484000001336 424
1712262914843 11.744752999999037 425
1712262924945 11.774516999998013 426
1712262935036 11.776958999998897 427
1712262945122 11.792086999997991 428
1712262955218 11.809747999999672 429
1712262965324 11.836661999997887 430
1712262975428 11.982809000000998 431
1712262985520 11.985528000001068 432
1712262995614 11.988824000000022 433
1712263005714 12.005214000000706 434
1712263015832 12.043378999998822 435
1712263025918 12.046458000000712 436
1712263036011 12.052098000000115 437
1712263046127 12.086500999997952 438
1712263056239 12.090650999998616 439
1712263066337 12.100667999999132 440
1712263076425 12.112170000000333 441
1712263086522 12.132394000000204 442
1712263096622 12.154225999998744 443
1712263106730 12.182093999999779 444
1712263116850 12.18641800000114 445
1712263126964 12.199807000000874 446
1712263137088 12.220166999999492 447
1712263147207 12.234446999998909 448
1712263157317 12.24178000000029 449
1712263167444 12.247097999999824 450
1712263177545 12.25301699999909 451
1712263187628 12.259526999998343 452
1712263197718 12.270155999998678 453
1712263207807 12.276450000001205 454
1712263217893 12.286670999998023 455
1712263227988 12.292977000000974 456
1712263238098 12.29562900000019 457
1712263248202 12.314538999999058 458
1712263258289 12.336081000001286 459
1712263268381 12.351933999998437 460
1712263278476 12.361405999999988 461
1712263288560 12.364676000001054 462
1712263298644 12.390073999999004 463
1712263308739 12.402193999998417 464
1712263318835 12.411009999999806 465
1712263328970 12.435537999997905 466
1712263339090 12.450344000000769 467
1712263349177 12.490050000000338 468
1712263359291 12.51361199999883 469
1712263369423 12.521697000000131 470
1712263379537 12.530429999998887 471
1712263389634 12.533140999999887 472
1712263399738 12.556189999999333 473
1712263409842 12.659278999999515 474
1712263419938 12.801842000000761 475
1712263430054 12.85127199999988 476
1712263440149 12.860677000000578 477
1712263450256 12.866853999999876 478
1712263460354 12.872400000000198 479
1712263470437 12.874317999998311 480
1712263480537 12.877986999999848 481
1712263490638 12.896428000000014 482
1712263500737 12.908838999999716 483
1712263510829 12.914208999998664 484
1712263520932 12.9314979999981 485
1712263531042 12.93405200000052 486
1712263541147 12.949415999999474 487
1712263551263 12.965399000000616 488
1712263561359 12.981055000000197 489
1712263571457 12.98529299999791 490
1712263581556 12.98903799999971 491
1712263591646 12.991948999999295 492
1712263601746 13.013684000001376 493
1712263611861 13.02657999999792 494
1712263621967 13.039249999997992 495
1712263632076 13.044515000001411 496
1712263642186 13.048835999998118 497
1712263652309 13.057003999998415 498
1712263662410 13.06686400000035 499
1712263672502 13.079084000000876 500
1712263682619 13.09650099999999 501
1712263692714 13.118839999999182 502
1712263702847 13.122426999998424 503
1712263712940 13.12996099999873 504
1712263723031 13.138577999998233 505
1712263733135 13.152224000001297 506
1712263743248 13.160573000001023 507
1712263753355 13.166073000000324 508
1712263763453 13.170724999999948 509
1712263773558 13.227438999998412 510
1712263783661 13.23314599999867 511
1712263793776 13.242395999997825 512
1712263803862 13.251280000000406 513
1712263813969 13.25524299999961 514
1712263824065 13.261187000000064 515
1712263834205 13.26600099999996 516
1712263844300 13.28306099999827 517
1712263854392 13.31138799999826 518
1712263864490 13.338603000000148 519
1712263874584 13.34522300000026 520
1712263884692 13.349528999999166 521
1712263894797 13.355750999999145 522
1712263904907 13.36026800000036 523
1712263915003 13.386671000000206 524
1712263925120 13.395964999999705 525
1712263935231 13.409064999999828 526
1712263945361 13.428799999997864 527
1712263955473 13.438654000001407 528
1712263965591 13.442545999998401 529
1712263975682 13.479222999998456 530
1712263985785 13.496835999998439 531
1712263995892 13.532078000000183 532
1712264006011 13.536410000000615 533
1712264016133 13.540805000000546 534
1712264026225 13.574475999997958 535
1712264036320 13.619967999999062 536
1712264046427 13.671395999997912 537
1712264056524 13.727075999999215 538
1712264066645 13.730565999998362 539
1712264076758 13.911929999998392 540
1712264086851 14.756623000001127 541
1712264096973 15.304670999998052 542
1712264107080 15.312867000000551 543
1712264117217 15.360873999998148 544
1712264127334 15.387425000000803 545
1712264137442 15.395615000001271 546
1712264147542 15.487735999999131 547
1712264157651 15.507134999999835 548
1712264167753 15.509507999999187 549
1712264177843 15.51792099999875 550
1712264187995 15.522628999999142 551
1712264198129 15.525918999999703 552
1712264208225 15.549482999998872 553
1712264218324 15.552025000000867 554
1712264228442 15.582234999998036 555
1712264238794 15.592056000001321 556
1712264248914 15.645871000000625 557
1712264259024 15.655494999999064 558
1712264269136 15.67627899999934 559
1712264279261 15.682780999999522 560
1712264289370 16.254875999999058 561
1712264299474 16.295944000001327 562
1712264309600 16.30369100000098 563
1712264319709 16.30883900000117 564
1712264329824 16.326038999999582 565
1712264339926 16.32849400000123 566
1712264350045 16.332640000000538 567
1712264360153 16.389211999998224 568
1712264370251 16.39803699999902 569
1712264380354 16.40338899999915 570
1712264390455 16.46637600000031 571
1712264400560 16.47353799999837 572
1712264410660 16.490653000000748 573
1712264420771 16.496330999998463 574
1712264430870 16.509213999997883 575
1712264440969 16.51149699999951 576
1712264451070 16.525809999999183 577
1712264461189 16.67250899999999 578
1712264471293 16.67621599999984 579
1712264481395 16.681229999998322 580
1712264491519 16.689935999998852 581
1712264501611 16.717593999997916 582
1712264511701 16.74836399999913 583
1712264521805 16.76054899999872 584
1712264531932 16.76160499999969 585
1712264542037 16.764839999999822 586
1712264552150 16.782781999998406 587
1712264562379 16.785663999999088 588
1712264572495 16.802863000000798 589
1712264582616 16.80598900000041 590
1712264592723 16.81358199999886 591
1712264602810 16.835706999998365 592
1712264612908 16.844128000000637 593
1712264623011 16.84987700000056 594
1712264633115 16.868899000000965 595
1712264643204 16.872090000000753 596
1712264653308 16.87633199999982 597
1712264663397 16.882939999999508 598
1712264673515 16.892093999998906 599
1712264683627 16.89437199999884 600
1712264693725 16.91103600000133 601
1712264703836 16.91459499999837 602
1712264714066 16.93765799999892 603
1712264724153 16.950057999998535 604
1712264734261 16.96436900000117 605
1712264744349 16.97453300000052 606
1712264754441 17.006835000000137 607
1712264764533 17.03555299999789 608
1712264774651 17.05019099999845 609
1712264784745 17.054540000000998 610
1712264794847 17.07090799999787 611
1712264804933 17.083741999998892 612
1712264815023 17.133692999999766 613
1712264825120 17.138365999999223 614
1712264835206 17.176242999998067 615
1712264845307 17.187369999999646 616
1712264855399 17.197887999998784 617
1712264865497 17.205206999999064 618
1712264875592 17.225554000000557 619
1712264885681 17.243601999998646 620
1712264895781 17.272071999999753 621
1712264905882 17.27752099999998 622
1712264915978 17.29081899999801 623
1712264926085 17.31121599999824 624
1712264936178 17.345744999998715 625
1712264946289 17.351230000000214 626
1712264956378 17.359122999998363 627
1712264966479 17.376406999999745 628
1712264976602 17.385824000000866 629
1712264986694 17.410017999998672 630
1712264996819 17.446940999998333 631
1712265006937 17.45137600000089 632
1712265017193 17.456053999998403 633
1712265027329 17.460909000001266 634
1712265037456 17.480047000000923 635
1712265047602 17.52914199999941 636
1712265057744 17.559595999999146 637
1712265067857 17.5758539999988 638
1712265077984 17.580229999999574 639
1712265088106 17.586606000000756 640
1712265098231 17.595022000001336 641
1712265108352 17.608573999998043 642
1712265118489 17.611250999998447 643
1712265128619 17.614109999998618 644
1712265138727 17.616431999998895 645
1712265148843 17.652430999998614 646
1712265158954 17.69827599999917 647
1712265169176 17.72279200000048 648
1712265179293 17.726818999999523 649
1712265189409 17.73117899999852 650
1712265199507 17.77408899999864 651
1712265209620 17.779521000000386 652
1712265219721 17.790084000000206 653
1712265229813 17.80328599999848 654
1712265239916 17.80836199999976 655
1712265250010 17.812286000000313 656
1712265260113 17.896362999999837 657
1712265270240 17.899389999998675 658
1712265280376 17.979757000000973 659
1712265290502 17.988225000000966 660
1712265300636 17.991543000000092 661
1712265310762 18.00282199999856 662
1712265320870 18.139565000001312 663
1712265330977 18.15837499999907 664
1712265341078 18.16740700000082 665
1712265351234 18.183764000001247 666
1712265361331 18.200619999999617 667
1712265371431 18.204439000001003 668
1712265381526 18.20700299999953 669
1712265391629 18.210541000000376 670
1712265401721 18.218213000000105 671
1712265411827 18.232560000000376 672
1712265421924 18.237562999998772 673
1712265432015 18.242338000000018 674
1712265442112 18.24561299999914 675
1712265452211 18.248147999998764 676
1712265462320 18.253591000000597 677
1712265472466 18.32861100000082 678
1712265482682 18.331272999999783 679
1712265492793 18.334340000001248 680
1712265502909 18.355163000000175 681
1712265513038 18.358667000000423 682
1712265523145 18.42239899999913 683
1712265533247 18.450646999997844 684
1712265543371 18.452173999998195 685
1712265553495 18.4585619999998 686
1712265563612 18.461026000000857 687
1712265573719 18.46396100000129 688
1712265583822 18.478989999999612 689
1712265593925 18.4943119999989 690
1712265604015 18.563019000001077 691
1712265614105 18.633536999997887 692
1712265624196 18.6354539999993 693
1712265634357 18.642972999998165 694
1712265645071 18.647871000001032 695
1712265655827 18.681250999998156 696
1712265665951 18.709333999999217 697
