1712258624133 48.1 0
1712258634299 87.4 1
1712258644395 96.6 2
1712258654474 78.2 3
1712258664589 87.9 4
1712258674680 90.5 5
1712258684761 92.0 6
1712258694836 92.6 7
1712258704910 93.1 8
1712258714986 93.3 9
1712258725068 93.5 10
1712258735130 93.8 11
1712258745203 94.3 12
1712258755267 94.9 13
1712258765335 95.2 14
1712258775407 95.4 15
1712258785492 95.4 16
1712258795561 95.4 17
1712258805620 95.5 18
1712258815701 95.6 19
1712258825786 95.7 20
1712258835870 95.9 21
1712258845945 96.2 22
1712258856031 96.0 23
1712258866104 96.0 24
1712258876179 96.4 25
1712258886273 96.5 26
1712258896363 96.6 27
1712258906458 96.5 28
1712258916541 96.5 29
1712258926649 96.6 30
1712258936743 96.6 31
1712258946813 96.7 32
1712258956902 96.9 33
1712258966989 96.6 34
1712258977078 96.6 35
1712258987177 96.7 36
1712258997238 96.8 37
1712259007327 96.9 38
1712259017391 96.9 39
1712259027468 96.9 40
1712259037553 96.9 41
1712259047636 97.2 42
1712259057728 97.2 43
1712259067835 96.7 44
1712259077919 96.9 45
1712259088019 96.7 46
1712259098094 96.7 47
1712259108203 96.8 48
1712259118290 96.9 49
1712259128376 97.1 50
1712259138462 97.3 51
1712259148536 97.3 52
1712259158609 97.3 53
1712259168685 97.4 54
1712259178769 97.4 55
1712259188856 97.4 56
1712259198929 97.4 57
1712259209014 97.5 58
1712259219108 97.5 59
1712259229184 97.6 60
1712259239283 97.7 61
1712259249358 97.6 62
1712259259456 97.7 63
1712259269546 97.5 64
1712259279659 97.5 65
1712259289762 97.6 66
1712259299842 97.6 67
1712259309922 97.6 68
1712259320005 97.7 69
1712259330111 97.7 70
1712259340187 97.7 71
1712259350278 97.8 72
1712259360359 97.6 73
1712259370427 97.7 74
1712259380509 96.1 75
1712259390587 96.4 76
1712259400682 96.6 77
1712259410761 96.7 78
1712259420841 96.8 79
1712259430946 96.8 80
1712259441021 96.7 81
1712259451098 96.7 82
1712259461190 96.7 83
1712259471272 96.9 84
1712259481343 96.9 85
1712259491422 96.9 86
1712259501503 96.9 87
1712259511595 96.9 88
1712259521683 96.9 89
1712259531773 97.0 90
1712259541840 97.1 91
1712259551929 97.1 92
1712259562020 96.9 93
1712259572103 96.9 94
1712259582185 96.9 95
1712259592277 97.1 96
1712259602348 97.1 97
1712259612427 97.1 98
1712259622515 97.1 99
1712259632606 97.1 100
1712259642696 97.1 101
1712259652780 97.3 102
1712259662856 97.1 103
1712259672938 97.3 104
1712259683011 97.2 105
1712259693091 97.2 106
1712259703170 97.1 107
1712259713247 97.2 108
1712259723335 97.2 109
1712259733404 97.3 110
1712259743509 97.2 111
1712259753625 97.1 112
1712259763716 97.1 113
1712259773797 97.1 114
1712259783869 97.3 115
1712259793947 97.3 116
1712259804025 97.3 117
1712259814120 97.3 118
1712259824201 97.4 119
1712259834306 97.5 120
1712259844411 59.2 121
1712259854503 64.4 122
1712259864616 74.4 123
1712259874702 72.3 124
1712259884777 72.5 125
1712259894851 72.6 126
1712259904944 72.6 127
1712259915037 73.8 128
1712259925131 73.8 129
1712259935216 73.8 130
1712259945289 73.8 131
1712259955400 74.0 132
1712259965484 73.8 133
1712259975561 73.8 134
1712259985654 73.8 135
1712259995744 73.9 136
1712260005826 73.7 137
1712260015940 73.7 138
1712260026035 80.4 139
1712260036144 99.0 140
1712260046249 98.0 141
1712260056362 79.9 142
1712260066458 85.6 143
1712260076599 88.5 144
1712260086720 89.2 145
1712260096811 87.9 146
1712260106895 88.1 147
1712260117000 88.2 148
1712260127098 88.3 149
1712260137180 88.6 150
1712260147260 88.9 151
1712260157348 89.3 152
1712260167443 89.2 153
1712260177515 89.2 154
1712260187610 89.4 155
1712260197714 90.9 156
1712260207798 91.0 157
1712260217920 91.0 158
1712260228000 91.1 159
1712260238094 91.2 160
1712260248199 93.2 161
1712260258283 93.6 162
1712260268359 93.7 163
1712260278462 94.4 164
1712260288546 94.7 165
1712260298651 86.2 166
1712260308737 87.5 167
1712260318843 87.8 168
1712260328933 87.9 169
1712260339023 88.1 170
1712260349105 88.2 171
1712260359195 88.2 172
1712260369276 88.4 173
1712260379378 88.6 174
1712260389477 88.7 175
1712260399561 88.7 176
1712260409664 88.7 177
1712260419753 88.9 178
1712260429847 89.0 179
1712260439955 89.1 180
1712260450037 89.3 181
1712260460117 89.6 182
1712260470222 89.5 183
1712260480302 89.5 184
1712260490382 93.5 185
1712260500489 93.6 186
1712260510582 93.7 187
1712260520668 93.7 188
1712260530760 93.8 189
1712260540844 94.0 190
1712260550938 94.5 191
1712260561030 94.3 192
1712260571127 94.6 193
1712260581208 94.5 194
1712260591305 94.6 195
1712260601403 94.6 196
1712260611506 94.7 197
1712260621623 94.6 198
1712260631726 94.7 199
1712260641833 94.6 200
1712260651937 94.7 201
1712260662046 94.6 202
1712260672139 95.0 203
1712260682224 95.0 204
1712260692307 95.1 205
1712260702427 95.1 206
1712260712502 95.1 207
1712260722593 95.0 208
1712260732689 95.1 209
1712260742779 95.1 210
1712260752858 95.0 211
1712260762967 94.8 212
1712260773054 94.8 213
1712260783130 94.9 214
1712260793217 95.0 215
1712260803293 95.1 216
1712260813385 95.1 217
1712260823483 95.0 218
1712260833566 95.0 219
1712260843664 95.0 220
1712260853758 95.4 221
1712260863851 95.2 222
1712260873959 95.2 223
1712260884070 95.2 224
1712260894155 95.2 225
1712260904250 95.2 226
1712260914351 95.3 227
1712260924461 95.4 228
1712260934552 95.4 229
1712260944639 95.3 230
1712260954748 95.3 231
1712260964844 95.3 232
1712260974944 95.4 233
1712260985039 95.5 234
1712260995132 95.6 235
1712261005226 95.5 236
1712261015332 95.6 237
1712261025443 95.5 238
1712261035544 95.7 239
1712261045650 95.7 240
1712261055736 95.7 241
1712261065862 95.7 242
1712261075975 95.7 243
1712261086095 95.7 244
1712261096208 95.7 245
1712261106290 95.8 246
1712261116381 95.9 247
1712261126464 95.9 248
1712261136563 95.9 249
1712261146653 95.9 250
1712261156737 96.2 251
1712261166826 96.3 252
1712261176930 96.2 253
1712261187029 96.2 254
1712261197156 96.4 255
1712261207257 96.3 256
1712261217352 96.4 257
1712261227441 96.5 258
1712261237540 96.4 259
1712261247626 61.7 260
1712261257708 66.9 261
1712261267806 76.7 262
1712261277897 74.6 263
1712261287999 74.8 264
1712261298103 74.7 265
1712261308198 74.7 266
1712261318291 74.8 267
1712261328375 74.8 268
1712261338455 74.7 269
1712261348548 74.8 270
1712261358633 75.0 271
1712261368718 74.8 272
1712261378800 74.7 273
1712261388885 74.8 274
1712261398981 74.8 275
1712261409087 74.9 276
1712261419209 74.9 277
1712261429341 84.6 278
1712261439452 99.9 279
1712261449571 97.6 280
1712261459670 78.2 281
1712261469774 82.8 282
1712261479878 86.5 283
1712261489966 88.5 284
1712261500086 89.0 285
1712261510185 88.4 286
1712261520265 90.5 287
1712261530360 90.9 288
1712261540442 91.1 289
1712261550527 91.5 290
1712261560622 91.5 291
1712261570712 91.9 292
1712261580794 92.0 293
1712261590902 92.3 294
1712261600981 92.3 295
1712261611077 92.4 296
1712261621161 92.5 297
1712261631249 92.8 298
1712261641352 92.8 299
1712261651443 93.0 300
1712261661545 93.4 301
1712261671644 93.8 302
1712261681746 93.8 303
1712261691839 93.8 304
1712261701945 94.0 305
1712261712072 94.1 306
1712261722168 94.2 307
1712261732259 94.3 308
1712261742357 94.3 309
1712261752469 94.4 310
1712261762561 94.5 311
1712261772646 94.6 312
1712261782762 94.6 313
1712261792849 94.6 314
1712261802943 94.6 315
1712261813040 94.8 316
1712261823129 94.8 317
1712261833237 94.9 318
1712261843336 95.0 319
1712261853438 94.9 320
1712261863533 94.9 321
1712261873650 95.1 322
1712261883780 95.2 323
1712261893867 95.2 324
1712261903977 95.2 325
1712261914066 95.2 326
1712261924183 95.3 327
1712261934280 95.4 328
1712261944369 95.5 329
1712261954492 95.6 330
1712261964601 95.6 331
1712261974704 95.6 332
1712261984820 95.7 333
1712261994915 95.7 334
1712262005018 95.7 335
1712262015131 95.8 336
1712262025260 95.8 337
1712262035353 95.8 338
1712262045479 95.8 339
1712262055586 96.1 340
1712262065688 96.0 341
1712262075786 95.9 342
1712262085893 95.9 343
1712262096021 95.9 344
1712262106136 95.1 345
1712262116267 95.4 346
1712262126384 95.6 347
1712262136511 95.7 348
1712262146638 95.7 349
1712262156761 95.9 350
1712262166882 95.9 351
1712262177007 95.9 352
1712262187141 96.0 353
1712262197246 96.0 354
1712262207372 96.4 355
1712262217488 96.4 356
1712262227603 96.2 357
1712262237697 96.2 358
1712262247785 96.2 359
1712262257880 96.4 360
1712262268003 96.2 361
1712262278093 96.2 362
1712262288184 96.3 363
1712262298281 96.3 364
1712262308364 96.6 365
1712262318479 96.6 366
1712262328574 96.5 367
1712262338673 96.5 368
1712262348790 96.5 369
1712262358899 96.6 370
1712262369010 96.7 371
1712262379133 96.7 372
1712262389235 96.7 373
1712262399337 96.7 374
1712262409423 96.7 375
1712262419537 96.7 376
1712262429639 96.8 377
1712262439732 96.9 378
1712262449819 96.9 379
1712262459908 96.8 380
1712262469993 97.0 381
1712262480096 97.0 382
1712262490199 97.1 383
1712262500333 97.1 384
1712262510435 97.1 385
1712262520561 97.1 386
1712262530647 97.1 387
1712262540748 97.2 388
1712262550840 97.3 389
1712262560957 97.2 390
1712262571041 97.2 391
1712262581147 97.1 392
1712262591248 97.1 393
1712262601340 97.1 394
1712262611451 97.2 395
1712262621548 97.2 396
1712262631645 97.1 397
1712262641740 97.1 398
1712262651828 51.9 399
1712262661910 67.5 400
1712262672000 77.6 401
1712262682090 77.2 402
1712262692186 77.2 403
1712262702281 77.2 404
1712262712387 78.0 405
1712262722480 78.2 406
1712262732575 78.6 407
1712262742665 78.5 408
1712262752769 78.5 409
1712262762874 78.6 410
1712262772962 78.5 411
1712262783054 78.5 412
1712262793224 78.7 413
1712262803340 78.7 414
1712262813442 78.7 415
1712262823572 78.5 416
1712262833720 78.4 417
1712262843860 95.4 418
1712262854120 86.3 419
1712262864262 75.9 420
1712262874388 85.7 421
1712262884498 88.4 422
1712262894619 90.0 423
1712262904743 88.9 424
1712262914843 89.2 425
1712262924945 89.4 426
1712262935036 89.6 427
1712262945122 89.8 428
1712262955218 90.9 429
1712262965324 91.1 430
1712262975428 91.3 431
1712262985520 92.7 432
1712262995614 92.7 433
1712263005714 92.8 434
1712263015832 93.1 435
1712263025918 93.2 436
1712263036011 93.3 437
1712263046127 93.6 438
1712263056239 93.6 439
1712263066337 93.7 440
1712263076425 94.1 441
1712263086522 94.2 442
1712263096622 94.4 443
1712263106730 94.4 444
1712263116850 94.5 445
1712263126964 95.0 446
1712263137088 95.0 447
1712263147207 95.1 448
1712263157317 95.4 449
1712263167444 95.3 450
1712263177545 95.2 451
1712263187628 94.0 452
1712263197718 94.1 453
1712263207807 94.2 454
1712263217893 94.2 455
1712263227988 94.2 456
1712263238098 94.2 457
1712263248202 96.2 458
1712263258289 94.5 459
1712263268381 94.7 460
1712263278476 94.8 461
1712263288560 94.8 462
1712263298644 94.8 463
1712263308739 95.0 464
1712263318835 95.0 465
1712263328970 95.1 466
1712263339090 95.2 467
1712263349177 95.4 468
1712263359291 95.4 469
1712263369423 95.9 470
1712263379537 96.0 471
1712263389634 96.0 472
1712263399738 96.0 473
1712263409842 96.1 474
1712263419938 96.1 475
1712263430054 96.2 476
1712263440149 96.2 477
1712263450256 96.3 478
1712263460354 96.4 479
1712263470437 96.2 480
1712263480537 96.2 481
1712263490638 96.2 482
1712263500737 96.3 483
1712263510829 96.2 484
1712263520932 96.3 485
1712263531042 96.3 486
1712263541147 96.5 487
1712263551263 96.6 488
1712263561359 96.7 489
1712263571457 96.8 490
1712263581556 96.7 491
1712263591646 96.8 492
1712263601746 96.7 493
1712263611861 96.7 494
1712263621967 96.8 495
1712263632076 96.8 496
1712263642186 96.8 497
1712263652309 96.8 498
1712263662410 96.9 499
1712263672502 96.9 500
1712263682619 97.0 501
1712263692714 97.0 502
1712263702847 97.1 503
1712263712940 97.0 504
1712263723031 97.0 505
1712263733135 97.2 506
1712263743248 97.3 507
1712263753355 97.3 508
1712263763453 97.3 509
1712263773558 97.2 510
1712263783661 97.2 511
1712263793776 97.3 512
1712263803862 97.4 513
1712263813969 97.4 514
1712263824065 97.4 515
1712263834205 97.4 516
1712263844300 97.4 517
1712263854392 97.7 518
1712263864490 97.7 519
1712263874584 97.6 520
1712263884692 97.6 521
1712263894797 97.6 522
1712263904907 97.6 523
1712263915003 97.7 524
1712263925120 97.7 525
1712263935231 97.8 526
1712263945361 97.8 527
1712263955473 97.8 528
1712263965591 97.8 529
1712263975682 97.9 530
1712263985785 97.9 531
1712263995892 97.9 532
1712264006011 97.9 533
1712264016133 97.7 534
1712264026225 97.8 535
1712264036320 97.9 536
1712264046427 98.0 537
1712264056524 63.8 538
1712264066645 72.3 539
1712264076758 77.2 540
1712264086851 80.5 541
1712264096973 79.5 542
1712264107080 79.5 543
1712264117217 79.7 544
1712264127334 79.7 545
1712264137442 79.9 546
1712264147542 80.4 547
1712264157651 80.3 548
1712264167753 80.4 549
1712264177843 80.3 550
1712264187995 80.3 551
1712264198129 80.3 552
1712264208225 80.5 553
1712264218324 80.5 554
1712264228442 80.5 555
1712264238794 86.2 556
1712264248914 97.9 557
1712264259024 95.4 558
1712264269136 80.8 559
1712264279261 86.1 560
1712264289370 89.0 561
1712264299474 88.8 562
1712264309600 89.7 563
1712264319709 89.9 564
1712264329824 90.7 565
1712264339926 91.0 566
1712264350045 91.2 567
1712264360153 91.7 568
1712264370251 91.9 569
1712264380354 91.9 570
1712264390455 92.2 571
1712264400560 92.4 572
1712264410660 92.5 573
1712264420771 92.6 574
1712264430870 92.6 575
1712264440969 92.7 576
1712264451070 93.2 577
1712264461189 93.4 578
1712264471293 93.6 579
1712264481395 94.3 580
1712264491519 94.2 581
1712264501611 95.3 582
1712264511701 95.2 583
1712264521805 95.1 584
1712264531932 95.3 585
1712264542037 95.3 586
1712264552150 95.4 587
1712264562379 95.4 588
1712264572495 95.6 589
1712264582616 95.7 590
1712264592723 95.8 591
1712264602810 96.2 592
1712264612908 96.2 593
1712264623011 96.2 594
1712264633115 96.4 595
1712264643204 96.5 596
1712264653308 96.6 597
1712264663397 96.8 598
1712264673515 96.9 599
1712264683627 97.0 600
1712264693725 97.2 601
1712264703836 97.4 602
1712264714066 97.5 603
1712264724153 97.6 604
1712264734261 97.5 605
1712264744349 97.6 606
1712264754441 97.2 607
1712264764533 97.1 608
1712264774651 97.2 609
1712264784745 97.2 610
1712264794847 97.1 611
1712264804933 97.2 612
1712264815023 97.3 613
1712264825120 97.4 614
1712264835206 97.4 615
1712264845307 97.4 616
1712264855399 97.6 617
1712264865497 97.5 618
1712264875592 97.7 619
1712264885681 97.7 620
1712264895781 97.7 621
1712264905882 97.7 622
1712264915978 97.7 623
1712264926085 97.6 624
1712264936178 97.8 625
1712264946289 97.8 626
1712264956378 97.9 627
1712264966479 97.7 628
1712264976602 97.7 629
1712264986694 97.6 630
1712264996819 97.7 631
1712265006937 97.7 632
1712265017193 97.7 633
1712265027329 97.8 634
1712265037456 92.8 635
1712265047602 94.1 636
1712265057744 94.6 637
1712265067857 94.8 638
1712265077984 94.8 639
1712265088106 95.0 640
1712265098231 94.9 641
1712265108352 95.1 642
1712265118489 95.0 643
1712265128619 95.1 644
1712265138727 95.0 645
1712265148843 94.7 646
1712265158954 94.8 647
1712265169176 95.2 648
1712265179293 95.3 649
1712265189409 95.5 650
1712265199507 95.5 651
1712265209620 95.5 652
1712265219721 95.5 653
1712265229813 95.6 654
1712265239916 95.6 655
1712265250010 95.7 656
1712265260113 96.1 657
1712265270240 95.9 658
1712265280376 95.9 659
1712265290502 96.0 660
1712265300636 95.8 661
1712265310762 95.9 662
1712265320870 95.9 663
1712265330977 96.0 664
1712265341078 95.9 665
1712265351234 96.0 666
1712265361331 96.1 667
1712265371431 96.2 668
1712265381526 96.2 669
1712265391629 96.2 670
1712265401721 96.2 671
1712265411827 96.2 672
1712265421924 96.3 673
1712265432015 96.3 674
1712265442112 96.3 675
1712265452211 96.4 676
1712265462320 60.3 677
1712265472466 69.9 678
1712265482682 74.5 679
1712265492793 74.5 680
1712265502909 74.5 681
1712265513038 74.5 682
1712265523145 74.4 683
1712265533247 74.7 684
1712265543371 74.9 685
1712265553495 74.8 686
1712265563612 74.7 687
1712265573719 74.7 688
1712265583822 74.7 689
1712265593925 74.7 690
1712265604015 75.8 691
1712265614105 75.7 692
1712265624196 75.7 693
1712265634357 75.7 694
1712265645071 85.0 695
1712265655827 98.1 696
1712265665951 98.2 697
