1712258624133 8108.0 0
1712258634299 14740.7 1
1712258644395 16294.4 2
1712258654474 13183.5 3
1712258664589 14832.4 4
1712258674680 15270.2 5
1712258684761 15510.4 6
1712258694836 15624.4 7
1712258704910 15694.9 8
1712258714986 15728.8 9
1712258725068 15763.8 10
1712258735130 15814.8 11
1712258745203 15904.7 12
1712258755267 16001.6 13
1712258765335 16059.8 14
1712258775407 16099.1 15
1712258785492 16090.7 16
1712258795561 16096.9 17
1712258805620 16102.2 18
1712258815701 16123.1 19
1712258825786 16148.7 20
1712258835870 16170.3 21
1712258845945 16219.1 22
1712258856031 16191.6 23
1712258866104 16196.7 24
1712258876179 16253.3 25
1712258886273 16275.0 26
1712258896363 16293.3 27
1712258906458 16281.3 28
1712258916541 16279.0 29
1712258926649 16286.2 30
1712258936743 16286.7 31
1712258946813 16308.1 32
1712258956902 16345.7 33
1712258966989 16299.6 34
1712258977078 16300.1 35
1712258987177 16303.7 36
1712258997238 16321.5 37
1712259007327 16344.9 38
1712259017391 16349.3 39
1712259027468 16345.9 40
1712259037553 16345.1 41
1712259047636 16389.0 42
1712259057728 16399.8 43
1712259067835 16307.8 44
1712259077919 16336.0 45
1712259088019 16314.8 46
1712259098094 16318.0 47
1712259108203 16324.9 48
1712259118290 16350.0 49
1712259128376 16381.8 50
1712259138462 16409.7 51
1712259148536 16409.2 52
1712259158609 16411.2 53
1712259168685 16420.9 54
1712259178769 16428.7 55
1712259188856 16434.4 56
1712259198929 16434.0 57
1712259209014 16447.6 58
1712259219108 16443.6 59
1712259229184 16457.1 60
1712259239283 16474.4 61
1712259249358 16468.4 62
1712259259456 16474.8 63
1712259269546 16445.3 64
1712259279659 16447.0 65
1712259289762 16454.2 66
1712259299842 16455.2 67
1712259309922 16469.0 68
1712259320005 16473.6 69
1712259330111 16478.4 70
1712259340187 16472.1 71
1712259350278 16489.6 72
1712259360359 16458.2 73
1712259370427 16475.7 74
1712259380509 16213.4 75
1712259390587 16265.1 76
1712259400682 16286.2 77
1712259410761 16306.6 78
1712259420841 16327.5 79
1712259430946 16318.9 80
1712259441021 16313.5 81
1712259451098 16318.7 82
1712259461190 16314.9 83
1712259471272 16341.8 84
1712259481343 16341.6 85
1712259491422 16351.9 86
1712259501503 16346.8 87
1712259511595 16352.1 88
1712259521683 16344.0 89
1712259531773 16354.7 90
1712259541840 16369.5 91
1712259551929 16372.4 92
1712259562020 16350.6 93
1712259572103 16338.3 94
1712259582185 16344.8 95
1712259592277 16373.5 96
1712259602348 16372.4 97
1712259612427 16384.2 98
1712259622515 16374.4 99
1712259632606 16379.5 100
1712259642696 16381.5 101
1712259652780 16413.1 102
1712259662856 16386.0 103
1712259672938 16409.1 104
1712259683011 16386.9 105
1712259693091 16386.7 106
1712259703170 16375.7 107
1712259713247 16399.6 108
1712259723335 16402.8 109
1712259733404 16404.3 110
1712259743509 16402.4 111
1712259753625 16378.9 112
1712259763716 16375.7 113
1712259773797 16385.0 114
1712259783869 16404.3 115
1712259793947 16410.4 116
1712259804025 16411.1 117
1712259814120 16407.7 118
1712259824201 16425.8 119
1712259834306 16451.6 120
1712259844411 9992.2 121
1712259854503 10867.6 122
1712259864616 12549.0 123
1712259874702 12189.6 124
1712259884777 12231.2 125
1712259894851 12252.0 126
1712259904944 12252.0 127
1712259915037 12449.4 128
1712259925131 12450.8 129
1712259935216 12455.4 130
1712259945289 12447.8 131
1712259955400 12481.9 132
1712259965484 12454.9 133
1712259975561 12455.3 134
1712259985654 12452.4 135
1712259995744 12456.8 136
1712260005826 12433.7 137
1712260015940 12438.8 138
1712260026035 13566.6 139
1712260036144 16691.6 140
1712260046249 16533.3 141
1712260056362 13483.5 142
1712260066458 14445.9 143
1712260076599 14933.9 144
1712260086720 15052.2 145
1712260096811 14828.8 146
1712260106895 14861.5 147
1712260117000 14877.4 148
1712260127098 14898.2 149
1712260137180 14939.7 150
1712260147260 14987.5 151
1712260157348 15058.8 152
1712260167443 15044.9 153
1712260177515 15040.4 154
1712260187610 15072.3 155
1712260197714 15333.4 156
1712260207798 15344.9 157
1712260217920 15351.5 158
1712260228000 15364.8 159
1712260238094 15375.5 160
1712260248199 15725.0 161
1712260258283 15784.0 162
1712260268359 15798.0 163
1712260278462 15930.4 164
1712260288546 15975.9 165
1712260298651 14537.9 166
1712260308737 14755.5 167
1712260318843 14805.8 168
1712260328933 14834.1 169
1712260339023 14861.3 170
1712260349105 14872.5 171
1712260359195 14877.3 172
1712260369276 14917.8 173
1712260379378 14944.3 174
1712260389477 14957.2 175
1712260399561 14960.7 176
1712260409664 14965.2 177
1712260419753 14988.6 178
1712260429847 15014.7 179
1712260439955 15026.8 180
1712260450037 15058.6 181
1712260460117 15112.0 182
1712260470222 15089.6 183
1712260480302 15101.9 184
1712260490382 15775.5 185
1712260500489 15782.2 186
1712260510582 15803.2 187
1712260520668 15812.2 188
1712260530760 15814.6 189
1712260540844 15854.6 190
1712260550938 15944.5 191
1712260561030 15904.5 192
1712260571127 15949.8 193
1712260581208 15937.5 194
1712260591305 15953.4 195
1712260601403 15957.0 196
1712260611506 15970.5 197
1712260621623 15962.1 198
1712260631726 15968.3 199
1712260641833 15955.8 200
1712260651937 15970.4 201
1712260662046 15956.8 202
1712260672139 16017.4 203
1712260682224 16020.8 204
1712260692307 16042.1 205
1712260702427 16035.1 206
1712260712502 16040.5 207
1712260722593 16025.7 208
1712260732689 16048.1 209
1712260742779 16044.5 210
1712260752858 16023.5 211
1712260762967 15997.2 212
1712260773054 15993.6 213
1712260783130 16002.6 214
1712260793217 16017.7 215
1712260803293 16040.2 216
1712260813385 16035.8 217
1712260823483 16029.6 218
1712260833566 16030.4 219
1712260843664 16019.5 220
1712260853758 16082.8 221
1712260863851 16062.2 222
1712260873959 16060.4 223
1712260884070 16061.2 224
1712260894155 16054.2 225
1712260904250 16050.7 226
1712260914351 16068.9 227
1712260924461 16094.5 228
1712260934552 16084.5 229
1712260944639 16080.2 230
1712260954748 16073.4 231
1712260964844 16071.6 232
1712260974944 16091.2 233
1712260985039 16101.9 234
1712260995132 16122.7 235
1712261005226 16107.9 236
1712261015332 16119.1 237
1712261025443 16110.4 238
1712261035544 16135.6 239
1712261045650 16140.9 240
1712261055736 16143.6 241
1712261065862 16146.7 242
1712261075975 16141.5 243
1712261086095 16140.5 244
1712261096208 16134.1 245
1712261106290 16165.5 246
1712261116381 16173.0 247
1712261126464 16172.0 248
1712261136563 16172.9 249
1712261146653 16180.8 250
1712261156737 16228.8 251
1712261166826 16235.2 252
1712261176930 16229.1 253
1712261187029 16233.4 254
1712261197156 16257.8 255
1712261207257 16238.7 256
1712261217352 16256.5 257
1712261227441 16270.9 258
1712261237540 16267.2 259
1712261247626 10412.9 260
1712261257708 11283.0 261
1712261267806 12944.1 262
1712261277897 12590.7 263
1712261287999 12608.9 264
1712261298103 12605.6 265
1712261308198 12597.9 266
1712261318291 12610.5 267
1712261328375 12609.9 268
1712261338455 12606.2 269
1712261348548 12613.0 270
1712261358633 12647.0 271
1712261368718 12609.1 272
1712261378800 12600.9 273
1712261388885 12622.8 274
1712261398981 12609.0 275
1712261409087 12626.1 276
1712261419209 12631.5 277
1712261429341 14266.5 278
1712261439452 16854.2 279
1712261449571 16453.7 280
1712261459670 13187.6 281
1712261469774 13957.7 282
1712261479878 14594.1 283
1712261489966 14920.3 284
1712261500086 15008.3 285
1712261510185 14917.0 286
1712261520265 15271.5 287
1712261530360 15326.3 288
1712261540442 15373.8 289
1712261550527 15440.1 290
1712261560622 15435.6 291
1712261570712 15508.5 292
1712261580794 15525.0 293
1712261590902 15564.3 294
1712261600981 15576.1 295
1712261611077 15589.0 296
1712261621161 15601.5 297
1712261631249 15646.1 298
1712261641352 15657.3 299
1712261651443 15683.6 300
1712261661545 15747.4 301
1712261671644 15822.4 302
1712261681746 15824.4 303
1712261691839 15827.5 304
1712261701945 15854.3 305
1712261712072 15870.9 306
1712261722168 15892.1 307
1712261732259 15901.0 308
1712261742357 15902.6 309
1712261752469 15930.6 310
1712261762561 15945.1 311
1712261772646 15955.4 312
1712261782762 15949.8 313
1712261792849 15960.3 314
1712261802943 15957.4 315
1712261813040 15996.2 316
1712261823129 15990.3 317
1712261833237 16009.3 318
1712261843336 16021.3 319
1712261853438 16003.8 320
1712261863533 16003.8 321
1712261873650 16042.2 322
1712261883780 16052.2 323
1712261893867 16061.4 324
1712261903977 16056.6 325
1712261914066 16061.2 326
1712261924183 16070.0 327
1712261934280 16085.9 328
1712261944369 16114.9 329
1712261954492 16117.8 330
1712261964601 16128.1 331
1712261974704 16120.3 332
1712261984820 16134.2 333
1712261994915 16139.6 334
1712262005018 16148.5 335
1712262015131 16156.3 336
1712262025260 16151.7 337
1712262035353 16155.5 338
1712262045479 16156.2 339
1712262055586 16209.1 340
1712262065688 16191.8 341
1712262075786 16177.9 342
1712262085893 16179.8 343
1712262096021 16167.4 344
1712262106136 16041.9 345
1712262116267 16083.6 346
1712262126384 16127.3 347
1712262136511 16145.1 348
1712262146638 16140.8 349
1712262156761 16183.6 350
1712262166882 16180.3 351
1712262177007 16169.4 352
1712262187141 16186.7 353
1712262197246 16196.6 354
1712262207372 16253.5 355
1712262217488 16258.3 356
1712262227603 16218.5 357
1712262237697 16223.3 358
1712262247785 16229.7 359
1712262257880 16251.3 360
1712262268003 16232.2 361
1712262278093 16228.9 362
1712262288184 16238.5 363
1712262298281 16248.7 364
1712262308364 16294.6 365
1712262318479 16289.3 366
1712262328574 16272.8 367
1712262338673 16269.1 368
1712262348790 16282.3 369
1712262358899 16298.6 370
1712262369010 16313.1 371
1712262379133 16306.7 372
1712262389235 16312.8 373
1712262399337 16313.4 374
1712262409423 16318.1 375
1712262419537 16318.0 376
1712262429639 16328.7 377
1712262439732 16335.9 378
1712262449819 16337.4 379
1712262459908 16335.3 380
1712262469993 16354.7 381
1712262480096 16355.3 382
1712262490199 16377.3 383
1712262500333 16371.4 384
1712262510435 16376.3 385
1712262520561 16374.3 386
1712262530647 16382.1 387
1712262540748 16386.4 388
1712262550840 16411.2 389
1712262560957 16389.3 390
1712262571041 16398.1 391
1712262581147 16374.0 392
1712262591248 16382.3 393
1712262601340 16379.3 394
1712262611451 16395.8 395
1712262621548 16386.9 396
1712262631645 16383.5 397
1712262641740 16383.6 398
1712262651828 8746.5 399
1712262661910 11380.7 400
1712262672000 13094.5 401
1712262682090 13020.0 402
1712262692186 13013.0 403
1712262702281 13024.9 404
1712262712387 13155.9 405
1712262722480 13197.7 406
1712262732575 13251.0 407
1712262742665 13248.2 408
1712262752769 13240.5 409
1712262762874 13249.9 410
1712262772962 13241.1 411
1712262783054 13244.4 412
1712262793224 13267.5 413
1712262803340 13268.1 414
1712262813442 13268.0 415
1712262823572 13239.1 416
1712262833720 13225.3 417
1712262843860 16086.5 418
1712262854120 14563.8 419
1712262864262 12794.7 420
1712262874388 14454.7 421
1712262884498 14912.4 422
1712262894619 15185.9 423
1712262904743 15003.1 424
1712262914843 15048.5 425
1712262924945 15086.2 426
1712262935036 15117.5 427
1712262945122 15152.9 428
1712262955218 15326.8 429
1712262965324 15372.3 430
1712262975428 15395.2 431
1712262985520 15631.2 432
1712262995614 15642.3 433
1712263005714 15655.6 434
1712263015832 15696.1 435
1712263025918 15712.8 436
1712263036011 15733.0 437
1712263046127 15779.0 438
1712263056239 15789.2 439
1712263066337 15807.4 440
1712263076425 15869.4 441
1712263086522 15895.9 442
1712263096622 15928.4 443
1712263106730 15928.1 444
1712263116850 15941.9 445
1712263126964 16030.0 446
1712263137088 16024.9 447
1712263147207 16043.6 448
1712263157317 16091.8 449
1712263167444 16068.8 450
1712263177545 16064.2 451
1712263187628 15848.1 452
1712263197718 15870.0 453
1712263207807 15881.8 454
1712263217893 15890.0 455
1712263227988 15892.0 456
1712263238098 15884.2 457
1712263248202 16224.5 458
1712263258289 15943.5 459
1712263268381 15978.7 460
1712263278476 15983.4 461
1712263288560 15992.3 462
1712263298644 15995.2 463
1712263308739 16024.0 464
1712263318835 16031.9 465
1712263328970 16039.5 466
1712263339090 16051.6 467
1712263349177 16092.3 468
1712263359291 16095.2 469
1712263369423 16166.9 470
1712263379537 16188.6 471
1712263389634 16195.3 472
1712263399738 16195.3 473
1712263409842 16201.3 474
1712263419938 16202.0 475
1712263430054 16222.0 476
1712263440149 16229.8 477
1712263450256 16247.5 478
1712263460354 16259.6 479
1712263470437 16233.8 480
1712263480537 16218.7 481
1712263490638 16228.5 482
1712263500737 16245.8 483
1712263510829 16233.8 484
1712263520932 16238.0 485
1712263531042 16243.5 486
1712263541147 16284.1 487
1712263551263 16296.8 488
1712263561359 16310.0 489
1712263571457 16325.6 490
1712263581556 16308.9 491
1712263591646 16319.4 492
1712263601746 16318.2 493
1712263611861 16313.3 494
1712263621967 16323.2 495
1712263632076 16332.1 496
1712263642186 16323.7 497
1712263652309 16334.8 498
1712263662410 16343.1 499
1712263672502 16348.0 500
1712263682619 16356.1 501
1712263692714 16367.0 502
1712263702847 16373.5 503
1712263712940 16364.9 504
1712263723031 16361.5 505
1712263733135 16394.4 506
1712263743248 16407.1 507
1712263753355 16412.1 508
1712263763453 16406.8 509
1712263773558 16401.2 510
1712263783661 16401.7 511
1712263793776 16405.6 512
1712263803862 16425.1 513
1712263813969 16424.9 514
1712263824065 16421.8 515
1712263834205 16420.5 516
1712263844300 16432.4 517
1712263854392 16479.0 518
1712263864490 16474.4 519
1712263874584 16464.2 520
1712263884692 16460.4 521
1712263894797 16454.5 522
1712263904907 16458.6 523
1712263915003 16477.5 524
1712263925120 16481.5 525
1712263935231 16497.7 526
1712263945361 16499.8 527
1712263955473 16503.7 528
1712263965591 16501.0 529
1712263975682 16514.1 530
1712263985785 16509.3 531
1712263995892 16515.5 532
1712264006011 16508.8 533
1712264016133 16483.4 534
1712264026225 16492.9 535
1712264036320 16505.5 536
1712264046427 16522.5 537
1712264056524 10753.6 538
1712264066645 12194.5 539
1712264076758 13026.5 540
1712264086851 13583.9 541
1712264096973 13409.7 542
1712264107080 13408.2 543
1712264117217 13435.7 544
1712264127334 13441.8 545
1712264137442 13471.3 546
1712264147542 13554.2 547
1712264157651 13546.1 548
1712264167753 13569.1 549
1712264177843 13546.9 550
1712264187995 13552.1 551
1712264198129 13546.4 552
1712264208225 13578.9 553
1712264218324 13573.5 554
1712264228442 13575.2 555
1712264238794 14546.0 556
1712264248914 16509.3 557
1712264259024 16087.5 558
1712264269136 13622.0 559
1712264279261 14525.7 560
1712264289370 15009.3 561
1712264299474 14974.9 562
1712264309600 15126.8 563
1712264319709 15160.4 564
1712264329824 15303.0 565
1712264339926 15342.9 566
1712264350045 15375.1 567
1712264360153 15464.2 568
1712264370251 15503.9 569
1712264380354 15496.2 570
1712264390455 15555.0 571
1712264400560 15584.4 572
1712264410660 15610.0 573
1712264420771 15615.9 574
1712264430870 15621.6 575
1712264440969 15634.2 576
1712264451070 15726.1 577
1712264461189 15760.6 578
1712264471293 15787.0 579
1712264481395 15910.3 580
1712264491519 15894.4 581
1712264501611 16068.5 582
1712264511701 16057.6 583
1712264521805 16044.5 584
1712264531932 16071.1 585
1712264542037 16069.6 586
1712264552150 16082.6 587
1712264562379 16086.6 588
1712264572495 16129.2 589
1712264582616 16140.1 590
1712264592723 16165.3 591
1712264602810 16218.4 592
1712264612908 16221.2 593
1712264623011 16229.6 594
1712264633115 16261.1 595
1712264643204 16277.4 596
1712264653308 16293.3 597
1712264663397 16321.3 598
1712264673515 16348.8 599
1712264683627 16367.4 600
1712264693725 16397.7 601
1712264703836 16435.6 602
1712264714066 16446.3 603
1712264724153 16460.1 604
1712264734261 16440.7 605
1712264744349 16467.0 606
1712264754441 16386.5 607
1712264764533 16384.7 608
1712264774651 16395.0 609
1712264784745 16389.6 610
1712264794847 16385.7 611
1712264804933 16394.8 612
1712264815023 16417.4 613
1712264825120 16432.8 614
1712264835206 16435.4 615
1712264845307 16431.8 616
1712264855399 16453.7 617
1712264865497 16449.3 618
1712264875592 16474.9 619
1712264885681 16472.4 620
1712264895781 16478.9 621
1712264905882 16481.8 622
1712264915978 16475.7 623
1712264926085 16470.4 624
1712264936178 16491.4 625
1712264946289 16502.4 626
1712264956378 16514.8 627
1712264966479 16486.8 628
1712264976602 16483.5 629
1712264986694 16458.4 630
1712264996819 16483.5 631
1712265006937 16481.0 632
1712265017193 16480.9 633
1712265027329 16489.4 634
1712265037456 15659.4 635
1712265047602 15878.6 636
1712265057744 15962.6 637
1712265067857 15992.1 638
1712265077984 15995.5 639
1712265088106 16022.1 640
1712265098231 16003.6 641
1712265108352 16034.3 642
1712265118489 16029.0 643
1712265128619 16043.3 644
1712265138727 16031.2 645
1712265148843 15972.2 646
1712265158954 15993.9 647
1712265169176 16051.3 648
1712265179293 16077.4 649
1712265189409 16107.7 650
1712265199507 16106.6 651
1712265209620 16106.0 652
1712265219721 16109.5 653
1712265229813 16126.5 654
1712265239916 16123.9 655
1712265250010 16144.6 656
1712265260113 16202.7 657
1712265270240 16173.8 658
1712265280376 16173.3 659
1712265290502 16194.7 660
1712265300636 16160.0 661
1712265310762 16179.6 662
1712265320870 16173.4 663
1712265330977 16188.7 664
1712265341078 16183.4 665
1712265351234 16197.3 666
1712265361331 16204.5 667
1712265371431 16231.1 668
1712265381526 16219.7 669
1712265391629 16231.8 670
1712265401721 16222.2 671
1712265411827 16226.3 672
1712265421924 16237.3 673
1712265432015 16249.2 674
1712265442112 16245.4 675
1712265452211 16261.4 676
1712265462320 10163.6 677
1712265472466 11781.6 678
1712265482682 12562.2 679
1712265492793 12567.1 680
1712265502909 12572.9 681
1712265513038 12561.1 682
1712265523145 12556.5 683
1712265533247 12607.5 684
1712265543371 12632.4 685
1712265553495 12610.2 686
1712265563612 12604.9 687
1712265573719 12597.3 688
1712265583822 12592.1 689
1712265593925 12603.0 690
1712265604015 12780.9 691
1712265614105 12770.8 692
1712265624196 12764.6 693
1712265634357 12762.4 694
1712265645071 14329.5 695
1712265655827 16553.9 696
1712265665951 16568.4 697
