1712237072988 0.0 0
1712237083019 5.9 1
1712237093091 5.4 2
1712237103127 3.9 3
1712237113197 6.7 4
1712237123293 7.8 5
1712237133385 7.7 6
1712237143419 7.7 7
1712237153519 7.6 8
1712237163608 7.4 9
1712237173653 7.7 10
1712237183734 10.4 11
1712237193768 7.4 12
1712237203807 9.2 13
1712237213891 7.1 14
1712237223927 7.0 15
1712237233969 7.1 16
1712237244085 7.2 17
1712237254121 6.9 18
1712237264192 7.3 19
1712237274287 7.1 20
1712237284389 6.9 21
1712237294497 7.0 22
1712237304578 7.0 23
1712237314614 7.1 24
1712237324642 7.1 25
1712237334674 8.7 26
1712237344709 8.0 27
1712237354735 8.1 28
1712237364807 9.4 29
1712237374906 7.7 30
1712237384973 7.3 31
1712237395046 7.3 32
1712237405084 7.4 33
1712237415165 7.8 34
1712237425237 7.3 35
1712237435315 7.8 36
1712237445406 7.4 37
1712237455488 7.7 38
1712237465571 8.5 39
1712237475660 7.9 40
1712237485754 7.2 41
1712237495848 7.0 42
1712237505924 7.3 43
1712237516002 6.9 44
1712237526086 6.8 45
1712237536188 7.2 46
1712237546276 6.9 47
1712237556351 7.0 48
1712237566431 7.2 49
1712237576518 7.2 50
1712237586598 7.3 51
1712237596695 7.2 52
1712237606727 7.1 53
1712237616808 9.8 54
1712237626910 7.6 55
1712237636997 7.1 56
1712237647075 7.2 57
1712237657164 7.1 58
1712237667248 7.3 59
1712237677331 7.3 60
1712237687411 7.2 61
1712237697497 7.1 62
1712237707591 8.6 63
1712237717684 7.6 64
1712237727771 7.2 65
1712237737854 7.4 66
1712237747938 7.1 67
1712237758027 11.2 68
1712237768107 10.0 69
1712237778200 7.0 70
1712237788287 7.1 71
1712237798383 7.0 72
1712237808480 7.1 73
1712237818562 7.2 74
1712237828657 7.0 75
1712237838742 7.3 76
1712237848825 8.6 77
1712237858863 7.3 78
1712237868894 7.6 79
1712237878971 9.0 80
1712237889054 7.2 81
1712237899142 7.0 82
1712237909229 7.8 83
1712237919317 7.0 84
1712237929407 7.1 85
1712237939502 7.2 86
1712237949607 7.0 87
1712237959686 7.0 88
1712237969766 7.2 89
1712237979839 7.1 90
1712237989930 7.1 91
1712238000024 7.1 92
1712238010093 6.9 93
1712238020198 7.1 94
1712238030285 7.0 95
1712238040375 7.4 96
1712238050454 8.0 97
1712238060538 7.7 98
1712238070613 7.1 99
1712238080689 7.1 100
1712238090757 8.0 101
1712238100844 7.0 102
1712238110929 7.1 103
1712238121012 6.9 104
1712238131087 8.5 105
1712238141173 9.4 106
1712238151257 7.2 107
1712238161347 7.2 108
1712238171426 7.1 109
1712238181515 6.9 110
1712238191599 7.1 111
1712238201683 7.0 112
1712238211771 7.2 113
1712238221864 7.0 114
1712238231961 7.0 115
1712238242050 7.2 116
1712238252133 7.1 117
1712238262218 7.1 118
1712238272299 7.0 119
1712238282383 7.0 120
1712238292461 7.7 121
1712238302562 6.2 122
1712238312651 4.4 123
1712238322736 3.9 124
1712238332818 7.6 125
1712238342903 9.0 126
1712238352977 8.8 127
1712238363062 8.1 128
1712238373148 8.2 129
1712238383247 8.0 130
1712238393335 8.1 131
1712238403419 8.1 132
1712238413502 8.1 133
1712238423588 8.1 134
1712238433685 8.0 135
1712238443777 8.1 136
1712238453872 8.0 137
1712238463908 8.1 138
1712238473964 8.6 139
1712238484101 7.1 140
1712238494503 6.5 141
1712238504639 5.0 142
1712238514732 6.2 143
1712238524825 8.9 144
1712238534921 8.2 145
1712238545054 7.0 146
1712238555232 8.7 147
1712238565326 6.8 148
1712238575432 6.4 149
1712238585511 6.7 150
1712238595607 6.6 151
1712238605702 6.6 152
1712238615797 6.7 153
1712238625891 7.0 154
1712238635987 6.7 155
1712238646076 7.4 156
1712238656172 7.3 157
1712238666276 6.8 158
1712238676373 6.7 159
1712238686415 8.4 160
1712238696502 10.9 161
1712238706602 6.7 162
1712238716703 6.7 163
1712238726757 6.7 164
1712238736857 7.5 165
1712238746957 7.2 166
1712238757051 7.2 167
1712238767145 7.4 168
1712238777233 6.8 169
1712238787330 7.0 170
1712238797429 7.1 171
1712238807514 7.2 172
1712238817605 6.9 173
1712238827703 7.1 174
1712238837782 7.1 175
1712238847874 6.9 176
1712238857966 7.3 177
1712238867997 8.2 178
1712238878080 10.7 179
1712238888172 7.6 180
1712238898257 7.0 181
1712238908364 7.2 182
1712238918453 7.1 183
1712238928541 7.2 184
1712238938623 8.4 185
1712238948713 7.2 186
1712238958799 8.5 187
1712238968891 7.1 188
1712238978991 7.0 189
1712238989079 7.0 190
1712238999160 7.0 191
1712239009264 7.2 192
1712239019351 7.1 193
1712239029441 7.1 194
1712239039529 7.1 195
1712239049608 7.6 196
1712239059696 7.1 197
1712239069783 7.3 198
1712239079873 8.1 199
1712239089969 7.0 200
1712239100067 8.7 201
1712239110169 11.9 202
1712239120265 11.9 203
1712239130343 11.9 204
1712239140431 8.3 205
1712239150519 7.1 206
1712239160600 7.0 207
1712239170689 6.9 208
1712239180768 7.0 209
1712239190859 6.9 210
1712239200963 6.9 211
1712239211058 7.1 212
1712239221155 7.0 213
1712239231235 6.9 214
1712239241329 7.1 215
1712239251418 8.2 216
1712239261514 7.1 217
1712239271620 7.1 218
1712239281721 7.1 219
1712239291804 7.1 220
1712239301888 7.1 221
1712239311967 7.1 222
1712239322083 7.0 223
1712239332176 7.3 224
1712239342280 7.3 225
1712239352378 7.2 226
1712239362489 7.0 227
1712239372575 7.2 228
1712239382658 7.0 229
1712239392758 7.2 230
1712239402856 7.1 231
1712239412949 7.1 232
1712239423028 7.0 233
1712239433118 7.2 234
1712239443207 7.1 235
1712239453296 7.1 236
1712239463384 7.1 237
1712239473484 7.0 238
1712239483561 7.0 239
1712239493659 7.1 240
1712239503745 7.2 241
1712239513841 7.4 242
1712239523940 7.1 243
1712239534018 7.1 244
1712239544098 7.2 245
1712239554191 8.5 246
1712239564279 7.1 247
1712239574374 7.1 248
1712239584462 7.2 249
1712239594556 7.2 250
1712239604651 7.3 251
1712239614738 7.3 252
1712239624822 7.1 253
1712239634917 10.2 254
1712239645031 7.5 255
1712239655141 7.2 256
1712239665228 7.2 257
1712239675330 7.2 258
1712239685421 7.3 259
1712239695864 7.1 260
1712239705961 7.9 261
1712239716044 4.3 262
1712239726151 3.9 263
1712239736258 7.4 264
1712239746359 8.1 265
1712239756443 8.8 266
1712239766526 8.3 267
1712239776625 8.2 268
1712239786705 8.2 269
1712239796790 8.1 270
1712239806884 8.0 271
1712239816964 8.2 272
1712239827058 8.1 273
1712239837147 8.1 274
1712239847248 8.9 275
1712239857336 10.2 276
1712239867426 8.3 277
1712239878806 8.4 278
1712239888885 8.5 279
1712239898993 6.4 280
1712239909100 6.9 281
1712239919209 5.2 282
1712239929313 8.9 283
1712239939398 7.5 284
1712239949486 7.1 285
1712239959579 7.0 286
1712239969662 7.1 287
1712239979753 7.1 288
1712239989837 6.8 289
1712239999922 6.5 290
1712240010016 6.8 291
1712240020110 6.9 292
1712240030199 6.8 293
1712240040290 8.6 294
1712240050377 6.9 295
1712240060470 6.8 296
1712240070556 6.9 297
1712240080646 7.0 298
1712240090730 7.0 299
1712240100818 6.9 300
1712240110905 7.1 301
1712240120997 7.0 302
1712240131097 7.0 303
1712240141202 8.4 304
1712240151297 7.9 305
1712240161384 6.9 306
1712240171460 7.0 307
1712240181539 7.1 308
1712240191635 6.9 309
1712240201734 7.0 310
1712240211823 6.9 311
1712240221909 7.0 312
1712240231960 7.3 313
1712240242058 7.3 314
1712240252098 7.0 315
1712240262190 7.8 316
1712240272275 8.3 317
1712240282320 7.0 318
1712240292353 7.7 319
1712240302441 7.9 320
1712240312540 7.6 321
1712240322627 7.1 322
1712240332712 7.1 323
1712240342796 7.2 324
1712240352888 7.1 325
1712240362975 7.1 326
1712240373065 7.0 327
1712240383160 7.0 328
1712240393262 7.1 329
1712240403346 7.2 330
1712240413437 7.2 331
1712240423522 7.2 332
1712240433603 7.1 333
1712240443686 7.2 334
1712240453776 7.9 335
1712240463871 7.1 336
1712240473995 7.1 337
1712240484088 7.0 338
1712240494183 7.5 339
1712240504288 7.1 340
1712240514383 7.2 341
1712240524466 7.1 342
1712240534556 7.0 343
1712240544639 8.1 344
1712240554730 7.2 345
1712240564826 7.1 346
1712240574907 7.0 347
1712240584991 7.0 348
1712240595089 7.1 349
1712240605175 7.0 350
1712240615283 7.2 351
1712240625376 7.0 352
1712240635479 7.0 353
1712240645565 7.0 354
1712240655660 7.2 355
1712240665766 7.2 356
1712240675863 7.1 357
1712240685951 7.0 358
1712240696043 7.1 359
1712240706127 7.0 360
1712240716225 7.1 361
1712240726314 7.1 362
1712240736407 7.0 363
1712240746497 7.2 364
1712240756577 7.8 365
1712240766677 7.2 366
1712240776765 7.0 367
1712240786857 7.0 368
1712240796958 7.0 369
1712240807072 7.1 370
1712240817172 7.2 371
1712240827261 7.1 372
1712240837351 7.1 373
1712240847439 7.1 374
1712240857526 7.0 375
1712240867625 7.1 376
1712240877728 7.2 377
1712240887838 7.1 378
1712240897936 6.9 379
1712240908034 7.0 380
1712240918123 7.0 381
1712240928220 7.0 382
1712240938308 8.0 383
1712240948406 8.1 384
1712240958499 7.1 385
1712240968583 7.0 386
1712240978671 7.0 387
1712240988764 7.0 388
1712240998864 7.2 389
1712241008964 7.1 390
1712241019050 7.1 391
1712241029148 7.1 392
1712241039241 7.0 393
1712241049330 7.1 394
1712241059416 8.2 395
1712241069503 7.3 396
1712241079590 7.2 397
1712241089686 6.9 398
1712241099787 7.0 399
1712241109874 8.5 400
1712241119971 3.8 401
1712241130060 5.1 402
1712241140150 7.1 403
1712241150231 7.6 404
1712241160320 7.9 405
1712241170416 8.0 406
1712241180496 8.1 407
1712241190583 7.9 408
1712241200694 8.0 409
1712241210785 8.0 410
1712241220880 7.9 411
1712241230972 8.1 412
1712241241062 8.1 413
1712241251166 8.0 414
1712241261945 8.0 415
1712241272047 7.7 416
1712241282171 7.9 417
1712241292262 8.0 418
1712241302370 5.9 419
1712241312478 6.3 420
1712241322634 6.4 421
1712241332794 6.7 422
1712241342947 6.9 423
1712241353105 7.5 424
1712241363269 7.2 425
1712241373427 7.1 426
1712241383566 7.0 427
1712241393718 7.0 428
1712241403868 7.0 429
1712241414025 7.1 430
1712241424181 7.1 431
1712241434283 7.1 432
1712241444373 6.9 433
1712241454470 6.9 434
1712241464575 7.0 435
1712241474685 7.0 436
1712241484723 7.5 437
1712241494823 10.2 438
1712241504926 6.9 439
1712241515019 7.0 440
1712241525122 7.0 441
1712241535222 7.0 442
1712241545311 7.1 443
1712241555440 6.8 444
1712241565557 7.2 445
1712241575651 7.0 446
1712241585758 7.0 447
1712241595873 7.0 448
1712241605981 7.2 449
1712241616074 7.2 450
1712241626168 7.2 451
1712241636264 7.2 452
1712241646357 7.2 453
1712241656448 8.3 454
1712241666542 7.2 455
1712241676627 7.8 456
1712241686717 7.2 457
1712241696808 7.0 458
1712241706896 7.0 459
1712241716980 7.2 460
1712241727084 7.2 461
1712241737186 7.3 462
1712241747283 7.2 463
1712241757387 7.1 464
1712241767487 7.0 465
1712241777613 7.1 466
1712241787703 7.0 467
1712241797801 7.0 468
1712241807884 7.0 469
1712241817981 7.0 470
1712241828081 7.1 471
1712241838189 7.1 472
1712241848280 11.5 473
1712241858372 9.5 474
1712241868462 7.1 475
1712241878570 7.1 476
1712241888695 7.2 477
1712241898797 7.3 478
1712241908921 7.1 479
1712241919035 7.5 480
1712241929133 7.2 481
1712241939226 7.1 482
1712241949350 9.0 483
1712241959451 7.5 484
1712241969551 7.1 485
1712241979654 7.0 486
1712241989755 7.2 487
1712241999859 7.1 488
1712242009955 7.0 489
1712242020048 7.2 490
1712242030160 7.1 491
1712242040262 6.9 492
1712242050350 7.0 493
1712242060436 7.1 494
1712242070546 7.1 495
1712242080637 7.5 496
1712242090744 7.2 497
1712242100840 7.0 498
1712242110947 7.1 499
1712242121042 7.1 500
1712242131146 7.5 501
1712242141256 7.8 502
1712242151357 7.3 503
1712242161458 7.1 504
1712242171555 7.2 505
1712242181648 7.1 506
1712242191738 7.1 507
1712242201834 7.1 508
1712242211927 7.1 509
1712242222023 7.0 510
1712242232137 7.0 511
1712242242231 7.1 512
1712242252328 7.7 513
1712242262423 7.0 514
1712242272515 7.2 515
1712242282606 7.0 516
1712242292702 7.1 517
1712242302785 7.1 518
1712242312878 7.0 519
1712242322970 7.1 520
1712242333061 7.2 521
1712242343154 7.0 522
1712242353247 7.1 523
1712242363346 7.0 524
1712242373392 7.3 525
1712242383492 7.8 526
1712242393597 7.6 527
1712242403696 7.1 528
1712242413804 7.0 529
1712242423909 7.0 530
1712242434003 6.9 531
1712242444052 7.0 532
1712242454156 12.1 533
1712242464526 8.5 534
1712242474636 8.2 535
1712242484727 10.9 536
1712242494819 7.3 537
1712242504916 7.3 538
1712242515037 8.1 539
1712242525154 4.1 540
1712242535258 4.4 541
1712242545360 8.1 542
1712242555485 8.7 543
1712242565615 8.0 544
1712242575719 8.3 545
1712242585833 8.3 546
1712242595951 9.8 547
1712242606066 9.1 548
1712242616178 8.0 549
1712242626273 8.5 550
1712242636363 8.3 551
1712242646405 8.2 552
1712242656524 8.3 553
1712242666637 7.8 554
1712242676770 7.9 555
1712242686877 8.4 556
1712242697068 8.4 557
1712242707200 6.5 558
1712242717332 4.3 559
1712242727469 8.6 560
1712242737587 5.5 561
1712242747725 9.0 562
1712242757852 7.8 563
1712242767988 7.4 564
1712242778106 7.0 565
1712242788231 7.1 566
1712242798359 6.6 567
1712242808482 6.5 568
1712242818598 7.0 569
1712242828713 7.2 570
1712242838832 7.7 571
1712242848950 8.6 572
1712242859065 7.6 573
1712242869175 7.2 574
1712242879290 7.1 575
1712242889426 7.1 576
1712242899482 7.2 577
1712242909601 8.5 578
1712242919715 8.7 579
1712242929851 7.3 580
1712242939956 7.1 581
1712242950090 7.2 582
1712242960187 7.1 583
1712242970305 7.1 584
1712242980413 7.4 585
1712242990535 7.2 586
1712243000645 7.2 587
1712243010748 7.0 588
1712243020856 7.2 589
1712243030964 6.9 590
1712243041065 7.3 591
1712243051169 7.4 592
1712243061288 7.1 593
1712243071401 7.1 594
1712243081515 7.1 595
1712243091627 7.1 596
1712243101738 7.2 597
1712243111849 7.3 598
1712243121973 7.1 599
1712243132109 7.3 600
1712243142218 7.6 601
1712243152334 9.0 602
1712243162457 7.4 603
1712243172563 7.1 604
1712243182671 7.0 605
1712243192771 7.3 606
1712243202893 7.0 607
1712243213020 7.1 608
1712243223124 7.0 609
1712243233236 7.0 610
1712243243327 7.1 611
1712243253439 7.1 612
1712243263566 7.1 613
1712243273681 8.0 614
1712243283724 11.1 615
1712243293840 9.3 616
1712243303955 7.9 617
1712243314087 6.6 618
1712243324229 7.4 619
1712243334353 7.2 620
1712243344464 7.2 621
1712243354590 7.3 622
1712243364696 7.2 623
1712243374810 7.2 624
1712243384920 7.2 625
1712243395050 7.2 626
1712243405172 7.1 627
1712243415288 7.6 628
1712243425408 9.1 629
1712243435542 7.7 630
1712243445662 7.5 631
1712243455774 7.7 632
1712243465892 7.6 633
1712243476006 6.9 634
1712243486122 7.3 635
1712243496224 7.0 636
1712243506337 6.8 637
1712243516459 7.4 638
1712243526571 7.3 639
1712243536702 7.4 640
1712243546820 7.5 641
1712243556928 8.8 642
1712243567050 7.9 643
1712243577541 7.4 644
1712243587657 7.4 645
1712243597787 7.0 646
1712243607911 7.3 647
1712243618026 7.7 648
1712243628139 7.2 649
1712243638259 6.9 650
1712243648360 7.4 651
1712243658466 7.7 652
1712243668584 7.8 653
1712243678715 7.6 654
1712243688836 7.1 655
1712243698963 7.7 656
1712243709074 9.7 657
1712243719193 7.7 658
1712243729310 7.7 659
1712243739437 7.1 660
1712243749562 7.7 661
1712243759681 8.4 662
1712243769792 7.4 663
1712243779895 7.5 664
1712243790005 7.1 665
1712243800124 7.3 666
1712243810244 7.2 667
1712243820361 7.2 668
1712243830497 7.1 669
1712243840632 8.9 670
1712243850748 8.7 671
1712243860876 7.0 672
1712243870995 7.7 673
1712243881115 7.3 674
1712243891256 7.3 675
1712243901369 7.3 676
1712243911486 7.1 677
1712243921612 7.1 678
1712243931781 8.5 679
1712243941896 3.2 680
1712243952015 4.9 681
1712243962073 5.7 682
1712243972164 9.2 683
1712243982264 9.2 684
1712243992356 8.2 685
1712244002449 8.4 686
1712244012546 8.2 687
1712244022660 8.0 688
1712244032774 8.0 689
1712244042874 8.1 690
1712244052993 9.2 691
1712244063121 8.4 692
1712244073236 8.4 693
1712244083335 8.0 694
1712244093445 8.2 695
1712244103569 8.1 696
1712244114260 8.2 697
1712244124380 7.4 698
1712244134500 6.5 699
1712244144611 5.0 700
