1712237072988 153718.1 0
1712237083019 160285.1 1
1712237093091 164682.9 2
1712237103127 167950.8 3
1712237113197 170050.9 4
1712237123293 170050.9 5
1712237133385 170050.9 6
1712237143419 170050.9 7
1712237153519 170050.9 8
1712237163608 170050.9 9
1712237173653 170050.9 10
1712237183734 170050.9 11
1712237193768 170050.9 12
1712237203807 170050.9 13
1712237213891 170050.9 14
1712237223927 170050.9 15
1712237233969 170050.9 16
1712237244085 170050.9 17
1712237254121 170050.9 18
1712237264192 170050.9 19
1712237274287 170050.9 20
1712237284389 170050.9 21
1712237294497 170050.9 22
1712237304578 170050.9 23
1712237314614 170050.9 24
1712237324642 170050.9 25
1712237334674 170050.9 26
1712237344709 170050.9 27
1712237354735 170050.9 28
1712237364807 170050.9 29
1712237374906 170050.9 30
1712237384973 170050.9 31
1712237395046 170050.9 32
1712237405084 170050.9 33
1712237415165 170050.9 34
1712237425237 170050.9 35
1712237435315 170050.9 36
1712237445406 170050.9 37
1712237455488 170050.9 38
1712237465571 170050.9 39
1712237475660 170050.9 40
1712237485754 170050.9 41
1712237495848 170050.9 42
1712237505924 170050.9 43
1712237516002 170050.9 44
1712237526086 170050.9 45
1712237536188 170050.9 46
1712237546276 170050.9 47
1712237556351 170050.9 48
1712237566431 170050.9 49
1712237576518 170050.9 50
1712237586598 170050.9 51
1712237596695 170050.9 52
1712237606727 170050.9 53
1712237616808 170050.9 54
1712237626910 170050.9 55
1712237636997 170050.9 56
1712237647075 170050.9 57
1712237657164 170050.9 58
1712237667248 170050.9 59
1712237677331 170050.9 60
1712237687411 170050.9 61
1712237697497 170050.9 62
1712237707591 170050.9 63
1712237717684 170050.9 64
1712237727771 170050.9 65
1712237737854 170050.9 66
1712237747938 170050.9 67
1712237758027 170050.9 68
1712237768107 170050.9 69
1712237778200 170050.9 70
1712237788287 170050.9 71
1712237798383 170050.9 72
1712237808480 170051.5 73
1712237818562 170051.5 74
1712237828657 170051.5 75
1712237838742 170051.5 76
1712237848825 170051.5 77
1712237858863 170051.5 78
1712237868894 170051.5 79
1712237878971 170051.5 80
1712237889054 170051.5 81
1712237899142 170051.5 82
1712237909229 170051.5 83
1712237919317 170051.5 84
1712237929407 170051.5 85
1712237939502 170051.5 86
1712237949607 170051.5 87
1712237959686 170051.5 88
1712237969766 170051.5 89
1712237979839 170051.5 90
1712237989930 170051.5 91
1712238000024 170051.5 92
1712238010093 170051.5 93
1712238020198 170051.5 94
1712238030285 170051.5 95
1712238040375 170051.5 96
1712238050454 170051.5 97
1712238060538 170051.5 98
1712238070613 170051.5 99
1712238080689 170051.5 100
1712238090757 170051.5 101
1712238100844 170051.5 102
1712238110929 170051.5 103
1712238121012 170051.5 104
1712238131087 170051.5 105
1712238141173 170051.5 106
1712238151257 170051.5 107
1712238161347 170051.5 108
1712238171426 170051.5 109
1712238181515 170051.5 110
1712238191599 170051.5 111
1712238201683 170051.5 112
1712238211771 170051.5 113
1712238221864 170051.5 114
1712238231961 170051.5 115
1712238242050 170051.5 116
1712238252133 170051.5 117
1712238262218 170051.5 118
1712238272299 170051.5 119
1712238282383 170051.5 120
1712238292461 170051.5 121
1712238302562 157408.3 122
1712238312651 161254.8 123
1712238322736 164497.8 124
1712238332818 164497.8 125
1712238342903 164497.8 126
1712238352977 164497.8 127
1712238363062 164497.8 128
1712238373148 164497.8 129
1712238383247 164497.8 130
1712238393335 164497.8 131
1712238403419 164497.8 132
1712238413502 164497.8 133
1712238423588 164497.8 134
1712238433685 164497.8 135
1712238443777 164497.8 136
1712238453872 164497.8 137
1712238463908 164497.8 138
1712238473964 164497.8 139
1712238484101 160834.1 140
1712238494503 166264.9 141
1712238504639 169532.2 142
1712238514732 171347.9 143
1712238524825 171347.9 144
1712238534921 171347.9 145
1712238545054 171347.9 146
1712238555232 171347.9 147
1712238565326 171347.9 148
1712238575432 171347.9 149
1712238585511 171347.9 150
1712238595607 171347.9 151
1712238605702 171347.9 152
1712238615797 171347.9 153
1712238625891 171347.9 154
1712238635987 171347.9 155
1712238646076 171347.9 156
1712238656172 171347.9 157
1712238666276 171347.9 158
1712238676373 171347.9 159
1712238686415 171347.9 160
1712238696502 171347.9 161
1712238706602 171347.9 162
1712238716703 171347.9 163
1712238726757 171347.9 164
1712238736857 171347.9 165
1712238746957 171347.9 166
1712238757051 171347.9 167
1712238767145 171347.9 168
1712238777233 171347.9 169
1712238787330 171347.9 170
1712238797429 171347.9 171
1712238807514 171348.0 172
1712238817605 171348.0 173
1712238827703 171348.0 174
1712238837782 171348.0 175
1712238847874 171348.5 176
1712238857966 171348.5 177
1712238867997 171348.5 178
1712238878080 171348.5 179
1712238888172 171348.5 180
1712238898257 171348.5 181
1712238908364 171348.5 182
1712238918453 171348.5 183
1712238928541 171348.5 184
1712238938623 171348.5 185
1712238948713 171348.5 186
1712238958799 171348.5 187
1712238968891 171348.5 188
1712238978991 171348.5 189
1712238989079 171348.5 190
1712238999160 171348.5 191
1712239009264 171348.5 192
1712239019351 171348.5 193
1712239029441 171348.5 194
1712239039529 171348.5 195
1712239049608 171348.5 196
1712239059696 171348.5 197
1712239069783 171348.5 198
1712239079873 171348.5 199
1712239089969 171348.5 200
1712239100067 171348.5 201
1712239110169 171348.5 202
1712239120265 171348.5 203
1712239130343 171348.5 204
1712239140431 171348.5 205
1712239150519 171348.5 206
1712239160600 171348.5 207
1712239170689 171348.5 208
1712239180768 171348.5 209
1712239190859 171348.5 210
1712239200963 171348.5 211
1712239211058 171348.5 212
1712239221155 171348.5 213
1712239231235 171348.5 214
1712239241329 171348.5 215
1712239251418 171348.5 216
1712239261514 171348.5 217
1712239271620 171348.5 218
1712239281721 171348.5 219
1712239291804 171348.5 220
1712239301888 171348.5 221
1712239311967 171348.5 222
1712239322083 171348.5 223
1712239332176 171348.5 224
1712239342280 171348.5 225
1712239352378 171348.5 226
1712239362489 171348.5 227
1712239372575 171348.5 228
1712239382658 171348.5 229
1712239392758 171348.5 230
1712239402856 171348.5 231
1712239412949 171348.5 232
1712239423028 171348.5 233
1712239433118 171348.5 234
1712239443207 171348.5 235
1712239453296 171348.5 236
1712239463384 171348.5 237
1712239473484 171348.5 238
1712239483561 171348.5 239
1712239493659 171348.5 240
1712239503745 171348.5 241
1712239513841 171348.5 242
1712239523940 171348.5 243
1712239534018 171348.5 244
1712239544098 171348.5 245
1712239554191 171348.5 246
1712239564279 171348.5 247
1712239574374 171348.5 248
1712239584462 171348.5 249
1712239594556 171348.5 250
1712239604651 171348.5 251
1712239614738 171348.5 252
1712239624822 171348.5 253
1712239634917 171348.5 254
1712239645031 171348.5 255
1712239655141 171348.5 256
1712239665228 171348.5 257
1712239675330 171348.5 258
1712239685421 171348.5 259
1712239695864 171348.5 260
1712239705961 158404.4 261
1712239716044 160041.4 262
1712239726151 164423.2 263
1712239736258 165509.2 264
1712239746359 165509.2 265
1712239756443 165509.2 266
1712239766526 165509.2 267
1712239776625 165509.2 268
1712239786705 165509.2 269
1712239796790 165509.2 270
1712239806884 165509.2 271
1712239816964 165509.2 272
1712239827058 165509.2 273
1712239837147 165509.2 274
1712239847248 165509.2 275
1712239857336 165509.2 276
1712239867426 165509.2 277
1712239878806 165509.2 278
1712239888885 157931.2 279
1712239898993 165047.6 280
1712239909100 169390.7 281
1712239919209 171144.1 282
1712239929313 171144.1 283
1712239939398 171144.1 284
1712239949486 171144.1 285
1712239959579 171144.1 286
1712239969662 171144.1 287
1712239979753 171144.1 288
1712239989837 171144.1 289
1712239999922 171144.1 290
1712240010016 171144.1 291
1712240020110 171144.1 292
1712240030199 171144.1 293
1712240040290 171144.1 294
1712240050377 171144.1 295
1712240060470 171144.1 296
1712240070556 171144.1 297
1712240080646 171144.1 298
1712240090730 171144.1 299
1712240100818 171144.1 300
1712240110905 171144.1 301
1712240120997 171144.1 302
1712240131097 171144.1 303
1712240141202 171144.1 304
1712240151297 171144.1 305
1712240161384 171144.1 306
1712240171460 171144.1 307
1712240181539 171144.1 308
1712240191635 171144.1 309
1712240201734 171144.1 310
1712240211823 171144.1 311
1712240221909 171144.1 312
1712240231960 171144.1 313
1712240242058 171144.1 314
1712240252098 171144.1 315
1712240262190 171144.1 316
1712240272275 171144.1 317
1712240282320 171144.1 318
1712240292353 171144.1 319
1712240302441 171144.1 320
1712240312540 171144.1 321
1712240322627 171144.1 322
1712240332712 171144.1 323
1712240342796 171144.1 324
1712240352888 171144.1 325
1712240362975 171144.1 326
1712240373065 171144.1 327
1712240383160 171144.1 328
1712240393262 171144.1 329
1712240403346 171144.1 330
1712240413437 171144.1 331
1712240423522 171144.1 332
1712240433603 171144.1 333
1712240443686 171144.1 334
1712240453776 171144.1 335
1712240463871 171144.1 336
1712240473995 171144.1 337
1712240484088 171144.1 338
1712240494183 171144.1 339
1712240504288 171144.1 340
1712240514383 171144.1 341
1712240524466 171144.1 342
1712240534556 171144.1 343
1712240544639 171144.1 344
1712240554730 171144.2 345
1712240564826 171144.2 346
1712240574907 171144.2 347
1712240584991 171144.2 348
1712240595089 171144.2 349
1712240605175 171144.2 350
1712240615283 171144.2 351
1712240625376 171144.2 352
1712240635479 171144.2 353
1712240645565 171144.2 354
1712240655660 171144.2 355
1712240665766 171144.2 356
1712240675863 171144.2 357
1712240685951 171144.2 358
1712240696043 171144.2 359
1712240706127 171144.2 360
1712240716225 171144.2 361
1712240726314 171144.2 362
1712240736407 171144.2 363
1712240746497 171144.2 364
1712240756577 171144.2 365
1712240766677 171144.2 366
1712240776765 171144.2 367
1712240786857 171144.2 368
1712240796958 171144.2 369
1712240807072 171144.2 370
1712240817172 171144.2 371
1712240827261 171144.2 372
1712240837351 171144.2 373
1712240847439 171144.2 374
1712240857526 171144.2 375
1712240867625 171144.2 376
1712240877728 171144.2 377
1712240887838 171144.2 378
1712240897936 171144.2 379
1712240908034 171144.2 380
1712240918123 171144.2 381
1712240928220 171144.7 382
1712240938308 171144.7 383
1712240948406 171144.7 384
1712240958499 171144.7 385
1712240968583 171144.7 386
1712240978671 171144.7 387
1712240988764 171144.7 388
1712240998864 171144.7 389
1712241008964 171144.7 390
1712241019050 171144.7 391
1712241029148 171144.7 392
1712241039241 171144.7 393
1712241049330 171144.7 394
1712241059416 171144.7 395
1712241069503 171144.7 396
1712241079590 171144.7 397
1712241089686 171144.7 398
1712241099787 171144.7 399
1712241109874 157674.6 400
1712241119971 159318.4 401
1712241130060 163702.8 402
1712241140150 164785.0 403
1712241150231 164785.0 404
1712241160320 164785.0 405
1712241170416 164785.0 406
1712241180496 164785.0 407
1712241190583 164785.0 408
1712241200694 164785.0 409
1712241210785 164785.0 410
1712241220880 164785.0 411
1712241230972 164785.0 412
1712241241062 164785.0 413
1712241251166 164785.0 414
1712241261945 164785.0 415
1712241272047 164785.0 416
1712241282171 164785.0 417
1712241292262 158920.2 418
1712241302370 164375.0 419
1712241312478 167651.4 420
1712241322634 169684.7 421
1712241332794 171086.7 422
1712241342947 171086.7 423
1712241353105 171086.7 424
1712241363269 171086.7 425
1712241373427 171086.7 426
1712241383566 171086.7 427
1712241393718 171086.7 428
1712241403868 171086.7 429
1712241414025 171086.7 430
1712241424181 171086.7 431
1712241434283 171086.7 432
1712241444373 171086.7 433
1712241454470 171086.7 434
1712241464575 171086.7 435
1712241474685 171086.7 436
1712241484723 171086.7 437
1712241494823 171086.7 438
1712241504926 171086.7 439
1712241515019 171086.7 440
1712241525122 171086.7 441
1712241535222 171086.7 442
1712241545311 171086.7 443
1712241555440 171086.7 444
1712241565557 171086.7 445
1712241575651 171086.7 446
1712241585758 171086.7 447
1712241595873 171086.7 448
1712241605981 171086.7 449
1712241616074 171086.7 450
1712241626168 171086.7 451
1712241636264 171086.7 452
1712241646357 171086.7 453
1712241656448 171086.7 454
1712241666542 171086.7 455
1712241676627 171086.7 456
1712241686717 171086.7 457
1712241696808 171086.7 458
1712241706896 171086.7 459
1712241716980 171086.7 460
1712241727084 171086.7 461
1712241737186 171086.7 462
1712241747283 171086.7 463
1712241757387 171086.7 464
1712241767487 171086.7 465
1712241777613 171086.7 466
1712241787703 171086.7 467
1712241797801 171086.7 468
1712241807884 171086.7 469
1712241817981 171086.7 470
1712241828081 171086.7 471
1712241838189 171086.7 472
1712241848280 171086.7 473
1712241858372 171086.7 474
1712241868462 171086.7 475
1712241878570 171086.7 476
1712241888695 171086.7 477
1712241898797 171086.7 478
1712241908921 171086.7 479
1712241919035 171086.7 480
1712241929133 171086.7 481
1712241939226 171086.7 482
1712241949350 171086.7 483
1712241959451 171086.7 484
1712241969551 171087.2 485
1712241979654 171087.2 486
1712241989755 171087.2 487
1712241999859 171087.2 488
1712242009955 171087.2 489
1712242020048 171087.2 490
1712242030160 171087.2 491
1712242040262 171087.2 492
1712242050350 171087.2 493
1712242060436 171087.2 494
1712242070546 171087.2 495
1712242080637 171087.2 496
1712242090744 171087.2 497
1712242100840 171087.2 498
1712242110947 171087.2 499
1712242121042 171087.2 500
1712242131146 171087.2 501
1712242141256 171087.2 502
1712242151357 171087.2 503
1712242161458 171087.2 504
1712242171555 171087.3 505
1712242181648 171087.3 506
1712242191738 171087.3 507
1712242201834 171087.3 508
1712242211927 171087.3 509
1712242222023 171087.3 510
1712242232137 171087.3 511
1712242242231 171087.3 512
1712242252328 171087.3 513
1712242262423 171087.3 514
1712242272515 171087.3 515
1712242282606 171087.3 516
1712242292702 171087.3 517
1712242302785 171087.3 518
1712242312878 171087.3 519
1712242322970 171087.3 520
1712242333061 171087.3 521
1712242343154 171087.3 522
1712242353247 171087.3 523
1712242363346 171087.3 524
1712242373392 171087.3 525
1712242383492 171087.3 526
1712242393597 171087.3 527
1712242403696 171087.3 528
1712242413804 171087.3 529
1712242423909 171087.3 530
1712242434003 171087.3 531
1712242444052 171087.3 532
1712242454156 171087.3 533
1712242464526 171087.3 534
1712242474636 171087.3 535
1712242484727 171087.3 536
1712242494819 171087.3 537
1712242504916 171087.3 538
1712242515037 158565.3 539
1712242525154 160308.8 540
1712242535258 163579.0 541
1712242545360 165783.0 542
1712242555485 165783.0 543
1712242565615 165783.0 544
1712242575719 165783.0 545
1712242585833 165783.0 546
1712242595951 165783.0 547
1712242606066 165783.0 548
1712242616178 165783.0 549
1712242626273 165783.0 550
1712242636363 165783.0 551
1712242646405 165783.0 552
1712242656524 165783.0 553
1712242666637 165783.0 554
1712242676770 165783.0 555
1712242686877 165783.0 556
1712242697068 165783.0 557
1712242707200 161457.8 558
1712242717332 164708.8 559
1712242727469 169059.7 560
1712242737587 170137.2 561
1712242747725 171756.2 562
1712242757852 171756.2 563
1712242767988 171756.2 564
1712242778106 171756.2 565
1712242788231 171756.2 566
1712242798359 171756.2 567
1712242808482 171756.2 568
1712242818598 171756.2 569
1712242828713 171756.2 570
1712242838832 171756.2 571
1712242848950 171756.2 572
1712242859065 171756.2 573
1712242869175 171756.2 574
1712242879290 171756.2 575
1712242889426 171756.2 576
1712242899482 171756.2 577
1712242909601 171756.2 578
1712242919715 171756.2 579
1712242929851 171756.2 580
1712242939956 171756.2 581
1712242950090 171756.2 582
1712242960187 171756.2 583
1712242970305 171756.2 584
1712242980413 171756.2 585
1712242990535 171756.2 586
1712243000645 171756.2 587
1712243010748 171756.7 588
1712243020856 171756.7 589
1712243030964 171756.7 590
1712243041065 171756.7 591
1712243051169 171756.7 592
1712243061288 171756.7 593
1712243071401 171756.7 594
1712243081515 171756.7 595
1712243091627 171756.7 596
1712243101738 171756.7 597
1712243111849 171756.7 598
1712243121973 171756.7 599
1712243132109 171756.7 600
1712243142218 171756.7 601
1712243152334 171756.7 602
1712243162457 171756.7 603
1712243172563 171756.7 604
1712243182671 171756.7 605
1712243192771 171756.7 606
1712243202893 171756.7 607
1712243213020 171756.7 608
1712243223124 171756.7 609
1712243233236 171756.7 610
1712243243327 171756.7 611
1712243253439 171756.7 612
1712243263566 171756.7 613
1712243273681 171756.7 614
1712243283724 171756.7 615
1712243293840 171756.7 616
1712243303955 171756.7 617
1712243314087 171756.7 618
1712243324229 171756.7 619
1712243334353 171756.7 620
1712243344464 171756.7 621
1712243354590 171756.7 622
1712243364696 171756.7 623
1712243374810 171756.7 624
1712243384920 171756.7 625
1712243395050 171756.7 626
1712243405172 171756.7 627
1712243415288 171756.7 628
1712243425408 171756.7 629
1712243435542 171756.7 630
1712243445662 171756.7 631
1712243455774 171756.7 632
1712243465892 171756.7 633
1712243476006 171756.7 634
1712243486122 171756.7 635
1712243496224 171756.7 636
1712243506337 171756.7 637
1712243516459 171756.7 638
1712243526571 171756.7 639
1712243536702 171756.7 640
1712243546820 171748.3 641
1712243556928 171748.3 642
1712243567050 171748.3 643
1712243577541 171748.3 644
1712243587657 171748.3 645
1712243597787 171748.3 646
1712243607911 171748.3 647
1712243618026 171748.3 648
1712243628139 171748.3 649
1712243638259 171748.3 650
1712243648360 171748.3 651
1712243658466 171748.3 652
1712243668584 171748.3 653
1712243678715 171748.3 654
1712243688836 171748.3 655
1712243698963 171748.3 656
1712243709074 171748.3 657
1712243719193 171748.3 658
1712243729310 171748.3 659
1712243739437 171748.3 660
1712243749562 171748.3 661
1712243759681 171748.4 662
1712243769792 171748.4 663
1712243779895 171748.4 664
1712243790005 171748.4 665
1712243800124 171748.4 666
1712243810244 171748.4 667
1712243820361 171748.4 668
1712243830497 171748.4 669
1712243840632 171748.4 670
1712243850748 171748.4 671
1712243860876 171748.4 672
1712243870995 171748.4 673
1712243881115 171748.4 674
1712243891256 171748.4 675
1712243901369 171748.4 676
1712243911486 171748.4 677
1712243921612 171748.4 678
1712243931781 159606.3 679
1712243941896 159606.3 680
1712243952015 162307.6 681
1712243962073 165577.9 682
1712243972164 165577.9 683
1712243982264 165577.9 684
1712243992356 165577.9 685
1712244002449 165577.9 686
1712244012546 165577.9 687
1712244022660 165578.0 688
1712244032774 165578.0 689
1712244042874 165578.0 690
1712244052993 165578.5 691
1712244063121 165578.5 692
1712244073236 165578.5 693
1712244083335 165578.5 694
1712244093445 165578.5 695
1712244103569 165578.5 696
1712244114260 165578.5 697
1712244124380 163578.9 698
1712244134500 167910.7 699
1712244144611 170103.1 700
