1712237072988 55.7 0
1712237083019 58.0 1
1712237093091 59.6 2
1712237103127 60.8 3
1712237113197 61.6 4
1712237123293 61.6 5
1712237133385 61.6 6
1712237143419 61.6 7
1712237153519 61.6 8
1712237163608 61.6 9
1712237173653 61.6 10
1712237183734 61.6 11
1712237193768 61.6 12
1712237203807 61.6 13
1712237213891 61.6 14
1712237223927 61.6 15
1712237233969 61.6 16
1712237244085 61.6 17
1712237254121 61.6 18
1712237264192 61.6 19
1712237274287 61.6 20
1712237284389 61.6 21
1712237294497 61.6 22
1712237304578 61.6 23
1712237314614 61.6 24
1712237324642 61.6 25
1712237334674 61.6 26
1712237344709 61.6 27
1712237354735 61.6 28
1712237364807 61.6 29
1712237374906 61.6 30
1712237384973 61.6 31
1712237395046 61.6 32
1712237405084 61.6 33
1712237415165 61.6 34
1712237425237 61.6 35
1712237435315 61.6 36
1712237445406 61.6 37
1712237455488 61.6 38
1712237465571 61.6 39
1712237475660 61.6 40
1712237485754 61.6 41
1712237495848 61.6 42
1712237505924 61.6 43
1712237516002 61.6 44
1712237526086 61.6 45
1712237536188 61.6 46
1712237546276 61.6 47
1712237556351 61.6 48
1712237566431 61.6 49
1712237576518 61.6 50
1712237586598 61.6 51
1712237596695 61.6 52
1712237606727 61.6 53
1712237616808 61.6 54
1712237626910 61.6 55
1712237636997 61.6 56
1712237647075 61.6 57
1712237657164 61.6 58
1712237667248 61.6 59
1712237677331 61.6 60
1712237687411 61.6 61
1712237697497 61.6 62
1712237707591 61.6 63
1712237717684 61.6 64
1712237727771 61.6 65
1712237737854 61.6 66
1712237747938 61.6 67
1712237758027 61.6 68
1712237768107 61.6 69
1712237778200 61.6 70
1712237788287 61.6 71
1712237798383 61.6 72
1712237808480 61.6 73
1712237818562 61.6 74
1712237828657 61.6 75
1712237838742 61.6 76
1712237848825 61.6 77
1712237858863 61.6 78
1712237868894 61.6 79
1712237878971 61.6 80
1712237889054 61.6 81
1712237899142 61.6 82
1712237909229 61.6 83
1712237919317 61.6 84
1712237929407 61.6 85
1712237939502 61.6 86
1712237949607 61.6 87
1712237959686 61.6 88
1712237969766 61.6 89
1712237979839 61.6 90
1712237989930 61.6 91
1712238000024 61.6 92
1712238010093 61.6 93
1712238020198 61.6 94
1712238030285 61.6 95
1712238040375 61.6 96
1712238050454 61.6 97
1712238060538 61.6 98
1712238070613 61.6 99
1712238080689 61.6 100
1712238090757 61.6 101
1712238100844 61.6 102
1712238110929 61.6 103
1712238121012 61.6 104
1712238131087 61.6 105
1712238141173 61.6 106
1712238151257 61.6 107
1712238161347 61.6 108
1712238171426 61.6 109
1712238181515 61.6 110
1712238191599 61.6 111
1712238201683 61.6 112
1712238211771 61.6 113
1712238221864 61.6 114
1712238231961 61.6 115
1712238242050 61.6 116
1712238252133 61.6 117
1712238262218 61.6 118
1712238272299 61.6 119
1712238282383 61.6 120
1712238292461 61.6 121
1712238302562 57.0 122
1712238312651 58.4 123
1712238322736 59.6 124
1712238332818 59.6 125
1712238342903 59.6 126
1712238352977 59.6 127
1712238363062 59.6 128
1712238373148 59.6 129
1712238383247 59.6 130
1712238393335 59.6 131
1712238403419 59.6 132
1712238413502 59.6 133
1712238423588 59.6 134
1712238433685 59.6 135
1712238443777 59.6 136
1712238453872 59.6 137
1712238463908 59.6 138
1712238473964 59.6 139
1712238484101 58.2 140
1712238494503 60.2 141
1712238504639 61.4 142
1712238514732 62.0 143
1712238524825 62.0 144
1712238534921 62.0 145
1712238545054 62.0 146
1712238555232 62.0 147
1712238565326 62.0 148
1712238575432 62.0 149
1712238585511 62.0 150
1712238595607 62.0 151
1712238605702 62.0 152
1712238615797 62.0 153
1712238625891 62.0 154
1712238635987 62.0 155
1712238646076 62.0 156
1712238656172 62.0 157
1712238666276 62.0 158
1712238676373 62.0 159
1712238686415 62.0 160
1712238696502 62.0 161
1712238706602 62.0 162
1712238716703 62.0 163
1712238726757 62.0 164
1712238736857 62.0 165
1712238746957 62.0 166
1712238757051 62.0 167
1712238767145 62.0 168
1712238777233 62.0 169
1712238787330 62.0 170
1712238797429 62.0 171
1712238807514 62.0 172
1712238817605 62.0 173
1712238827703 62.0 174
1712238837782 62.0 175
1712238847874 62.0 176
1712238857966 62.0 177
1712238867997 62.0 178
1712238878080 62.0 179
1712238888172 62.0 180
1712238898257 62.0 181
1712238908364 62.0 182
1712238918453 62.0 183
1712238928541 62.0 184
1712238938623 62.0 185
1712238948713 62.0 186
1712238958799 62.0 187
1712238968891 62.0 188
1712238978991 62.0 189
1712238989079 62.0 190
1712238999160 62.0 191
1712239009264 62.0 192
1712239019351 62.0 193
1712239029441 62.0 194
1712239039529 62.0 195
1712239049608 62.0 196
1712239059696 62.0 197
1712239069783 62.0 198
1712239079873 62.0 199
1712239089969 62.0 200
1712239100067 62.0 201
1712239110169 62.0 202
1712239120265 62.0 203
1712239130343 62.0 204
1712239140431 62.0 205
1712239150519 62.0 206
1712239160600 62.0 207
1712239170689 62.0 208
1712239180768 62.0 209
1712239190859 62.0 210
1712239200963 62.0 211
1712239211058 62.0 212
1712239221155 62.0 213
1712239231235 62.0 214
1712239241329 62.0 215
1712239251418 62.0 216
1712239261514 62.0 217
1712239271620 62.0 218
1712239281721 62.0 219
1712239291804 62.0 220
1712239301888 62.0 221
1712239311967 62.0 222
1712239322083 62.0 223
1712239332176 62.0 224
1712239342280 62.0 225
1712239352378 62.0 226
1712239362489 62.0 227
1712239372575 62.0 228
1712239382658 62.0 229
1712239392758 62.0 230
1712239402856 62.0 231
1712239412949 62.0 232
1712239423028 62.0 233
1712239433118 62.0 234
1712239443207 62.0 235
1712239453296 62.0 236
1712239463384 62.0 237
1712239473484 62.0 238
1712239483561 62.0 239
1712239493659 62.0 240
1712239503745 62.0 241
1712239513841 62.0 242
1712239523940 62.0 243
1712239534018 62.0 244
1712239544098 62.0 245
1712239554191 62.0 246
1712239564279 62.0 247
1712239574374 62.0 248
1712239584462 62.0 249
1712239594556 62.0 250
1712239604651 62.0 251
1712239614738 62.0 252
1712239624822 62.0 253
1712239634917 62.0 254
1712239645031 62.0 255
1712239655141 62.0 256
1712239665228 62.0 257
1712239675330 62.0 258
1712239685421 62.0 259
1712239695864 62.0 260
1712239705961 57.4 261
1712239716044 58.0 262
1712239726151 59.5 263
1712239736258 59.9 264
1712239746359 59.9 265
1712239756443 59.9 266
1712239766526 59.9 267
1712239776625 59.9 268
1712239786705 59.9 269
1712239796790 59.9 270
1712239806884 59.9 271
1712239816964 59.9 272
1712239827058 59.9 273
1712239837147 59.9 274
1712239847248 59.9 275
1712239857336 59.9 276
1712239867426 59.9 277
1712239878806 59.9 278
1712239888885 57.2 279
1712239898993 59.8 280
1712239909100 61.3 281
1712239919209 62.0 282
1712239929313 62.0 283
1712239939398 62.0 284
1712239949486 62.0 285
1712239959579 62.0 286
1712239969662 62.0 287
1712239979753 62.0 288
1712239989837 62.0 289
1712239999922 62.0 290
1712240010016 62.0 291
1712240020110 62.0 292
1712240030199 62.0 293
1712240040290 62.0 294
1712240050377 62.0 295
1712240060470 62.0 296
1712240070556 62.0 297
1712240080646 62.0 298
1712240090730 62.0 299
1712240100818 62.0 300
1712240110905 62.0 301
1712240120997 62.0 302
1712240131097 62.0 303
1712240141202 62.0 304
1712240151297 62.0 305
1712240161384 62.0 306
1712240171460 62.0 307
1712240181539 62.0 308
1712240191635 62.0 309
1712240201734 62.0 310
1712240211823 62.0 311
1712240221909 62.0 312
1712240231960 62.0 313
1712240242058 62.0 314
1712240252098 62.0 315
1712240262190 62.0 316
1712240272275 62.0 317
1712240282320 62.0 318
1712240292353 62.0 319
1712240302441 62.0 320
1712240312540 62.0 321
1712240322627 62.0 322
1712240332712 62.0 323
1712240342796 62.0 324
1712240352888 62.0 325
1712240362975 62.0 326
1712240373065 62.0 327
1712240383160 62.0 328
1712240393262 62.0 329
1712240403346 62.0 330
1712240413437 62.0 331
1712240423522 62.0 332
1712240433603 62.0 333
1712240443686 62.0 334
1712240453776 62.0 335
1712240463871 62.0 336
1712240473995 62.0 337
1712240484088 62.0 338
1712240494183 62.0 339
1712240504288 62.0 340
1712240514383 62.0 341
1712240524466 62.0 342
1712240534556 62.0 343
1712240544639 62.0 344
1712240554730 62.0 345
1712240564826 62.0 346
1712240574907 62.0 347
1712240584991 62.0 348
1712240595089 62.0 349
1712240605175 62.0 350
1712240615283 62.0 351
1712240625376 62.0 352
1712240635479 62.0 353
1712240645565 62.0 354
1712240655660 62.0 355
1712240665766 62.0 356
1712240675863 62.0 357
1712240685951 62.0 358
1712240696043 62.0 359
1712240706127 62.0 360
1712240716225 62.0 361
1712240726314 62.0 362
1712240736407 62.0 363
1712240746497 62.0 364
1712240756577 62.0 365
1712240766677 62.0 366
1712240776765 62.0 367
1712240786857 62.0 368
1712240796958 62.0 369
1712240807072 62.0 370
1712240817172 62.0 371
1712240827261 62.0 372
1712240837351 62.0 373
1712240847439 62.0 374
1712240857526 62.0 375
1712240867625 62.0 376
1712240877728 62.0 377
1712240887838 62.0 378
1712240897936 62.0 379
1712240908034 62.0 380
1712240918123 62.0 381
1712240928220 62.0 382
1712240938308 62.0 383
1712240948406 62.0 384
1712240958499 62.0 385
1712240968583 62.0 386
1712240978671 62.0 387
1712240988764 62.0 388
1712240998864 62.0 389
1712241008964 62.0 390
1712241019050 62.0 391
1712241029148 62.0 392
1712241039241 62.0 393
1712241049330 62.0 394
1712241059416 62.0 395
1712241069503 62.0 396
1712241079590 62.0 397
1712241089686 62.0 398
1712241099787 62.0 399
1712241109874 57.1 400
1712241119971 57.7 401
1712241130060 59.3 402
1712241140150 59.7 403
1712241150231 59.7 404
1712241160320 59.7 405
1712241170416 59.7 406
1712241180496 59.7 407
1712241190583 59.7 408
1712241200694 59.7 409
1712241210785 59.7 410
1712241220880 59.7 411
1712241230972 59.7 412
1712241241062 59.7 413
1712241251166 59.7 414
1712241261945 59.7 415
1712241272047 59.7 416
1712241282171 59.7 417
1712241292262 57.5 418
1712241302370 59.5 419
1712241312478 60.7 420
1712241322634 61.4 421
1712241332794 62.0 422
1712241342947 62.0 423
1712241353105 62.0 424
1712241363269 62.0 425
1712241373427 62.0 426
1712241383566 62.0 427
1712241393718 62.0 428
1712241403868 62.0 429
1712241414025 62.0 430
1712241424181 62.0 431
1712241434283 62.0 432
1712241444373 62.0 433
1712241454470 62.0 434
1712241464575 62.0 435
1712241474685 62.0 436
1712241484723 62.0 437
1712241494823 62.0 438
1712241504926 62.0 439
1712241515019 62.0 440
1712241525122 62.0 441
1712241535222 62.0 442
1712241545311 62.0 443
1712241555440 62.0 444
1712241565557 62.0 445
1712241575651 62.0 446
1712241585758 62.0 447
1712241595873 62.0 448
1712241605981 62.0 449
1712241616074 62.0 450
1712241626168 62.0 451
1712241636264 62.0 452
1712241646357 62.0 453
1712241656448 62.0 454
1712241666542 62.0 455
1712241676627 62.0 456
1712241686717 62.0 457
1712241696808 62.0 458
1712241706896 62.0 459
1712241716980 62.0 460
1712241727084 62.0 461
1712241737186 62.0 462
1712241747283 62.0 463
1712241757387 62.0 464
1712241767487 62.0 465
1712241777613 62.0 466
1712241787703 62.0 467
1712241797801 62.0 468
1712241807884 62.0 469
1712241817981 62.0 470
1712241828081 62.0 471
1712241838189 62.0 472
1712241848280 62.0 473
1712241858372 62.0 474
1712241868462 62.0 475
1712241878570 62.0 476
1712241888695 62.0 477
1712241898797 62.0 478
1712241908921 62.0 479
1712241919035 62.0 480
1712241929133 62.0 481
1712241939226 62.0 482
1712241949350 62.0 483
1712241959451 62.0 484
1712241969551 62.0 485
1712241979654 62.0 486
1712241989755 62.0 487
1712241999859 62.0 488
1712242009955 62.0 489
1712242020048 62.0 490
1712242030160 62.0 491
1712242040262 62.0 492
1712242050350 62.0 493
1712242060436 62.0 494
1712242070546 62.0 495
1712242080637 62.0 496
1712242090744 62.0 497
1712242100840 62.0 498
1712242110947 62.0 499
1712242121042 62.0 500
1712242131146 62.0 501
1712242141256 62.0 502
1712242151357 62.0 503
1712242161458 62.0 504
1712242171555 62.0 505
1712242181648 62.0 506
1712242191738 62.0 507
1712242201834 62.0 508
1712242211927 62.0 509
1712242222023 62.0 510
1712242232137 62.0 511
1712242242231 62.0 512
1712242252328 62.0 513
1712242262423 62.0 514
1712242272515 62.0 515
1712242282606 62.0 516
1712242292702 62.0 517
1712242302785 62.0 518
1712242312878 62.0 519
1712242322970 62.0 520
1712242333061 62.0 521
1712242343154 62.0 522
1712242353247 62.0 523
1712242363346 62.0 524
1712242373392 62.0 525
1712242383492 62.0 526
1712242393597 62.0 527
1712242403696 62.0 528
1712242413804 62.0 529
1712242423909 62.0 530
1712242434003 62.0 531
1712242444052 62.0 532
1712242454156 62.0 533
1712242464526 62.0 534
1712242474636 62.0 535
1712242484727 62.0 536
1712242494819 62.0 537
1712242504916 62.0 538
1712242515037 57.4 539
1712242525154 58.1 540
1712242535258 59.2 541
1712242545360 60.0 542
1712242555485 60.0 543
1712242565615 60.0 544
1712242575719 60.0 545
1712242585833 60.0 546
1712242595951 60.0 547
1712242606066 60.0 548
1712242616178 60.0 549
1712242626273 60.0 550
1712242636363 60.0 551
1712242646405 60.0 552
1712242656524 60.0 553
1712242666637 60.0 554
1712242676770 60.0 555
1712242686877 60.0 556
1712242697068 60.0 557
1712242707200 58.5 558
1712242717332 59.6 559
1712242727469 61.2 560
1712242737587 61.6 561
1712242747725 62.2 562
1712242757852 62.2 563
1712242767988 62.2 564
1712242778106 62.2 565
1712242788231 62.2 566
1712242798359 62.2 567
1712242808482 62.2 568
1712242818598 62.2 569
1712242828713 62.2 570
1712242838832 62.2 571
1712242848950 62.2 572
1712242859065 62.2 573
1712242869175 62.2 574
1712242879290 62.2 575
1712242889426 62.2 576
1712242899482 62.2 577
1712242909601 62.2 578
1712242919715 62.2 579
1712242929851 62.2 580
1712242939956 62.2 581
1712242950090 62.2 582
1712242960187 62.2 583
1712242970305 62.2 584
1712242980413 62.2 585
1712242990535 62.2 586
1712243000645 62.2 587
1712243010748 62.2 588
1712243020856 62.2 589
1712243030964 62.2 590
1712243041065 62.2 591
1712243051169 62.2 592
1712243061288 62.2 593
1712243071401 62.2 594
1712243081515 62.2 595
1712243091627 62.2 596
1712243101738 62.2 597
1712243111849 62.2 598
1712243121973 62.2 599
1712243132109 62.2 600
1712243142218 62.2 601
1712243152334 62.2 602
1712243162457 62.2 603
1712243172563 62.2 604
1712243182671 62.2 605
1712243192771 62.2 606
1712243202893 62.2 607
1712243213020 62.2 608
1712243223124 62.2 609
1712243233236 62.2 610
1712243243327 62.2 611
1712243253439 62.2 612
1712243263566 62.2 613
1712243273681 62.2 614
1712243283724 62.2 615
1712243293840 62.2 616
1712243303955 62.2 617
1712243314087 62.2 618
1712243324229 62.2 619
1712243334353 62.2 620
1712243344464 62.2 621
1712243354590 62.2 622
1712243364696 62.2 623
1712243374810 62.2 624
1712243384920 62.2 625
1712243395050 62.2 626
1712243405172 62.2 627
1712243415288 62.2 628
1712243425408 62.2 629
1712243435542 62.2 630
1712243445662 62.2 631
1712243455774 62.2 632
1712243465892 62.2 633
1712243476006 62.2 634
1712243486122 62.2 635
1712243496224 62.2 636
1712243506337 62.2 637
1712243516459 62.2 638
1712243526571 62.2 639
1712243536702 62.2 640
1712243546820 62.2 641
1712243556928 62.2 642
1712243567050 62.2 643
1712243577541 62.2 644
1712243587657 62.2 645
1712243597787 62.2 646
1712243607911 62.2 647
1712243618026 62.2 648
1712243628139 62.2 649
1712243638259 62.2 650
1712243648360 62.2 651
1712243658466 62.2 652
1712243668584 62.2 653
1712243678715 62.2 654
1712243688836 62.2 655
1712243698963 62.2 656
1712243709074 62.2 657
1712243719193 62.2 658
1712243729310 62.2 659
1712243739437 62.2 660
1712243749562 62.2 661
1712243759681 62.2 662
1712243769792 62.2 663
1712243779895 62.2 664
1712243790005 62.2 665
1712243800124 62.2 666
1712243810244 62.2 667
1712243820361 62.2 668
1712243830497 62.2 669
1712243840632 62.2 670
1712243850748 62.2 671
1712243860876 62.2 672
1712243870995 62.2 673
1712243881115 62.2 674
1712243891256 62.2 675
1712243901369 62.2 676
1712243911486 62.2 677
1712243921612 62.2 678
1712243931781 57.8 679
1712243941896 57.8 680
1712243952015 58.8 681
1712243962073 60.0 682
1712243972164 60.0 683
1712243982264 60.0 684
1712243992356 60.0 685
1712244002449 60.0 686
1712244012546 60.0 687
1712244022660 60.0 688
1712244032774 60.0 689
1712244042874 60.0 690
1712244052993 60.0 691
1712244063121 60.0 692
1712244073236 60.0 693
1712244083335 60.0 694
1712244093445 60.0 695
1712244103569 60.0 696
1712244114260 60.0 697
1712244124380 59.2 698
1712244134500 60.8 699
1712244144611 61.6 700
