1712237072988 122429.6 0
1712237083019 115862.6 1
1712237093091 111464.8 2
1712237103127 108197.0 3
1712237113197 106096.9 4
1712237123293 106096.9 5
1712237133385 106096.9 6
1712237143419 106096.9 7
1712237153519 106096.9 8
1712237163608 106096.9 9
1712237173653 106096.9 10
1712237183734 106096.9 11
1712237193768 106096.9 12
1712237203807 106096.9 13
1712237213891 106096.9 14
1712237223927 106096.9 15
1712237233969 106096.9 16
1712237244085 106096.9 17
1712237254121 106096.9 18
1712237264192 106096.9 19
1712237274287 106096.9 20
1712237284389 106096.9 21
1712237294497 106096.9 22
1712237304578 106096.9 23
1712237314614 106096.9 24
1712237324642 106096.9 25
1712237334674 106096.8 26
1712237344709 106096.8 27
1712237354735 106096.8 28
1712237364807 106096.8 29
1712237374906 106096.8 30
1712237384973 106096.8 31
1712237395046 106096.8 32
1712237405084 106096.8 33
1712237415165 106096.8 34
1712237425237 106096.8 35
1712237435315 106096.8 36
1712237445406 106096.8 37
1712237455488 106096.8 38
1712237465571 106096.8 39
1712237475660 106096.8 40
1712237485754 106096.8 41
1712237495848 106096.8 42
1712237505924 106096.8 43
1712237516002 106096.8 44
1712237526086 106096.8 45
1712237536188 106096.8 46
1712237546276 106096.8 47
1712237556351 106096.8 48
1712237566431 106096.8 49
1712237576518 106096.8 50
1712237586598 106096.8 51
1712237596695 106096.8 52
1712237606727 106096.8 53
1712237616808 106096.8 54
1712237626910 106096.8 55
1712237636997 106096.8 56
1712237647075 106096.8 57
1712237657164 106096.8 58
1712237667248 106096.8 59
1712237677331 106096.8 60
1712237687411 106096.8 61
1712237697497 106096.8 62
1712237707591 106096.8 63
1712237717684 106096.8 64
1712237727771 106096.8 65
1712237737854 106096.8 66
1712237747938 106096.8 67
1712237758027 106096.8 68
1712237768107 106096.8 69
1712237778200 106096.8 70
1712237788287 106096.8 71
1712237798383 106096.8 72
1712237808480 106096.3 73
1712237818562 106096.3 74
1712237828657 106096.3 75
1712237838742 106096.3 76
1712237848825 106096.3 77
1712237858863 106096.3 78
1712237868894 106096.3 79
1712237878971 106096.3 80
1712237889054 106096.3 81
1712237899142 106096.3 82
1712237909229 106096.3 83
1712237919317 106096.3 84
1712237929407 106096.3 85
1712237939502 106096.3 86
1712237949607 106096.3 87
1712237959686 106096.3 88
1712237969766 106096.3 89
1712237979839 106096.3 90
1712237989930 106096.3 91
1712238000024 106096.3 92
1712238010093 106096.3 93
1712238020198 106096.3 94
1712238030285 106096.3 95
1712238040375 106096.3 96
1712238050454 106096.3 97
1712238060538 106096.3 98
1712238070613 106096.3 99
1712238080689 106096.3 100
1712238090757 106096.3 101
1712238100844 106096.3 102
1712238110929 106096.3 103
1712238121012 106096.3 104
1712238131087 106096.3 105
1712238141173 106096.3 106
1712238151257 106096.3 107
1712238161347 106096.3 108
1712238171426 106096.3 109
1712238181515 106096.3 110
1712238191599 106096.3 111
1712238201683 106096.3 112
1712238211771 106096.2 113
1712238221864 106096.2 114
1712238231961 106096.2 115
1712238242050 106096.2 116
1712238252133 106096.2 117
1712238262218 106096.2 118
1712238272299 106096.2 119
1712238282383 106096.2 120
1712238292461 106096.2 121
1712238302562 118739.4 122
1712238312651 114892.9 123
1712238322736 111649.9 124
1712238332818 111649.9 125
1712238342903 111649.9 126
1712238352977 111649.9 127
1712238363062 111649.9 128
1712238373148 111649.9 129
1712238383247 111649.9 130
1712238393335 111649.9 131
1712238403419 111649.9 132
1712238413502 111649.9 133
1712238423588 111649.9 134
1712238433685 111649.9 135
1712238443777 111649.9 136
1712238453872 111649.9 137
1712238463908 111649.9 138
1712238473964 111649.9 139
1712238484101 115313.6 140
1712238494503 109882.9 141
1712238504639 106615.6 142
1712238514732 104799.8 143
1712238524825 104799.8 144
1712238534921 104799.8 145
1712238545054 104799.8 146
1712238555232 104799.8 147
1712238565326 104799.8 148
1712238575432 104799.8 149
1712238585511 104799.8 150
1712238595607 104799.8 151
1712238605702 104799.8 152
1712238615797 104799.8 153
1712238625891 104799.8 154
1712238635987 104799.8 155
1712238646076 104799.8 156
1712238656172 104799.8 157
1712238666276 104799.8 158
1712238676373 104799.8 159
1712238686415 104799.8 160
1712238696502 104799.8 161
1712238706602 104799.8 162
1712238716703 104799.8 163
1712238726757 104799.8 164
1712238736857 104799.8 165
1712238746957 104799.8 166
1712238757051 104799.8 167
1712238767145 104799.8 168
1712238777233 104799.8 169
1712238787330 104799.8 170
1712238797429 104799.8 171
1712238807514 104799.8 172
1712238817605 104799.8 173
1712238827703 104799.8 174
1712238837782 104799.8 175
1712238847874 104799.2 176
1712238857966 104799.2 177
1712238867997 104799.2 178
1712238878080 104799.2 179
1712238888172 104799.2 180
1712238898257 104799.2 181
1712238908364 104799.2 182
1712238918453 104799.2 183
1712238928541 104799.2 184
1712238938623 104799.2 185
1712238948713 104799.2 186
1712238958799 104799.2 187
1712238968891 104799.2 188
1712238978991 104799.2 189
1712238989079 104799.2 190
1712238999160 104799.2 191
1712239009264 104799.2 192
1712239019351 104799.2 193
1712239029441 104799.2 194
1712239039529 104799.2 195
1712239049608 104799.2 196
1712239059696 104799.2 197
1712239069783 104799.2 198
1712239079873 104799.2 199
1712239089969 104799.2 200
1712239100067 104799.2 201
1712239110169 104799.2 202
1712239120265 104799.2 203
1712239130343 104799.2 204
1712239140431 104799.2 205
1712239150519 104799.2 206
1712239160600 104799.2 207
1712239170689 104799.2 208
1712239180768 104799.2 209
1712239190859 104799.2 210
1712239200963 104799.2 211
1712239211058 104799.2 212
1712239221155 104799.2 213
1712239231235 104799.2 214
1712239241329 104799.2 215
1712239251418 104799.2 216
1712239261514 104799.2 217
1712239271620 104799.2 218
1712239281721 104799.2 219
1712239291804 104799.2 220
1712239301888 104799.2 221
1712239311967 104799.2 222
1712239322083 104799.2 223
1712239332176 104799.2 224
1712239342280 104799.2 225
1712239352378 104799.2 226
1712239362489 104799.2 227
1712239372575 104799.2 228
1712239382658 104799.2 229
1712239392758 104799.2 230
1712239402856 104799.2 231
1712239412949 104799.2 232
1712239423028 104799.2 233
1712239433118 104799.2 234
1712239443207 104799.2 235
1712239453296 104799.2 236
1712239463384 104799.2 237
1712239473484 104799.2 238
1712239483561 104799.2 239
1712239493659 104799.2 240
1712239503745 104799.2 241
1712239513841 104799.2 242
1712239523940 104799.2 243
1712239534018 104799.2 244
1712239544098 104799.2 245
1712239554191 104799.2 246
1712239564279 104799.2 247
1712239574374 104799.2 248
1712239584462 104799.2 249
1712239594556 104799.2 250
1712239604651 104799.2 251
1712239614738 104799.2 252
1712239624822 104799.2 253
1712239634917 104799.2 254
1712239645031 104799.2 255
1712239655141 104799.2 256
1712239665228 104799.2 257
1712239675330 104799.2 258
1712239685421 104799.2 259
1712239695864 104799.2 260
1712239705961 117743.3 261
1712239716044 116106.3 262
1712239726151 111724.6 263
1712239736258 110638.5 264
1712239746359 110638.5 265
1712239756443 110638.5 266
1712239766526 110638.5 267
1712239776625 110638.5 268
1712239786705 110638.5 269
1712239796790 110638.5 270
1712239806884 110638.5 271
1712239816964 110638.5 272
1712239827058 110638.5 273
1712239837147 110638.5 274
1712239847248 110638.5 275
1712239857336 110638.5 276
1712239867426 110638.5 277
1712239878806 110638.5 278
1712239888885 118216.5 279
1712239898993 111100.2 280
1712239909100 106757.0 281
1712239919209 105003.6 282
1712239929313 105003.6 283
1712239939398 105003.6 284
1712239949486 105003.6 285
1712239959579 105003.6 286
1712239969662 105003.6 287
1712239979753 105003.6 288
1712239989837 105003.6 289
1712239999922 105003.6 290
1712240010016 105003.6 291
1712240020110 105003.6 292
1712240030199 105003.6 293
1712240040290 105003.6 294
1712240050377 105003.6 295
1712240060470 105003.6 296
1712240070556 105003.6 297
1712240080646 105003.6 298
1712240090730 105003.6 299
1712240100818 105003.6 300
1712240110905 105003.6 301
1712240120997 105003.6 302
1712240131097 105003.6 303
1712240141202 105003.6 304
1712240151297 105003.6 305
1712240161384 105003.6 306
1712240171460 105003.6 307
1712240181539 105003.6 308
1712240191635 105003.6 309
1712240201734 105003.6 310
1712240211823 105003.6 311
1712240221909 105003.6 312
1712240231960 105003.6 313
1712240242058 105003.6 314
1712240252098 105003.6 315
1712240262190 105003.6 316
1712240272275 105003.6 317
1712240282320 105003.6 318
1712240292353 105003.6 319
1712240302441 105003.6 320
1712240312540 105003.6 321
1712240322627 105003.6 322
1712240332712 105003.6 323
1712240342796 105003.6 324
1712240352888 105003.6 325
1712240362975 105003.6 326
1712240373065 105003.6 327
1712240383160 105003.6 328
1712240393262 105003.6 329
1712240403346 105003.6 330
1712240413437 105003.6 331
1712240423522 105003.6 332
1712240433603 105003.6 333
1712240443686 105003.6 334
1712240453776 105003.6 335
1712240463871 105003.6 336
1712240473995 105003.6 337
1712240484088 105003.6 338
1712240494183 105003.6 339
1712240504288 105003.6 340
1712240514383 105003.6 341
1712240524466 105003.6 342
1712240534556 105003.6 343
1712240544639 105003.6 344
1712240554730 105003.6 345
1712240564826 105003.6 346
1712240574907 105003.6 347
1712240584991 105003.6 348
1712240595089 105003.6 349
1712240605175 105003.6 350
1712240615283 105003.6 351
1712240625376 105003.6 352
1712240635479 105003.6 353
1712240645565 105003.6 354
1712240655660 105003.6 355
1712240665766 105003.6 356
1712240675863 105003.6 357
1712240685951 105003.6 358
1712240696043 105003.6 359
1712240706127 105003.6 360
1712240716225 105003.5 361
1712240726314 105003.5 362
1712240736407 105003.5 363
1712240746497 105003.5 364
1712240756577 105003.5 365
1712240766677 105003.5 366
1712240776765 105003.5 367
1712240786857 105003.5 368
1712240796958 105003.5 369
1712240807072 105003.5 370
1712240817172 105003.5 371
1712240827261 105003.5 372
1712240837351 105003.5 373
1712240847439 105003.5 374
1712240857526 105003.5 375
1712240867625 105003.5 376
1712240877728 105003.5 377
1712240887838 105003.5 378
1712240897936 105003.5 379
1712240908034 105003.5 380
1712240918123 105003.5 381
1712240928220 105003.0 382
1712240938308 105003.0 383
1712240948406 105003.0 384
1712240958499 105003.0 385
1712240968583 105003.0 386
1712240978671 105003.0 387
1712240988764 105003.0 388
1712240998864 105003.0 389
1712241008964 105003.0 390
1712241019050 105003.0 391
1712241029148 105003.0 392
1712241039241 105003.0 393
1712241049330 105003.0 394
1712241059416 105003.0 395
1712241069503 105003.0 396
1712241079590 105003.0 397
1712241089686 105003.0 398
1712241099787 105003.0 399
1712241109874 118473.1 400
1712241119971 116829.3 401
1712241130060 112445.0 402
1712241140150 111362.7 403
1712241150231 111362.7 404
1712241160320 111362.7 405
1712241170416 111362.7 406
1712241180496 111362.7 407
1712241190583 111362.7 408
1712241200694 111362.7 409
1712241210785 111362.7 410
1712241220880 111362.7 411
1712241230972 111362.7 412
1712241241062 111362.7 413
1712241251166 111362.7 414
1712241261945 111362.7 415
1712241272047 111362.7 416
1712241282171 111362.7 417
1712241292262 117227.5 418
1712241302370 111772.7 419
1712241312478 108496.3 420
1712241322634 106463.1 421
1712241332794 105061.1 422
1712241342947 105061.1 423
1712241353105 105061.1 424
1712241363269 105061.1 425
1712241373427 105061.1 426
1712241383566 105061.1 427
1712241393718 105061.1 428
1712241403868 105061.1 429
1712241414025 105061.1 430
1712241424181 105061.1 431
1712241434283 105061.1 432
1712241444373 105061.1 433
1712241454470 105061.1 434
1712241464575 105061.1 435
1712241474685 105061.1 436
1712241484723 105061.1 437
1712241494823 105061.0 438
1712241504926 105061.0 439
1712241515019 105061.0 440
1712241525122 105061.0 441
1712241535222 105061.0 442
1712241545311 105061.0 443
1712241555440 105061.0 444
1712241565557 105061.0 445
1712241575651 105061.0 446
1712241585758 105061.0 447
1712241595873 105061.0 448
1712241605981 105061.0 449
1712241616074 105061.0 450
1712241626168 105061.0 451
1712241636264 105061.0 452
1712241646357 105061.0 453
1712241656448 105061.0 454
1712241666542 105061.0 455
1712241676627 105061.0 456
1712241686717 105061.0 457
1712241696808 105061.0 458
1712241706896 105061.0 459
1712241716980 105061.0 460
1712241727084 105061.0 461
1712241737186 105061.0 462
1712241747283 105061.0 463
1712241757387 105061.0 464
1712241767487 105061.0 465
1712241777613 105061.0 466
1712241787703 105061.0 467
1712241797801 105061.0 468
1712241807884 105061.0 469
1712241817981 105061.0 470
1712241828081 105061.0 471
1712241838189 105061.0 472
1712241848280 105061.0 473
1712241858372 105061.0 474
1712241868462 105061.0 475
1712241878570 105061.0 476
1712241888695 105061.0 477
1712241898797 105061.0 478
1712241908921 105061.0 479
1712241919035 105061.0 480
1712241929133 105061.0 481
1712241939226 105061.0 482
1712241949350 105061.0 483
1712241959451 105061.0 484
1712241969551 105060.5 485
1712241979654 105060.5 486
1712241989755 105060.5 487
1712241999859 105060.5 488
1712242009955 105060.5 489
1712242020048 105060.5 490
1712242030160 105060.5 491
1712242040262 105060.5 492
1712242050350 105060.5 493
1712242060436 105060.5 494
1712242070546 105060.5 495
1712242080637 105060.5 496
1712242090744 105060.5 497
1712242100840 105060.5 498
1712242110947 105060.5 499
1712242121042 105060.5 500
1712242131146 105060.5 501
1712242141256 105060.5 502
1712242151357 105060.5 503
1712242161458 105060.5 504
1712242171555 105060.5 505
1712242181648 105060.5 506
1712242191738 105060.5 507
1712242201834 105060.5 508
1712242211927 105060.5 509
1712242222023 105060.5 510
1712242232137 105060.5 511
1712242242231 105060.5 512
1712242252328 105060.5 513
1712242262423 105060.5 514
1712242272515 105060.5 515
1712242282606 105060.5 516
1712242292702 105060.4 517
1712242302785 105060.4 518
1712242312878 105060.4 519
1712242322970 105060.4 520
1712242333061 105060.4 521
1712242343154 105060.4 522
1712242353247 105060.4 523
1712242363346 105060.4 524
1712242373392 105060.4 525
1712242383492 105060.4 526
1712242393597 105060.4 527
1712242403696 105060.4 528
1712242413804 105060.4 529
1712242423909 105060.4 530
1712242434003 105060.4 531
1712242444052 105060.4 532
1712242454156 105060.4 533
1712242464526 105060.4 534
1712242474636 105060.4 535
1712242484727 105060.4 536
1712242494819 105060.4 537
1712242504916 105060.4 538
1712242515037 117582.5 539
1712242525154 115838.9 540
1712242535258 112568.7 541
1712242545360 110364.7 542
1712242555485 110364.7 543
1712242565615 110364.7 544
1712242575719 110364.7 545
1712242585833 110364.7 546
1712242595951 110364.7 547
1712242606066 110364.7 548
1712242616178 110364.7 549
1712242626273 110364.7 550
1712242636363 110364.7 551
1712242646405 110364.7 552
1712242656524 110364.7 553
1712242666637 110364.7 554
1712242676770 110364.7 555
1712242686877 110364.7 556
1712242697068 110364.7 557
1712242707200 114689.9 558
1712242717332 111438.9 559
1712242727469 107088.0 560
1712242737587 106010.5 561
1712242747725 104391.5 562
1712242757852 104391.5 563
1712242767988 104391.5 564
1712242778106 104391.5 565
1712242788231 104391.5 566
1712242798359 104391.5 567
1712242808482 104391.5 568
1712242818598 104391.5 569
1712242828713 104391.5 570
1712242838832 104391.5 571
1712242848950 104391.5 572
1712242859065 104391.5 573
1712242869175 104391.5 574
1712242879290 104391.5 575
1712242889426 104391.5 576
1712242899482 104391.5 577
1712242909601 104391.5 578
1712242919715 104391.5 579
1712242929851 104391.5 580
1712242939956 104391.5 581
1712242950090 104391.5 582
1712242960187 104391.5 583
1712242970305 104391.5 584
1712242980413 104391.5 585
1712242990535 104391.5 586
1712243000645 104391.5 587
1712243010748 104391.0 588
1712243020856 104391.0 589
1712243030964 104391.0 590
1712243041065 104391.0 591
1712243051169 104391.0 592
1712243061288 104391.0 593
1712243071401 104391.0 594
1712243081515 104391.0 595
1712243091627 104391.0 596
1712243101738 104391.0 597
1712243111849 104391.0 598
1712243121973 104391.0 599
1712243132109 104391.0 600
1712243142218 104391.0 601
1712243152334 104391.0 602
1712243162457 104391.0 603
1712243172563 104391.0 604
1712243182671 104391.0 605
1712243192771 104391.0 606
1712243202893 104391.0 607
1712243213020 104391.0 608
1712243223124 104391.0 609
1712243233236 104391.0 610
1712243243327 104391.0 611
1712243253439 104391.0 612
1712243263566 104391.0 613
1712243273681 104391.0 614
1712243283724 104391.0 615
1712243293840 104391.0 616
1712243303955 104391.0 617
1712243314087 104391.0 618
1712243324229 104391.0 619
1712243334353 104391.0 620
1712243344464 104391.0 621
1712243354590 104391.0 622
1712243364696 104391.0 623
1712243374810 104391.0 624
1712243384920 104391.0 625
1712243395050 104391.0 626
1712243405172 104391.0 627
1712243415288 104391.0 628
1712243425408 104391.0 629
1712243435542 104391.0 630
1712243445662 104391.0 631
1712243455774 104391.0 632
1712243465892 104391.0 633
1712243476006 104391.0 634
1712243486122 104391.0 635
1712243496224 104391.0 636
1712243506337 104391.0 637
1712243516459 104391.0 638
1712243526571 104391.0 639
1712243536702 104391.0 640
1712243546820 104399.4 641
1712243556928 104399.4 642
1712243567050 104399.4 643
1712243577541 104399.4 644
1712243587657 104399.4 645
1712243597787 104399.4 646
1712243607911 104399.4 647
1712243618026 104399.4 648
1712243628139 104399.4 649
1712243638259 104399.4 650
1712243648360 104399.4 651
1712243658466 104399.4 652
1712243668584 104399.4 653
1712243678715 104399.4 654
1712243688836 104399.4 655
1712243698963 104399.4 656
1712243709074 104399.4 657
1712243719193 104399.4 658
1712243729310 104399.4 659
1712243739437 104399.4 660
1712243749562 104399.4 661
1712243759681 104399.4 662
1712243769792 104399.4 663
1712243779895 104399.4 664
1712243790005 104399.4 665
1712243800124 104399.4 666
1712243810244 104399.4 667
1712243820361 104399.4 668
1712243830497 104399.4 669
1712243840632 104399.4 670
1712243850748 104399.4 671
1712243860876 104399.4 672
1712243870995 104399.4 673
1712243881115 104399.4 674
1712243891256 104399.4 675
1712243901369 104399.4 676
1712243911486 104399.4 677
1712243921612 104399.4 678
1712243931781 116541.4 679
1712243941896 116541.4 680
1712243952015 113840.1 681
1712243962073 110569.8 682
1712243972164 110569.8 683
1712243982264 110569.8 684
1712243992356 110569.8 685
1712244002449 110569.8 686
1712244012546 110569.8 687
1712244022660 110569.8 688
1712244032774 110569.8 689
1712244042874 110569.8 690
1712244052993 110569.2 691
1712244063121 110569.2 692
1712244073236 110569.2 693
1712244083335 110569.2 694
1712244093445 110569.2 695
1712244103569 110569.2 696
1712244114260 110569.2 697
1712244124380 112568.8 698
1712244134500 108237.1 699
1712244144611 106044.6 700
