1712237072988 6.6 0
1712237083019 6.6 1
1712237093091 6.6 2
1712237103127 6.6 3
1712237113197 55.1 4
1712237123293 55.1 5
1712237133385 55.1 6
1712237143419 55.1 7
1712237153519 55.1 8
1712237163608 55.1 9
1712237173653 55.1 10
1712237183734 55.1 11
1712237193768 55.1 12
1712237203807 55.1 13
1712237213891 55.1 14
1712237223927 55.1 15
1712237233969 55.1 16
1712237244085 55.1 17
1712237254121 55.1 18
1712237264192 55.1 19
1712237274287 55.1 20
1712237284389 55.1 21
1712237294497 55.1 22
1712237304578 55.1 23
1712237314614 55.1 24
1712237324642 55.1 25
1712237334674 55.1 26
1712237344709 55.1 27
1712237354735 55.1 28
1712237364807 55.1 29
1712237374906 55.1 30
1712237384973 55.1 31
1712237395046 55.1 32
1712237405084 55.1 33
1712237415165 55.1 34
1712237425237 55.1 35
1712237435315 55.1 36
1712237445406 55.1 37
1712237455488 55.1 38
1712237465571 55.1 39
1712237475660 55.1 40
1712237485754 55.1 41
1712237495848 55.1 42
1712237505924 55.1 43
1712237516002 55.1 44
1712237526086 55.1 45
1712237536188 55.1 46
1712237546276 55.1 47
1712237556351 55.1 48
1712237566431 55.1 49
1712237576518 55.1 50
1712237586598 55.1 51
1712237596695 55.1 52
1712237606727 55.1 53
1712237616808 55.1 54
1712237626910 55.1 55
1712237636997 55.1 56
1712237647075 55.1 57
1712237657164 55.1 58
1712237667248 55.1 59
1712237677331 55.1 60
1712237687411 55.1 61
1712237697497 55.1 62
1712237707591 55.1 63
1712237717684 55.1 64
1712237727771 55.1 65
1712237737854 55.1 66
1712237747938 55.1 67
1712237758027 55.1 68
1712237768107 55.1 69
1712237778200 55.1 70
1712237788287 55.1 71
1712237798383 55.1 72
1712237808480 55.1 73
1712237818562 55.1 74
1712237828657 55.1 75
1712237838742 55.1 76
1712237848825 55.1 77
1712237858863 55.1 78
1712237868894 55.1 79
1712237878971 55.1 80
1712237889054 55.1 81
1712237899142 55.1 82
1712237909229 55.1 83
1712237919317 55.1 84
1712237929407 55.1 85
1712237939502 55.1 86
1712237949607 55.1 87
1712237959686 55.1 88
1712237969766 55.1 89
1712237979839 55.1 90
1712237989930 55.1 91
1712238000024 55.1 92
1712238010093 55.1 93
1712238020198 55.1 94
1712238030285 55.1 95
1712238040375 55.1 96
1712238050454 55.1 97
1712238060538 55.1 98
1712238070613 55.1 99
1712238080689 55.1 100
1712238090757 55.1 101
1712238100844 55.1 102
1712238110929 55.1 103
1712238121012 55.1 104
1712238131087 55.1 105
1712238141173 55.1 106
1712238151257 55.1 107
1712238161347 55.1 108
1712238171426 55.1 109
1712238181515 55.1 110
1712238191599 55.1 111
1712238201683 55.1 112
1712238211771 55.1 113
1712238221864 55.1 114
1712238231961 55.1 115
1712238242050 55.1 116
1712238252133 55.1 117
1712238262218 55.1 118
1712238272299 55.1 119
1712238282383 55.1 120
1712238292461 55.1 121
1712238302562 55.1 122
1712238312651 55.1 123
1712238322736 69.5 124
1712238332818 69.5 125
1712238342903 69.5 126
1712238352977 69.5 127
1712238363062 69.5 128
1712238373148 69.5 129
1712238383247 69.5 130
1712238393335 69.5 131
1712238403419 69.5 132
1712238413502 69.5 133
1712238423588 69.5 134
1712238433685 69.5 135
1712238443777 69.5 136
1712238453872 69.5 137
1712238463908 69.5 138
1712238473964 69.5 139
1712238484101 69.6 140
1712238494503 69.6 141
1712238504639 69.6 142
1712238514732 69.6 143
1712238524825 69.6 144
1712238534921 69.6 145
1712238545054 69.6 146
1712238555232 69.6 147
1712238565326 69.6 148
1712238575432 69.6 149
1712238585511 69.6 150
1712238595607 69.6 151
1712238605702 69.6 152
1712238615797 69.6 153
1712238625891 69.6 154
1712238635987 69.6 155
1712238646076 69.6 156
1712238656172 69.6 157
1712238666276 69.6 158
1712238676373 69.6 159
1712238686415 69.6 160
1712238696502 69.6 161
1712238706602 69.6 162
1712238716703 69.6 163
1712238726757 69.6 164
1712238736857 69.6 165
1712238746957 69.6 166
1712238757051 69.6 167
1712238767145 69.6 168
1712238777233 69.6 169
1712238787330 69.6 170
1712238797429 69.6 171
1712238807514 69.6 172
1712238817605 69.6 173
1712238827703 69.6 174
1712238837782 69.6 175
1712238847874 69.6 176
1712238857966 69.6 177
1712238867997 69.6 178
1712238878080 69.6 179
1712238888172 69.6 180
1712238898257 69.6 181
1712238908364 69.6 182
1712238918453 69.6 183
1712238928541 69.6 184
1712238938623 69.6 185
1712238948713 69.6 186
1712238958799 69.6 187
1712238968891 69.6 188
1712238978991 69.6 189
1712238989079 69.6 190
1712238999160 69.6 191
1712239009264 69.6 192
1712239019351 69.6 193
1712239029441 69.6 194
1712239039529 69.6 195
1712239049608 69.6 196
1712239059696 69.6 197
1712239069783 69.6 198
1712239079873 69.6 199
1712239089969 69.6 200
1712239100067 69.6 201
1712239110169 69.6 202
1712239120265 69.6 203
1712239130343 69.6 204
1712239140431 69.6 205
1712239150519 69.6 206
1712239160600 69.6 207
1712239170689 69.6 208
1712239180768 69.6 209
1712239190859 69.6 210
1712239200963 69.6 211
1712239211058 69.6 212
1712239221155 69.6 213
1712239231235 69.6 214
1712239241329 69.6 215
1712239251418 69.6 216
1712239261514 69.6 217
1712239271620 69.6 218
1712239281721 69.6 219
1712239291804 69.6 220
1712239301888 69.6 221
1712239311967 69.6 222
1712239322083 69.6 223
1712239332176 69.6 224
1712239342280 69.6 225
1712239352378 69.6 226
1712239362489 69.6 227
1712239372575 69.6 228
1712239382658 69.6 229
1712239392758 69.6 230
1712239402856 69.6 231
1712239412949 69.6 232
1712239423028 69.6 233
1712239433118 69.6 234
1712239443207 69.6 235
1712239453296 69.6 236
1712239463384 69.6 237
1712239473484 69.6 238
1712239483561 69.6 239
1712239493659 69.6 240
1712239503745 69.6 241
1712239513841 69.6 242
1712239523940 69.6 243
1712239534018 69.6 244
1712239544098 69.6 245
1712239554191 69.6 246
1712239564279 69.6 247
1712239574374 69.6 248
1712239584462 69.6 249
1712239594556 69.6 250
1712239604651 69.6 251
1712239614738 69.6 252
1712239624822 69.6 253
1712239634917 69.6 254
1712239645031 69.6 255
1712239655141 69.6 256
1712239665228 69.6 257
1712239675330 69.6 258
1712239685421 69.6 259
1712239695864 69.6 260
1712239705961 69.6 261
1712239716044 69.6 262
1712239726151 69.6 263
1712239736258 69.6 264
1712239746359 69.6 265
1712239756443 69.6 266
1712239766526 69.6 267
1712239776625 69.6 268
1712239786705 69.6 269
1712239796790 69.6 270
1712239806884 69.6 271
1712239816964 69.6 272
1712239827058 69.6 273
1712239837147 69.6 274
1712239847248 69.6 275
1712239857336 69.6 276
1712239867426 69.6 277
1712239878806 69.6 278
1712239888885 69.6 279
1712239898993 69.6 280
1712239909100 69.6 281
1712239919209 69.6 282
1712239929313 69.6 283
1712239939398 69.6 284
1712239949486 69.6 285
1712239959579 69.6 286
1712239969662 69.6 287
1712239979753 69.6 288
1712239989837 69.6 289
1712239999922 69.6 290
1712240010016 69.6 291
1712240020110 69.6 292
1712240030199 69.6 293
1712240040290 69.6 294
1712240050377 69.6 295
1712240060470 69.6 296
1712240070556 69.6 297
1712240080646 69.6 298
1712240090730 69.6 299
1712240100818 69.6 300
1712240110905 69.6 301
1712240120997 69.6 302
1712240131097 69.6 303
1712240141202 69.6 304
1712240151297 69.6 305
1712240161384 69.6 306
1712240171460 69.6 307
1712240181539 69.6 308
1712240191635 69.6 309
1712240201734 69.6 310
1712240211823 69.6 311
1712240221909 69.6 312
1712240231960 69.6 313
1712240242058 69.6 314
1712240252098 69.6 315
1712240262190 69.6 316
1712240272275 69.6 317
1712240282320 69.6 318
1712240292353 69.6 319
1712240302441 69.6 320
1712240312540 69.6 321
1712240322627 69.6 322
1712240332712 69.6 323
1712240342796 69.6 324
1712240352888 69.6 325
1712240362975 69.6 326
1712240373065 69.6 327
1712240383160 69.6 328
1712240393262 69.6 329
1712240403346 69.6 330
1712240413437 69.6 331
1712240423522 69.6 332
1712240433603 69.6 333
1712240443686 69.6 334
1712240453776 69.6 335
1712240463871 69.6 336
1712240473995 69.6 337
1712240484088 69.6 338
1712240494183 69.6 339
1712240504288 69.6 340
1712240514383 69.6 341
1712240524466 69.6 342
1712240534556 69.6 343
1712240544639 69.6 344
1712240554730 69.6 345
1712240564826 69.6 346
1712240574907 69.6 347
1712240584991 69.6 348
1712240595089 69.6 349
1712240605175 69.6 350
1712240615283 69.6 351
1712240625376 69.6 352
1712240635479 69.6 353
1712240645565 69.6 354
1712240655660 69.6 355
1712240665766 69.6 356
1712240675863 69.6 357
1712240685951 69.6 358
1712240696043 69.6 359
1712240706127 69.6 360
1712240716225 69.6 361
1712240726314 69.6 362
1712240736407 69.6 363
1712240746497 69.6 364
1712240756577 69.6 365
1712240766677 69.6 366
1712240776765 69.6 367
1712240786857 69.6 368
1712240796958 69.6 369
1712240807072 69.6 370
1712240817172 69.6 371
1712240827261 69.6 372
1712240837351 69.6 373
1712240847439 69.6 374
1712240857526 69.6 375
1712240867625 69.6 376
1712240877728 69.6 377
1712240887838 69.6 378
1712240897936 69.6 379
1712240908034 69.6 380
1712240918123 69.6 381
1712240928220 69.6 382
1712240938308 69.6 383
1712240948406 69.6 384
1712240958499 69.6 385
1712240968583 69.6 386
1712240978671 69.6 387
1712240988764 69.6 388
1712240998864 69.6 389
1712241008964 69.6 390
1712241019050 69.6 391
1712241029148 69.6 392
1712241039241 69.6 393
1712241049330 69.6 394
1712241059416 69.6 395
1712241069503 69.6 396
1712241079590 69.6 397
1712241089686 69.6 398
1712241099787 69.6 399
1712241109874 69.6 400
1712241119971 69.6 401
1712241130060 69.6 402
1712241140150 69.6 403
1712241150231 69.6 404
1712241160320 69.6 405
1712241170416 69.6 406
1712241180496 69.6 407
1712241190583 69.6 408
1712241200694 69.6 409
1712241210785 69.6 410
1712241220880 69.6 411
1712241230972 69.6 412
1712241241062 69.6 413
1712241251166 69.6 414
1712241261945 69.6 415
1712241272047 69.6 416
1712241282171 69.6 417
1712241292262 69.6 418
1712241302370 69.6 419
1712241312478 69.6 420
1712241322634 69.6 421
1712241332794 69.6 422
1712241342947 69.6 423
1712241353105 69.6 424
1712241363269 69.6 425
1712241373427 69.6 426
1712241383566 69.6 427
1712241393718 69.6 428
1712241403868 69.6 429
1712241414025 69.6 430
1712241424181 69.6 431
1712241434283 69.6 432
1712241444373 69.6 433
1712241454470 69.6 434
1712241464575 69.6 435
1712241474685 69.6 436
1712241484723 69.6 437
1712241494823 69.6 438
1712241504926 69.6 439
1712241515019 69.6 440
1712241525122 69.6 441
1712241535222 69.6 442
1712241545311 69.6 443
1712241555440 69.6 444
1712241565557 69.6 445
1712241575651 69.6 446
1712241585758 69.6 447
1712241595873 69.6 448
1712241605981 69.6 449
1712241616074 69.6 450
1712241626168 69.6 451
1712241636264 69.6 452
1712241646357 69.6 453
1712241656448 69.6 454
1712241666542 69.6 455
1712241676627 69.6 456
1712241686717 69.6 457
1712241696808 69.6 458
1712241706896 69.6 459
1712241716980 69.6 460
1712241727084 69.6 461
1712241737186 69.6 462
1712241747283 69.6 463
1712241757387 69.6 464
1712241767487 69.6 465
1712241777613 69.6 466
1712241787703 69.6 467
1712241797801 69.6 468
1712241807884 69.6 469
1712241817981 69.6 470
1712241828081 69.6 471
1712241838189 69.6 472
1712241848280 69.6 473
1712241858372 69.6 474
1712241868462 69.6 475
1712241878570 69.6 476
1712241888695 69.6 477
1712241898797 69.6 478
1712241908921 69.6 479
1712241919035 69.6 480
1712241929133 69.6 481
1712241939226 69.6 482
1712241949350 69.6 483
1712241959451 69.6 484
1712241969551 69.6 485
1712241979654 69.6 486
1712241989755 69.6 487
1712241999859 69.6 488
1712242009955 69.6 489
1712242020048 69.6 490
1712242030160 69.6 491
1712242040262 69.6 492
1712242050350 69.6 493
1712242060436 69.6 494
1712242070546 69.6 495
1712242080637 69.6 496
1712242090744 69.6 497
1712242100840 69.6 498
1712242110947 69.6 499
1712242121042 69.6 500
1712242131146 69.6 501
1712242141256 69.6 502
1712242151357 69.6 503
1712242161458 69.6 504
1712242171555 69.6 505
1712242181648 69.6 506
1712242191738 69.6 507
1712242201834 69.6 508
1712242211927 69.6 509
1712242222023 69.6 510
1712242232137 69.6 511
1712242242231 69.6 512
1712242252328 69.6 513
1712242262423 69.6 514
1712242272515 69.6 515
1712242282606 69.6 516
1712242292702 69.6 517
1712242302785 69.6 518
1712242312878 69.6 519
1712242322970 69.6 520
1712242333061 69.6 521
1712242343154 69.6 522
1712242353247 69.6 523
1712242363346 69.6 524
1712242373392 69.6 525
1712242383492 69.6 526
1712242393597 69.6 527
1712242403696 69.6 528
1712242413804 69.6 529
1712242423909 69.6 530
1712242434003 69.6 531
1712242444052 69.6 532
1712242454156 69.6 533
1712242464526 69.6 534
1712242474636 69.6 535
1712242484727 69.6 536
1712242494819 69.6 537
1712242504916 69.6 538
1712242515037 69.6 539
1712242525154 69.6 540
1712242535258 69.6 541
1712242545360 69.6 542
1712242555485 69.6 543
1712242565615 69.6 544
1712242575719 69.6 545
1712242585833 69.6 546
1712242595951 69.6 547
1712242606066 69.6 548
1712242616178 69.6 549
1712242626273 69.6 550
1712242636363 69.6 551
1712242646405 69.6 552
1712242656524 69.6 553
1712242666637 69.6 554
1712242676770 69.6 555
1712242686877 69.6 556
1712242697068 69.6 557
1712242707200 69.6 558
1712242717332 69.6 559
1712242727469 69.6 560
1712242737587 69.6 561
1712242747725 69.6 562
1712242757852 69.6 563
1712242767988 69.6 564
1712242778106 69.6 565
1712242788231 69.6 566
1712242798359 69.6 567
1712242808482 69.6 568
1712242818598 69.6 569
1712242828713 69.6 570
1712242838832 69.6 571
1712242848950 69.6 572
1712242859065 69.6 573
1712242869175 69.6 574
1712242879290 69.6 575
1712242889426 69.6 576
1712242899482 69.6 577
1712242909601 69.6 578
1712242919715 69.6 579
1712242929851 69.6 580
1712242939956 69.6 581
1712242950090 69.6 582
1712242960187 69.6 583
1712242970305 69.6 584
1712242980413 69.6 585
1712242990535 69.6 586
1712243000645 69.6 587
1712243010748 69.6 588
1712243020856 69.6 589
1712243030964 69.6 590
1712243041065 69.6 591
1712243051169 69.6 592
1712243061288 69.6 593
1712243071401 69.6 594
1712243081515 69.6 595
1712243091627 69.6 596
1712243101738 69.6 597
1712243111849 69.6 598
1712243121973 69.6 599
1712243132109 69.6 600
1712243142218 69.6 601
1712243152334 69.6 602
1712243162457 69.6 603
1712243172563 69.6 604
1712243182671 69.6 605
1712243192771 69.6 606
1712243202893 69.6 607
1712243213020 69.6 608
1712243223124 69.6 609
1712243233236 69.6 610
1712243243327 69.6 611
1712243253439 69.6 612
1712243263566 69.6 613
1712243273681 69.6 614
1712243283724 69.6 615
1712243293840 69.6 616
1712243303955 69.6 617
1712243314087 69.6 618
1712243324229 69.6 619
1712243334353 69.6 620
1712243344464 69.6 621
1712243354590 69.6 622
1712243364696 69.6 623
1712243374810 69.6 624
1712243384920 69.6 625
1712243395050 69.6 626
1712243405172 69.6 627
1712243415288 69.6 628
1712243425408 69.6 629
1712243435542 69.6 630
1712243445662 69.6 631
1712243455774 69.6 632
1712243465892 69.6 633
1712243476006 69.6 634
1712243486122 69.6 635
1712243496224 69.6 636
1712243506337 69.6 637
1712243516459 69.6 638
1712243526571 69.6 639
1712243536702 69.6 640
1712243546820 69.6 641
1712243556928 69.6 642
1712243567050 69.6 643
1712243577541 69.6 644
1712243587657 69.6 645
1712243597787 69.6 646
1712243607911 69.6 647
1712243618026 69.6 648
1712243628139 69.6 649
1712243638259 69.6 650
1712243648360 69.6 651
1712243658466 69.6 652
1712243668584 69.6 653
1712243678715 69.6 654
1712243688836 69.6 655
1712243698963 69.6 656
1712243709074 69.6 657
1712243719193 69.6 658
1712243729310 69.6 659
1712243739437 69.6 660
1712243749562 69.6 661
1712243759681 69.6 662
1712243769792 69.6 663
1712243779895 69.6 664
1712243790005 69.6 665
1712243800124 69.6 666
1712243810244 69.6 667
1712243820361 69.6 668
1712243830497 69.6 669
1712243840632 69.6 670
1712243850748 69.6 671
1712243860876 69.6 672
1712243870995 69.6 673
1712243881115 69.6 674
1712243891256 69.6 675
1712243901369 69.6 676
1712243911486 69.6 677
1712243921612 69.6 678
1712243931781 69.6 679
1712243941896 69.6 680
1712243952015 69.6 681
1712243962073 69.6 682
1712243972164 69.6 683
1712243982264 69.6 684
1712243992356 69.6 685
1712244002449 69.6 686
1712244012546 69.6 687
1712244022660 69.6 688
1712244032774 69.6 689
1712244042874 69.6 690
1712244052993 69.6 691
1712244063121 69.6 692
1712244073236 69.6 693
1712244083335 69.6 694
1712244093445 69.6 695
1712244103569 69.6 696
1712244114260 69.6 697
1712244124380 69.6 698
1712244134500 69.6 699
1712244144611 69.6 700
