1712237072988 284.7 0
1712237083019 284.7 1
1712237093091 284.7 2
1712237103127 284.7 3
1712237113197 2365.1 4
1712237123293 2365.1 5
1712237133385 2365.1 6
1712237143419 2365.1 7
1712237153519 2365.1 8
1712237163608 2365.1 9
1712237173653 2365.1 10
1712237183734 2365.1 11
1712237193768 2365.1 12
1712237203807 2365.1 13
1712237213891 2365.1 14
1712237223927 2365.1 15
1712237233969 2365.1 16
1712237244085 2365.1 17
1712237254121 2365.1 18
1712237264192 2365.1 19
1712237274287 2365.1 20
1712237284389 2365.1 21
1712237294497 2365.1 22
1712237304578 2365.1 23
1712237314614 2365.1 24
1712237324642 2365.1 25
1712237334674 2365.1 26
1712237344709 2365.1 27
1712237354735 2365.1 28
1712237364807 2365.1 29
1712237374906 2365.1 30
1712237384973 2365.1 31
1712237395046 2365.1 32
1712237405084 2365.1 33
1712237415165 2365.1 34
1712237425237 2365.1 35
1712237435315 2365.1 36
1712237445406 2365.1 37
1712237455488 2365.1 38
1712237465571 2365.1 39
1712237475660 2365.1 40
1712237485754 2365.1 41
1712237495848 2365.1 42
1712237505924 2365.1 43
1712237516002 2365.1 44
1712237526086 2365.1 45
1712237536188 2365.1 46
1712237546276 2365.1 47
1712237556351 2365.1 48
1712237566431 2365.1 49
1712237576518 2365.1 50
1712237586598 2365.1 51
1712237596695 2365.1 52
1712237606727 2365.1 53
1712237616808 2365.1 54
1712237626910 2365.1 55
1712237636997 2365.1 56
1712237647075 2365.1 57
1712237657164 2365.1 58
1712237667248 2365.1 59
1712237677331 2365.1 60
1712237687411 2365.1 61
1712237697497 2365.1 62
1712237707591 2365.1 63
1712237717684 2365.1 64
1712237727771 2365.1 65
1712237737854 2365.1 66
1712237747938 2365.1 67
1712237758027 2365.1 68
1712237768107 2365.1 69
1712237778200 2365.1 70
1712237788287 2365.1 71
1712237798383 2365.1 72
1712237808480 2365.1 73
1712237818562 2365.1 74
1712237828657 2365.1 75
1712237838742 2365.1 76
1712237848825 2365.1 77
1712237858863 2365.1 78
1712237868894 2365.1 79
1712237878971 2365.1 80
1712237889054 2365.1 81
1712237899142 2365.1 82
1712237909229 2365.1 83
1712237919317 2365.1 84
1712237929407 2365.1 85
1712237939502 2365.1 86
1712237949607 2365.1 87
1712237959686 2365.1 88
1712237969766 2365.1 89
1712237979839 2365.1 90
1712237989930 2365.1 91
1712238000024 2365.1 92
1712238010093 2365.1 93
1712238020198 2365.1 94
1712238030285 2365.1 95
1712238040375 2365.1 96
1712238050454 2365.1 97
1712238060538 2365.1 98
1712238070613 2365.1 99
1712238080689 2365.1 100
1712238090757 2365.1 101
1712238100844 2365.1 102
1712238110929 2365.1 103
1712238121012 2365.1 104
1712238131087 2365.1 105
1712238141173 2365.1 106
1712238151257 2365.1 107
1712238161347 2365.1 108
1712238171426 2365.1 109
1712238181515 2365.1 110
1712238191599 2365.1 111
1712238201683 2365.1 112
1712238211771 2365.1 113
1712238221864 2365.1 114
1712238231961 2365.1 115
1712238242050 2365.1 116
1712238252133 2365.1 117
1712238262218 2365.1 118
1712238272299 2365.1 119
1712238282383 2365.1 120
1712238292461 2365.1 121
1712238302562 2365.1 122
1712238312651 2365.1 123
1712238322736 2983.7 124
1712238332818 2983.7 125
1712238342903 2983.7 126
1712238352977 2983.7 127
1712238363062 2983.7 128
1712238373148 2983.7 129
1712238383247 2983.7 130
1712238393335 2983.7 131
1712238403419 2983.7 132
1712238413502 2983.7 133
1712238423588 2983.7 134
1712238433685 2983.7 135
1712238443777 2983.7 136
1712238453872 2983.7 137
1712238463908 2983.7 138
1712238473964 2983.7 139
1712238484101 2987.9 140
1712238494503 2987.9 141
1712238504639 2987.9 142
1712238514732 2987.9 143
1712238524825 2987.9 144
1712238534921 2987.9 145
1712238545054 2987.9 146
1712238555232 2987.9 147
1712238565326 2987.9 148
1712238575432 2987.9 149
1712238585511 2987.9 150
1712238595607 2987.9 151
1712238605702 2987.9 152
1712238615797 2987.9 153
1712238625891 2987.9 154
1712238635987 2987.9 155
1712238646076 2987.9 156
1712238656172 2987.9 157
1712238666276 2987.9 158
1712238676373 2987.9 159
1712238686415 2987.9 160
1712238696502 2987.9 161
1712238706602 2987.9 162
1712238716703 2987.9 163
1712238726757 2987.9 164
1712238736857 2987.9 165
1712238746957 2987.9 166
1712238757051 2987.9 167
1712238767145 2987.9 168
1712238777233 2987.9 169
1712238787330 2987.9 170
1712238797429 2987.9 171
1712238807514 2987.9 172
1712238817605 2987.9 173
1712238827703 2987.9 174
1712238837782 2987.9 175
1712238847874 2987.9 176
1712238857966 2987.9 177
1712238867997 2987.9 178
1712238878080 2987.9 179
1712238888172 2987.9 180
1712238898257 2987.9 181
1712238908364 2987.9 182
1712238918453 2987.9 183
1712238928541 2987.9 184
1712238938623 2987.9 185
1712238948713 2987.9 186
1712238958799 2987.9 187
1712238968891 2987.9 188
1712238978991 2987.9 189
1712238989079 2987.9 190
1712238999160 2987.9 191
1712239009264 2987.9 192
1712239019351 2987.9 193
1712239029441 2987.9 194
1712239039529 2987.9 195
1712239049608 2987.9 196
1712239059696 2987.9 197
1712239069783 2987.9 198
1712239079873 2987.9 199
1712239089969 2987.9 200
1712239100067 2987.9 201
1712239110169 2987.9 202
1712239120265 2987.9 203
1712239130343 2987.9 204
1712239140431 2987.9 205
1712239150519 2987.9 206
1712239160600 2987.9 207
1712239170689 2987.9 208
1712239180768 2987.9 209
1712239190859 2987.9 210
1712239200963 2987.9 211
1712239211058 2987.9 212
1712239221155 2987.9 213
1712239231235 2987.9 214
1712239241329 2987.9 215
1712239251418 2987.9 216
1712239261514 2987.9 217
1712239271620 2987.9 218
1712239281721 2987.9 219
1712239291804 2987.9 220
1712239301888 2987.9 221
1712239311967 2987.9 222
1712239322083 2987.9 223
1712239332176 2987.9 224
1712239342280 2987.9 225
1712239352378 2987.9 226
1712239362489 2987.9 227
1712239372575 2987.9 228
1712239382658 2987.9 229
1712239392758 2987.9 230
1712239402856 2987.9 231
1712239412949 2987.9 232
1712239423028 2987.9 233
1712239433118 2987.9 234
1712239443207 2987.9 235
1712239453296 2987.9 236
1712239463384 2987.9 237
1712239473484 2987.9 238
1712239483561 2987.9 239
1712239493659 2987.9 240
1712239503745 2987.9 241
1712239513841 2987.9 242
1712239523940 2987.9 243
1712239534018 2987.9 244
1712239544098 2987.9 245
1712239554191 2987.9 246
1712239564279 2987.9 247
1712239574374 2987.9 248
1712239584462 2987.9 249
1712239594556 2987.9 250
1712239604651 2987.9 251
1712239614738 2987.9 252
1712239624822 2987.9 253
1712239634917 2987.9 254
1712239645031 2987.9 255
1712239655141 2987.9 256
1712239665228 2987.9 257
1712239675330 2987.9 258
1712239685421 2987.9 259
1712239695864 2987.9 260
1712239705961 2987.9 261
1712239716044 2987.9 262
1712239726151 2987.9 263
1712239736258 2987.9 264
1712239746359 2987.9 265
1712239756443 2987.9 266
1712239766526 2987.9 267
1712239776625 2987.9 268
1712239786705 2987.9 269
1712239796790 2987.9 270
1712239806884 2987.9 271
1712239816964 2987.9 272
1712239827058 2987.9 273
1712239837147 2987.9 274
1712239847248 2987.9 275
1712239857336 2987.9 276
1712239867426 2987.9 277
1712239878806 2987.9 278
1712239888885 2987.9 279
1712239898993 2987.9 280
1712239909100 2987.9 281
1712239919209 2987.9 282
1712239929313 2987.9 283
1712239939398 2987.9 284
1712239949486 2987.9 285
1712239959579 2987.9 286
1712239969662 2987.9 287
1712239979753 2987.9 288
1712239989837 2987.9 289
1712239999922 2987.9 290
1712240010016 2987.9 291
1712240020110 2987.9 292
1712240030199 2987.9 293
1712240040290 2987.9 294
1712240050377 2987.9 295
1712240060470 2987.9 296
1712240070556 2987.9 297
1712240080646 2987.9 298
1712240090730 2987.9 299
1712240100818 2987.9 300
1712240110905 2987.9 301
1712240120997 2987.9 302
1712240131097 2987.9 303
1712240141202 2987.9 304
1712240151297 2987.9 305
1712240161384 2987.9 306
1712240171460 2987.9 307
1712240181539 2987.9 308
1712240191635 2987.9 309
1712240201734 2987.9 310
1712240211823 2987.9 311
1712240221909 2987.9 312
1712240231960 2987.9 313
1712240242058 2987.9 314
1712240252098 2987.9 315
1712240262190 2987.9 316
1712240272275 2987.9 317
1712240282320 2987.9 318
1712240292353 2987.9 319
1712240302441 2987.9 320
1712240312540 2987.9 321
1712240322627 2987.9 322
1712240332712 2987.9 323
1712240342796 2987.9 324
1712240352888 2987.9 325
1712240362975 2987.9 326
1712240373065 2987.9 327
1712240383160 2987.9 328
1712240393262 2987.9 329
1712240403346 2987.9 330
1712240413437 2987.9 331
1712240423522 2987.9 332
1712240433603 2987.9 333
1712240443686 2987.9 334
1712240453776 2987.9 335
1712240463871 2987.9 336
1712240473995 2987.9 337
1712240484088 2987.9 338
1712240494183 2987.9 339
1712240504288 2987.9 340
1712240514383 2987.9 341
1712240524466 2987.9 342
1712240534556 2987.9 343
1712240544639 2987.9 344
1712240554730 2987.9 345
1712240564826 2987.9 346
1712240574907 2987.9 347
1712240584991 2987.9 348
1712240595089 2987.9 349
1712240605175 2987.9 350
1712240615283 2987.9 351
1712240625376 2987.9 352
1712240635479 2987.9 353
1712240645565 2987.9 354
1712240655660 2987.9 355
1712240665766 2987.9 356
1712240675863 2987.9 357
1712240685951 2987.9 358
1712240696043 2987.9 359
1712240706127 2987.9 360
1712240716225 2987.9 361
1712240726314 2987.9 362
1712240736407 2987.9 363
1712240746497 2987.9 364
1712240756577 2987.9 365
1712240766677 2987.9 366
1712240776765 2987.9 367
1712240786857 2987.9 368
1712240796958 2987.9 369
1712240807072 2987.9 370
1712240817172 2987.9 371
1712240827261 2987.9 372
1712240837351 2987.9 373
1712240847439 2987.9 374
1712240857526 2987.9 375
1712240867625 2987.9 376
1712240877728 2987.9 377
1712240887838 2987.9 378
1712240897936 2987.9 379
1712240908034 2987.9 380
1712240918123 2987.9 381
1712240928220 2987.9 382
1712240938308 2987.9 383
1712240948406 2987.9 384
1712240958499 2987.9 385
1712240968583 2987.9 386
1712240978671 2987.9 387
1712240988764 2987.9 388
1712240998864 2987.9 389
1712241008964 2987.9 390
1712241019050 2987.9 391
1712241029148 2987.9 392
1712241039241 2987.9 393
1712241049330 2987.9 394
1712241059416 2987.9 395
1712241069503 2987.9 396
1712241079590 2987.9 397
1712241089686 2987.9 398
1712241099787 2987.9 399
1712241109874 2987.9 400
1712241119971 2987.9 401
1712241130060 2987.9 402
1712241140150 2987.9 403
1712241150231 2987.9 404
1712241160320 2987.9 405
1712241170416 2987.9 406
1712241180496 2987.9 407
1712241190583 2987.9 408
1712241200694 2987.9 409
1712241210785 2987.9 410
1712241220880 2987.9 411
1712241230972 2987.9 412
1712241241062 2987.9 413
1712241251166 2987.9 414
1712241261945 2987.9 415
1712241272047 2987.9 416
1712241282171 2987.9 417
1712241292262 2987.9 418
1712241302370 2987.9 419
1712241312478 2987.9 420
1712241322634 2987.9 421
1712241332794 2987.9 422
1712241342947 2987.9 423
1712241353105 2987.9 424
1712241363269 2987.9 425
1712241373427 2987.9 426
1712241383566 2987.9 427
1712241393718 2987.9 428
1712241403868 2987.9 429
1712241414025 2987.9 430
1712241424181 2987.9 431
1712241434283 2987.9 432
1712241444373 2987.9 433
1712241454470 2987.9 434
1712241464575 2987.9 435
1712241474685 2987.9 436
1712241484723 2987.9 437
1712241494823 2987.9 438
1712241504926 2987.9 439
1712241515019 2987.9 440
1712241525122 2987.9 441
1712241535222 2987.9 442
1712241545311 2987.9 443
1712241555440 2987.9 444
1712241565557 2987.9 445
1712241575651 2987.9 446
1712241585758 2987.9 447
1712241595873 2987.9 448
1712241605981 2987.9 449
1712241616074 2987.9 450
1712241626168 2987.9 451
1712241636264 2987.9 452
1712241646357 2987.9 453
1712241656448 2987.9 454
1712241666542 2987.9 455
1712241676627 2987.9 456
1712241686717 2987.9 457
1712241696808 2987.9 458
1712241706896 2987.9 459
1712241716980 2987.9 460
1712241727084 2987.9 461
1712241737186 2987.9 462
1712241747283 2987.9 463
1712241757387 2987.9 464
1712241767487 2987.9 465
1712241777613 2987.9 466
1712241787703 2987.9 467
1712241797801 2987.9 468
1712241807884 2987.9 469
1712241817981 2987.9 470
1712241828081 2987.9 471
1712241838189 2987.9 472
1712241848280 2987.9 473
1712241858372 2987.9 474
1712241868462 2987.9 475
1712241878570 2987.9 476
1712241888695 2987.9 477
1712241898797 2987.9 478
1712241908921 2987.9 479
1712241919035 2987.9 480
1712241929133 2987.9 481
1712241939226 2987.9 482
1712241949350 2987.9 483
1712241959451 2987.9 484
1712241969551 2987.9 485
1712241979654 2987.9 486
1712241989755 2987.9 487
1712241999859 2987.9 488
1712242009955 2987.9 489
1712242020048 2987.9 490
1712242030160 2987.9 491
1712242040262 2987.9 492
1712242050350 2987.9 493
1712242060436 2987.9 494
1712242070546 2987.9 495
1712242080637 2987.9 496
1712242090744 2987.9 497
1712242100840 2987.9 498
1712242110947 2987.9 499
1712242121042 2987.9 500
1712242131146 2987.9 501
1712242141256 2987.9 502
1712242151357 2987.9 503
1712242161458 2987.9 504
1712242171555 2987.9 505
1712242181648 2987.9 506
1712242191738 2987.9 507
1712242201834 2987.9 508
1712242211927 2987.9 509
1712242222023 2987.9 510
1712242232137 2987.9 511
1712242242231 2987.9 512
1712242252328 2987.9 513
1712242262423 2987.9 514
1712242272515 2987.9 515
1712242282606 2987.9 516
1712242292702 2987.9 517
1712242302785 2987.9 518
1712242312878 2987.9 519
1712242322970 2987.9 520
1712242333061 2987.9 521
1712242343154 2987.9 522
1712242353247 2987.9 523
1712242363346 2987.9 524
1712242373392 2987.9 525
1712242383492 2987.9 526
1712242393597 2987.9 527
1712242403696 2987.9 528
1712242413804 2987.9 529
1712242423909 2987.9 530
1712242434003 2987.9 531
1712242444052 2987.9 532
1712242454156 2987.9 533
1712242464526 2987.9 534
1712242474636 2987.9 535
1712242484727 2987.9 536
1712242494819 2987.9 537
1712242504916 2987.9 538
1712242515037 2987.9 539
1712242525154 2987.9 540
1712242535258 2987.9 541
1712242545360 2987.9 542
1712242555485 2987.9 543
1712242565615 2987.9 544
1712242575719 2987.9 545
1712242585833 2987.9 546
1712242595951 2987.9 547
1712242606066 2987.9 548
1712242616178 2987.9 549
1712242626273 2987.9 550
1712242636363 2987.9 551
1712242646405 2987.9 552
1712242656524 2987.9 553
1712242666637 2987.9 554
1712242676770 2987.9 555
1712242686877 2987.9 556
1712242697068 2987.9 557
1712242707200 2987.9 558
1712242717332 2987.9 559
1712242727469 2987.9 560
1712242737587 2987.9 561
1712242747725 2987.9 562
1712242757852 2987.9 563
1712242767988 2987.9 564
1712242778106 2987.9 565
1712242788231 2987.9 566
1712242798359 2987.9 567
1712242808482 2987.9 568
1712242818598 2987.9 569
1712242828713 2987.9 570
1712242838832 2987.9 571
1712242848950 2987.9 572
1712242859065 2987.9 573
1712242869175 2987.9 574
1712242879290 2987.9 575
1712242889426 2987.9 576
1712242899482 2987.9 577
1712242909601 2987.9 578
1712242919715 2987.9 579
1712242929851 2987.9 580
1712242939956 2987.9 581
1712242950090 2987.9 582
1712242960187 2987.9 583
1712242970305 2987.9 584
1712242980413 2987.9 585
1712242990535 2987.9 586
1712243000645 2987.9 587
1712243010748 2987.9 588
1712243020856 2987.9 589
1712243030964 2987.9 590
1712243041065 2987.9 591
1712243051169 2987.9 592
1712243061288 2987.9 593
1712243071401 2987.9 594
1712243081515 2987.9 595
1712243091627 2987.9 596
1712243101738 2987.9 597
1712243111849 2987.9 598
1712243121973 2987.9 599
1712243132109 2987.9 600
1712243142218 2987.9 601
1712243152334 2987.9 602
1712243162457 2987.9 603
1712243172563 2987.9 604
1712243182671 2987.9 605
1712243192771 2987.9 606
1712243202893 2987.9 607
1712243213020 2987.9 608
1712243223124 2987.9 609
1712243233236 2987.9 610
1712243243327 2987.9 611
1712243253439 2987.9 612
1712243263566 2987.9 613
1712243273681 2987.9 614
1712243283724 2987.9 615
1712243293840 2987.9 616
1712243303955 2987.9 617
1712243314087 2987.9 618
1712243324229 2987.9 619
1712243334353 2987.9 620
1712243344464 2987.9 621
1712243354590 2987.9 622
1712243364696 2987.9 623
1712243374810 2987.9 624
1712243384920 2987.9 625
1712243395050 2987.9 626
1712243405172 2987.9 627
1712243415288 2987.9 628
1712243425408 2987.9 629
1712243435542 2987.9 630
1712243445662 2987.9 631
1712243455774 2987.9 632
1712243465892 2987.9 633
1712243476006 2987.9 634
1712243486122 2987.9 635
1712243496224 2987.9 636
1712243506337 2987.9 637
1712243516459 2987.9 638
1712243526571 2987.9 639
1712243536702 2987.9 640
1712243546820 2987.9 641
1712243556928 2987.9 642
1712243567050 2987.9 643
1712243577541 2987.9 644
1712243587657 2987.9 645
1712243597787 2987.9 646
1712243607911 2987.9 647
1712243618026 2987.9 648
1712243628139 2987.9 649
1712243638259 2987.9 650
1712243648360 2987.9 651
1712243658466 2987.9 652
1712243668584 2987.9 653
1712243678715 2987.9 654
1712243688836 2987.9 655
1712243698963 2987.9 656
1712243709074 2987.9 657
1712243719193 2987.9 658
1712243729310 2987.9 659
1712243739437 2987.9 660
1712243749562 2987.9 661
1712243759681 2987.9 662
1712243769792 2987.9 663
1712243779895 2987.9 664
1712243790005 2987.9 665
1712243800124 2987.9 666
1712243810244 2987.9 667
1712243820361 2987.9 668
1712243830497 2987.9 669
1712243840632 2987.9 670
1712243850748 2987.9 671
1712243860876 2987.9 672
1712243870995 2987.9 673
1712243881115 2987.9 674
1712243891256 2987.9 675
1712243901369 2987.9 676
1712243911486 2987.9 677
1712243921612 2987.9 678
1712243931781 2987.9 679
1712243941896 2987.9 680
1712243952015 2987.9 681
1712243962073 2987.9 682
1712243972164 2987.9 683
1712243982264 2987.9 684
1712243992356 2987.9 685
1712244002449 2987.9 686
1712244012546 2987.9 687
1712244022660 2987.9 688
1712244032774 2987.9 689
1712244042874 2987.9 690
1712244052993 2987.9 691
1712244063121 2987.9 692
1712244073236 2987.9 693
1712244083335 2987.9 694
1712244093445 2987.9 695
1712244103569 2987.9 696
1712244114260 2987.9 697
1712244124380 2987.9 698
1712244134500 2987.9 699
1712244144611 2987.9 700
