1712237072988 7.0 0
1712237083019 0.0 1
1712237093091 0.0 2
1712237103127 0.0 3
1712237113197 99.0 4
1712237123293 99.0 5
1712237133385 100.0 6
1712237143419 99.0 7
1712237153519 99.0 8
1712237163608 100.0 9
1712237173653 100.0 10
1712237183734 99.0 11
1712237193768 100.0 12
1712237203807 99.0 13
1712237213891 100.0 14
1712237223927 99.0 15
1712237233969 100.0 16
1712237244085 99.0 17
1712237254121 100.0 18
1712237264192 100.0 19
1712237274287 99.0 20
1712237284389 100.0 21
1712237294497 98.0 22
1712237304578 98.0 23
1712237314614 99.0 24
1712237324642 100.0 25
1712237334674 99.0 26
1712237344709 100.0 27
1712237354735 99.0 28
1712237364807 100.0 29
1712237374906 100.0 30
1712237384973 99.0 31
1712237395046 100.0 32
1712237405084 99.0 33
1712237415165 100.0 34
1712237425237 100.0 35
1712237435315 99.0 36
1712237445406 100.0 37
1712237455488 100.0 38
1712237465571 99.0 39
1712237475660 100.0 40
1712237485754 99.0 41
1712237495848 99.0 42
1712237505924 99.0 43
1712237516002 99.0 44
1712237526086 100.0 45
1712237536188 100.0 46
1712237546276 100.0 47
1712237556351 99.0 48
1712237566431 99.0 49
1712237576518 99.0 50
1712237586598 100.0 51
1712237596695 99.0 52
1712237606727 99.0 53
1712237616808 100.0 54
1712237626910 100.0 55
1712237636997 100.0 56
1712237647075 99.0 57
1712237657164 100.0 58
1712237667248 100.0 59
1712237677331 99.0 60
1712237687411 99.0 61
1712237697497 100.0 62
1712237707591 100.0 63
1712237717684 98.0 64
1712237727771 99.0 65
1712237737854 99.0 66
1712237747938 99.0 67
1712237758027 99.0 68
1712237768107 99.0 69
1712237778200 100.0 70
1712237788287 99.0 71
1712237798383 100.0 72
1712237808480 100.0 73
1712237818562 99.0 74
1712237828657 100.0 75
1712237838742 99.0 76
1712237848825 99.0 77
1712237858863 99.0 78
1712237868894 99.0 79
1712237878971 100.0 80
1712237889054 99.0 81
1712237899142 99.0 82
1712237909229 100.0 83
1712237919317 100.0 84
1712237929407 99.0 85
1712237939502 99.0 86
1712237949607 100.0 87
1712237959686 100.0 88
1712237969766 100.0 89
1712237979839 99.0 90
1712237989930 100.0 91
1712238000024 100.0 92
1712238010093 100.0 93
1712238020198 100.0 94
1712238030285 100.0 95
1712238040375 100.0 96
1712238050454 100.0 97
1712238060538 100.0 98
1712238070613 100.0 99
1712238080689 97.0 100
1712238090757 100.0 101
1712238100844 100.0 102
1712238110929 100.0 103
1712238121012 100.0 104
1712238131087 100.0 105
1712238141173 99.0 106
1712238151257 99.0 107
1712238161347 100.0 108
1712238171426 99.0 109
1712238181515 99.0 110
1712238191599 99.0 111
1712238201683 100.0 112
1712238211771 99.0 113
1712238221864 99.0 114
1712238231961 100.0 115
1712238242050 100.0 116
1712238252133 100.0 117
1712238262218 100.0 118
1712238272299 99.0 119
1712238282383 100.0 120
1712238292461 99.0 121
1712238302562 0.0 122
1712238312651 0.0 123
1712238322736 90.0 124
1712238332818 100.0 125
1712238342903 100.0 126
1712238352977 100.0 127
1712238363062 100.0 128
1712238373148 100.0 129
1712238383247 100.0 130
1712238393335 99.0 131
1712238403419 100.0 132
1712238413502 100.0 133
1712238423588 100.0 134
1712238433685 100.0 135
1712238443777 100.0 136
1712238453872 99.0 137
1712238463908 100.0 138
1712238473964 100.0 139
1712238484101 0.0 140
1712238494503 0.0 141
1712238504639 0.0 142
1712238514732 0.0 143
1712238524825 99.0 144
1712238534921 99.0 145
1712238545054 100.0 146
1712238555232 100.0 147
1712238565326 99.0 148
1712238575432 100.0 149
1712238585511 100.0 150
1712238595607 99.0 151
1712238605702 99.0 152
1712238615797 100.0 153
1712238625891 99.0 154
1712238635987 100.0 155
1712238646076 100.0 156
1712238656172 100.0 157
1712238666276 100.0 158
1712238676373 99.0 159
1712238686415 100.0 160
1712238696502 99.0 161
1712238706602 99.0 162
1712238716703 100.0 163
1712238726757 100.0 164
1712238736857 100.0 165
1712238746957 99.0 166
1712238757051 100.0 167
1712238767145 99.0 168
1712238777233 100.0 169
1712238787330 99.0 170
1712238797429 100.0 171
1712238807514 100.0 172
1712238817605 100.0 173
1712238827703 100.0 174
1712238837782 99.0 175
1712238847874 100.0 176
1712238857966 100.0 177
1712238867997 100.0 178
1712238878080 99.0 179
1712238888172 100.0 180
1712238898257 100.0 181
1712238908364 100.0 182
1712238918453 100.0 183
1712238928541 100.0 184
1712238938623 100.0 185
1712238948713 100.0 186
1712238958799 100.0 187
1712238968891 99.0 188
1712238978991 100.0 189
1712238989079 100.0 190
1712238999160 100.0 191
1712239009264 100.0 192
1712239019351 100.0 193
1712239029441 100.0 194
1712239039529 100.0 195
1712239049608 100.0 196
1712239059696 100.0 197
1712239069783 99.0 198
1712239079873 100.0 199
1712239089969 100.0 200
1712239100067 99.0 201
1712239110169 99.0 202
1712239120265 100.0 203
1712239130343 100.0 204
1712239140431 100.0 205
1712239150519 100.0 206
1712239160600 100.0 207
1712239170689 100.0 208
1712239180768 100.0 209
1712239190859 100.0 210
1712239200963 100.0 211
1712239211058 99.0 212
1712239221155 99.0 213
1712239231235 100.0 214
1712239241329 100.0 215
1712239251418 100.0 216
1712239261514 100.0 217
1712239271620 100.0 218
1712239281721 99.0 219
1712239291804 100.0 220
1712239301888 100.0 221
1712239311967 99.0 222
1712239322083 100.0 223
1712239332176 100.0 224
1712239342280 100.0 225
1712239352378 100.0 226
1712239362489 100.0 227
1712239372575 99.0 228
1712239382658 99.0 229
1712239392758 100.0 230
1712239402856 100.0 231
1712239412949 100.0 232
1712239423028 100.0 233
1712239433118 99.0 234
1712239443207 99.0 235
1712239453296 100.0 236
1712239463384 99.0 237
1712239473484 100.0 238
1712239483561 100.0 239
1712239493659 99.0 240
1712239503745 99.0 241
1712239513841 100.0 242
1712239523940 99.0 243
1712239534018 99.0 244
1712239544098 100.0 245
1712239554191 100.0 246
1712239564279 100.0 247
1712239574374 100.0 248
1712239584462 99.0 249
1712239594556 99.0 250
1712239604651 100.0 251
1712239614738 99.0 252
1712239624822 100.0 253
1712239634917 99.0 254
1712239645031 99.0 255
1712239655141 98.0 256
1712239665228 99.0 257
1712239675330 99.0 258
1712239685421 99.0 259
1712239695864 99.0 260
1712239705961 0.0 261
1712239716044 0.0 262
1712239726151 0.0 263
1712239736258 100.0 264
1712239746359 100.0 265
1712239756443 99.0 266
1712239766526 100.0 267
1712239776625 99.0 268
1712239786705 100.0 269
1712239796790 100.0 270
1712239806884 100.0 271
1712239816964 100.0 272
1712239827058 99.0 273
1712239837147 100.0 274
1712239847248 100.0 275
1712239857336 100.0 276
1712239867426 100.0 277
1712239878806 100.0 278
1712239888885 0.0 279
1712239898993 0.0 280
1712239909100 0.0 281
1712239919209 0.0 282
1712239929313 99.0 283
1712239939398 100.0 284
1712239949486 99.0 285
1712239959579 100.0 286
1712239969662 100.0 287
1712239979753 99.0 288
1712239989837 100.0 289
1712239999922 99.0 290
1712240010016 100.0 291
1712240020110 99.0 292
1712240030199 100.0 293
1712240040290 100.0 294
1712240050377 99.0 295
1712240060470 100.0 296
1712240070556 100.0 297
1712240080646 100.0 298
1712240090730 100.0 299
1712240100818 100.0 300
1712240110905 100.0 301
1712240120997 99.0 302
1712240131097 100.0 303
1712240141202 100.0 304
1712240151297 100.0 305
1712240161384 100.0 306
1712240171460 99.0 307
1712240181539 99.0 308
1712240191635 100.0 309
1712240201734 100.0 310
1712240211823 100.0 311
1712240221909 100.0 312
1712240231960 99.0 313
1712240242058 100.0 314
1712240252098 100.0 315
1712240262190 99.0 316
1712240272275 100.0 317
1712240282320 100.0 318
1712240292353 99.0 319
1712240302441 100.0 320
1712240312540 100.0 321
1712240322627 100.0 322
1712240332712 100.0 323
1712240342796 100.0 324
1712240352888 99.0 325
1712240362975 100.0 326
1712240373065 99.0 327
1712240383160 99.0 328
1712240393262 100.0 329
1712240403346 100.0 330
1712240413437 100.0 331
1712240423522 100.0 332
1712240433603 100.0 333
1712240443686 99.0 334
1712240453776 100.0 335
1712240463871 100.0 336
1712240473995 100.0 337
1712240484088 99.0 338
1712240494183 100.0 339
1712240504288 99.0 340
1712240514383 100.0 341
1712240524466 100.0 342
1712240534556 99.0 343
1712240544639 99.0 344
1712240554730 100.0 345
1712240564826 100.0 346
1712240574907 99.0 347
1712240584991 99.0 348
1712240595089 100.0 349
1712240605175 99.0 350
1712240615283 100.0 351
1712240625376 100.0 352
1712240635479 99.0 353
1712240645565 100.0 354
1712240655660 100.0 355
1712240665766 99.0 356
1712240675863 100.0 357
1712240685951 100.0 358
1712240696043 100.0 359
1712240706127 100.0 360
1712240716225 99.0 361
1712240726314 99.0 362
1712240736407 100.0 363
1712240746497 99.0 364
1712240756577 100.0 365
1712240766677 100.0 366
1712240776765 99.0 367
1712240786857 100.0 368
1712240796958 100.0 369
1712240807072 100.0 370
1712240817172 100.0 371
1712240827261 99.0 372
1712240837351 99.0 373
1712240847439 100.0 374
1712240857526 100.0 375
1712240867625 100.0 376
1712240877728 100.0 377
1712240887838 99.0 378
1712240897936 100.0 379
1712240908034 100.0 380
1712240918123 99.0 381
1712240928220 100.0 382
1712240938308 100.0 383
1712240948406 100.0 384
1712240958499 100.0 385
1712240968583 99.0 386
1712240978671 100.0 387
1712240988764 100.0 388
1712240998864 99.0 389
1712241008964 100.0 390
1712241019050 100.0 391
1712241029148 100.0 392
1712241039241 100.0 393
1712241049330 99.0 394
1712241059416 100.0 395
1712241069503 100.0 396
1712241079590 99.0 397
1712241089686 100.0 398
1712241099787 100.0 399
1712241109874 0.0 400
1712241119971 0.0 401
1712241130060 0.0 402
1712241140150 100.0 403
1712241150231 100.0 404
1712241160320 100.0 405
1712241170416 100.0 406
1712241180496 99.0 407
1712241190583 100.0 408
1712241200694 99.0 409
1712241210785 100.0 410
1712241220880 100.0 411
1712241230972 100.0 412
1712241241062 100.0 413
1712241251166 100.0 414
1712241261945 100.0 415
1712241272047 0.0 416
1712241282171 100.0 417
1712241292262 0.0 418
1712241302370 0.0 419
1712241312478 0.0 420
1712241322634 0.0 421
1712241332794 99.0 422
1712241342947 99.0 423
1712241353105 99.0 424
1712241363269 100.0 425
1712241373427 100.0 426
1712241383566 98.0 427
1712241393718 100.0 428
1712241403868 100.0 429
1712241414025 99.0 430
1712241424181 100.0 431
1712241434283 100.0 432
1712241444373 100.0 433
1712241454470 99.0 434
1712241464575 100.0 435
1712241474685 100.0 436
1712241484723 99.0 437
1712241494823 100.0 438
1712241504926 100.0 439
1712241515019 99.0 440
1712241525122 100.0 441
1712241535222 100.0 442
1712241545311 99.0 443
1712241555440 100.0 444
1712241565557 100.0 445
1712241575651 100.0 446
1712241585758 99.0 447
1712241595873 100.0 448
1712241605981 100.0 449
1712241616074 99.0 450
1712241626168 100.0 451
1712241636264 100.0 452
1712241646357 99.0 453
1712241656448 100.0 454
1712241666542 100.0 455
1712241676627 100.0 456
1712241686717 99.0 457
1712241696808 99.0 458
1712241706896 100.0 459
1712241716980 100.0 460
1712241727084 100.0 461
1712241737186 100.0 462
1712241747283 100.0 463
1712241757387 99.0 464
1712241767487 100.0 465
1712241777613 100.0 466
1712241787703 99.0 467
1712241797801 100.0 468
1712241807884 100.0 469
1712241817981 99.0 470
1712241828081 100.0 471
1712241838189 100.0 472
1712241848280 100.0 473
1712241858372 100.0 474
1712241868462 99.0 475
1712241878570 100.0 476
1712241888695 100.0 477
1712241898797 99.0 478
1712241908921 100.0 479
1712241919035 100.0 480
1712241929133 100.0 481
1712241939226 100.0 482
1712241949350 100.0 483
1712241959451 100.0 484
1712241969551 100.0 485
1712241979654 99.0 486
1712241989755 100.0 487
1712241999859 99.0 488
1712242009955 99.0 489
1712242020048 100.0 490
1712242030160 99.0 491
1712242040262 100.0 492
1712242050350 99.0 493
1712242060436 100.0 494
1712242070546 100.0 495
1712242080637 99.0 496
1712242090744 100.0 497
1712242100840 100.0 498
1712242110947 100.0 499
1712242121042 100.0 500
1712242131146 99.0 501
1712242141256 99.0 502
1712242151357 99.0 503
1712242161458 100.0 504
1712242171555 99.0 505
1712242181648 99.0 506
1712242191738 100.0 507
1712242201834 100.0 508
1712242211927 100.0 509
1712242222023 100.0 510
1712242232137 100.0 511
1712242242231 100.0 512
1712242252328 100.0 513
1712242262423 100.0 514
1712242272515 99.0 515
1712242282606 100.0 516
1712242292702 99.0 517
1712242302785 99.0 518
1712242312878 100.0 519
1712242322970 100.0 520
1712242333061 100.0 521
1712242343154 100.0 522
1712242353247 100.0 523
1712242363346 99.0 524
1712242373392 99.0 525
1712242383492 100.0 526
1712242393597 98.0 527
1712242403696 99.0 528
1712242413804 98.0 529
1712242423909 99.0 530
1712242434003 100.0 531
1712242444052 100.0 532
1712242454156 99.0 533
1712242464526 99.0 534
1712242474636 99.0 535
1712242484727 99.0 536
1712242494819 100.0 537
1712242504916 100.0 538
1712242515037 0.0 539
1712242525154 0.0 540
1712242535258 0.0 541
1712242545360 100.0 542
1712242555485 100.0 543
1712242565615 100.0 544
1712242575719 99.0 545
1712242585833 100.0 546
1712242595951 100.0 547
1712242606066 100.0 548
1712242616178 100.0 549
1712242626273 100.0 550
1712242636363 100.0 551
1712242646405 100.0 552
1712242656524 100.0 553
1712242666637 100.0 554
1712242676770 100.0 555
1712242686877 100.0 556
1712242697068 100.0 557
1712242707200 0.0 558
1712242717332 0.0 559
1712242727469 0.0 560
1712242737587 0.0 561
1712242747725 99.0 562
1712242757852 99.0 563
1712242767988 100.0 564
1712242778106 99.0 565
1712242788231 99.0 566
1712242798359 100.0 567
1712242808482 99.0 568
1712242818598 99.0 569
1712242828713 99.0 570
1712242838832 100.0 571
1712242848950 100.0 572
1712242859065 98.0 573
1712242869175 100.0 574
1712242879290 100.0 575
1712242889426 99.0 576
1712242899482 99.0 577
1712242909601 99.0 578
1712242919715 100.0 579
1712242929851 100.0 580
1712242939956 100.0 581
1712242950090 99.0 582
1712242960187 99.0 583
1712242970305 100.0 584
1712242980413 100.0 585
1712242990535 99.0 586
1712243000645 99.0 587
1712243010748 100.0 588
1712243020856 100.0 589
1712243030964 100.0 590
1712243041065 99.0 591
1712243051169 99.0 592
1712243061288 100.0 593
1712243071401 100.0 594
1712243081515 99.0 595
1712243091627 99.0 596
1712243101738 99.0 597
1712243111849 100.0 598
1712243121973 100.0 599
1712243132109 99.0 600
1712243142218 99.0 601
1712243152334 99.0 602
1712243162457 99.0 603
1712243172563 99.0 604
1712243182671 100.0 605
1712243192771 99.0 606
1712243202893 99.0 607
1712243213020 100.0 608
1712243223124 99.0 609
1712243233236 99.0 610
1712243243327 99.0 611
1712243253439 100.0 612
1712243263566 99.0 613
1712243273681 100.0 614
1712243283724 99.0 615
1712243293840 100.0 616
1712243303955 100.0 617
1712243314087 99.0 618
1712243324229 99.0 619
1712243334353 100.0 620
1712243344464 99.0 621
1712243354590 98.0 622
1712243364696 99.0 623
1712243374810 99.0 624
1712243384920 100.0 625
1712243395050 99.0 626
1712243405172 99.0 627
1712243415288 98.0 628
1712243425408 99.0 629
1712243435542 100.0 630
1712243445662 99.0 631
1712243455774 100.0 632
1712243465892 100.0 633
1712243476006 99.0 634
1712243486122 100.0 635
1712243496224 99.0 636
1712243506337 100.0 637
1712243516459 99.0 638
1712243526571 100.0 639
1712243536702 99.0 640
1712243546820 99.0 641
1712243556928 99.0 642
1712243567050 100.0 643
1712243577541 100.0 644
1712243587657 0.0 645
1712243597787 100.0 646
1712243607911 100.0 647
1712243618026 99.0 648
1712243628139 100.0 649
1712243638259 99.0 650
1712243648360 100.0 651
1712243658466 100.0 652
1712243668584 100.0 653
1712243678715 99.0 654
1712243688836 100.0 655
1712243698963 100.0 656
1712243709074 100.0 657
1712243719193 99.0 658
1712243729310 98.0 659
1712243739437 99.0 660
1712243749562 99.0 661
1712243759681 100.0 662
1712243769792 100.0 663
1712243779895 99.0 664
1712243790005 100.0 665
1712243800124 99.0 666
1712243810244 100.0 667
1712243820361 99.0 668
1712243830497 99.0 669
1712243840632 99.0 670
1712243850748 99.0 671
1712243860876 99.0 672
1712243870995 98.0 673
1712243881115 100.0 674
1712243891256 100.0 675
1712243901369 99.0 676
1712243911486 100.0 677
1712243921612 99.0 678
1712243931781 0.0 679
1712243941896 0.0 680
1712243952015 0.0 681
1712243962073 99.0 682
1712243972164 99.0 683
1712243982264 100.0 684
1712243992356 100.0 685
1712244002449 100.0 686
1712244012546 100.0 687
1712244022660 99.0 688
1712244032774 100.0 689
1712244042874 100.0 690
1712244052993 100.0 691
1712244063121 100.0 692
1712244073236 100.0 693
1712244083335 100.0 694
1712244093445 99.0 695
1712244103569 100.0 696
1712244114260 100.0 697
1712244124380 0.0 698
1712244134500 0.0 699
1712244144611 0.0 700
