1712237072988 0.0 0
1712237083019 0.030260999999882188 1
1712237093091 0.09079299999939394 2
1712237103127 0.21904100000028848 3
1712237113197 0.2823759999992035 4
1712237123293 0.362503000000288 5
1712237133385 11.001046999997925 6
1712237143419 11.67033900000024 7
1712237153519 11.727968999999575 8
1712237163608 11.798361999997724 9
1712237173653 11.862973999999667 10
1712237183734 14.32841499999995 11
1712237193768 14.427683999998408 12
1712237203807 18.951444999998785 13
1712237213891 19.147682999999233 14
1712237223927 19.21571199999744 15
1712237233969 19.254941999999573 16
1712237244085 19.371401999997033 17
1712237254121 19.431445999998687 18
1712237264192 19.535186999997677 19
1712237274287 19.575145999999222 20
1712237284389 20.020510999998805 21
1712237294497 20.079651000000013 22
1712237304578 20.173289999998815 23
1712237314614 20.204211000000214 24
1712237324642 20.244198999997025 25
1712237334674 20.318866999998136 26
1712237344709 20.355963999998494 27
1712237354735 20.423456999997143 28
1712237364807 20.500057999997807 29
1712237374906 20.53775499999756 30
1712237384973 26.282634999999573 31
1712237395046 37.26386199999979 32
1712237405084 40.339014999997744 33
1712237415165 40.42726799999946 34
1712237425237 42.37202499999694 35
1712237435315 42.51323499999853 36
1712237445406 44.62598199999775 37
1712237455488 44.90920699999697 38
1712237465571 48.3790119999976 39
1712237475660 50.48013399999763 40
1712237485754 50.60828699999911 41
1712237495848 50.66078500000003 42
1712237505924 50.689823999997316 43
1712237516002 50.717407999996794 44
1712237526086 50.73735999999917 45
1712237536188 50.76403699999719 46
1712237546276 50.80247099999906 47
1712237556351 50.816108999999415 48
1712237566431 50.87619899999845 49
1712237576518 50.927098999996815 50
1712237586598 50.94116199999917 51
1712237596695 50.96302199999991 52
1712237606727 51.00389599999835 53
1712237616808 52.44608999999764 54
1712237626910 53.34776299999794 55
1712237636997 59.65298099999927 56
1712237647075 64.33877199999915 57
1712237657164 64.66652199999953 58
1712237667248 64.99128199999905 59
1712237677331 71.12593199999901 60
1712237687411 80.47184299999935 61
1712237697497 80.78865299999961 62
1712237707591 80.87944699999935 63
1712237717684 87.23860299999797 64
1712237727771 97.88159799999994 65
1712237737854 101.33372699999745 66
1712237747938 102.65612599999804 67
1712237758027 103.94248499999958 68
1712237768107 105.01810899999691 69
1712237778200 106.13988499999687 70
1712237788287 107.19297799999913 71
1712237798383 108.41318399999727 72
1712237808480 108.77879699999903 73
1712237818562 108.82007199999862 74
1712237828657 108.85623499999929 75
1712237838742 109.02237199999945 76
1712237848825 117.08032900000035 77
1712237858863 117.1496249999982 78
1712237868894 117.21905299999707 79
1712237878971 117.34025399999882 80
1712237889054 119.98442699999941 81
1712237899142 121.22471699999733 82
1712237909229 132.50430699999924 83
1712237919317 138.4840379999987 84
1712237929407 138.49606499999936 85
1712237939502 138.5153199999986 86
1712237949607 138.53869099999793 87
1712237959686 138.58009299999685 88
1712237969766 138.63907800000015 89
1712237979839 138.6676520000001 90
1712237989930 138.68032099999982 91
1712238000024 138.69939599999998 92
1712238010093 138.7162849999986 93
1712238020198 138.74203999999736 94
1712238030285 138.79366599999776 95
1712238040375 138.81043099999806 96
1712238050454 138.83270300000004 97
1712238060538 138.85992400000032 98
1712238070613 138.8811489999971 99
1712238080689 138.90832899999805 100
1712238090757 138.99506899999687 101
1712238100844 139.02466899999854 102
1712238110929 139.04729899999802 103
1712238121012 139.06692499999917 104
1712238131087 139.08606899999722 105
1712238141173 139.09903499999928 106
1712238151257 139.1401799999985 107
1712238161347 139.16974199999822 108
1712238171426 139.20833499999935 109
1712238181515 139.22596799999883 110
1712238191599 139.24016199999824 111
1712238201683 139.2554479999999 112
1712238211771 139.2827440000001 113
1712238221864 139.30648599999768 114
1712238231961 139.35281000000032 115
1712238242050 139.3722009999983 116
1712238252133 139.39161899999817 117
1712238262218 139.40951700000005 118
1712238272299 139.42953899999702 119
1712238282383 139.45165599999746 120
1712238292461 139.48327099999733 121
1712238302562 139.50014399999782 122
1712238312651 139.5181589999993 123
1712238322736 139.53848300000027 124
1712238332818 139.56399699999747 125
1712238342903 139.59102199999688 126
1712238352977 139.62703399999737 127
1712238363062 139.64660399999775 128
1712238373148 139.67521699999998 129
1712238383247 139.69517799999812 130
1712238393335 139.7133999999969 131
1712238403419 139.7349949999989 132
1712238413502 139.77088199999707 133
1712238423588 139.79670499999702 134
1712238433685 139.81587299999956 135
1712238443777 139.83227400000033 136
1712238453872 139.86431199999788 137
1712238463908 139.88962600000013 138
1712238473964 139.91845999999714 139
1712238484101 139.9786009999989 140
1712238494503 139.9953269999969 141
1712238504639 140.0131459999975 142
1712238514732 140.03102999999828 143
1712238524825 140.05230599999777 144
1712238534921 140.07311899999695 145
1712238545054 140.14460399999734 146
1712238555232 142.399387999998 147
1712238565326 143.5361159999993 148
1712238575432 143.6516190000002 149
1712238585511 143.7125359999991 150
1712238595607 143.75982699999804 151
1712238605702 144.36067399999956 152
1712238615797 144.38438999999926 153
1712238625891 144.401039999997 154
1712238635987 144.41851099999985 155
1712238646076 144.44350199999826 156
1712238656172 144.5291139999972 157
1712238666276 144.549117999999 158
1712238676373 144.58191699999952 159
1712238686415 145.81182400000034 160
1712238696502 145.9035499999991 161
1712238706602 145.9281239999982 162
1712238716703 145.96545100000003 163
1712238726757 145.98854599999686 164
1712238736857 146.0317789999972 165
1712238746957 146.14667799999734 166
1712238757051 146.1818179999973 167
1712238767145 146.2378979999994 168
1712238777233 146.26892999999836 169
1712238787330 146.2919299999994 170
1712238797429 146.31450499999846 171
1712238807514 146.3501069999984 172
1712238817605 146.41829799999687 173
1712238827703 146.44446799999787 174
1712238837782 146.46730899999966 175
1712238847874 146.51404299999922 176
1712238857966 147.27703299999848 177
1712238867997 147.3486219999977 178
1712238878080 148.36637999999948 179
1712238888172 148.88314699999682 180
1712238898257 148.92178799999965 181
1712238908364 148.9713300000003 182
1712238918453 148.997202999999 183
1712238928541 149.03489499999705 184
1712238938623 149.06926899999962 185
1712238948713 149.10845100000006 186
1712238958799 149.16547999999966 187
1712238968891 149.18217299999742 188
1712238978991 149.19564600000012 189
1712238989079 149.2164849999972 190
1712238999160 149.22919999999795 191
1712239009264 149.24676399999953 192
1712239019351 149.27416999999696 193
1712239029441 149.29151899999852 194
1712239039529 149.315251 195
1712239049608 149.34368499999982 196
1712239059696 149.37046999999802 197
1712239069783 149.40260999999737 198
1712239079873 149.4252299999971 199
1712239089969 149.44996600000013 200
1712239100067 149.47050699999818 201
1712239110169 149.48514499999874 202
1712239120265 149.50143099999696 203
1712239130343 149.53322899999694 204
1712239140431 149.55584699999963 205
1712239150519 149.57351500000004 206
1712239160600 149.65790500000003 207
1712239170689 149.6729779999987 208
1712239180768 149.7284870000003 209
1712239190859 149.75262999999904 210
1712239200963 149.773707999997 211
1712239211058 149.79157199999827 212
1712239221155 149.81076499999836 213
1712239231235 149.8275450000001 214
1712239241329 149.83943699999872 215
1712239251418 149.87226499999815 216
1712239261514 149.9073279999975 217
1712239271620 149.92768199999773 218
1712239281721 149.9517629999973 219
1712239291804 149.98057899999912 220
1712239301888 150.00294500000018 221
1712239311967 150.01660999999876 222
1712239322083 150.0321649999969 223
1712239332176 150.07807799999864 224
1712239342280 150.18658799999685 225
1712239352378 151.92424599999867 226
1712239362489 152.27523599999768 227
1712239372575 152.63016699999935 228
1712239382658 152.98687699999937 229
1712239392758 153.62570799999958 230
1712239402856 153.9581459999972 231
1712239412949 154.312834999997 232
1712239423028 154.69742099999712 233
1712239433118 155.11102599999867 234
1712239443207 155.5163709999979 235
1712239453296 155.96388099999967 236
1712239463384 156.4677069999998 237
1712239473484 156.91022299999895 238
1712239483561 157.2290009999997 239
1712239493659 157.58689199999935 240
1712239503745 158.01789499999722 241
1712239513841 158.45688799999698 242
1712239523940 158.83326699999816 243
1712239534018 159.26329199999964 244
1712239544098 159.6840439999978 245
1712239554191 160.10503400000016 246
1712239564279 160.49556299999676 247
1712239574374 160.88432699999976 248
1712239584462 161.21084899999914 249
1712239594556 161.56775500000003 250
1712239604651 161.96313999999984 251
1712239614738 162.3141399999986 252
1712239624822 162.66078299999936 253
1712239634917 163.1338539999997 254
1712239645031 163.65538599999854 255
1712239655141 164.07983899999817 256
1712239665228 164.55086200000005 257
1712239675330 165.09291299999677 258
1712239685421 166.10684099999708 259
1712239695864 166.56977600000027 260
1712239705961 166.90683699999863 261
1712239716044 167.2563859999973 262
1712239726151 167.57608400000026 263
1712239736258 168.04921099999774 264
1712239746359 168.46047899999758 265
1712239756443 168.894602999997 266
1712239766526 170.33946699999797 267
1712239776625 171.71950099999958 268
1712239786705 172.9292159999968 269
1712239796790 174.95401899999706 270
1712239806884 177.7589229999976 271
1712239816964 184.82989499999894 272
1712239827058 184.86609699999826 273
1712239837147 192.98313699999926 274
1712239847248 194.81864700000006 275
1712239857336 194.89774199999738 276
1712239867426 194.97190299999784 277
1712239878806 195.02021599999716 278
1712239888885 196.48140899999999 279
1712239898993 196.532733 280
1712239909100 198.8361420000001 281
1712239919209 202.38717799999722 282
1712239929313 214.80395700000008 283
1712239939398 224.93776799999978 284
1712239949486 227.08727 285
1712239959579 229.57492899999852 286
1712239969662 232.1231719999996 287
1712239979753 234.2090599999974 288
1712239989837 237.41056099999696 289
1712239999922 239.07131599999775 290
1712240010016 240.87199899999905 291
1712240020110 241.1953599999979 292
1712240030199 241.51438899999994 293
1712240040290 241.82450799999788 294
1712240050377 242.16116599999805 295
1712240060470 242.58946300000025 296
1712240070556 242.9121899999991 297
1712240080646 243.38542099999904 298
1712240090730 243.6899400000002 299
1712240100818 244.00540399999954 300
1712240110905 244.31038499999704 301
1712240120997 244.6332939999993 302
1712240131097 244.95228799999677 303
1712240141202 245.2486570000001 304
1712240151297 245.5579039999975 305
1712240161384 245.86992499999906 306
1712240171460 246.17971099999704 307
1712240181539 246.5292499999996 308
1712240191635 246.83399799999825 309
1712240201734 247.14809400000013 310
1712240211823 247.47558899999785 311
1712240221909 247.81831899999816 312
1712240231960 250.2286729999978 313
1712240242058 250.8033269999978 314
1712240252098 250.83188999999766 315
1712240262190 250.8612319999993 316
1712240272275 251.04841899999883 317
1712240282320 251.07307599999695 318
1712240292353 251.13770699999804 319
1712240302441 251.19000500000038 320
1712240312540 251.2251980000001 321
1712240322627 251.62732399999732 322
1712240332712 254.11009299999932 323
1712240342796 256.4050929999976 324
1712240352888 257.218453999998 325
1712240362975 257.8199719999975 326
1712240373065 258.4574909999974 327
1712240383160 259.2874589999992 328
1712240393262 259.8658609999984 329
1712240403346 260.76173500000004 330
1712240413437 262.5863509999981 331
1712240423522 269.06034499999805 332
1712240433603 273.7803590000003 333
1712240443686 275.8923799999975 334
1712240453776 278.14547200000015 335
1712240463871 280.55411399999866 336
1712240473995 282.83314899999823 337
1712240484088 284.90684899999906 338
1712240494183 286.78452099999777 339
1712240504288 287.1502989999972 340
1712240514383 287.1907799999972 341
1712240524466 287.2213589999992 342
1712240534556 287.2583459999987 343
1712240544639 287.3385079999971 344
1712240554730 287.39248099999895 345
1712240564826 287.4222829999999 346
1712240574907 288.0048459999998 347
1712240584991 293.9481029999988 348
1712240595089 295.56875500000024 349
1712240605175 301.5611009999993 350
1712240615283 307.6002389999994 351
1712240625376 307.66864599999826 352
1712240635479 314.1501849999986 353
1712240645565 318.49770100000023 354
1712240655660 318.5299669999986 355
1712240665766 318.55655099999785 356
1712240675863 318.6007819999977 357
1712240685951 318.63611799999853 358
1712240696043 318.6858289999982 359
1712240706127 318.7059259999987 360
1712240716225 318.72725499999797 361
1712240726314 323.2872119999993 362
1712240736407 325.2260119999992 363
1712240746497 331.0447349999995 364
1712240756577 333.5399129999969 365
1712240766677 336.1364519999988 366
1712240776765 342.7054879999996 367
1712240786857 357.12849599999754 368
1712240796958 360.81472799999756 369
1712240807072 360.84628099999827 370
1712240817172 370.71938500000033 371
1712240827261 376.22255999999834 372
1712240837351 377.02699500000017 373
1712240847439 377.2644679999976 374
1712240857526 377.75486399999863 375
1712240867625 377.7980779999998 376
1712240877728 380.1283659999972 377
1712240887838 389.7631970000002 378
1712240897936 393.61906499999895 379
1712240908034 393.66029199999684 380
1712240918123 393.68066499999986 381
1712240928220 395.7667119999969 382
1712240938308 410.15309100000013 383
1712240948406 416.70355799999743 384
1712240958499 420.65842899999916 385
1712240968583 421.4531429999988 386
1712240978671 422.5683019999997 387
1712240988764 423.92408299999806 388
1712240998864 425.06206199999724 389
1712241008964 426.0915679999998 390
1712241019050 427.01925199999823 391
1712241029148 427.61486899999727 392
1712241039241 427.6337359999998 393
1712241049330 427.6722630000004 394
1712241059416 429.9422799999993 395
1712241069503 435.9441509999997 396
1712241079590 435.97927100000015 397
1712241089686 436.0005889999993 398
1712241099787 436.02853299999697 399
1712241109874 436.0531209999972 400
1712241119971 436.0790719999968 401
1712241130060 436.10706599999685 402
1712241140150 436.1280079999997 403
1712241150231 436.1482199999991 404
1712241160320 436.1729529999975 405
1712241170416 436.2076199999974 406
1712241180496 436.2352519999986 407
1712241190583 436.2704940000003 408
1712241200694 436.4269239999994 409
1712241210785 438.1655069999979 410
1712241220880 446.52232699999877 411
1712241230972 455.47285999999804 412
1712241241062 456.6017240000001 413
1712241251166 458.2805879999978 414
1712241261945 459.8510479999968 415
1712241272047 460.81275299999834 416
1712241282171 462.09272399999827 417
1712241292262 469.60762899999827 418
1712241302370 475.86831099999836 419
1712241312478 476.72101499999917 420
1712241322634 477.70056399999885 421
1712241332794 478.7174019999984 422
1712241342947 479.8377139999975 423
1712241353105 479.89014699999825 424
1712241363269 479.9117839999999 425
1712241373427 479.9317099999971 426
1712241383566 479.96851999999853 427
1712241393718 480.0032140000003 428
1712241403868 480.0579859999998 429
1712241414025 480.0758900000001 430
1712241424181 480.1129829999991 431
1712241434283 480.1314609999972 432
1712241444373 489.9108720000004 433
1712241454470 502.97861399999965 434
1712241464575 508.5646889999989 435
1712241474685 509.99616999999853 436
1712241484723 511.1247489999987 437
1712241494823 512.5649059999996 438
1712241504926 513.3325519999999 439
1712241515019 526.4713469999988 440
1712241525122 535.6961549999978 441
1712241535222 539.7015189999984 442
1712241545311 542.9190029999991 443
1712241555440 547.8563859999995 444
1712241565557 555.622883 445
1712241575651 564.8387379999986 446
1712241585758 567.7385340000001 447
1712241595873 569.0046559999973 448
1712241605981 570.1555929999995 449
1712241616074 571.3379079999977 450
1712241626168 581.6802209999987 451
1712241636264 588.2555109999994 452
1712241646357 589.7659109999986 453
1712241656448 591.7159019999999 454
1712241666542 593.9116489999979 455
1712241676627 595.9317869999977 456
1712241686717 597.687372999997 457
1712241696808 599.3867079999982 458
1712241706896 600.0483129999993 459
1712241716980 601.7366129999973 460
1712241727084 603.4370309999977 461
1712241737186 606.4708559999999 462
1712241747283 612.4814929999993 463
1712241757387 617.9712729999992 464
1712241767487 618.8700749999989 465
1712241777613 619.8619699999981 466
1712241787703 620.8034709999993 467
1712241797801 621.6749759999984 468
1712241807884 622.6560360000003 469
1712241817981 624.1051049999987 470
1712241828081 625.028076999999 471
1712241838189 625.4104799999986 472
1712241848280 627.7755829999987 473
1712241858372 629.6484359999995 474
1712241868462 631.4914259999969 475
1712241878570 633.0481419999996 476
1712241888695 634.0799579999984 477
1712241898797 634.976294 478
1712241908921 635.791871999998 479
1712241919035 636.5339039999999 480
1712241929133 637.392571999997 481
1712241939226 638.2087739999988 482
1712241949350 639.3148589999983 483
1712241959451 640.675765 484
1712241969551 641.4415829999998 485
1712241979654 642.543655999998 486
1712241989755 644.2266499999969 487
1712241999859 645.1811349999989 488
1712242009955 646.2637279999981 489
1712242020048 647.566601999999 490
1712242030160 656.9614919999985 491
1712242040262 664.912511999999 492
1712242050350 668.1404329999968 493
1712242060436 670.1302739999992 494
1712242070546 672.1224459999976 495
1712242080637 674.1905239999978 496
1712242090744 675.9637689999981 497
1712242100840 680.5706109999992 498
1712242110947 691.9703999999983 499
1712242121042 699.3187749999997 500
1712242131146 701.6108999999997 501
1712242141256 704.0210609999995 502
1712242151357 713.7464409999993 503
1712242161458 720.288059999999 504
1712242171555 721.5228389999975 505
1712242181648 722.898541999999 506
1712242191738 723.6615929999971 507
1712242201834 725.029982 508
1712242211927 727.6509479999986 509
1712242222023 729.1107679999986 510
1712242232137 730.2301589999988 511
1712242242231 731.407178999998 512
1712242252328 732.374878999999 513
1712242262423 733.7218869999997 514
1712242272515 734.8968859999986 515
1712242282606 736.0240709999998 516
1712242292702 737.5793109999977 517
1712242302785 738.8897179999985 518
1712242312878 740.0330169999979 519
1712242322970 741.6349229999978 520
1712242333061 742.8037339999973 521
1712242343154 744.9665159999968 522
1712242353247 752.6262429999988 523
1712242363346 756.9550499999968 524
1712242373392 764.9764409999989 525
1712242383492 766.7102679999989 526
1712242393597 766.7365539999992 527
1712242403696 771.5601999999999 528
1712242413804 771.5794889999997 529
1712242423909 772.01829 530
1712242434003 774.3602829999982 531
1712242444052 774.3757799999985 532
1712242454156 776.807926999998 533
1712242464526 780.4505329999993 534
1712242474636 784.5395570000001 535
1712242484727 789.7522449999997 536
1712242494819 791.8955370000003 537
1712242504916 795.2216429999971 538
1712242515037 803.8006129999994 539
1712242525154 811.4031579999973 540
1712242535258 813.5765619999984 541
1712242545360 821.4468849999976 542
1712242555485 824.6347800000003 543
1712242565615 827.318218999997 544
1712242575719 830.6276639999996 545
1712242585833 833.690341999998 546
1712242595951 835.9915559999972 547
1712242606066 837.9356699999989 548
1712242616178 839.0478909999983 549
1712242626273 840.4866089999996 550
1712242636363 841.3387249999978 551
1712242646405 842.2167739999968 552
1712242656524 842.4204529999988 553
1712242666637 842.501989999997 554
1712242676770 842.5829319999975 555
1712242686877 842.6698949999991 556
1712242697068 842.7715229999994 557
1712242707200 842.897818999998 558
1712242717332 843.0602669999971 559
1712242727469 845.7113609999979 560
1712242737587 846.7053539999979 561
1712242747725 847.7706829999988 562
1712242757852 848.3478789999972 563
1712242767988 849.8078769999993 564
1712242778106 851.013594 565
1712242788231 852.1133849999969 566
1712242798359 853.2310989999969 567
1712242808482 854.3305669999972 568
1712242818598 854.5128509999995 569
1712242828713 854.6713529999979 570
1712242838832 854.8187829999988 571
1712242848950 854.9830259999981 572
1712242859065 855.1280749999969 573
1712242869175 855.2573999999986 574
1712242879290 855.4059070000003 575
1712242889426 855.5579440000001 576
1712242899482 855.6658979999993 577
1712242909601 855.909431 578
1712242919715 859.692114999998 579
1712242929851 861.0062809999981 580
1712242939956 863.0754759999982 581
1712242950090 864.9965389999998 582
1712242960187 866.0940090000004 583
1712242970305 868.257873999999 584
1712242980413 870.1089679999968 585
1712242990535 871.2611159999979 586
1712243000645 873.333327999997 587
1712243010748 874.6207319999994 588
1712243020856 875.3220349999974 589
1712243030964 875.8723599999976 590
1712243041065 875.9923339999987 591
1712243051169 876.146163999998 592
1712243061288 876.3236319999996 593
1712243071401 876.446055999997 594
1712243081515 876.5557139999983 595
1712243091627 876.7088279999989 596
1712243101738 876.8641519999983 597
1712243111849 877.0147669999969 598
1712243121973 877.2006650000003 599
1712243132109 877.6926949999979 600
1712243142218 878.7522489999974 601
1712243152334 879.8021119999976 602
1712243162457 881.8647509999973 603
1712243172563 884.4037639999988 604
1712243182671 887.348318999997 605
1712243192771 889.463496999997 606
1712243202893 890.3442990000003 607
1712243213020 893.2700079999995 608
1712243223124 900.1110969999972 609
1712243233236 902.4309049999974 610
1712243243327 905.1793419999995 611
1712243253439 908.0049579999977 612
1712243263566 909.2173449999973 613
1712243273681 910.5772219999999 614
1712243283724 913.5289949999969 615
1712243293840 915.238481999997 616
1712243303955 915.7569029999977 617
1712243314087 917.128385 618
1712243324229 917.7534459999988 619
1712243334353 918.7225349999972 620
1712243344464 919.6827789999988 621
1712243354590 919.9218999999975 622
1712243364696 920.0121289999988 623
1712243374810 920.0996559999985 624
1712243384920 920.3238729999975 625
1712243395050 920.5604319999984 626
1712243405172 920.7239749999972 627
1712243415288 920.7759960000003 628
1712243425408 924.2724409999973 629
1712243435542 925.4342550000001 630
1712243445662 927.3987529999977 631
1712243455774 928.0968469999971 632
1712243465892 929.3674759999994 633
1712243476006 930.8507030000001 634
1712243486122 931.9759119999981 635
1712243496224 932.0731439999981 636
1712243506337 932.553904999997 637
1712243516459 932.8390669999972 638
1712243526571 933.0807449999993 639
1712243536702 933.3400049999982 640
1712243546820 933.5407089999972 641
1712243556928 936.3106529999968 642
1712243567050 937.7132009999987 643
1712243577541 939.3568549999982 644
1712243587657 941.8224190000001 645
1712243597787 943.0603059999994 646
1712243607911 945.1401469999983 647
1712243618026 946.9537429999982 648
1712243628139 947.7285319999974 649
1712243638259 947.9429569999993 650
1712243648360 948.1297479999994 651
1712243658466 948.3862009999975 652
1712243668584 948.5733549999968 653
1712243678715 948.8641309999985 654
1712243688836 949.0498479999987 655
1712243698963 949.2655919999997 656
1712243709074 952.642867999999 657
1712243719193 954.2672999999995 658
1712243729310 957.7501219999976 659
1712243739437 959.8384859999969 660
1712243749562 961.9272149999997 661
1712243759681 964.3043469999975 662
1712243769792 965.7993659999993 663
1712243779895 966.0046069999989 664
1712243790005 966.2040610000004 665
1712243800124 966.4203209999978 666
1712243810244 966.5635329999968 667
1712243820361 966.6947149999978 668
1712243830497 966.8897219999999 669
1712243840632 968.7496289999981 670
1712243850748 969.5949870000004 671
1712243860876 970.4025299999994 672
1712243870995 971.3491699999977 673
1712243881115 972.0462069999994 674
1712243891256 972.9360879999986 675
1712243901369 973.9853389999989 676
1712243911486 974.1745659999979 677
1712243921612 974.3772589999971 678
1712243931781 974.5519800000002 679
1712243941896 974.7253219999984 680
1712243952015 974.8636009999973 681
1712243962073 974.9716589999989 682
1712243972164 975.4428509999998 683
1712243982264 976.4175619999987 684
1712243992356 977.132576 685
1712244002449 978.1713859999982 686
1712244012546 978.9723189999968 687
1712244022660 979.6542979999977 688
1712244032774 980.3291949999984 689
1712244042874 981.3148019999971 690
1712244052993 981.9846629999993 691
1712244063121 982.2440429999988 692
1712244073236 982.4536129999979 693
1712244083335 982.6016619999973 694
1712244093445 982.7878419999979 695
1712244103569 982.9658579999996 696
1712244114260 983.1608889999989 697
1712244124380 983.3495699999985 698
1712244134500 983.5635399999992 699
1712244144611 983.7560639999974 700
