1712237072988 0.0 0
1712237083019 0.029943999999886728 1
1712237093091 0.08792099999845959 2
1712237103127 0.20307799999864073 3
1712237113197 0.24180399999931979 4
1712237123293 0.3014530000000377 5
1712237133385 10.91655399999945 6
1712237143419 11.56980399999884 7
1712237153519 11.617075999998633 8
1712237163608 11.673084000000017 9
1712237173653 11.717027999999118 10
1712237183734 12.110813999999664 11
1712237193768 12.171526999998605 12
1712237203807 13.903893999999127 13
1712237213891 14.078727999998591 14
1712237223927 14.124167999998463 15
1712237233969 14.149701999998797 16
1712237244085 14.2179359999991 17
1712237254121 14.25986599999851 18
1712237264192 14.32117499999913 19
1712237274287 14.354527999999846 20
1712237284389 14.789989999999307 21
1712237294497 14.835726999999679 22
1712237304578 14.9012049999983 23
1712237314614 14.933169999998427 24
1712237324642 14.971803999998883 25
1712237334674 15.019549999999072 26
1712237344709 15.059910999998465 27
1712237354735 15.102843999999095 28
1712237364807 15.153177999998661 29
1712237374906 15.185291999998299 30
1712237384973 20.9322489999995 31
1712237395046 31.843438999998398 32
1712237405084 34.932457999999315 33
1712237415165 34.97577799999999 34
1712237425237 36.89360299999862 35
1712237435315 37.021340999999666 36
1712237445406 39.10133599999972 37
1712237455488 39.35747099999935 38
1712237465571 41.81830699999955 39
1712237475660 43.85905399999865 40
1712237485754 43.9280179999987 41
1712237495848 43.971096999999645 42
1712237505924 43.97506799999974 43
1712237516002 43.9908349999987 44
1712237526086 44.002244999999675 45
1712237536188 44.00991099999919 46
1712237546276 44.033236999999644 47
1712237556351 44.03648199999952 48
1712237566431 44.05789999999979 49
1712237576518 44.06904299999951 50
1712237586598 44.072909999998956 51
1712237596695 44.080447999998796 52
1712237606727 44.101120999999694 53
1712237616808 44.293470999999045 54
1712237626910 45.17230399999971 55
1712237636997 51.43816499999957 56
1712237647075 56.11283299999923 57
1712237657164 56.39662999999928 58
1712237667248 56.72699099999954 59
1712237677331 62.84450199999992 60
1712237687411 72.17852899999889 61
1712237697497 72.47079499999927 62
1712237707591 72.49294099999861 63
1712237717684 78.78799399999843 64
1712237727771 89.44961599999988 65
1712237737854 92.882114 66
1712237747938 94.18741399999999 67
1712237758027 95.43466199999966 68
1712237768107 96.50499199999831 69
1712237778200 97.60851099999854 70
1712237788287 98.64467199999854 71
1712237798383 99.83277499999895 72
1712237808480 100.17079399999966 73
1712237818562 100.21469799999977 74
1712237828657 100.23418599999968 75
1712237838742 100.53264099999978 76
1712237848825 100.99532199999885 77
1712237858863 101.03976999999941 78
1712237868894 101.13808900000004 79
1712237878971 101.18554099999892 80
1712237889054 103.8220169999986 81
1712237899142 105.05612999999903 82
1712237909229 116.19810599999983 83
1712237919317 122.16743899999892 84
1712237929407 122.169081 85
1712237939502 122.18152099999861 86
1712237949607 122.18494999999893 87
1712237959686 122.18661099999917 88
1712237969766 122.21262899999965 89
1712237979839 122.22210799999993 90
1712237989930 122.22312799999963 91
1712238000024 122.22899099999995 92
1712238010093 122.23034799999914 93
1712238020198 122.23326499999894 94
1712238030285 122.25201500000003 95
1712238040375 122.25274099999842 96
1712238050454 122.25446499999998 97
1712238060538 122.26042099999904 98
1712238070613 122.261031 99
1712238080689 122.26798399999825 100
1712238090757 122.2891469999995 101
1712238100844 122.29552499999954 102
1712238110929 122.29746399999931 103
1712238121012 122.3008119999995 104
1712238131087 122.30246199999965 105
1712238141173 122.30469699999958 106
1712238151257 122.32433599999968 107
1712238161347 122.33169299999827 108
1712238171426 122.33775499999865 109
1712238181515 122.34554699999899 110
1712238191599 122.34616099999948 111
1712238201683 122.34690299999966 112
1712238211771 122.34934799999974 113
1712238221864 122.35741699999926 114
1712238231961 122.35892199999944 115
1712238242050 122.35979899999984 116
1712238252133 122.36054100000001 117
1712238262218 122.3635239999985 118
1712238272299 122.36541999999827 119
1712238282383 122.36790999999903 120
1712238292461 122.37022399999842 121
1712238302562 122.37274499999876 122
1712238312651 122.3743059999997 123
1712238322736 122.37486699999863 124
1712238332818 122.37575599999946 125
1712238342903 122.3786029999992 126
1712238352977 122.38297799999964 127
1712238363062 122.38497599999937 128
1712238373148 122.38577799999985 129
1712238383247 122.38852299999962 130
1712238393335 122.39041799999904 131
1712238403419 122.39270199999919 132
1712238413502 122.39429500000006 133
1712238423588 122.3968189999996 134
1712238433685 122.3973189999997 135
1712238443777 122.3980649999994 136
1712238453872 122.41475899999932 137
1712238463908 122.41963299999952 138
1712238473964 122.42396899999949 139
1712238484101 122.48870599999827 140
1712238494503 122.49047900000005 141
1712238504639 122.49218799999835 142
1712238514732 122.4965519999987 143
1712238524825 122.49929399999928 144
1712238534921 122.50032399999873 145
1712238545054 122.53188899999986 146
1712238555232 123.00253599999996 147
1712238565326 123.06749099999979 148
1712238575432 123.07938499999909 149
1712238585511 123.08419599999979 150
1712238595607 123.09372299999995 151
1712238605702 123.1207319999994 152
1712238615797 123.12399499999992 153
1712238625891 123.12602999999945 154
1712238635987 123.13185699999849 155
1712238646076 123.13554699999986 156
1712238656172 123.14436199999909 157
1712238666276 123.15818599999875 158
1712238676373 123.16450399999849 159
1712238686415 123.31838599999901 160
1712238696502 123.36364399999911 161
1712238706602 123.3706459999994 162
1712238716703 123.38592900000003 163
1712238726757 123.38953599999877 164
1712238736857 123.40752599999905 165
1712238746957 123.47625399999924 166
1712238757051 123.48899699999856 167
1712238767145 123.5023229999988 168
1712238777233 123.51209500000004 169
1712238787330 123.51927699999942 170
1712238797429 123.52322399999866 171
1712238807514 123.52510699999948 172
1712238817605 123.54617299999882 173
1712238827703 123.5496519999997 174
1712238837782 123.55181099999936 175
1712238847874 123.5706999999984 176
1712238857966 124.77937199999906 177
1712238867997 124.8169999999991 178
1712238878080 125.04325199999948 179
1712238888172 125.12940699999854 180
1712238898257 125.15129199999865 181
1712238908364 125.17608999999902 182
1712238918453 125.17959199999859 183
1712238928541 125.1978599999984 184
1712238938623 125.21810000000005 185
1712238948713 125.22877599999993 186
1712238958799 125.26065199999903 187
1712238968891 125.26257799999985 188
1712238978991 125.26536499999929 189
1712238989079 125.27071299999989 190
1712238999160 125.27347299999929 191
1712239009264 125.2751819999994 192
1712239019351 125.28647799999999 193
1712239029441 125.287327 194
1712239039529 125.2883329999986 195
1712239049608 125.30557599999884 196
1712239059696 125.31124399999862 197
1712239069783 125.32811599999877 198
1712239079873 125.33092999999826 199
1712239089969 125.3357879999985 200
1712239100067 125.34133499999916 201
1712239110169 125.34235699999954 202
1712239120265 125.34541999999965 203
1712239130343 125.35557899999912 204
1712239140431 125.35826899999847 205
1712239150519 125.35996899999918 206
1712239160600 125.37749799999983 207
1712239170689 125.37881599999855 208
1712239180768 125.3956849999995 209
1712239190859 125.39760999999999 210
1712239200963 125.40031699999963 211
1712239211058 125.40250899999955 212
1712239221155 125.405295999999 213
1712239231235 125.40624299999945 214
1712239241329 125.40911999999844 215
1712239251418 125.41346899999917 216
1712239261514 125.41767099999925 217
1712239271620 125.41871499999979 218
1712239281721 125.41957999999977 219
1712239291804 125.4298859999999 220
1712239301888 125.43106199999966 221
1712239311967 125.43201899999985 222
1712239322083 125.43478199999845 223
1712239332176 125.46126899999945 224
1712239342280 125.55324199999995 225
1712239352378 127.2822529999994 226
1712239362489 127.62656799999968 227
1712239372575 127.95696099999986 228
1712239382658 128.29478199999903 229
1712239392758 128.9178699999993 230
1712239402856 129.22980499999903 231
1712239412949 129.57037899999887 232
1712239423028 129.9357259999997 233
1712239433118 130.33302599999843 234
1712239443207 130.69619499999862 235
1712239453296 131.11809399999947 236
1712239463384 131.60500799999863 237
1712239473484 132.03447099999903 238
1712239483561 132.3443129999996 239
1712239493659 132.6771779999999 240
1712239503745 133.08098900000005 241
1712239513841 133.50714100000005 242
1712239523940 133.87068999999974 243
1712239534018 134.27212699999836 244
1712239544098 134.68194399999993 245
1712239554191 135.08896899999854 246
1712239564279 135.4664619999985 247
1712239574374 135.84571699999833 248
1712239584462 136.15341399999852 249
1712239594556 136.49260499999946 250
1712239604651 136.86529599999994 251
1712239614738 137.19924699999865 252
1712239624822 137.5166679999984 253
1712239634917 138.00062799999978 254
1712239645031 138.45365899999888 255
1712239655141 138.817176999999 256
1712239665228 139.21399999999994 257
1712239675330 139.5769969999983 258
1712239685421 139.89794699999948 259
1712239695864 140.29309699999976 260
1712239705961 140.61599299999943 261
1712239716044 140.9636189999983 262
1712239726151 141.27255100000002 263
1712239736258 141.72611099999995 264
1712239746359 142.11692599999878 265
1712239756443 142.53208099999938 266
1712239766526 143.95521199999894 267
1712239776625 145.28304299999945 268
1712239786705 146.47899999999936 269
1712239796790 148.48463300000003 270
1712239806884 151.26348999999936 271
1712239816964 158.32251499999984 272
1712239827058 158.3470039999993 273
1712239837147 166.45673499999975 274
1712239847248 168.2861019999982 275
1712239857336 168.33905500000037 276
1712239867426 168.38812399999733 277
1712239878806 168.40905099999873 278
1712239888885 169.84209700000065 279
1712239898993 169.87694499999998 280
1712239909100 172.16243100000065 281
1712239919209 175.67878999999812 282
1712239929313 188.08193599999868 283
1712239939398 198.1914739999993 284
1712239949486 200.32363500000065 285
1712239959579 202.77586999999767 286
1712239969662 205.28600799999913 287
1712239979753 207.32872399999906 288
1712239989837 210.44107799999983 289
1712239999922 212.0742309999987 290
1712240010016 213.85760200000004 291
1712240020110 214.15725999999995 292
1712240030199 214.45587800000067 293
1712240040290 214.7490030000008 294
1712240050377 215.04515999999785 295
1712240060470 215.36714399999983 296
1712240070556 215.6601269999992 297
1712240080646 215.94881199999872 298
1712240090730 216.23516000000018 299
1712240100818 216.52479599999788 300
1712240110905 216.80890999999974 301
1712240120997 217.10492499999964 302
1712240131097 217.39987199999814 303
1712240141202 217.68545900000026 304
1712240151297 217.9692130000003 305
1712240161384 218.25706699999864 306
1712240171460 218.54534599999897 307
1712240181539 218.86394899999868 308
1712240191635 219.14891200000056 309
1712240201734 219.44957299999805 310
1712240211823 219.76047199999812 311
1712240221909 220.06020499999795 312
1712240231960 222.43087899999955 313
1712240242058 222.99773099999948 314
1712240252098 223.00583299999926 315
1712240262190 223.03213799999867 316
1712240272275 223.19046700000035 317
1712240282320 223.2213100000008 318
1712240292353 223.24622399999862 319
1712240302441 223.26081899999917 320
1712240312540 223.27581400000054 321
1712240322627 223.66440299999886 322
1712240332712 226.13503299999866 323
1712240342796 228.40821900000083 324
1712240352888 229.20304000000033 325
1712240362975 229.78285200000028 326
1712240373065 230.4037810000009 327
1712240383160 231.21827399999893 328
1712240393262 231.78209900000002 329
1712240403346 232.66268800000034 330
1712240413437 234.46484399999827 331
1712240423522 240.90652299999783 332
1712240433603 245.6056639999988 333
1712240443686 247.69176099999822 334
1712240453776 249.92836800000077 335
1712240463871 252.3063320000001 336
1712240473995 254.56373399999939 337
1712240484088 256.61911399999735 338
1712240494183 258.4709760000005 339
1712240504288 258.8164429999997 340
1712240514383 258.833924999999 341
1712240524466 258.84735999999975 342
1712240534556 258.8627070000002 343
1712240544639 258.8869889999987 344
1712240554730 258.9040539999987 345
1712240564826 258.9108379999998 346
1712240574907 259.33528899999874 347
1712240584991 265.3613499999992 348
1712240595089 266.9305920000006 349
1712240605175 272.8325459999978 350
1712240615283 278.90567799999917 351
1712240625376 278.9457479999983 352
1712240635479 285.3722479999997 353
1712240645565 289.73003400000016 354
1712240655660 289.73875599999883 355
1712240665766 289.7423149999995 356
1712240675863 289.7698739999978 357
1712240685951 289.77484099999856 358
1712240696043 289.7952919999989 359
1712240706127 289.79632800000036 360
1712240716225 289.79841099999976 361
1712240726314 294.3376219999991 362
1712240736407 296.26543799999854 363
1712240746497 302.0618699999977 364
1712240756577 304.52539199999956 365
1712240766677 307.1085920000005 366
1712240776765 313.662773 367
1712240786857 328.0722749999986 368
1712240796958 331.7432899999985 369
1712240807072 331.7492779999993 370
1712240817172 341.60641899999973 371
1712240827261 347.0589889999974 372
1712240837351 347.88141899999755 373
1712240847439 348.0810089999977 374
1712240857526 348.54665899999964 375
1712240867625 348.56079599999794 376
1712240877728 350.8746370000008 377
1712240887838 360.4966170000007 378
1712240897936 364.3353629999983 379
1712240908034 364.352601999999 380
1712240918123 364.355478999998 381
1712240928220 366.4246370000001 382
1712240938308 380.7903899999983 383
1712240948406 387.3106630000002 384
1712240958499 391.24587899999824 385
1712240968583 392.0280509999975 386
1712240978671 393.1244509999997 387
1712240988764 394.44863500000065 388
1712240998864 395.5690379999978 389
1712241008964 396.584641999998 390
1712241019050 397.4848180000008 391
1712241029148 398.04596200000015 392
1712241039241 398.0494890000009 393
1712241049330 398.0700939999988 394
1712241059416 400.31281599999784 395
1712241069503 406.25326399999904 396
1712241079590 406.2683849999994 397
1712241089686 406.2761250000003 398
1712241099787 406.2799139999988 399
1712241109874 406.2849619999979 400
1712241119971 406.2983600000007 401
1712241130060 406.30885999999737 402
1712241140150 406.31447299999854 403
1712241150231 406.3161889999974 404
1712241160320 406.32725899999787 405
1712241170416 406.3360049999974 406
1712241180496 406.34092699999746 407
1712241190583 406.3507040000004 408
1712241200694 406.4832959999985 409
1712241210785 408.1361340000003 410
1712241220880 416.55855099999826 411
1712241230972 425.4937690000006 412
1712241241062 426.613226999998 413
1712241251166 428.2805359999984 414
1712241261945 429.80399899999975 415
1712241272047 430.74093699999867 416
1712241282171 431.99658400000044 417
1712241292262 439.4912069999991 418
1712241302370 445.71902000000046 419
1712241312478 446.56079899999895 420
1712241322634 447.51232700000037 421
1712241332794 448.50225599999976 422
1712241342947 449.6123869999974 423
1712241353105 449.6466739999996 424
1712241363269 449.65004399999816 425
1712241373427 449.66035999999804 426
1712241383566 449.6643640000002 427
1712241393718 449.6806639999995 428
1712241403868 449.70058699999936 429
1712241414025 449.702025999999 430
1712241424181 449.70814699999755 431
1712241434283 449.7099500000004 432
1712241444373 459.47598899999866 433
1712241454470 472.521335999998 434
1712241464575 478.09859399999914 435
1712241474685 479.4970089999988 436
1712241484723 480.6050900000009 437
1712241494823 482.0295699999988 438
1712241504926 482.7723389999992 439
1712241515019 495.88858699999764 440
1712241525122 505.1055400000005 441
1712241535222 509.09826500000054 442
1712241545311 512.2908810000008 443
1712241555440 517.2195329999995 444
1712241565557 524.9245439999977 445
1712241575651 534.1741750000001 446
1712241585758 537.063678999999 447
1712241595873 538.3132499999992 448
1712241605981 539.4405609999994 449
1712241616074 540.590651999999 450
1712241626168 550.9094089999999 451
1712241636264 557.4658799999997 452
1712241646357 558.9555289999989 453
1712241656448 560.8756869999997 454
1712241666542 563.0446279999996 455
1712241676627 565.0431319999989 456
1712241686717 566.7707730000002 457
1712241696808 568.4514139999992 458
1712241706896 569.1000789999998 459
1712241716980 570.7707539999974 460
1712241727084 572.4566090000008 461
1712241737186 575.4594959999995 462
1712241747283 581.4259079999974 463
1712241757387 586.8920109999999 464
1712241767487 587.7610879999993 465
1712241777613 588.7085509999997 466
1712241787703 589.6192579999988 467
1712241797801 590.4646329999996 468
1712241807884 591.4181709999975 469
1712241817981 592.8407239999979 470
1712241828081 593.7504769999978 471
1712241838189 594.1156349999983 472
1712241848280 596.4582269999992 473
1712241858372 598.2995039999987 474
1712241868462 600.1100449999976 475
1712241878570 601.6395549999979 476
1712241888695 602.6464759999981 477
1712241898797 603.5112200000003 478
1712241908921 604.3033509999987 479
1712241919035 605.0147140000008 480
1712241929133 605.8454160000001 481
1712241939226 606.6444359999987 482
1712241949350 607.7354659999983 483
1712241959451 609.067325 484
1712241969551 609.8143849999979 485
1712241979654 610.8727739999995 486
1712241989755 612.5324269999983 487
1712241999859 613.4691219999986 488
1712242009955 614.5209350000005 489
1712242020048 615.7984609999985 490
1712242030160 625.1730009999992 491
1712242040262 633.0984480000006 492
1712242050350 636.307929999999 493
1712242060436 638.2752299999993 494
1712242070546 640.2360530000005 495
1712242080637 642.2905299999984 496
1712242090744 644.0351549999978 497
1712242100840 648.6167609999975 498
1712242110947 659.9979619999976 499
1712242121042 667.3306859999975 500
1712242131146 669.6062649999985 501
1712242141256 671.989802 502
1712242151357 681.6356869999981 503
1712242161458 688.2109329999985 504
1712242171555 689.4329039999975 505
1712242181648 690.8000040000006 506
1712242191738 691.5449579999986 507
1712242201834 692.8960430000006 508
1712242211927 695.5056159999986 509
1712242222023 696.9454609999993 510
1712242232137 698.0512280000003 511
1712242242231 699.2184779999989 512
1712242252328 700.1720729999979 513
1712242262423 701.490303999999 514
1712242272515 702.6536610000003 515
1712242282606 703.7605629999998 516
1712242292702 705.294328 517
1712242302785 706.5773200000003 518
1712242312878 707.7014909999998 519
1712242322970 709.2762609999991 520
1712242333061 710.4122419999985 521
1712242343154 712.5425990000003 522
1712242353247 720.1765410000007 523
1712242363346 724.4938279999988 524
1712242373392 732.4936629999975 525
1712242383492 734.197021 526
1712242393597 734.2080389999974 527
1712242403696 739.0125569999982 528
1712242413804 739.0150059999978 529
1712242423909 739.4447139999975 530
1712242434003 741.7769979999975 531
1712242444052 741.7794729999987 532
1712242454156 742.2221839999984 533
1712242464526 742.399551999999 534
1712242474636 742.5874159999985 535
1712242484727 743.3040389999987 536
1712242494819 743.3948649999984 537
1712242504916 743.6666949999999 538
1712242515037 749.378561999998 539
1712242525154 754.9568169999984 540
1712242535258 755.1934499999988 541
1712242545360 755.6005440000008 542
1712242555485 755.7212039999977 543
1712242565615 755.8360099999991 544
1712242575719 755.923781999998 545
1712242585833 756.0224979999984 546
1712242595951 756.1236419999987 547
1712242606066 757.1053649999994 548
1712242616178 757.5262919999986 549
1712242626273 758.271550999998 550
1712242636363 758.4456169999976 551
1712242646405 758.6232549999986 552
1712242656524 758.703712999999 553
1712242666637 758.7742479999979 554
1712242676770 758.8323909999999 555
1712242686877 758.9072329999981 556
1712242697068 758.993481999998 557
1712242707200 759.1012200000005 558
1712242717332 759.2472239999988 559
1712242727469 759.4990230000003 560
1712242737587 759.6730399999979 561
1712242747725 759.8176769999991 562
1712242757852 759.9806669999998 563
1712242767988 760.1412949999976 564
1712242778106 760.299665999999 565
1712242788231 760.4558849999994 566
1712242798359 760.5903199999993 567
1712242808482 760.7397189999974 568
1712242818598 760.8982619999988 569
1712242828713 761.0251719999978 570
1712242838832 761.1361670000006 571
1712242848950 761.2744039999998 572
1712242859065 761.392867999999 573
1712242869175 761.5083930000001 574
1712242879290 761.6401819999992 575
1712242889426 761.7777590000005 576
1712242899482 761.8560419999994 577
1712242909601 761.9342429999997 578
1712242919715 762.2550719999999 579
1712242929851 762.4646169999978 580
1712242939956 762.6536569999989 581
1712242950090 762.7990529999988 582
1712242960187 762.9466919999977 583
1712242970305 763.1640069999994 584
1712242980413 763.335740999999 585
1712242990535 763.4812029999994 586
1712243000645 763.665954 587
1712243010748 763.813854 588
1712243020856 763.9491979999984 589
1712243030964 764.0825789999981 590
1712243041065 764.1790110000002 591
1712243051169 764.3023299999986 592
1712243061288 764.4374009999992 593
1712243071401 764.5346939999981 594
1712243081515 764.6328509999985 595
1712243091627 764.7652139999991 596
1712243101738 764.8985690000009 597
1712243111849 765.0194850000007 598
1712243121973 765.1852309999995 599
1712243132109 765.6586009999992 600
1712243142218 765.7496419999989 601
1712243152334 765.8031530000007 602
1712243162457 765.8598349999993 603
1712243172563 765.922932999998 604
1712243182671 766.0014840000003 605
1712243192771 766.0554940000002 606
1712243202893 766.111105 607
1712243213020 767.8312389999992 608
1712243223124 772.5735160000004 609
1712243233236 773.2384070000007 610
1712243243327 773.3125789999976 611
1712243253439 773.4531859999988 612
1712243263566 773.6746189999976 613
1712243273681 773.8170939999982 614
1712243283724 773.9804339999973 615
1712243293840 774.147563999999 616
1712243303955 774.2082349999982 617
1712243314087 774.3775380000006 618
1712243324229 774.5048449999995 619
1712243334353 774.653578999998 620
1712243344464 774.804111999998 621
1712243354590 774.8831599999976 622
1712243364696 774.955285 623
1712243374810 775.0260339999986 624
1712243384920 775.2426869999981 625
1712243395050 775.4610309999989 626
1712243405172 775.6125739999989 627
1712243415288 775.6509559999977 628
1712243425408 775.8628639999988 629
1712243435542 776.0059029999975 630
1712243445662 776.0619750000005 631
1712243455774 776.1647859999975 632
1712243465892 776.2669959999985 633
1712243476006 776.4061010000005 634
1712243486122 776.5432919999985 635
1712243496224 776.6271119999983 636
1712243506337 777.0928779999995 637
1712243516459 777.3487929999974 638
1712243526571 777.569485 639
1712243536702 777.790954 640
1712243546820 777.9766099999979 641
1712243556928 778.3767100000005 642
1712243567050 778.6581689999985 643
1712243577541 778.8543619999982 644
1712243587657 779.067794999999 645
1712243597787 779.2076239999988 646
1712243607911 779.418185999999 647
1712243618026 779.673021999999 648
1712243628139 779.8364779999974 649
1712243638259 780.0422259999978 650
1712243648360 780.2125879999985 651
1712243658466 780.388884 652
1712243668584 780.5553469999977 653
1712243678715 780.7688190000008 654
1712243688836 780.9398909999982 655
1712243698963 781.1256379999977 656
1712243709074 781.4208550000003 657
1712243719193 781.6013329999987 658
1712243729310 781.8383409999988 659
1712243739437 781.9883430000009 660
1712243749562 782.2013320000005 661
1712243759681 782.4390719999974 662
1712243769792 782.6220479999974 663
1712243779895 782.80285 664
1712243790005 782.9709289999992 665
1712243800124 783.1468849999983 666
1712243810244 783.2698380000002 667
1712243820361 783.3766219999998 668
1712243830497 783.5504459999975 669
1712243840632 783.8007980000002 670
1712243850748 784.0428240000001 671
1712243860876 784.2050909999998 672
1712243870995 784.4185539999999 673
1712243881115 784.6884419999988 674
1712243891256 784.8721960000003 675
1712243901369 785.1082539999989 676
1712243911486 785.273366999998 677
1712243921612 785.4570289999974 678
1712243931781 785.6080049999982 679
1712243941896 785.7688869999984 680
1712243952015 785.8706280000006 681
1712243962073 785.9605389999997 682
1712243972164 786.1037619999988 683
1712243982264 786.2812720000002 684
1712243992356 786.4481669999986 685
1712244002449 786.7015539999993 686
1712244012546 786.904552 687
1712244022660 787.0946519999998 688
1712244032774 787.2967779999999 689
1712244042874 787.4704689999999 690
1712244052993 787.6637389999996 691
1712244063121 787.8473200000008 692
1712244073236 788.0384109999977 693
1712244083335 788.162131000001 694
1712244093445 788.3378859999975 695
1712244103569 788.4977419999996 696
1712244114260 788.6745459999984 697
1712244124380 788.8469870000008 698
1712244134500 789.0334809999986 699
1712244144611 789.1997649999976 700
