1712237072988 65.1 0
1712237083019 97.3 1
1712237093091 98.0 2
1712237103127 93.7 3
1712237113197 91.2 4
1712237123293 95.8 5
1712237133385 88.6 6
1712237143419 86.0 7
1712237153519 87.8 8
1712237163608 89.0 9
1712237173653 88.1 10
1712237183734 93.8 11
1712237193768 93.5 12
1712237203807 96.4 13
1712237213891 96.5 14
1712237223927 96.3 15
1712237233969 96.3 16
1712237244085 96.2 17
1712237254121 96.2 18
1712237264192 96.4 19
1712237274287 96.4 20
1712237284389 96.7 21
1712237294497 96.7 22
1712237304578 97.0 23
1712237314614 97.0 24
1712237324642 97.1 25
1712237334674 97.0 26
1712237344709 95.8 27
1712237354735 96.7 28
1712237364807 96.3 29
1712237374906 95.6 30
1712237384973 95.6 31
1712237395046 95.6 32
1712237405084 96.3 33
1712237415165 96.6 34
1712237425237 96.7 35
1712237435315 88.7 36
1712237445406 88.7 37
1712237455488 88.9 38
1712237465571 91.7 39
1712237475660 91.8 40
1712237485754 91.3 41
1712237495848 90.9 42
1712237505924 91.2 43
1712237516002 91.3 44
1712237526086 91.3 45
1712237536188 91.3 46
1712237546276 91.3 47
1712237556351 91.3 48
1712237566431 91.4 49
1712237576518 91.5 50
1712237586598 92.6 51
1712237596695 92.6 52
1712237606727 92.3 53
1712237616808 95.1 54
1712237626910 94.4 55
1712237636997 94.1 56
1712237647075 92.8 57
1712237657164 93.1 58
1712237667248 92.9 59
1712237677331 93.2 60
1712237687411 93.0 61
1712237697497 93.1 62
1712237707591 94.3 63
1712237717684 94.2 64
1712237727771 93.9 65
1712237737854 88.4 66
1712237747938 88.6 67
1712237758027 88.7 68
1712237768107 88.8 69
1712237778200 89.2 70
1712237788287 89.2 71
1712237798383 89.1 72
1712237808480 89.5 73
1712237818562 89.6 74
1712237828657 89.7 75
1712237838742 90.6 76
1712237848825 92.1 77
1712237858863 91.6 78
1712237868894 91.1 79
1712237878971 92.7 80
1712237889054 92.4 81
1712237899142 92.3 82
1712237909229 91.6 83
1712237919317 91.3 84
1712237929407 91.4 85
1712237939502 92.4 86
1712237949607 91.0 87
1712237959686 91.1 88
1712237969766 91.1 89
1712237979839 91.0 90
1712237989930 91.0 91
1712238000024 91.1 92
1712238010093 91.1 93
1712238020198 91.1 94
1712238030285 91.3 95
1712238040375 90.3 96
1712238050454 90.3 97
1712238060538 89.7 98
1712238070613 89.9 99
1712238080689 90.0 100
1712238090757 91.0 101
1712238100844 91.0 102
1712238110929 90.9 103
1712238121012 91.0 104
1712238131087 85.5 105
1712238141173 88.1 106
1712238151257 88.8 107
1712238161347 89.2 108
1712238171426 89.3 109
1712238181515 89.3 110
1712238191599 89.4 111
1712238201683 89.5 112
1712238211771 89.5 113
1712238221864 89.5 114
1712238231961 89.5 115
1712238242050 89.6 116
1712238252133 89.6 117
1712238262218 89.7 118
1712238272299 89.7 119
1712238282383 89.7 120
1712238292461 89.8 121
1712238302562 55.8 122
1712238312651 64.8 123
1712238322736 69.0 124
1712238332818 69.1 125
1712238342903 65.5 126
1712238352977 65.8 127
1712238363062 65.7 128
1712238373148 65.8 129
1712238383247 65.8 130
1712238393335 65.9 131
1712238403419 65.9 132
1712238413502 65.9 133
1712238423588 65.9 134
1712238433685 66.0 135
1712238443777 66.0 136
1712238453872 65.9 137
1712238463908 66.0 138
1712238473964 68.6 139
1712238484101 84.5 140
1712238494503 90.4 141
1712238504639 98.0 142
1712238514732 76.9 143
1712238524825 87.3 144
1712238534921 90.5 145
1712238545054 92.7 146
1712238555232 95.7 147
1712238565326 95.9 148
1712238575432 96.3 149
1712238585511 95.3 150
1712238595607 95.4 151
1712238605702 95.6 152
1712238615797 95.7 153
1712238625891 95.5 154
1712238635987 95.4 155
1712238646076 95.7 156
1712238656172 96.2 157
1712238666276 96.2 158
1712238676373 96.2 159
1712238686415 97.0 160
1712238696502 94.0 161
1712238706602 93.5 162
1712238716703 92.2 163
1712238726757 92.3 164
1712238736857 93.5 165
1712238746957 94.0 166
1712238757051 93.6 167
1712238767145 93.8 168
1712238777233 93.7 169
1712238787330 93.8 170
1712238797429 93.8 171
1712238807514 93.8 172
1712238817605 93.7 173
1712238827703 93.8 174
1712238837782 93.6 175
1712238847874 93.8 176
1712238857966 94.2 177
1712238867997 95.6 178
1712238878080 96.5 179
1712238888172 96.1 180
1712238898257 96.2 181
1712238908364 95.9 182
1712238918453 96.5 183
1712238928541 96.4 184
1712238938623 87.2 185
1712238948713 87.3 186
1712238958799 88.0 187
1712238968891 88.1 188
1712238978991 88.1 189
1712238989079 88.1 190
1712238999160 88.2 191
1712239009264 88.3 192
1712239019351 88.1 193
1712239029441 88.1 194
1712239039529 88.3 195
1712239049608 87.6 196
1712239059696 87.7 197
1712239069783 87.7 198
1712239079873 88.4 199
1712239089969 87.6 200
1712239100067 88.5 201
1712239110169 88.5 202
1712239120265 88.3 203
1712239130343 88.4 204
1712239140431 86.1 205
1712239150519 86.6 206
1712239160600 87.1 207
1712239170689 87.0 208
1712239180768 87.0 209
1712239190859 87.0 210
1712239200963 87.1 211
1712239211058 87.1 212
1712239221155 87.1 213
1712239231235 87.1 214
1712239241329 86.8 215
1712239251418 86.8 216
1712239261514 86.9 217
1712239271620 87.1 218
1712239281721 87.1 219
1712239291804 87.2 220
1712239301888 87.2 221
1712239311967 87.2 222
1712239322083 87.2 223
1712239332176 87.4 224
1712239342280 87.5 225
1712239352378 87.5 226
1712239362489 87.6 227
1712239372575 87.6 228
1712239382658 87.6 229
1712239392758 87.6 230
1712239402856 87.7 231
1712239412949 87.7 232
1712239423028 87.7 233
1712239433118 87.7 234
1712239443207 87.7 235
1712239453296 87.9 236
1712239463384 88.0 237
1712239473484 88.0 238
1712239483561 87.9 239
1712239493659 88.1 240
1712239503745 88.6 241
1712239513841 89.3 242
1712239523940 89.6 243
1712239534018 89.6 244
1712239544098 89.6 245
1712239554191 89.8 246
1712239564279 89.6 247
1712239574374 89.5 248
1712239584462 89.6 249
1712239594556 89.6 250
1712239604651 89.7 251
1712239614738 89.7 252
1712239624822 89.9 253
1712239634917 91.8 254
1712239645031 91.3 255
1712239655141 91.2 256
1712239665228 91.3 257
1712239675330 91.3 258
1712239685421 91.4 259
1712239695864 91.4 260
1712239705961 56.0 261
1712239716044 61.3 262
1712239726151 71.1 263
1712239736258 69.7 264
1712239746359 71.3 265
1712239756443 71.5 266
1712239766526 71.3 267
1712239776625 71.5 268
1712239786705 71.3 269
1712239796790 71.3 270
1712239806884 71.3 271
1712239816964 71.4 272
1712239827058 71.4 273
1712239837147 71.3 274
1712239847248 68.4 275
1712239857336 68.7 276
1712239867426 68.7 277
1712239878806 68.9 278
1712239888885 82.6 279
1712239898993 92.8 280
1712239909100 99.6 281
1712239919209 99.6 282
1712239929313 88.7 283
1712239939398 90.9 284
1712239949486 92.8 285
1712239959579 93.8 286
1712239969662 94.0 287
1712239979753 94.1 288
1712239989837 95.6 289
1712239999922 95.3 290
1712240010016 95.2 291
1712240020110 95.2 292
1712240030199 95.3 293
1712240040290 93.8 294
1712240050377 94.7 295
1712240060470 95.2 296
1712240070556 95.2 297
1712240080646 95.2 298
1712240090730 95.2 299
1712240100818 95.4 300
1712240110905 95.4 301
1712240120997 95.5 302
1712240131097 95.2 303
1712240141202 85.0 304
1712240151297 82.5 305
1712240161384 82.6 306
1712240171460 82.8 307
1712240181539 82.8 308
1712240191635 83.1 309
1712240201734 83.1 310
1712240211823 83.1 311
1712240221909 83.2 312
1712240231960 85.4 313
1712240242058 87.9 314
1712240252098 88.1 315
1712240262190 88.7 316
1712240272275 87.9 317
1712240282320 87.3 318
1712240292353 90.9 319
1712240302441 91.0 320
1712240312540 90.7 321
1712240322627 90.6 322
1712240332712 90.8 323
1712240342796 90.8 324
1712240352888 90.9 325
1712240362975 91.0 326
1712240373065 90.9 327
1712240383160 90.9 328
1712240393262 91.0 329
1712240403346 91.0 330
1712240413437 91.1 331
1712240423522 91.1 332
1712240433603 91.0 333
1712240443686 91.4 334
1712240453776 91.5 335
1712240463871 91.4 336
1712240473995 91.3 337
1712240484088 91.3 338
1712240494183 89.7 339
1712240504288 89.5 340
1712240514383 89.5 341
1712240524466 89.6 342
1712240534556 89.6 343
1712240544639 90.0 344
1712240554730 90.0 345
1712240564826 90.1 346
1712240574907 89.9 347
1712240584991 89.9 348
1712240595089 89.8 349
1712240605175 89.8 350
1712240615283 89.8 351
1712240625376 89.8 352
1712240635479 89.8 353
1712240645565 89.9 354
1712240655660 89.8 355
1712240665766 89.7 356
1712240675863 89.9 357
1712240685951 89.8 358
1712240696043 89.9 359
1712240706127 89.9 360
1712240716225 89.9 361
1712240726314 89.9 362
1712240736407 89.9 363
1712240746497 89.8 364
1712240756577 90.0 365
1712240766677 89.2 366
1712240776765 89.2 367
1712240786857 89.3 368
1712240796958 89.3 369
1712240807072 89.3 370
1712240817172 89.4 371
1712240827261 89.4 372
1712240837351 89.4 373
1712240847439 89.4 374
1712240857526 89.4 375
1712240867625 89.4 376
1712240877728 89.5 377
1712240887838 89.5 378
1712240897936 89.6 379
1712240908034 89.7 380
1712240918123 89.6 381
1712240928220 89.6 382
1712240938308 89.7 383
1712240948406 89.7 384
1712240958499 90.0 385
1712240968583 89.8 386
1712240978671 89.8 387
1712240988764 89.8 388
1712240998864 89.8 389
1712241008964 90.0 390
1712241019050 89.9 391
1712241029148 89.9 392
1712241039241 89.9 393
1712241049330 90.0 394
1712241059416 90.1 395
1712241069503 90.1 396
1712241079590 90.2 397
1712241089686 90.2 398
1712241099787 90.2 399
1712241109874 55.3 400
1712241119971 60.7 401
1712241130060 70.9 402
1712241140150 69.0 403
1712241150231 69.1 404
1712241160320 69.0 405
1712241170416 69.1 406
1712241180496 69.6 407
1712241190583 69.6 408
1712241200694 70.0 409
1712241210785 69.8 410
1712241220880 69.7 411
1712241230972 69.9 412
1712241241062 69.9 413
1712241251166 70.0 414
1712241261945 69.8 415
1712241272047 71.2 416
1712241282171 71.7 417
1712241292262 84.5 418
1712241302370 96.7 419
1712241312478 94.0 420
1712241322634 90.4 421
1712241332794 87.0 422
1712241342947 89.0 423
1712241353105 91.6 424
1712241363269 92.8 425
1712241373427 93.2 426
1712241383566 93.4 427
1712241393718 93.4 428
1712241403868 93.6 429
1712241414025 93.7 430
1712241424181 93.8 431
1712241434283 93.8 432
1712241444373 94.0 433
1712241454470 94.1 434
1712241464575 94.2 435
1712241474685 94.4 436
1712241484723 96.7 437
1712241494823 95.2 438
1712241504926 95.1 439
1712241515019 95.1 440
1712241525122 94.8 441
1712241535222 94.8 442
1712241545311 94.9 443
1712241555440 95.0 444
1712241565557 95.2 445
1712241575651 95.1 446
1712241585758 95.0 447
1712241595873 95.2 448
1712241605981 95.3 449
1712241616074 95.3 450
1712241626168 95.4 451
1712241636264 95.3 452
1712241646357 95.4 453
1712241656448 95.0 454
1712241666542 94.9 455
1712241676627 95.3 456
1712241686717 95.1 457
1712241696808 95.1 458
1712241706896 95.1 459
1712241716980 95.1 460
1712241727084 95.4 461
1712241737186 95.4 462
1712241747283 95.7 463
1712241757387 95.6 464
1712241767487 95.5 465
1712241777613 95.5 466
1712241787703 95.5 467
1712241797801 95.6 468
1712241807884 95.7 469
1712241817981 95.6 470
1712241828081 95.9 471
1712241838189 95.9 472
1712241848280 94.8 473
1712241858372 95.2 474
1712241868462 95.4 475
1712241878570 95.3 476
1712241888695 95.1 477
1712241898797 95.2 478
1712241908921 95.2 479
1712241919035 95.2 480
1712241929133 95.3 481
1712241939226 95.3 482
1712241949350 83.6 483
1712241959451 83.6 484
1712241969551 83.7 485
1712241979654 83.8 486
1712241989755 83.9 487
1712241999859 84.0 488
1712242009955 84.0 489
1712242020048 84.0 490
1712242030160 84.1 491
1712242040262 85.3 492
1712242050350 85.7 493
1712242060436 85.8 494
1712242070546 85.6 495
1712242080637 85.8 496
1712242090744 86.4 497
1712242100840 86.5 498
1712242110947 86.4 499
1712242121042 86.4 500
1712242131146 86.4 501
1712242141256 86.5 502
1712242151357 86.4 503
1712242161458 86.4 504
1712242171555 86.4 505
1712242181648 86.3 506
1712242191738 86.4 507
1712242201834 86.5 508
1712242211927 86.6 509
1712242222023 86.6 510
1712242232137 86.7 511
1712242242231 86.6 512
1712242252328 86.7 513
1712242262423 86.6 514
1712242272515 86.6 515
1712242282606 86.6 516
1712242292702 86.6 517
1712242302785 86.6 518
1712242312878 86.7 519
1712242322970 86.6 520
1712242333061 86.9 521
1712242343154 86.7 522
1712242353247 86.8 523
1712242363346 86.9 524
1712242373392 88.2 525
1712242383492 90.2 526
1712242393597 88.4 527
1712242403696 88.2 528
1712242413804 87.8 529
1712242423909 87.7 530
1712242434003 87.8 531
1712242444052 87.8 532
1712242454156 95.3 533
1712242464526 95.7 534
1712242474636 95.9 535
1712242484727 95.2 536
1712242494819 94.6 537
1712242504916 94.6 538
1712242515037 58.1 539
1712242525154 66.0 540
1712242535258 75.1 541
1712242545360 79.1 542
1712242555485 78.5 543
1712242565615 78.4 544
1712242575719 77.3 545
1712242585833 77.3 546
1712242595951 78.7 547
1712242606066 78.1 548
1712242616178 77.5 549
1712242626273 76.3 550
1712242636363 75.9 551
1712242646405 76.4 552
1712242656524 77.7 553
1712242666637 77.2 554
1712242676770 76.8 555
1712242686877 76.8 556
1712242697068 76.8 557
1712242707200 89.6 558
1712242717332 97.2 559
1712242727469 91.6 560
1712242737587 98.1 561
1712242747725 86.6 562
1712242757852 91.0 563
1712242767988 91.7 564
1712242778106 92.6 565
1712242788231 93.0 566
1712242798359 93.1 567
1712242808482 93.5 568
1712242818598 94.1 569
1712242828713 94.8 570
1712242838832 95.2 571
1712242848950 83.4 572
1712242859065 83.7 573
1712242869175 84.0 574
1712242879290 84.2 575
1712242889426 84.3 576
1712242899482 84.7 577
1712242909601 89.2 578
1712242919715 91.3 579
1712242929851 90.5 580
1712242939956 90.5 581
1712242950090 90.3 582
1712242960187 90.3 583
1712242970305 90.4 584
1712242980413 90.4 585
1712242990535 90.6 586
1712243000645 90.7 587
1712243010748 90.7 588
1712243020856 90.8 589
1712243030964 90.8 590
1712243041065 89.8 591
1712243051169 89.9 592
1712243061288 90.0 593
1712243071401 90.0 594
1712243081515 90.0 595
1712243091627 90.0 596
1712243101738 89.8 597
1712243111849 90.2 598
1712243121973 90.6 599
1712243132109 90.6 600
1712243142218 91.3 601
1712243152334 90.2 602
1712243162457 90.0 603
1712243172563 89.9 604
1712243182671 89.9 605
1712243192771 89.8 606
1712243202893 89.9 607
1712243213020 89.9 608
1712243223124 90.1 609
1712243233236 90.1 610
1712243243327 90.1 611
1712243253439 90.2 612
1712243263566 90.2 613
1712243273681 91.1 614
1712243283724 94.2 615
1712243293840 92.5 616
1712243303955 92.9 617
1712243314087 92.4 618
1712243324229 92.1 619
1712243334353 92.1 620
1712243344464 92.2 621
1712243354590 92.4 622
1712243364696 92.5 623
1712243374810 92.5 624
1712243384920 92.7 625
1712243395050 92.9 626
1712243405172 92.8 627
1712243415288 93.1 628
1712243425408 94.1 629
1712243435542 93.4 630
1712243445662 91.8 631
1712243455774 88.8 632
1712243465892 88.0 633
1712243476006 88.1 634
1712243486122 87.9 635
1712243496224 88.1 636
1712243506337 88.2 637
1712243516459 88.2 638
1712243526571 88.3 639
1712243536702 88.3 640
1712243546820 88.5 641
1712243556928 90.0 642
1712243567050 89.7 643
1712243577541 89.4 644
1712243587657 91.0 645
1712243597787 90.4 646
1712243607911 90.4 647
1712243618026 91.3 648
1712243628139 91.1 649
1712243638259 91.1 650
1712243648360 91.2 651
1712243658466 91.6 652
1712243668584 91.4 653
1712243678715 91.4 654
1712243688836 91.4 655
1712243698963 91.7 656
1712243709074 92.5 657
1712243719193 92.1 658
1712243729310 91.5 659
1712243739437 91.3 660
1712243749562 88.9 661
1712243759681 89.0 662
1712243769792 89.3 663
1712243779895 89.4 664
1712243790005 89.4 665
1712243800124 89.3 666
1712243810244 89.4 667
1712243820361 89.5 668
1712243830497 89.5 669
1712243840632 90.9 670
1712243850748 90.5 671
1712243860876 90.3 672
1712243870995 90.3 673
1712243881115 90.1 674
1712243891256 90.0 675
1712243901369 90.2 676
1712243911486 90.2 677
1712243921612 90.2 678
1712243931781 46.1 679
1712243941896 58.5 680
1712243952015 65.5 681
1712243962073 68.5 682
1712243972164 70.3 683
1712243982264 70.5 684
1712243992356 70.3 685
1712244002449 70.5 686
1712244012546 70.3 687
1712244022660 70.4 688
1712244032774 70.7 689
1712244042874 70.6 690
1712244052993 70.9 691
1712244063121 70.8 692
1712244073236 70.9 693
1712244083335 70.8 694
1712244093445 70.8 695
1712244103569 70.8 696
1712244114260 70.8 697
1712244124380 96.2 698
1712244134500 95.1 699
1712244144611 97.9 700
