1712237072988 10983.2 0
1712237083019 16404.0 1
1712237093091 16523.2 2
1712237103127 15797.1 3
1712237113197 15374.9 4
1712237123293 16159.9 5
1712237133385 14940.4 6
1712237143419 14503.5 7
1712237153519 14812.7 8
1712237163608 15010.9 9
1712237173653 14867.0 10
1712237183734 15826.2 11
1712237193768 15770.8 12
1712237203807 16251.7 13
1712237213891 16284.5 14
1712237223927 16248.2 15
1712237233969 16246.8 16
1712237244085 16232.5 17
1712237254121 16227.4 18
1712237264192 16254.0 19
1712237274287 16261.0 20
1712237284389 16306.6 21
1712237294497 16309.5 22
1712237304578 16355.4 23
1712237314614 16367.2 24
1712237324642 16376.3 25
1712237334674 16366.6 26
1712237344709 16166.6 27
1712237354735 16306.9 28
1712237364807 16244.9 29
1712237374906 16127.1 30
1712237384973 16120.8 31
1712237395046 16126.1 32
1712237405084 16242.3 33
1712237415165 16289.9 34
1712237425237 16303.7 35
1712237435315 14953.7 36
1712237445406 14953.9 37
1712237455488 14992.1 38
1712237465571 15460.5 39
1712237475660 15485.0 40
1712237485754 15404.0 41
1712237495848 15333.0 42
1712237505924 15381.7 43
1712237516002 15396.7 44
1712237526086 15394.3 45
1712237536188 15400.4 46
1712237546276 15402.9 47
1712237556351 15402.9 48
1712237566431 15419.2 49
1712237576518 15438.1 50
1712237586598 15626.3 51
1712237596695 15620.1 52
1712237606727 15574.6 53
1712237616808 16038.1 54
1712237626910 15914.4 55
1712237636997 15865.6 56
1712237647075 15660.5 57
1712237657164 15702.0 58
1712237667248 15676.9 59
1712237677331 15724.0 60
1712237687411 15688.2 61
1712237697497 15694.8 62
1712237707591 15902.0 63
1712237717684 15885.2 64
1712237727771 15844.3 65
1712237737854 14912.5 66
1712237747938 14947.1 67
1712237758027 14965.4 68
1712237768107 14972.9 69
1712237778200 15041.1 70
1712237788287 15046.6 71
1712237798383 15031.8 72
1712237808480 15102.5 73
1712237818562 15114.2 74
1712237828657 15125.3 75
1712237838742 15285.6 76
1712237848825 15528.7 77
1712237858863 15458.0 78
1712237868894 15357.8 79
1712237878971 15629.5 80
1712237889054 15588.6 81
1712237899142 15574.7 82
1712237909229 15444.3 83
1712237919317 15402.1 84
1712237929407 15421.1 85
1712237939502 15584.9 86
1712237949607 15341.1 87
1712237959686 15368.2 88
1712237969766 15362.6 89
1712237979839 15343.0 90
1712237989930 15352.9 91
1712238000024 15358.6 92
1712238010093 15367.4 93
1712238020198 15373.1 94
1712238030285 15404.4 95
1712238040375 15227.6 96
1712238050454 15236.9 97
1712238060538 15136.6 98
1712238070613 15168.7 99
1712238080689 15176.7 100
1712238090757 15343.3 101
1712238100844 15344.8 102
1712238110929 15338.9 103
1712238121012 15343.6 104
1712238131087 14421.6 105
1712238141173 14867.1 106
1712238151257 14980.3 107
1712238161347 15043.0 108
1712238171426 15056.5 109
1712238181515 15070.0 110
1712238191599 15079.0 111
1712238201683 15091.6 112
1712238211771 15101.5 113
1712238221864 15087.7 114
1712238231961 15095.2 115
1712238242050 15111.1 116
1712238252133 15107.4 117
1712238262218 15133.9 118
1712238272299 15126.0 119
1712238282383 15135.3 120
1712238292461 15144.7 121
1712238302562 9418.0 122
1712238312651 10921.9 123
1712238322736 11633.5 124
1712238332818 11656.4 125
1712238342903 11053.1 126
1712238352977 11100.1 127
1712238363062 11074.8 128
1712238373148 11098.4 129
1712238383247 11101.0 130
1712238393335 11112.7 131
1712238403419 11108.2 132
1712238413502 11112.5 133
1712238423588 11122.4 134
1712238433685 11126.1 135
1712238443777 11129.5 136
1712238453872 11121.5 137
1712238463908 11134.8 138
1712238473964 11570.3 139
1712238484101 14255.1 140
1712238494503 15246.9 141
1712238504639 16521.2 142
1712238514732 12967.3 143
1712238524825 14729.4 144
1712238534921 15263.5 145
1712238545054 15636.6 146
1712238555232 16144.0 147
1712238565326 16172.4 148
1712238575432 16234.6 149
1712238585511 16076.6 150
1712238595607 16084.0 151
1712238605702 16126.7 152
1712238615797 16134.4 153
1712238625891 16112.6 154
1712238635987 16098.9 155
1712238646076 16145.6 156
1712238656172 16228.9 157
1712238666276 16228.3 158
1712238676373 16222.3 159
1712238686415 16364.9 160
1712238696502 15855.0 161
1712238706602 15769.0 162
1712238716703 15559.6 163
1712238726757 15566.5 164
1712238736857 15767.0 165
1712238746957 15851.3 166
1712238757051 15791.4 167
1712238767145 15819.7 168
1712238777233 15803.2 169
1712238787330 15819.5 170
1712238797429 15813.6 171
1712238807514 15817.0 172
1712238817605 15808.2 173
1712238827703 15818.1 174
1712238837782 15791.8 175
1712238847874 15813.0 176
1712238857966 15894.7 177
1712238867997 16119.8 178
1712238878080 16283.9 179
1712238888172 16200.9 180
1712238898257 16219.8 181
1712238908364 16182.7 182
1712238918453 16274.0 183
1712238928541 16263.0 184
1712238938623 14705.6 185
1712238948713 14721.3 186
1712238958799 14850.0 187
1712238968891 14855.1 188
1712238978991 14860.6 189
1712238989079 14866.2 190
1712238999160 14873.0 191
1712239009264 14895.8 192
1712239019351 14865.4 193
1712239029441 14868.1 194
1712239039529 14886.5 195
1712239049608 14774.6 196
1712239059696 14787.0 197
1712239069783 14795.5 198
1712239079873 14908.1 199
1712239089969 14781.6 200
1712239100067 14919.6 201
1712239110169 14924.9 202
1712239120265 14900.7 203
1712239130343 14914.1 204
1712239140431 14526.5 205
1712239150519 14605.9 206
1712239160600 14692.2 207
1712239170689 14681.5 208
1712239180768 14669.2 209
1712239190859 14682.0 210
1712239200963 14684.6 211
1712239211058 14693.7 212
1712239221155 14694.0 213
1712239231235 14698.5 214
1712239241329 14633.6 215
1712239251418 14648.1 216
1712239261514 14651.1 217
1712239271620 14688.3 218
1712239281721 14685.1 219
1712239291804 14708.1 220
1712239301888 14701.6 221
1712239311967 14700.7 222
1712239322083 14703.0 223
1712239332176 14747.3 224
1712239342280 14756.5 225
1712239352378 14759.1 226
1712239362489 14768.2 227
1712239372575 14768.6 228
1712239382658 14778.1 229
1712239392758 14778.0 230
1712239402856 14784.7 231
1712239412949 14787.5 232
1712239423028 14787.3 233
1712239433118 14794.5 234
1712239443207 14797.1 235
1712239453296 14826.1 236
1712239463384 14836.3 237
1712239473484 14835.8 238
1712239483561 14832.1 239
1712239493659 14857.7 240
1712239503745 14940.8 241
1712239513841 15056.1 242
1712239523940 15104.3 243
1712239534018 15104.4 244
1712239544098 15111.8 245
1712239554191 15148.7 246
1712239564279 15108.8 247
1712239574374 15100.9 248
1712239584462 15104.5 249
1712239594556 15117.7 250
1712239604651 15121.8 251
1712239614738 15129.7 252
1712239624822 15159.6 253
1712239634917 15488.2 254
1712239645031 15392.0 255
1712239655141 15379.0 256
1712239665228 15400.4 257
1712239675330 15399.4 258
1712239685421 15421.4 259
1712239695864 15409.7 260
1712239705961 9447.3 261
1712239716044 10333.2 262
1712239726151 11989.2 263
1712239736258 11753.2 264
1712239746359 12018.2 265
1712239756443 12066.6 266
1712239766526 12032.8 267
1712239776625 12056.5 268
1712239786705 12030.0 269
1712239796790 12033.6 270
1712239806884 12024.1 271
1712239816964 12040.8 272
1712239827058 12034.6 273
1712239837147 12029.7 274
1712239847248 11541.2 275
1712239857336 11590.1 276
1712239867426 11589.5 277
1712239878806 11614.4 278
1712239888885 13929.8 279
1712239898993 15648.5 280
1712239909100 16806.9 281
1712239919209 16804.2 282
1712239929313 14968.1 283
1712239939398 15337.2 284
1712239949486 15655.0 285
1712239959579 15818.5 286
1712239969662 15848.0 287
1712239979753 15865.5 288
1712239989837 16123.1 289
1712239999922 16070.0 290
1712240010016 16061.6 291
1712240020110 16054.2 292
1712240030199 16074.8 293
1712240040290 15828.9 294
1712240050377 15979.4 295
1712240060470 16053.3 296
1712240070556 16062.4 297
1712240080646 16055.7 298
1712240090730 16061.2 299
1712240100818 16087.0 300
1712240110905 16093.5 301
1712240120997 16102.4 302
1712240131097 16050.7 303
1712240141202 14337.0 304
1712240151297 13921.1 305
1712240161384 13936.6 306
1712240171460 13962.6 307
1712240181539 13972.8 308
1712240191635 14022.0 309
1712240201734 14014.5 310
1712240211823 14020.0 311
1712240221909 14032.4 312
1712240231960 14411.0 313
1712240242058 14827.9 314
1712240252098 14862.1 315
1712240262190 14954.6 316
1712240272275 14825.0 317
1712240282320 14731.7 318
1712240292353 15327.4 319
1712240302441 15355.1 320
1712240312540 15294.6 321
1712240322627 15285.2 322
1712240332712 15316.1 323
1712240342796 15314.8 324
1712240352888 15327.9 325
1712240362975 15346.2 326
1712240373065 15333.4 327
1712240383160 15337.8 328
1712240393262 15341.5 329
1712240403346 15353.5 330
1712240413437 15367.5 331
1712240423522 15358.9 332
1712240433603 15356.6 333
1712240443686 15414.0 334
1712240453776 15428.2 335
1712240463871 15411.9 336
1712240473995 15400.9 337
1712240484088 15403.8 338
1712240494183 15133.8 339
1712240504288 15098.4 340
1712240514383 15099.4 341
1712240524466 15110.3 342
1712240534556 15114.4 343
1712240544639 15177.7 344
1712240554730 15178.7 345
1712240564826 15197.1 346
1712240574907 15160.3 347
1712240584991 15156.2 348
1712240595089 15153.3 349
1712240605175 15149.4 350
1712240615283 15140.5 351
1712240625376 15141.0 352
1712240635479 15145.1 353
1712240645565 15160.4 354
1712240655660 15138.7 355
1712240665766 15137.0 356
1712240675863 15155.7 357
1712240685951 15152.6 358
1712240696043 15159.1 359
1712240706127 15164.6 360
1712240716225 15167.3 361
1712240726314 15166.5 362
1712240736407 15169.4 363
1712240746497 15140.5 364
1712240756577 15186.2 365
1712240766677 15047.8 366
1712240776765 15052.8 367
1712240786857 15057.1 368
1712240796958 15061.9 369
1712240807072 15061.6 370
1712240817172 15080.8 371
1712240827261 15076.6 372
1712240837351 15081.3 373
1712240847439 15082.1 374
1712240857526 15079.4 375
1712240867625 15083.4 376
1712240877728 15089.4 377
1712240887838 15104.0 378
1712240897936 15119.8 379
1712240908034 15124.2 380
1712240918123 15115.1 381
1712240928220 15113.3 382
1712240938308 15129.7 383
1712240948406 15127.0 384
1712240958499 15175.0 385
1712240968583 15147.9 386
1712240978671 15143.6 387
1712240988764 15144.0 388
1712240998864 15149.7 389
1712241008964 15172.9 390
1712241019050 15168.1 391
1712241029148 15168.6 392
1712241039241 15168.3 393
1712241049330 15172.2 394
1712241059416 15199.7 395
1712241069503 15204.6 396
1712241079590 15220.3 397
1712241089686 15217.3 398
1712241099787 15214.0 399
1712241109874 9327.8 400
1712241119971 10243.9 401
1712241130060 11966.4 402
1712241140150 11643.4 403
1712241150231 11657.6 404
1712241160320 11644.5 405
1712241170416 11649.7 406
1712241180496 11743.7 407
1712241190583 11745.4 408
1712241200694 11811.7 409
1712241210785 11778.6 410
1712241220880 11762.0 411
1712241230972 11796.8 412
1712241241062 11793.8 413
1712241251166 11805.2 414
1712241261945 11770.8 415
1712241272047 12011.6 416
1712241282171 12089.2 417
1712241292262 14259.2 418
1712241302370 16311.6 419
1712241312478 15855.2 420
1712241322634 15241.2 421
1712241332794 14671.6 422
1712241342947 15015.8 423
1712241353105 15456.1 424
1712241363269 15646.3 425
1712241373427 15721.1 426
1712241383566 15758.9 427
1712241393718 15761.3 428
1712241403868 15785.0 429
1712241414025 15798.5 430
1712241424181 15812.9 431
1712241434283 15823.7 432
1712241444373 15850.5 433
1712241454470 15867.1 434
1712241464575 15891.0 435
1712241474685 15925.5 436
1712241484723 16316.4 437
1712241494823 16049.4 438
1712241504926 16046.5 439
1712241515019 16035.5 440
1712241525122 15992.2 441
1712241535222 15994.4 442
1712241545311 16006.2 443
1712241555440 16028.9 444
1712241565557 16050.8 445
1712241575651 16036.8 446
1712241585758 16030.2 447
1712241595873 16056.3 448
1712241605981 16082.0 449
1712241616074 16079.9 450
1712241626168 16087.4 451
1712241636264 16074.7 452
1712241646357 16087.1 453
1712241656448 16026.4 454
1712241666542 16014.3 455
1712241676627 16082.3 456
1712241686717 16032.9 457
1712241696808 16040.2 458
1712241706896 16045.2 459
1712241716980 16045.8 460
1712241727084 16088.4 461
1712241737186 16095.9 462
1712241747283 16138.4 463
1712241757387 16119.6 464
1712241767487 16108.5 465
1712241777613 16101.4 466
1712241787703 16111.7 467
1712241797801 16130.3 468
1712241807884 16134.7 469
1712241817981 16123.4 470
1712241828081 16170.3 471
1712241838189 16170.7 472
1712241848280 15983.4 473
1712241858372 16060.9 474
1712241868462 16092.7 475
1712241878570 16068.5 476
1712241888695 16036.0 477
1712241898797 16056.6 478
1712241908921 16062.1 479
1712241919035 16064.7 480
1712241929133 16066.2 481
1712241939226 16066.2 482
1712241949350 14098.4 483
1712241959451 14105.7 484
1712241969551 14124.7 485
1712241979654 14134.8 486
1712241989755 14144.6 487
1712241999859 14166.8 488
1712242009955 14171.9 489
1712242020048 14165.5 490
1712242030160 14183.2 491
1712242040262 14393.4 492
1712242050350 14460.9 493
1712242060436 14473.4 494
1712242070546 14433.8 495
1712242080637 14469.4 496
1712242090744 14569.5 497
1712242100840 14587.9 498
1712242110947 14577.5 499
1712242121042 14576.5 500
1712242131146 14576.4 501
1712242141256 14583.5 502
1712242151357 14569.5 503
1712242161458 14573.2 504
1712242171555 14575.5 505
1712242181648 14564.1 506
1712242191738 14565.4 507
1712242201834 14586.3 508
1712242211927 14602.9 509
1712242222023 14611.6 510
1712242232137 14616.3 511
1712242242231 14615.0 512
1712242252328 14619.8 513
1712242262423 14607.4 514
1712242272515 14612.6 515
1712242282606 14610.1 516
1712242292702 14610.9 517
1712242302785 14610.8 518
1712242312878 14616.3 519
1712242322970 14609.2 520
1712242333061 14649.1 521
1712242343154 14631.9 522
1712242353247 14636.5 523
1712242363346 14652.9 524
1712242373392 14883.6 525
1712242383492 15214.4 526
1712242393597 14910.5 527
1712242403696 14873.3 528
1712242413804 14808.7 529
1712242423909 14791.7 530
1712242434003 14805.7 531
1712242444052 14815.6 532
1712242454156 16075.4 533
1712242464526 16138.1 534
1712242474636 16176.2 535
1712242484727 16055.0 536
1712242494819 15959.7 537
1712242504916 15962.7 538
1712242515037 9793.4 539
1712242525154 11135.7 540
1712242535258 12663.4 541
1712242545360 13337.8 542
1712242555485 13246.2 543
1712242565615 13222.7 544
1712242575719 13030.2 545
1712242585833 13045.8 546
1712242595951 13282.0 547
1712242606066 13165.1 548
1712242616178 13064.7 549
1712242626273 12876.6 550
1712242636363 12809.4 551
1712242646405 12884.0 552
1712242656524 13113.1 553
1712242666637 13018.3 554
1712242676770 12960.4 555
1712242686877 12960.8 556
1712242697068 12953.8 557
1712242707200 15118.8 558
1712242717332 16386.2 559
1712242727469 15443.6 560
1712242737587 16554.3 561
1712242747725 14598.6 562
1712242757852 15346.0 563
1712242767988 15469.0 564
1712242778106 15617.1 565
1712242788231 15687.0 566
1712242798359 15710.2 567
1712242808482 15767.9 568
1712242818598 15879.6 569
1712242828713 15991.6 570
1712242838832 16059.6 571
1712242848950 14069.5 572
1712242859065 14121.6 573
1712242869175 14172.2 574
1712242879290 14204.1 575
1712242889426 14221.7 576
1712242899482 14288.8 577
1712242909601 15048.7 578
1712242919715 15404.1 579
1712242929851 15267.9 580
1712242939956 15262.3 581
1712242950090 15225.3 582
1712242960187 15224.5 583
1712242970305 15244.4 584
1712242980413 15252.5 585
1712242990535 15288.7 586
1712243000645 15293.9 587
1712243010748 15303.7 588
1712243020856 15318.8 589
1712243030964 15307.0 590
1712243041065 15145.8 591
1712243051169 15156.9 592
1712243061288 15181.0 593
1712243071401 15172.9 594
1712243081515 15186.4 595
1712243091627 15179.3 596
1712243101738 15141.6 597
1712243111849 15215.5 598
1712243121973 15288.5 599
1712243132109 15285.8 600
1712243142218 15394.4 601
1712243152334 15214.5 602
1712243162457 15176.3 603
1712243172563 15164.3 604
1712243182671 15157.1 605
1712243192771 15148.6 606
1712243202893 15168.0 607
1712243213020 15168.0 608
1712243223124 15199.3 609
1712243233236 15201.2 610
1712243243327 15205.3 611
1712243253439 15207.0 612
1712243263566 15211.2 613
1712243273681 15357.7 614
1712243283724 15894.0 615
1712243293840 15610.0 616
1712243303955 15667.0 617
1712243314087 15590.8 618
1712243324229 15532.7 619
1712243334353 15538.6 620
1712243344464 15549.1 621
1712243354590 15590.0 622
1712243364696 15605.1 623
1712243374810 15604.7 624
1712243384920 15637.2 625
1712243395050 15672.6 626
1712243405172 15651.8 627
1712243415288 15707.7 628
1712243425408 15869.3 629
1712243435542 15754.9 630
1712243445662 15478.3 631
1712243455774 14969.7 632
1712243465892 14851.1 633
1712243476006 14861.2 634
1712243486122 14828.7 635
1712243496224 14864.4 636
1712243506337 14873.3 637
1712243516459 14882.0 638
1712243526571 14897.8 639
1712243536702 14894.3 640
1712243546820 14925.6 641
1712243556928 15176.6 642
1712243567050 15125.0 643
1712243577541 15086.4 644
1712243587657 15349.9 645
1712243597787 15253.5 646
1712243607911 15249.1 647
1712243618026 15394.5 648
1712243628139 15362.0 649
1712243638259 15358.3 650
1712243648360 15381.6 651
1712243658466 15444.5 652
1712243668584 15408.6 653
1712243678715 15410.1 654
1712243688836 15423.7 655
1712243698963 15460.5 656
1712243709074 15603.8 657
1712243719193 15530.4 658
1712243729310 15428.8 659
1712243739437 15401.6 660
1712243749562 15003.1 661
1712243759681 15019.0 662
1712243769792 15065.2 663
1712243779895 15073.4 664
1712243790005 15084.0 665
1712243800124 15070.5 666
1712243810244 15072.0 667
1712243820361 15094.3 668
1712243830497 15097.7 669
1712243840632 15334.0 670
1712243850748 15272.7 671
1712243860876 15226.5 672
1712243870995 15233.3 673
1712243881115 15188.7 674
1712243891256 15185.1 675
1712243901369 15213.4 676
1712243911486 15206.2 677
1712243921612 15211.3 678
1712243931781 7783.3 679
1712243941896 9866.4 680
1712243952015 11047.5 681
1712243962073 11559.3 682
1712243972164 11849.4 683
1712243982264 11886.5 684
1712243992356 11850.5 685
1712244002449 11898.7 686
1712244012546 11858.7 687
1712244022660 11875.2 688
1712244032774 11931.4 689
1712244042874 11912.2 690
1712244052993 11959.6 691
1712244063121 11946.1 692
1712244073236 11958.8 693
1712244083335 11948.5 694
1712244093445 11945.4 695
1712244103569 11946.5 696
1712244114260 11940.0 697
1712244124380 16227.5 698
1712244134500 16046.9 699
1712244144611 16517.4 700
