1712229576657 0.0 0
1712229586741 6.8 1
1712229596854 7.5 2
1712229606941 4.8 3
1712229617011 9.5 4
1712229627090 7.9 5
1712229637170 6.7 6
1712229647253 7.2 7
1712229657316 7.7 8
1712229667389 6.8 9
1712229677490 7.1 10
1712229687585 7.1 11
1712229697659 7.1 12
1712229707751 7.2 13
1712229717830 7.0 14
1712229727908 7.1 15
1712229738005 7.4 16
1712229748093 7.3 17
1712229758184 7.0 18
1712229768273 7.4 19
1712229778340 7.1 20
1712229788422 7.3 21
1712229798491 7.2 22
1712229808574 7.1 23
1712229818654 7.9 24
1712229828722 7.2 25
1712229838797 7.0 26
1712229848891 7.0 27
1712229858957 7.1 28
1712229869038 7.2 29
1712229879107 7.1 30
1712229889175 7.2 31
1712229899251 7.0 32
1712229909327 7.2 33
1712229919403 8.5 34
1712229929474 7.2 35
1712229939557 7.1 36
1712229949634 7.7 37
1712229959718 7.3 38
1712229969792 7.1 39
1712229979890 7.3 40
1712229989971 7.2 41
1712230000049 7.3 42
1712230010130 7.0 43
1712230020203 7.1 44
1712230030291 7.1 45
1712230040382 7.2 46
1712230050464 7.1 47
1712230060532 7.3 48
1712230070619 7.1 49
1712230080708 7.1 50
1712230090783 7.3 51
1712230100855 7.1 52
1712230110931 7.1 53
1712230121009 7.2 54
1712230131085 7.0 55
1712230141167 7.0 56
1712230151247 7.2 57
1712230161321 7.2 58
1712230171406 7.0 59
1712230181493 7.1 60
1712230191584 7.0 61
1712230201662 7.0 62
1712230211754 7.3 63
1712230221826 7.5 64
1712230231913 7.0 65
1712230241983 7.1 66
1712230252065 7.7 67
1712230262167 7.1 68
1712230272248 7.5 69
1712230282334 7.3 70
1712230292411 7.0 71
1712230302484 7.2 72
1712230312582 7.1 73
1712230322665 7.2 74
1712230332766 7.2 75
1712230342841 7.1 76
1712230352915 7.0 77
1712230362998 7.3 78
1712230373094 7.1 79
1712230383221 7.1 80
1712230393300 9.1 81
1712230403372 6.9 82
1712230413469 7.1 83
1712230423553 7.1 84
1712230433637 7.1 85
1712230443717 7.1 86
1712230453809 7.2 87
1712230463892 7.1 88
1712230473994 7.2 89
1712230484070 7.0 90
1712230494156 7.0 91
1712230504246 7.6 92
1712230514319 7.7 93
1712230524413 7.0 94
1712230534503 7.0 95
1712230544590 7.0 96
1712230554690 7.9 97
1712230564780 7.1 98
1712230574863 7.2 99
1712230584946 7.1 100
1712230595028 7.1 101
1712230605108 7.1 102
1712230615196 7.2 103
1712230625286 7.1 104
1712230635387 7.2 105
1712230645461 7.1 106
1712230655542 7.1 107
1712230665636 7.0 108
1712230675709 7.0 109
1712230685782 7.1 110
1712230695867 7.3 111
1712230705947 7.0 112
1712230716036 7.1 113
1712230726137 7.1 114
1712230736241 7.1 115
1712230746323 7.1 116
1712230756397 7.3 117
1712230766478 7.1 118
1712230776554 7.1 119
1712230786637 7.1 120
1712230796728 7.2 121
1712230806831 7.1 122
1712230816924 7.9 123
1712230827013 5.0 124
1712230837118 5.3 125
1712230847203 5.8 126
1712230857287 7.8 127
1712230867378 7.8 128
1712230877461 8.2 129
1712230887544 8.0 130
1712230897639 8.0 131
1712230907724 8.0 132
1712230917801 8.0 133
1712230927887 8.1 134
1712230937959 8.2 135
1712230948042 8.0 136
1712230958125 8.0 137
1712230968226 8.0 138
1712230978315 8.0 139
1712230988392 7.9 140
1712230998505 7.9 141
1712231008596 7.2 142
1712231018812 5.6 143
1712231028911 7.0 144
1712231039002 6.3 145
1712231049124 6.9 146
1712231059232 7.0 147
1712231069311 6.8 148
1712231079386 7.1 149
1712231089488 6.9 150
1712231099577 7.0 151
1712231109680 7.1 152
1712231119766 7.2 153
1712231129867 7.1 154
1712231139968 7.1 155
1712231150056 7.9 156
1712231160133 7.6 157
1712231170231 7.0 158
1712231180316 7.1 159
1712231190398 7.0 160
1712231200490 7.0 161
1712231210575 7.1 162
1712231220660 7.0 163
1712231230740 7.0 164
1712231240848 7.1 165
1712231250951 7.1 166
1712231261044 7.1 167
1712231271133 6.9 168
1712231281223 7.0 169
1712231291313 8.7 170
1712231301394 7.4 171
1712231311486 6.9 172
1712231321575 7.1 173
1712231331656 7.1 174
1712231341738 7.0 175
1712231351851 7.1 176
1712231361948 7.1 177
1712231372040 7.0 178
1712231382118 6.9 179
1712231392204 7.1 180
1712231402293 7.1 181
1712231412392 7.2 182
1712231422485 7.1 183
1712231432568 7.0 184
1712231442668 7.1 185
1712231452755 9.4 186
1712231462848 12.4 187
1712231472949 7.3 188
1712231483033 7.2 189
1712231493132 7.2 190
1712231503225 7.0 191
1712231513329 7.0 192
1712231523410 7.1 193
1712231533502 7.1 194
1712231543590 7.2 195
1712231553683 7.0 196
1712231563790 7.1 197
1712231573871 7.1 198
1712231583951 7.0 199
1712231594030 7.1 200
1712231604117 7.2 201
1712231614209 7.2 202
1712231624291 7.1 203
1712231634381 7.0 204
1712231644471 6.9 205
1712231654503 8.9 206
1712231664598 9.6 207
1712231674631 8.3 208
1712231684677 7.8 209
1712231694759 7.1 210
1712231704846 7.1 211
1712231714925 7.2 212
1712231725013 7.1 213
1712231735099 7.2 214
1712231745184 6.9 215
1712231755274 7.6 216
1712231765366 7.2 217
1712231775465 7.1 218
1712231785546 7.1 219
1712231795642 7.0 220
1712231805738 7.0 221
1712231815830 7.1 222
1712231825915 7.1 223
1712231836002 7.2 224
1712231846097 7.3 225
1712231856190 7.1 226
1712231866282 7.2 227
1712231876364 8.4 228
1712231886457 7.9 229
1712231896559 7.1 230
1712231906651 7.3 231
1712231916755 7.1 232
1712231926845 7.2 233
1712231936936 7.0 234
1712231947047 7.3 235
1712231957135 7.3 236
1712231967256 7.3 237
1712231977348 6.9 238
1712231987435 7.1 239
1712231997523 7.1 240
1712232007624 6.9 241
1712232017764 7.7 242
1712232027866 8.4 243
1712232037945 7.0 244
1712232048028 6.9 245
1712232058140 8.8 246
1712232068248 7.0 247
1712232078330 7.1 248
1712232088422 7.2 249
1712232098510 7.0 250
1712232108590 7.1 251
1712232118681 7.4 252
1712232128777 7.0 253
1712232138853 7.1 254
1712232148939 7.2 255
1712232159051 7.0 256
1712232169142 7.0 257
1712232179239 7.0 258
1712232189338 7.1 259
1712232199456 10.4 260
1712232209559 11.6 261
1712232219661 11.9 262
1712232229778 11.5 263
1712232239878 12.3 264
1712232249990 9.1 265
1712232260102 9.6 266
1712232270208 9.0 267
1712232280314 11.8 268
1712232290412 12.2 269
1712232300521 12.6 270
1712232310636 12.9 271
1712232320744 12.7 272
1712232330854 12.7 273
1712232340964 12.6 274
1712232351073 14.0 275
1712232361178 13.3 276
1712232371286 12.8 277
1712232381389 12.9 278
1712232391496 12.7 279
1712232401600 12.7 280
1712232411705 12.6 281
1712232421834 12.7 282
1712232431947 12.4 283
1712232442063 9.3 284
1712232452282 11.6 285
1712232462401 8.9 286
1712232472519 11.6 287
1712232482634 11.8 288
1712232492793 11.6 289
1712232502930 11.9 290
1712232513031 11.6 291
1712232523133 11.4 292
1712232533229 11.4 293
1712232543342 11.5 294
1712232553453 11.6 295
1712232563556 11.9 296
1712232573673 11.8 297
1712232583781 11.9 298
1712232593895 11.6 299
1712232604010 11.6 300
1712232614107 11.7 301
1712232624220 11.7 302
1712232634325 11.8 303
1712232644437 11.6 304
1712232654548 13.4 305
1712232664660 11.5 306
1712232674821 11.3 307
1712232684880 11.9 308
1712232694953 12.3 309
1712232705058 11.9 310
1712232715096 12.0 311
1712232725211 12.1 312
1712232735316 12.2 313
1712232745434 12.3 314
1712232755537 12.2 315
1712232765629 11.8 316
1712232775731 11.3 317
1712232785816 7.2 318
1712232795912 7.8 319
1712232805997 7.3 320
1712232816089 7.2 321
1712232826173 7.1 322
1712232836258 7.2 323
1712232846354 6.9 324
1712232856434 7.1 325
1712232866527 7.2 326
1712232876616 7.1 327
1712232886701 7.0 328
1712232896782 7.1 329
1712232906865 7.2 330
1712232916947 7.4 331
1712232927043 8.7 332
1712232937136 7.3 333
1712232947222 7.2 334
1712232957310 7.5 335
1712232967408 7.0 336
1712232977493 7.2 337
1712232987585 7.3 338
1712232997679 7.0 339
1712233007770 7.0 340
1712233017858 7.1 341
1712233027956 7.0 342
1712233038041 7.2 343
1712233048121 7.1 344
1712233058216 7.1 345
1712233068314 7.1 346
1712233078350 7.0 347
1712233088450 8.5 348
1712233098486 7.2 349
1712233108581 9.4 350
1712233118668 7.4 351
1712233128762 7.1 352
1712233138863 7.3 353
1712233148959 7.0 354
1712233159049 7.4 355
1712233169150 7.3 356
1712233179252 7.1 357
1712233189336 7.1 358
1712233199432 7.2 359
1712233209527 7.3 360
1712233219614 7.0 361
1712233229706 8.2 362
1712233239796 7.2 363
1712233249887 7.8 364
1712233259978 7.0 365
1712233270064 7.2 366
1712233280147 7.1 367
1712233290251 10.9 368
1712233300344 8.8 369
1712233310429 7.3 370
1712233320469 7.0 371
1712233330563 8.0 372
1712233340621 7.0 373
1712233350729 7.6 374
1712233360824 7.0 375
1712233370924 7.0 376
1712233380956 7.1 377
1712233391064 7.6 378
1712233401151 7.1 379
1712233411244 7.2 380
1712233421334 7.1 381
1712233431454 7.3 382
1712233441552 7.2 383
1712233451651 7.1 384
1712233461752 7.1 385
1712233471851 7.2 386
1712233481935 7.1 387
1712233492024 7.2 388
1712233502118 7.1 389
1712233512217 7.1 390
1712233522324 7.3 391
1712233532419 7.3 392
1712233542516 7.0 393
1712233552604 8.0 394
1712233562700 7.2 395
1712233572794 7.0 396
1712233582889 8.0 397
1712233592985 7.2 398
1712233603095 7.1 399
1712233613178 7.1 400
1712233623270 7.3 401
1712233633368 7.2 402
1712233643473 7.1 403
1712233653575 7.2 404
1712233663668 7.5 405
1712233673767 7.1 406
1712233683860 8.0 407
1712233693949 3.8 408
1712233704053 4.2 409
1712233714144 9.0 410
1712233724230 8.7 411
1712233734322 9.1 412
1712233744413 8.8 413
1712233754529 9.1 414
1712233764750 9.0 415
1712233774858 8.7 416
1712233784953 8.1 417
1712233795051 8.2 418
1712233805137 8.1 419
1712233815244 8.2 420
1712233825343 9.6 421
1712233835384 8.2 422
1712233845481 9.0 423
1712233855607 8.7 424
1712233865689 8.2 425
1712233875933 6.1 426
1712233886178 7.8 427
1712233896291 5.0 428
1712233906392 7.7 429
1712233916494 7.5 430
1712233926602 7.0 431
1712233936702 7.2 432
1712233946796 7.1 433
1712233956898 7.0 434
1712233967005 7.1 435
1712233977109 7.2 436
1712233987227 7.3 437
1712233997324 7.3 438
1712234007437 7.4 439
1712234017541 7.3 440
1712234027637 8.7 441
1712234037767 7.8 442
1712234047884 11.9 443
1712234058006 11.8 444
1712234068121 11.9 445
1712234078241 12.0 446
1712234088359 11.9 447
1712234098478 12.0 448
1712234108600 12.3 449
1712234118714 12.0 450
1712234128835 12.1 451
1712234138950 12.1 452
1712234149066 12.0 453
1712234159176 16.4 454
1712234169303 11.7 455
1712234179427 12.2 456
1712234189539 12.1 457
1712234199676 12.0 458
1712234209796 12.0 459
1712234219926 12.0 460
1712234230038 11.7 461
1712234240159 11.8 462
1712234250275 12.1 463
1712234260403 11.9 464
1712234270529 11.7 465
1712234280655 12.0 466
1712234290772 12.1 467
1712234300893 12.0 468
1712234311003 12.1 469
1712234321119 12.0 470
1712234331240 12.0 471
1712234341357 12.0 472
1712234351471 11.9 473
1712234361602 12.1 474
1712234371664 12.3 475
1712234381713 13.1 476
1712234391834 12.9 477
1712234401953 12.3 478
1712234412078 12.5 479
1712234422197 14.1 480
1712234432318 13.6 481
1712234442444 12.5 482
1712234452562 13.2 483
1712234462688 12.8 484
1712234472801 12.7 485
1712234482928 12.6 486
1712234493049 12.8 487
1712234503172 12.8 488
1712234513287 12.7 489
1712234523409 12.4 490
1712234533532 12.7 491
1712234543643 12.6 492
1712234554409 12.9 493
1712234564535 12.4 494
1712234574652 13.7 495
1712234584763 12.4 496
1712234594872 12.5 497
1712234604992 12.4 498
1712234615110 12.7 499
1712234625225 12.5 500
1712234635312 12.7 501
1712234645411 7.2 502
1712234655510 7.0 503
1712234665617 7.2 504
1712234675720 7.0 505
1712234685814 7.1 506
1712234695901 7.2 507
1712234705995 7.1 508
1712234716101 7.1 509
1712234726195 7.2 510
1712234736289 7.2 511
1712234746394 7.1 512
1712234756486 7.7 513
1712234766575 7.2 514
1712234776674 7.2 515
1712234786776 7.2 516
1712234796867 7.2 517
1712234806954 7.1 518
1712234817044 7.3 519
1712234827137 7.1 520
1712234837233 7.2 521
1712234847321 7.1 522
1712234857421 8.5 523
1712234867505 7.0 524
1712234877605 7.0 525
1712234887708 7.1 526
1712234897797 7.2 527
1712234907903 7.3 528
1712234917992 7.2 529
1712234928107 7.0 530
1712234938203 7.4 531
1712234948297 7.1 532
1712234958385 7.2 533
1712234968481 7.1 534
1712234978585 7.3 535
1712234988686 7.3 536
1712234998781 7.1 537
1712235008875 7.1 538
1712235018964 7.1 539
1712235029069 7.4 540
1712235039165 7.4 541
1712235049255 7.6 542
1712235059356 7.5 543
1712235069452 7.2 544
1712235079541 7.4 545
1712235089638 7.2 546
1712235099746 7.1 547
1712235109848 8.0 548
1712235119946 4.9 549
1712235130083 5.8 550
1712235140180 5.6 551
1712235150310 7.3 552
1712235160429 7.8 553
1712235170529 8.1 554
1712235180636 8.1 555
1712235190751 8.1 556
1712235200861 8.1 557
1712235210968 8.1 558
1712235221068 8.1 559
1712235231167 8.0 560
1712235241276 8.1 561
1712235251385 8.1 562
1712235261505 8.2 563
1712235271609 8.1 564
1712235281717 8.2 565
1712235291853 8.1 566
1712235301997 6.8 567
1712235312127 7.8 568
1712235322261 6.3 569
1712235332363 7.3 570
1712235343282 8.2 571
1712235353389 8.9 572
1712235363505 7.0 573
1712235373636 6.4 574
1712235383740 6.4 575
1712235393864 6.8 576
1712235403994 6.7 577
1712235414112 6.8 578
1712235424256 6.9 579
1712235434307 6.8 580
1712235444393 7.8 581
1712235454536 8.1 582
1712235464675 9.7 583
1712235474808 6.9 584
1712235484944 7.1 585
1712235495013 7.2 586
1712235505122 7.4 587
1712235515229 6.9 588
1712235525345 7.0 589
1712235535435 7.3 590
1712235545579 12.3 591
1712235555702 9.3 592
1712235565748 7.0 593
1712235575856 7.8 594
1712235585959 7.0 595
1712235596055 7.2 596
1712235606161 7.2 597
1712235616257 7.2 598
1712235626347 7.1 599
1712235636435 8.1 600
1712235646529 7.2 601
1712235656623 9.2 602
1712235666727 7.0 603
1712235676839 7.4 604
1712235686940 7.1 605
1712235697034 7.2 606
1712235707127 7.2 607
1712235717231 7.2 608
1712235727341 7.1 609
1712235737437 7.1 610
1712235747539 7.1 611
1712235757641 7.2 612
1712235767741 7.1 613
1712235777854 7.1 614
1712235787953 7.1 615
1712235798067 7.4 616
1712235808163 7.2 617
1712235818266 7.3 618
1712235828369 7.0 619
1712235838469 7.1 620
1712235848571 7.1 621
1712235858669 7.2 622
1712235868780 7.2 623
1712235878885 7.2 624
1712235888988 7.0 625
1712235899102 7.0 626
1712235909207 7.1 627
1712235919303 7.2 628
1712235929406 7.3 629
1712235939503 7.1 630
1712235949623 7.5 631
1712235959728 7.5 632
1712235969832 7.3 633
1712235979934 7.3 634
1712235990022 7.2 635
1712236000118 7.4 636
1712236010229 7.1 637
1712236020334 7.1 638
1712236030434 7.1 639
1712236040532 7.0 640
1712236050628 7.1 641
1712236060669 7.2 642
1712236070717 8.2 643
1712236080821 8.0 644
1712236090935 7.2 645
1712236101344 7.1 646
1712236111431 7.2 647
1712236121524 7.9 648
1712236131621 7.2 649
1712236141709 7.2 650
1712236151803 7.2 651
1712236161913 7.0 652
1712236172009 7.1 653
1712236182102 7.5 654
1712236192193 7.3 655
1712236202285 7.1 656
1712236212380 7.2 657
1712236222476 7.2 658
1712236232578 7.4 659
1712236242674 7.5 660
1712236252773 7.6 661
1712236262867 7.5 662
1712236272959 8.2 663
1712236283061 7.1 664
1712236293160 7.1 665
1712236303285 7.1 666
1712236313388 7.0 667
1712236323495 10.0 668
1712236333649 7.1 669
1712236343764 7.0 670
1712236353876 7.2 671
1712236363975 7.2 672
1712236374080 7.1 673
1712236384206 7.0 674
1712236394300 7.2 675
1712236404406 7.1 676
1712236414513 7.2 677
1712236424639 7.2 678
1712236434731 7.1 679
1712236444832 7.1 680
1712236454923 7.2 681
1712236465016 7.2 682
1712236475115 7.1 683
1712236485214 7.3 684
1712236495319 7.1 685
1712236505420 7.1 686
1712236515514 7.1 687
1712236525645 7.2 688
1712236535744 8.0 689
1712236545860 6.7 690
1712236555970 4.8 691
1712236566069 4.9 692
1712236576169 7.4 693
1712236586270 7.6 694
1712236596371 8.1 695
1712236606473 8.6 696
1712236616582 8.7 697
1712236626671 8.4 698
1712236636762 8.6 699
1712236646866 8.7 700
1712236656972 8.5 701
1712236667076 8.2 702
1712236677175 8.0 703
1712236687277 8.5 704
1712236697376 8.2 705
1712236707494 8.2 706
1712236717617 8.6 707
1712236727859 7.9 708
1712236737985 6.5 709
1712236748062 4.5 710
