1712229576657 123522.5 0
1712229586741 115900.6 1
1712229596854 112637.3 2
1712229606941 107068.4 3
1712229617011 107068.4 4
1712229627090 107068.4 5
1712229637170 107068.4 6
1712229647253 107068.4 7
1712229657316 107068.4 8
1712229667389 107068.4 9
1712229677490 107068.4 10
1712229687585 107068.4 11
1712229697659 107068.4 12
1712229707751 107068.4 13
1712229717830 107068.4 14
1712229727908 107068.4 15
1712229738005 107068.4 16
1712229748093 107068.4 17
1712229758184 107068.4 18
1712229768273 107068.4 19
1712229778340 107068.3 20
1712229788422 107068.3 21
1712229798491 107068.3 22
1712229808574 107068.3 23
1712229818654 107068.3 24
1712229828722 107068.3 25
1712229838797 107068.3 26
1712229848891 107068.3 27
1712229858957 107068.3 28
1712229869038 107068.3 29
1712229879107 107068.3 30
1712229889175 107068.3 31
1712229899251 107068.3 32
1712229909327 107068.3 33
1712229919403 107068.3 34
1712229929474 107068.3 35
1712229939557 107068.3 36
1712229949634 107068.3 37
1712229959718 107068.3 38
1712229969792 107068.3 39
1712229979890 107068.3 40
1712229989971 107068.3 41
1712230000049 107068.3 42
1712230010130 107068.3 43
1712230020203 107068.3 44
1712230030291 107068.3 45
1712230040382 107068.3 46
1712230050464 107068.3 47
1712230060532 107068.3 48
1712230070619 107068.3 49
1712230080708 107068.3 50
1712230090783 107068.3 51
1712230100855 107068.3 52
1712230110931 107068.3 53
1712230121009 107068.3 54
1712230131085 107068.3 55
1712230141167 107068.3 56
1712230151247 107068.3 57
1712230161321 107068.3 58
1712230171406 107068.3 59
1712230181493 107068.3 60
1712230191584 107068.3 61
1712230201662 107068.3 62
1712230211754 107068.3 63
1712230221826 107068.3 64
1712230231913 107068.3 65
1712230241983 107068.3 66
1712230252065 107067.7 67
1712230262167 107067.7 68
1712230272248 107067.7 69
1712230282334 107067.7 70
1712230292411 107067.7 71
1712230302484 107067.7 72
1712230312582 107067.7 73
1712230322665 107067.7 74
1712230332766 107067.7 75
1712230342841 107067.7 76
1712230352915 107067.7 77
1712230362998 107067.7 78
1712230373094 107067.7 79
1712230383221 107067.7 80
1712230393300 107067.7 81
1712230403372 107067.7 82
1712230413469 107067.7 83
1712230423553 107067.7 84
1712230433637 107067.7 85
1712230443717 107067.7 86
1712230453809 107067.7 87
1712230463892 107067.7 88
1712230473994 107067.7 89
1712230484070 107067.7 90
1712230494156 107067.7 91
1712230504246 107067.7 92
1712230514319 107067.7 93
1712230524413 107067.7 94
1712230534503 107067.7 95
1712230544590 107067.7 96
1712230554690 107067.7 97
1712230564780 107067.7 98
1712230574863 107067.7 99
1712230584946 107067.7 100
1712230595028 107067.7 101
1712230605108 107067.7 102
1712230615196 107067.7 103
1712230625286 107067.7 104
1712230635387 107067.7 105
1712230645461 107067.7 106
1712230655542 107067.7 107
1712230665636 107067.7 108
1712230675709 107067.7 109
1712230685782 107067.7 110
1712230695867 107067.7 111
1712230705947 107067.7 112
1712230716036 107067.7 113
1712230726137 107067.7 114
1712230736241 107067.7 115
1712230746323 107067.7 116
1712230756397 107067.7 117
1712230766478 107067.7 118
1712230776554 107067.7 119
1712230786637 107067.7 120
1712230796728 107067.7 121
1712230806831 107067.7 122
1712230816924 107067.7 123
1712230827013 118107.0 124
1712230837118 114253.4 125
1712230847203 113168.1 126
1712230857287 113168.1 127
1712230867378 113168.1 128
1712230877461 113168.1 129
1712230887544 113168.1 130
1712230897639 113168.1 131
1712230907724 113168.1 132
1712230917801 113168.1 133
1712230927887 113168.1 134
1712230937959 113168.1 135
1712230948042 113168.1 136
1712230958125 113168.1 137
1712230968226 113168.1 138
1712230978315 113168.1 139
1712230988392 113168.1 140
1712230998505 113168.1 141
1712231008596 113471.9 142
1712231018812 109135.6 143
1712231028911 106838.8 144
1712231039002 105205.0 145
1712231049124 105205.0 146
1712231059232 105205.0 147
1712231069311 105205.0 148
1712231079386 105205.0 149
1712231089488 105205.0 150
1712231099577 105205.0 151
1712231109680 105205.0 152
1712231119766 105205.0 153
1712231129867 105205.0 154
1712231139968 105205.0 155
1712231150056 105205.0 156
1712231160133 105205.0 157
1712231170231 105205.0 158
1712231180316 105205.0 159
1712231190398 105205.0 160
1712231200490 105205.0 161
1712231210575 105205.0 162
1712231220660 105205.0 163
1712231230740 105205.0 164
1712231240848 105205.0 165
1712231250951 105205.0 166
1712231261044 105205.0 167
1712231271133 105205.0 168
1712231281223 105205.0 169
1712231291313 105204.4 170
1712231301394 105204.4 171
1712231311486 105204.4 172
1712231321575 105204.4 173
1712231331656 105204.4 174
1712231341738 105204.4 175
1712231351851 105204.4 176
1712231361948 105204.4 177
1712231372040 105204.4 178
1712231382118 105204.4 179
1712231392204 105204.4 180
1712231402293 105204.4 181
1712231412392 105204.4 182
1712231422485 105204.4 183
1712231432568 105204.4 184
1712231442668 105204.4 185
1712231452755 105204.4 186
1712231462848 105204.4 187
1712231472949 105204.4 188
1712231483033 105204.4 189
1712231493132 105204.4 190
1712231503225 105204.4 191
1712231513329 105204.4 192
1712231523410 105204.4 193
1712231533502 105204.4 194
1712231543590 105204.4 195
1712231553683 105204.4 196
1712231563790 105204.4 197
1712231573871 105204.4 198
1712231583951 105204.4 199
1712231594030 105204.4 200
1712231604117 105204.4 201
1712231614209 105204.4 202
1712231624291 105204.4 203
1712231634381 105204.4 204
1712231644471 105204.4 205
1712231654503 105204.4 206
1712231664598 105204.4 207
1712231674631 105204.4 208
1712231684677 105204.4 209
1712231694759 105204.4 210
1712231704846 105204.4 211
1712231714925 105204.4 212
1712231725013 105204.4 213
1712231735099 105204.4 214
1712231745184 105204.4 215
1712231755274 105204.4 216
1712231765366 105204.4 217
1712231775465 105204.4 218
1712231785546 105204.4 219
1712231795642 105204.4 220
1712231805738 105204.4 221
1712231815830 105204.4 222
1712231825915 105204.4 223
1712231836002 105204.4 224
1712231846097 105204.4 225
1712231856190 105204.4 226
1712231866282 105204.4 227
1712231876364 105204.4 228
1712231886457 105204.4 229
1712231896559 105204.4 230
1712231906651 105204.4 231
1712231916755 105204.4 232
1712231926845 105204.4 233
1712231936936 105204.4 234
1712231947047 105204.4 235
1712231957135 105204.4 236
1712231967256 105204.4 237
1712231977348 105204.4 238
1712231987435 105204.4 239
1712231997523 105204.4 240
1712232007624 105204.4 241
1712232017764 105204.4 242
1712232027866 105204.4 243
1712232037945 105204.4 244
1712232048028 105204.4 245
1712232058140 105204.4 246
1712232068248 105204.4 247
1712232078330 105204.4 248
1712232088422 105204.4 249
1712232098510 105204.4 250
1712232108590 105204.4 251
1712232118681 105204.4 252
1712232128777 105204.4 253
1712232138853 105204.4 254
1712232148939 105204.4 255
1712232159051 105204.4 256
1712232169142 105204.4 257
1712232179239 105204.4 258
1712232189338 105204.4 259
1712232199456 105204.4 260
1712232209559 105204.4 261
1712232219661 105204.4 262
1712232229778 105204.4 263
1712232239878 105204.4 264
1712232249990 114907.3 265
1712232260102 114907.3 266
1712232270208 112156.8 267
1712232280314 112156.8 268
1712232290412 112156.8 269
1712232300521 112156.8 270
1712232310636 112156.8 271
1712232320744 112156.8 272
1712232330854 112156.3 273
1712232340964 112156.3 274
1712232351073 112156.3 275
1712232361178 112156.3 276
1712232371286 112156.3 277
1712232381389 112156.3 278
1712232391496 112156.3 279
1712232401600 112156.3 280
1712232411705 112156.3 281
1712232421834 112156.3 282
1712232431947 117385.0 283
1712232442063 111877.4 284
1712232452282 108608.0 285
1712232462401 106448.2 286
1712232472519 105013.9 287
1712232482634 105013.9 288
1712232492793 105013.9 289
1712232502930 105013.9 290
1712232513031 105013.9 291
1712232523133 105013.9 292
1712232533229 105013.9 293
1712232543342 105013.9 294
1712232553453 105013.9 295
1712232563556 105013.9 296
1712232573673 105013.9 297
1712232583781 105013.9 298
1712232593895 105013.9 299
1712232604010 105013.9 300
1712232614107 105013.9 301
1712232624220 105013.9 302
1712232634325 105013.9 303
1712232644437 105013.9 304
1712232654548 105013.9 305
1712232664660 105013.9 306
1712232674821 105013.9 307
1712232684880 105013.9 308
1712232694953 105013.9 309
1712232705058 105013.9 310
1712232715096 105013.9 311
1712232725211 105013.9 312
1712232735316 105013.9 313
1712232745434 105013.9 314
1712232755537 105013.9 315
1712232765629 105013.9 316
1712232775731 105013.9 317
1712232785816 105013.9 318
1712232795912 105013.9 319
1712232805997 105013.9 320
1712232816089 105013.9 321
1712232826173 105013.9 322
1712232836258 105013.9 323
1712232846354 105013.9 324
1712232856434 105013.9 325
1712232866527 105013.9 326
1712232876616 105013.9 327
1712232886701 105013.9 328
1712232896782 105013.9 329
1712232906865 105013.9 330
1712232916947 105013.9 331
1712232927043 105013.9 332
1712232937136 105013.9 333
1712232947222 105013.9 334
1712232957310 105013.9 335
1712232967408 105013.9 336
1712232977493 105013.9 337
1712232987585 105013.9 338
1712232997679 105013.9 339
1712233007770 105013.9 340
1712233017858 105013.9 341
1712233027956 105013.9 342
1712233038041 105013.9 343
1712233048121 105013.9 344
1712233058216 105013.9 345
1712233068314 105013.9 346
1712233078350 105013.9 347
1712233088450 105013.9 348
1712233098486 105013.9 349
1712233108581 105013.9 350
1712233118668 105013.9 351
1712233128762 105013.9 352
1712233138863 105013.9 353
1712233148959 105013.9 354
1712233159049 105013.9 355
1712233169150 105013.9 356
1712233179252 105013.9 357
1712233189336 105013.9 358
1712233199432 105013.9 359
1712233209527 105013.9 360
1712233219614 105013.9 361
1712233229706 105013.9 362
1712233239796 105013.9 363
1712233249887 105013.9 364
1712233259978 105013.9 365
1712233270064 105013.9 366
1712233280147 105013.9 367
1712233290251 105013.9 368
1712233300344 105013.9 369
1712233310429 105013.9 370
1712233320469 105013.9 371
1712233330563 105013.9 372
1712233340621 105013.9 373
1712233350729 105013.9 374
1712233360824 105013.9 375
1712233370924 105013.3 376
1712233380956 105013.3 377
1712233391064 105013.3 378
1712233401151 105013.3 379
1712233411244 105013.3 380
1712233421334 105013.3 381
1712233431454 105013.3 382
1712233441552 105013.3 383
1712233451651 105013.3 384
1712233461752 105013.3 385
1712233471851 105013.3 386
1712233481935 105013.3 387
1712233492024 105013.3 388
1712233502118 105013.3 389
1712233512217 105013.3 390
1712233522324 105013.3 391
1712233532419 105013.3 392
1712233542516 105013.3 393
1712233552604 105013.3 394
1712233562700 105013.3 395
1712233572794 105013.3 396
1712233582889 105013.3 397
1712233592985 105013.3 398
1712233603095 105013.3 399
1712233613178 105013.3 400
1712233623270 105013.3 401
1712233633368 105013.3 402
1712233643473 105013.3 403
1712233653575 105013.3 404
1712233663668 105013.3 405
1712233673767 105013.3 406
1712233683860 118176.7 407
1712233693949 116549.0 408
1712233704053 112182.9 409
1712233714144 112182.9 410
1712233724230 112182.9 411
1712233734322 112182.9 412
1712233744413 112182.9 413
1712233754529 112182.9 414
1712233764750 112182.9 415
1712233774858 112182.9 416
1712233784953 112182.9 417
1712233795051 112182.9 418
1712233805137 112182.9 419
1712233815244 112182.9 420
1712233825343 112182.9 421
1712233835384 112182.9 422
1712233845481 112182.9 423
1712233855607 112182.9 424
1712233865689 117194.0 425
1712233875933 111741.0 426
1712233886178 106528.9 427
1712233896291 105030.5 428
1712233906392 105030.5 429
1712233916494 105030.5 430
1712233926602 105030.5 431
1712233936702 105030.5 432
1712233946796 105030.5 433
1712233956898 105030.5 434
1712233967005 105030.5 435
1712233977109 105030.5 436
1712233987227 105030.5 437
1712233997324 105030.5 438
1712234007437 105030.5 439
1712234017541 105030.5 440
1712234027637 105030.5 441
1712234037767 105030.5 442
1712234047884 105030.5 443
1712234058006 105030.5 444
1712234068121 105030.5 445
1712234078241 105030.5 446
1712234088359 105030.5 447
1712234098478 105030.5 448
1712234108600 105030.5 449
1712234118714 105030.5 450
1712234128835 105030.5 451
1712234138950 105030.5 452
1712234149066 105030.5 453
1712234159176 105030.5 454
1712234169303 105030.5 455
1712234179427 105030.5 456
1712234189539 105030.5 457
1712234199676 105030.5 458
1712234209796 105030.5 459
1712234219926 105030.5 460
1712234230038 105030.5 461
1712234240159 105030.5 462
1712234250275 105030.5 463
1712234260403 105030.5 464
1712234270529 105030.5 465
1712234280655 105030.5 466
1712234290772 105030.5 467
1712234300893 105030.5 468
1712234311003 105030.5 469
1712234321119 105030.5 470
1712234331240 105030.5 471
1712234341357 105030.5 472
1712234351471 105030.5 473
1712234361602 105030.5 474
1712234371664 105030.5 475
1712234381713 105030.5 476
1712234391834 105030.5 477
1712234401953 105030.5 478
1712234412078 105030.0 479
1712234422197 105030.0 480
1712234432318 105030.0 481
1712234442444 105030.0 482
1712234452562 105030.0 483
1712234462688 105030.0 484
1712234472801 105030.0 485
1712234482928 105030.0 486
1712234493049 105030.0 487
1712234503172 105030.0 488
1712234513287 105030.0 489
1712234523409 105030.0 490
1712234533532 105030.0 491
1712234543643 105030.0 492
1712234554409 105030.0 493
1712234564535 105030.0 494
1712234574652 105030.0 495
1712234584763 105030.0 496
1712234594872 105030.0 497
1712234604992 105030.0 498
1712234615110 105030.0 499
1712234625225 105030.0 500
1712234635312 105030.0 501
1712234645411 105030.0 502
1712234655510 105030.0 503
1712234665617 105030.0 504
1712234675720 105030.0 505
1712234685814 105030.0 506
1712234695901 105030.0 507
1712234705995 105030.0 508
1712234716101 105030.0 509
1712234726195 105030.0 510
1712234736289 105030.0 511
1712234746394 105030.0 512
1712234756486 105030.0 513
1712234766575 105030.0 514
1712234776674 105029.9 515
1712234786776 105029.9 516
1712234796867 105029.9 517
1712234806954 105029.9 518
1712234817044 105029.9 519
1712234827137 105029.9 520
1712234837233 105029.9 521
1712234847321 105029.9 522
1712234857421 105029.9 523
1712234867505 105029.9 524
1712234877605 105029.9 525
1712234887708 105029.9 526
1712234897797 105029.9 527
1712234907903 105029.9 528
1712234917992 105029.9 529
1712234928107 105029.9 530
1712234938203 105029.9 531
1712234948297 105029.9 532
1712234958385 105029.9 533
1712234968481 105029.9 534
1712234978585 105029.9 535
1712234988686 105029.9 536
1712234998781 105029.9 537
1712235008875 105029.9 538
1712235018964 105029.9 539
1712235029069 105029.9 540
1712235039165 105029.9 541
1712235049255 105029.9 542
1712235059356 105029.9 543
1712235069452 105029.9 544
1712235079541 105029.9 545
1712235089638 105029.9 546
1712235099746 105029.9 547
1712235109848 105029.9 548
1712235119946 118133.4 549
1712235130083 114330.3 550
1712235140180 112114.0 551
1712235150310 112114.0 552
1712235160429 112114.0 553
1712235170529 112114.0 554
1712235180636 112114.0 555
1712235190751 112114.0 556
1712235200861 112114.0 557
1712235210968 112114.0 558
1712235221068 112114.0 559
1712235231167 112114.0 560
1712235241276 112114.0 561
1712235251385 112114.0 562
1712235261505 112114.0 563
1712235271609 112114.0 564
1712235281717 112114.0 565
1712235291853 112114.0 566
1712235301997 116343.0 567
1712235312127 108724.5 568
1712235322261 106548.5 569
1712235332363 105021.2 570
1712235343282 105021.2 571
1712235353389 105021.2 572
1712235363505 105021.2 573
1712235373636 105021.2 574
1712235383740 105021.2 575
1712235393864 105021.2 576
1712235403994 105021.2 577
1712235414112 105021.2 578
1712235424256 105021.2 579
1712235434307 105021.2 580
1712235444393 105021.2 581
1712235454536 105020.7 582
1712235464675 105020.7 583
1712235474808 105020.7 584
1712235484944 105020.7 585
1712235495013 105020.7 586
1712235505122 105020.7 587
1712235515229 105020.7 588
1712235525345 105020.7 589
1712235535435 105020.7 590
1712235545579 105020.7 591
1712235555702 105020.7 592
1712235565748 105020.7 593
1712235575856 105020.7 594
1712235585959 105020.7 595
1712235596055 105020.7 596
1712235606161 105020.7 597
1712235616257 105020.7 598
1712235626347 105020.7 599
1712235636435 105020.7 600
1712235646529 105020.7 601
1712235656623 105020.7 602
1712235666727 105020.7 603
1712235676839 105020.7 604
1712235686940 105020.7 605
1712235697034 105020.7 606
1712235707127 105020.7 607
1712235717231 105020.7 608
1712235727341 105020.7 609
1712235737437 105020.7 610
1712235747539 105020.7 611
1712235757641 105020.7 612
1712235767741 105020.7 613
1712235777854 105020.7 614
1712235787953 105020.7 615
1712235798067 105020.7 616
1712235808163 105020.7 617
1712235818266 105020.7 618
1712235828369 105020.7 619
1712235838469 105020.7 620
1712235848571 105020.7 621
1712235858669 105020.7 622
1712235868780 105020.7 623
1712235878885 105020.7 624
1712235888988 105020.7 625
1712235899102 105020.7 626
1712235909207 105020.7 627
1712235919303 105020.7 628
1712235929406 105020.7 629
1712235939503 105020.7 630
1712235949623 105020.7 631
1712235959728 105020.7 632
1712235969832 105020.7 633
1712235979934 105020.7 634
1712235990022 105020.7 635
1712236000118 105020.7 636
1712236010229 105020.7 637
1712236020334 105020.7 638
1712236030434 105020.7 639
1712236040532 105020.7 640
1712236050628 105020.7 641
1712236060669 105020.7 642
1712236070717 105020.7 643
1712236080821 105020.7 644
1712236090935 105020.7 645
1712236101344 105020.7 646
1712236111431 105020.7 647
1712236121524 105020.7 648
1712236131621 105020.7 649
1712236141709 105020.7 650
1712236151803 105020.7 651
1712236161913 105020.7 652
1712236172009 105020.7 653
1712236182102 105020.7 654
1712236192193 105020.7 655
1712236202285 105020.7 656
1712236212380 105020.7 657
1712236222476 105020.7 658
1712236232578 105020.7 659
1712236242674 105020.7 660
1712236252773 105020.7 661
1712236262867 105020.7 662
1712236272959 105020.7 663
1712236283061 105020.7 664
1712236293160 105020.7 665
1712236303285 105020.7 666
1712236313388 105020.7 667
1712236323495 105020.7 668
1712236333649 105020.7 669
1712236343764 105020.7 670
1712236353876 105020.7 671
1712236363975 105020.7 672
1712236374080 105020.7 673
1712236384206 105020.7 674
1712236394300 105020.7 675
1712236404406 105020.7 676
1712236414513 105020.7 677
1712236424639 105020.7 678
1712236434731 105020.7 679
1712236444832 105020.7 680
1712236454923 105020.7 681
1712236465016 105020.7 682
1712236475115 105020.7 683
1712236485214 105020.7 684
1712236495319 105020.1 685
1712236505420 105020.1 686
1712236515514 105020.1 687
1712236525645 105020.1 688
1712236535744 105020.1 689
1712236545860 117464.5 690
1712236555970 114749.0 691
1712236566069 111486.4 692
1712236576169 111486.4 693
1712236586270 111486.4 694
1712236596371 111486.4 695
1712236606473 111486.4 696
1712236616582 111486.4 697
1712236626671 111486.4 698
1712236636762 111486.4 699
1712236646866 111486.4 700
1712236656972 111486.4 701
1712236667076 111486.4 702
1712236677175 111486.4 703
1712236687277 111486.4 704
1712236697376 111486.4 705
1712236707494 111486.4 706
1712236717617 111486.4 707
1712236727859 115632.4 708
1712236737985 109070.7 709
1712236748062 106897.9 710
