1712229576657 55.3 0
1712229586741 58.0 1
1712229596854 59.2 2
1712229606941 61.2 3
1712229617011 61.2 4
1712229627090 61.2 5
1712229637170 61.2 6
1712229647253 61.2 7
1712229657316 61.2 8
1712229667389 61.2 9
1712229677490 61.2 10
1712229687585 61.2 11
1712229697659 61.2 12
1712229707751 61.2 13
1712229717830 61.2 14
1712229727908 61.2 15
1712229738005 61.2 16
1712229748093 61.2 17
1712229758184 61.2 18
1712229768273 61.2 19
1712229778340 61.2 20
1712229788422 61.2 21
1712229798491 61.2 22
1712229808574 61.2 23
1712229818654 61.2 24
1712229828722 61.2 25
1712229838797 61.2 26
1712229848891 61.2 27
1712229858957 61.2 28
1712229869038 61.2 29
1712229879107 61.2 30
1712229889175 61.2 31
1712229899251 61.2 32
1712229909327 61.2 33
1712229919403 61.2 34
1712229929474 61.2 35
1712229939557 61.2 36
1712229949634 61.2 37
1712229959718 61.2 38
1712229969792 61.2 39
1712229979890 61.2 40
1712229989971 61.2 41
1712230000049 61.2 42
1712230010130 61.2 43
1712230020203 61.2 44
1712230030291 61.2 45
1712230040382 61.2 46
1712230050464 61.2 47
1712230060532 61.2 48
1712230070619 61.2 49
1712230080708 61.2 50
1712230090783 61.2 51
1712230100855 61.2 52
1712230110931 61.2 53
1712230121009 61.2 54
1712230131085 61.2 55
1712230141167 61.2 56
1712230151247 61.2 57
1712230161321 61.2 58
1712230171406 61.2 59
1712230181493 61.2 60
1712230191584 61.2 61
1712230201662 61.2 62
1712230211754 61.2 63
1712230221826 61.2 64
1712230231913 61.2 65
1712230241983 61.2 66
1712230252065 61.2 67
1712230262167 61.2 68
1712230272248 61.2 69
1712230282334 61.2 70
1712230292411 61.2 71
1712230302484 61.2 72
1712230312582 61.2 73
1712230322665 61.2 74
1712230332766 61.2 75
1712230342841 61.2 76
1712230352915 61.2 77
1712230362998 61.2 78
1712230373094 61.2 79
1712230383221 61.2 80
1712230393300 61.2 81
1712230403372 61.2 82
1712230413469 61.2 83
1712230423553 61.2 84
1712230433637 61.2 85
1712230443717 61.2 86
1712230453809 61.2 87
1712230463892 61.2 88
1712230473994 61.2 89
1712230484070 61.2 90
1712230494156 61.2 91
1712230504246 61.2 92
1712230514319 61.2 93
1712230524413 61.2 94
1712230534503 61.2 95
1712230544590 61.2 96
1712230554690 61.2 97
1712230564780 61.2 98
1712230574863 61.2 99
1712230584946 61.2 100
1712230595028 61.2 101
1712230605108 61.2 102
1712230615196 61.2 103
1712230625286 61.2 104
1712230635387 61.2 105
1712230645461 61.2 106
1712230655542 61.2 107
1712230665636 61.2 108
1712230675709 61.2 109
1712230685782 61.2 110
1712230695867 61.2 111
1712230705947 61.2 112
1712230716036 61.2 113
1712230726137 61.2 114
1712230736241 61.2 115
1712230746323 61.2 116
1712230756397 61.2 117
1712230766478 61.2 118
1712230776554 61.2 119
1712230786637 61.2 120
1712230796728 61.2 121
1712230806831 61.2 122
1712230816924 61.2 123
1712230827013 57.2 124
1712230837118 58.6 125
1712230847203 59.0 126
1712230857287 59.0 127
1712230867378 59.0 128
1712230877461 59.0 129
1712230887544 59.0 130
1712230897639 59.0 131
1712230907724 59.0 132
1712230917801 59.0 133
1712230927887 59.0 134
1712230937959 59.0 135
1712230948042 59.0 136
1712230958125 59.0 137
1712230968226 59.0 138
1712230978315 59.0 139
1712230988392 59.0 140
1712230998505 59.0 141
1712231008596 58.9 142
1712231018812 60.5 143
1712231028911 61.3 144
1712231039002 61.9 145
1712231049124 61.9 146
1712231059232 61.9 147
1712231069311 61.9 148
1712231079386 61.9 149
1712231089488 61.9 150
1712231099577 61.9 151
1712231109680 61.9 152
1712231119766 61.9 153
1712231129867 61.9 154
1712231139968 61.9 155
1712231150056 61.9 156
1712231160133 61.9 157
1712231170231 61.9 158
1712231180316 61.9 159
1712231190398 61.9 160
1712231200490 61.9 161
1712231210575 61.9 162
1712231220660 61.9 163
1712231230740 61.9 164
1712231240848 61.9 165
1712231250951 61.9 166
1712231261044 61.9 167
1712231271133 61.9 168
1712231281223 61.9 169
1712231291313 61.9 170
1712231301394 61.9 171
1712231311486 61.9 172
1712231321575 61.9 173
1712231331656 61.9 174
1712231341738 61.9 175
1712231351851 61.9 176
1712231361948 61.9 177
1712231372040 61.9 178
1712231382118 61.9 179
1712231392204 61.9 180
1712231402293 61.9 181
1712231412392 61.9 182
1712231422485 61.9 183
1712231432568 61.9 184
1712231442668 61.9 185
1712231452755 61.9 186
1712231462848 61.9 187
1712231472949 61.9 188
1712231483033 61.9 189
1712231493132 61.9 190
1712231503225 61.9 191
1712231513329 61.9 192
1712231523410 61.9 193
1712231533502 61.9 194
1712231543590 61.9 195
1712231553683 61.9 196
1712231563790 61.9 197
1712231573871 61.9 198
1712231583951 61.9 199
1712231594030 61.9 200
1712231604117 61.9 201
1712231614209 61.9 202
1712231624291 61.9 203
1712231634381 61.9 204
1712231644471 61.9 205
1712231654503 61.9 206
1712231664598 61.9 207
1712231674631 61.9 208
1712231684677 61.9 209
1712231694759 61.9 210
1712231704846 61.9 211
1712231714925 61.9 212
1712231725013 61.9 213
1712231735099 61.9 214
1712231745184 61.9 215
1712231755274 61.9 216
1712231765366 61.9 217
1712231775465 61.9 218
1712231785546 61.9 219
1712231795642 61.9 220
1712231805738 61.9 221
1712231815830 61.9 222
1712231825915 61.9 223
1712231836002 61.9 224
1712231846097 61.9 225
1712231856190 61.9 226
1712231866282 61.9 227
1712231876364 61.9 228
1712231886457 61.9 229
1712231896559 61.9 230
1712231906651 61.9 231
1712231916755 61.9 232
1712231926845 61.9 233
1712231936936 61.9 234
1712231947047 61.9 235
1712231957135 61.9 236
1712231967256 61.9 237
1712231977348 61.9 238
1712231987435 61.9 239
1712231997523 61.9 240
1712232007624 61.9 241
1712232017764 61.9 242
1712232027866 61.9 243
1712232037945 61.9 244
1712232048028 61.9 245
1712232058140 61.9 246
1712232068248 61.9 247
1712232078330 61.9 248
1712232088422 61.9 249
1712232098510 61.9 250
1712232108590 61.9 251
1712232118681 61.9 252
1712232128777 61.9 253
1712232138853 61.9 254
1712232148939 61.9 255
1712232159051 61.9 256
1712232169142 61.9 257
1712232179239 61.9 258
1712232189338 61.9 259
1712232199456 61.9 260
1712232209559 61.9 261
1712232219661 61.9 262
1712232229778 61.9 263
1712232239878 61.9 264
1712232249990 58.4 265
1712232260102 58.4 266
1712232270208 59.4 267
1712232280314 59.4 268
1712232290412 59.4 269
1712232300521 59.4 270
1712232310636 59.4 271
1712232320744 59.4 272
1712232330854 59.4 273
1712232340964 59.4 274
1712232351073 59.4 275
1712232361178 59.4 276
1712232371286 59.4 277
1712232381389 59.4 278
1712232391496 59.4 279
1712232401600 59.4 280
1712232411705 59.4 281
1712232421834 59.4 282
1712232431947 57.5 283
1712232442063 59.5 284
1712232452282 60.7 285
1712232462401 61.5 286
1712232472519 62.0 287
1712232482634 62.0 288
1712232492793 62.0 289
1712232502930 62.0 290
1712232513031 62.0 291
1712232523133 62.0 292
1712232533229 62.0 293
1712232543342 62.0 294
1712232553453 62.0 295
1712232563556 62.0 296
1712232573673 62.0 297
1712232583781 62.0 298
1712232593895 62.0 299
1712232604010 62.0 300
1712232614107 62.0 301
1712232624220 62.0 302
1712232634325 62.0 303
1712232644437 62.0 304
1712232654548 62.0 305
1712232664660 62.0 306
1712232674821 62.0 307
1712232684880 62.0 308
1712232694953 62.0 309
1712232705058 62.0 310
1712232715096 62.0 311
1712232725211 62.0 312
1712232735316 62.0 313
1712232745434 62.0 314
1712232755537 62.0 315
1712232765629 62.0 316
1712232775731 62.0 317
1712232785816 62.0 318
1712232795912 62.0 319
1712232805997 62.0 320
1712232816089 62.0 321
1712232826173 62.0 322
1712232836258 62.0 323
1712232846354 62.0 324
1712232856434 62.0 325
1712232866527 62.0 326
1712232876616 62.0 327
1712232886701 62.0 328
1712232896782 62.0 329
1712232906865 62.0 330
1712232916947 62.0 331
1712232927043 62.0 332
1712232937136 62.0 333
1712232947222 62.0 334
1712232957310 62.0 335
1712232967408 62.0 336
1712232977493 62.0 337
1712232987585 62.0 338
1712232997679 62.0 339
1712233007770 62.0 340
1712233017858 62.0 341
1712233027956 62.0 342
1712233038041 62.0 343
1712233048121 62.0 344
1712233058216 62.0 345
1712233068314 62.0 346
1712233078350 62.0 347
1712233088450 62.0 348
1712233098486 62.0 349
1712233108581 62.0 350
1712233118668 62.0 351
1712233128762 62.0 352
1712233138863 62.0 353
1712233148959 62.0 354
1712233159049 62.0 355
1712233169150 62.0 356
1712233179252 62.0 357
1712233189336 62.0 358
1712233199432 62.0 359
1712233209527 62.0 360
1712233219614 62.0 361
1712233229706 62.0 362
1712233239796 62.0 363
1712233249887 62.0 364
1712233259978 62.0 365
1712233270064 62.0 366
1712233280147 62.0 367
1712233290251 62.0 368
1712233300344 62.0 369
1712233310429 62.0 370
1712233320469 62.0 371
1712233330563 62.0 372
1712233340621 62.0 373
1712233350729 62.0 374
1712233360824 62.0 375
1712233370924 62.0 376
1712233380956 62.0 377
1712233391064 62.0 378
1712233401151 62.0 379
1712233411244 62.0 380
1712233421334 62.0 381
1712233431454 62.0 382
1712233441552 62.0 383
1712233451651 62.0 384
1712233461752 62.0 385
1712233471851 62.0 386
1712233481935 62.0 387
1712233492024 62.0 388
1712233502118 62.0 389
1712233512217 62.0 390
1712233522324 62.0 391
1712233532419 62.0 392
1712233542516 62.0 393
1712233552604 62.0 394
1712233562700 62.0 395
1712233572794 62.0 396
1712233582889 62.0 397
1712233592985 62.0 398
1712233603095 62.0 399
1712233613178 62.0 400
1712233623270 62.0 401
1712233633368 62.0 402
1712233643473 62.0 403
1712233653575 62.0 404
1712233663668 62.0 405
1712233673767 62.0 406
1712233683860 57.2 407
1712233693949 57.8 408
1712233704053 59.4 409
1712233714144 59.4 410
1712233724230 59.4 411
1712233734322 59.4 412
1712233744413 59.4 413
1712233754529 59.4 414
1712233764750 59.4 415
1712233774858 59.4 416
1712233784953 59.4 417
1712233795051 59.4 418
1712233805137 59.4 419
1712233815244 59.4 420
1712233825343 59.4 421
1712233835384 59.4 422
1712233845481 59.4 423
1712233855607 59.4 424
1712233865689 57.6 425
1712233875933 59.5 426
1712233886178 61.4 427
1712233896291 62.0 428
1712233906392 62.0 429
1712233916494 62.0 430
1712233926602 62.0 431
1712233936702 62.0 432
1712233946796 62.0 433
1712233956898 62.0 434
1712233967005 62.0 435
1712233977109 62.0 436
1712233987227 62.0 437
1712233997324 62.0 438
1712234007437 62.0 439
1712234017541 62.0 440
1712234027637 62.0 441
1712234037767 62.0 442
1712234047884 62.0 443
1712234058006 62.0 444
1712234068121 62.0 445
1712234078241 62.0 446
1712234088359 62.0 447
1712234098478 62.0 448
1712234108600 62.0 449
1712234118714 62.0 450
1712234128835 62.0 451
1712234138950 62.0 452
1712234149066 62.0 453
1712234159176 62.0 454
1712234169303 62.0 455
1712234179427 62.0 456
1712234189539 62.0 457
1712234199676 62.0 458
1712234209796 62.0 459
1712234219926 62.0 460
1712234230038 62.0 461
1712234240159 62.0 462
1712234250275 62.0 463
1712234260403 62.0 464
1712234270529 62.0 465
1712234280655 62.0 466
1712234290772 62.0 467
1712234300893 62.0 468
1712234311003 62.0 469
1712234321119 62.0 470
1712234331240 62.0 471
1712234341357 62.0 472
1712234351471 62.0 473
1712234361602 62.0 474
1712234371664 62.0 475
1712234381713 62.0 476
1712234391834 62.0 477
1712234401953 62.0 478
1712234412078 62.0 479
1712234422197 62.0 480
1712234432318 62.0 481
1712234442444 62.0 482
1712234452562 62.0 483
1712234462688 62.0 484
1712234472801 62.0 485
1712234482928 62.0 486
1712234493049 62.0 487
1712234503172 62.0 488
1712234513287 62.0 489
1712234523409 62.0 490
1712234533532 62.0 491
1712234543643 62.0 492
1712234554409 62.0 493
1712234564535 62.0 494
1712234574652 62.0 495
1712234584763 62.0 496
1712234594872 62.0 497
1712234604992 62.0 498
1712234615110 62.0 499
1712234625225 62.0 500
1712234635312 62.0 501
1712234645411 62.0 502
1712234655510 62.0 503
1712234665617 62.0 504
1712234675720 62.0 505
1712234685814 62.0 506
1712234695901 62.0 507
1712234705995 62.0 508
1712234716101 62.0 509
1712234726195 62.0 510
1712234736289 62.0 511
1712234746394 62.0 512
1712234756486 62.0 513
1712234766575 62.0 514
1712234776674 62.0 515
1712234786776 62.0 516
1712234796867 62.0 517
1712234806954 62.0 518
1712234817044 62.0 519
1712234827137 62.0 520
1712234837233 62.0 521
1712234847321 62.0 522
1712234857421 62.0 523
1712234867505 62.0 524
1712234877605 62.0 525
1712234887708 62.0 526
1712234897797 62.0 527
1712234907903 62.0 528
1712234917992 62.0 529
1712234928107 62.0 530
1712234938203 62.0 531
1712234948297 62.0 532
1712234958385 62.0 533
1712234968481 62.0 534
1712234978585 62.0 535
1712234988686 62.0 536
1712234998781 62.0 537
1712235008875 62.0 538
1712235018964 62.0 539
1712235029069 62.0 540
1712235039165 62.0 541
1712235049255 62.0 542
1712235059356 62.0 543
1712235069452 62.0 544
1712235079541 62.0 545
1712235089638 62.0 546
1712235099746 62.0 547
1712235109848 62.0 548
1712235119946 57.2 549
1712235130083 58.6 550
1712235140180 59.4 551
1712235150310 59.4 552
1712235160429 59.4 553
1712235170529 59.4 554
1712235180636 59.4 555
1712235190751 59.4 556
1712235200861 59.4 557
1712235210968 59.4 558
1712235221068 59.4 559
1712235231167 59.4 560
1712235241276 59.4 561
1712235251385 59.4 562
1712235261505 59.4 563
1712235271609 59.4 564
1712235281717 59.4 565
1712235291853 59.4 566
1712235301997 57.9 567
1712235312127 60.6 568
1712235322261 61.4 569
1712235332363 62.0 570
1712235343282 62.0 571
1712235353389 62.0 572
1712235363505 62.0 573
1712235373636 62.0 574
1712235383740 62.0 575
1712235393864 62.0 576
1712235403994 62.0 577
1712235414112 62.0 578
1712235424256 62.0 579
1712235434307 62.0 580
1712235444393 62.0 581
1712235454536 62.0 582
1712235464675 62.0 583
1712235474808 62.0 584
1712235484944 62.0 585
1712235495013 62.0 586
1712235505122 62.0 587
1712235515229 62.0 588
1712235525345 62.0 589
1712235535435 62.0 590
1712235545579 62.0 591
1712235555702 62.0 592
1712235565748 62.0 593
1712235575856 62.0 594
1712235585959 62.0 595
1712235596055 62.0 596
1712235606161 62.0 597
1712235616257 62.0 598
1712235626347 62.0 599
1712235636435 62.0 600
1712235646529 62.0 601
1712235656623 62.0 602
1712235666727 62.0 603
1712235676839 62.0 604
1712235686940 62.0 605
1712235697034 62.0 606
1712235707127 62.0 607
1712235717231 62.0 608
1712235727341 62.0 609
1712235737437 62.0 610
1712235747539 62.0 611
1712235757641 62.0 612
1712235767741 62.0 613
1712235777854 62.0 614
1712235787953 62.0 615
1712235798067 62.0 616
1712235808163 62.0 617
1712235818266 62.0 618
1712235828369 62.0 619
1712235838469 62.0 620
1712235848571 62.0 621
1712235858669 62.0 622
1712235868780 62.0 623
1712235878885 62.0 624
1712235888988 62.0 625
1712235899102 62.0 626
1712235909207 62.0 627
1712235919303 62.0 628
1712235929406 62.0 629
1712235939503 62.0 630
1712235949623 62.0 631
1712235959728 62.0 632
1712235969832 62.0 633
1712235979934 62.0 634
1712235990022 62.0 635
1712236000118 62.0 636
1712236010229 62.0 637
1712236020334 62.0 638
1712236030434 62.0 639
1712236040532 62.0 640
1712236050628 62.0 641
1712236060669 62.0 642
1712236070717 62.0 643
1712236080821 62.0 644
1712236090935 62.0 645
1712236101344 62.0 646
1712236111431 62.0 647
1712236121524 62.0 648
1712236131621 62.0 649
1712236141709 62.0 650
1712236151803 62.0 651
1712236161913 62.0 652
1712236172009 62.0 653
1712236182102 62.0 654
1712236192193 62.0 655
1712236202285 62.0 656
1712236212380 62.0 657
1712236222476 62.0 658
1712236232578 62.0 659
1712236242674 62.0 660
1712236252773 62.0 661
1712236262867 62.0 662
1712236272959 62.0 663
1712236283061 62.0 664
1712236293160 62.0 665
1712236303285 62.0 666
1712236313388 62.0 667
1712236323495 62.0 668
1712236333649 62.0 669
1712236343764 62.0 670
1712236353876 62.0 671
1712236363975 62.0 672
1712236374080 62.0 673
1712236384206 62.0 674
1712236394300 62.0 675
1712236404406 62.0 676
1712236414513 62.0 677
1712236424639 62.0 678
1712236434731 62.0 679
1712236444832 62.0 680
1712236454923 62.0 681
1712236465016 62.0 682
1712236475115 62.0 683
1712236485214 62.0 684
1712236495319 62.0 685
1712236505420 62.0 686
1712236515514 62.0 687
1712236525645 62.0 688
1712236535744 62.0 689
1712236545860 57.5 690
1712236555970 58.4 691
1712236566069 59.6 692
1712236576169 59.6 693
1712236586270 59.6 694
1712236596371 59.6 695
1712236606473 59.6 696
1712236616582 59.6 697
1712236626671 59.6 698
1712236636762 59.6 699
1712236646866 59.6 700
1712236656972 59.6 701
1712236667076 59.6 702
1712236677175 59.6 703
1712236687277 59.6 704
1712236697376 59.6 705
1712236707494 59.6 706
1712236717617 59.6 707
1712236727859 58.1 708
1712236737985 60.5 709
1712236748062 61.3 710
