1712229576657 152625.3 0
1712229586741 160247.1 1
1712229596854 163510.4 2
1712229606941 169079.4 3
1712229617011 169079.4 4
1712229627090 169079.4 5
1712229637170 169079.4 6
1712229647253 169079.4 7
1712229657316 169079.4 8
1712229667389 169079.4 9
1712229677490 169079.4 10
1712229687585 169079.4 11
1712229697659 169079.4 12
1712229707751 169079.4 13
1712229717830 169079.4 14
1712229727908 169079.4 15
1712229738005 169079.4 16
1712229748093 169079.4 17
1712229758184 169079.4 18
1712229768273 169079.4 19
1712229778340 169079.4 20
1712229788422 169079.4 21
1712229798491 169079.4 22
1712229808574 169079.4 23
1712229818654 169079.4 24
1712229828722 169079.4 25
1712229838797 169079.4 26
1712229848891 169079.4 27
1712229858957 169079.4 28
1712229869038 169079.4 29
1712229879107 169079.4 30
1712229889175 169079.4 31
1712229899251 169079.5 32
1712229909327 169079.5 33
1712229919403 169079.5 34
1712229929474 169079.5 35
1712229939557 169079.5 36
1712229949634 169079.5 37
1712229959718 169079.5 38
1712229969792 169079.5 39
1712229979890 169079.5 40
1712229989971 169079.5 41
1712230000049 169079.5 42
1712230010130 169079.5 43
1712230020203 169079.5 44
1712230030291 169079.5 45
1712230040382 169079.5 46
1712230050464 169079.5 47
1712230060532 169079.5 48
1712230070619 169079.5 49
1712230080708 169079.5 50
1712230090783 169079.5 51
1712230100855 169079.5 52
1712230110931 169079.5 53
1712230121009 169079.5 54
1712230131085 169079.5 55
1712230141167 169079.5 56
1712230151247 169079.5 57
1712230161321 169079.5 58
1712230171406 169079.5 59
1712230181493 169079.5 60
1712230191584 169079.5 61
1712230201662 169079.5 62
1712230211754 169079.5 63
1712230221826 169079.5 64
1712230231913 169079.5 65
1712230241983 169079.5 66
1712230252065 169080.0 67
1712230262167 169080.0 68
1712230272248 169080.0 69
1712230282334 169080.0 70
1712230292411 169080.0 71
1712230302484 169080.0 72
1712230312582 169080.0 73
1712230322665 169080.0 74
1712230332766 169080.0 75
1712230342841 169080.0 76
1712230352915 169080.0 77
1712230362998 169080.0 78
1712230373094 169080.0 79
1712230383221 169080.0 80
1712230393300 169080.0 81
1712230403372 169080.0 82
1712230413469 169080.0 83
1712230423553 169080.0 84
1712230433637 169080.0 85
1712230443717 169080.0 86
1712230453809 169080.0 87
1712230463892 169080.0 88
1712230473994 169080.0 89
1712230484070 169080.0 90
1712230494156 169080.0 91
1712230504246 169080.0 92
1712230514319 169080.0 93
1712230524413 169080.0 94
1712230534503 169080.0 95
1712230544590 169080.0 96
1712230554690 169080.0 97
1712230564780 169080.0 98
1712230574863 169080.0 99
1712230584946 169080.0 100
1712230595028 169080.0 101
1712230605108 169080.0 102
1712230615196 169080.0 103
1712230625286 169080.0 104
1712230635387 169080.0 105
1712230645461 169080.0 106
1712230655542 169080.0 107
1712230665636 169080.0 108
1712230675709 169080.0 109
1712230685782 169080.0 110
1712230695867 169080.0 111
1712230705947 169080.0 112
1712230716036 169080.0 113
1712230726137 169080.0 114
1712230736241 169080.0 115
1712230746323 169080.0 116
1712230756397 169080.0 117
1712230766478 169080.0 118
1712230776554 169080.0 119
1712230786637 169080.0 120
1712230796728 169080.0 121
1712230806831 169080.0 122
1712230816924 169080.0 123
1712230827013 158040.7 124
1712230837118 161894.3 125
1712230847203 162979.6 126
1712230857287 162979.6 127
1712230867378 162979.6 128
1712230877461 162979.6 129
1712230887544 162979.6 130
1712230897639 162979.6 131
1712230907724 162979.6 132
1712230917801 162979.6 133
1712230927887 162979.6 134
1712230937959 162979.6 135
1712230948042 162979.6 136
1712230958125 162979.6 137
1712230968226 162979.6 138
1712230978315 162979.6 139
1712230988392 162979.6 140
1712230998505 162979.6 141
1712231008596 162675.9 142
1712231018812 167012.1 143
1712231028911 169308.9 144
1712231039002 170942.7 145
1712231049124 170942.7 146
1712231059232 170942.7 147
1712231069311 170942.7 148
1712231079386 170942.7 149
1712231089488 170942.7 150
1712231099577 170942.7 151
1712231109680 170942.7 152
1712231119766 170942.7 153
1712231129867 170942.7 154
1712231139968 170942.7 155
1712231150056 170942.8 156
1712231160133 170942.8 157
1712231170231 170942.8 158
1712231180316 170942.8 159
1712231190398 170942.8 160
1712231200490 170942.8 161
1712231210575 170942.8 162
1712231220660 170942.8 163
1712231230740 170942.8 164
1712231240848 170942.8 165
1712231250951 170942.8 166
1712231261044 170942.8 167
1712231271133 170942.8 168
1712231281223 170942.8 169
1712231291313 170943.3 170
1712231301394 170943.3 171
1712231311486 170943.3 172
1712231321575 170943.3 173
1712231331656 170943.3 174
1712231341738 170943.3 175
1712231351851 170943.3 176
1712231361948 170943.3 177
1712231372040 170943.3 178
1712231382118 170943.3 179
1712231392204 170943.3 180
1712231402293 170943.3 181
1712231412392 170943.3 182
1712231422485 170943.3 183
1712231432568 170943.3 184
1712231442668 170943.3 185
1712231452755 170943.3 186
1712231462848 170943.3 187
1712231472949 170943.3 188
1712231483033 170943.3 189
1712231493132 170943.3 190
1712231503225 170943.3 191
1712231513329 170943.3 192
1712231523410 170943.3 193
1712231533502 170943.3 194
1712231543590 170943.3 195
1712231553683 170943.3 196
1712231563790 170943.3 197
1712231573871 170943.3 198
1712231583951 170943.3 199
1712231594030 170943.3 200
1712231604117 170943.3 201
1712231614209 170943.3 202
1712231624291 170943.3 203
1712231634381 170943.3 204
1712231644471 170943.3 205
1712231654503 170943.3 206
1712231664598 170943.3 207
1712231674631 170943.3 208
1712231684677 170943.3 209
1712231694759 170943.3 210
1712231704846 170943.3 211
1712231714925 170943.3 212
1712231725013 170943.3 213
1712231735099 170943.3 214
1712231745184 170943.3 215
1712231755274 170943.3 216
1712231765366 170943.3 217
1712231775465 170943.3 218
1712231785546 170943.3 219
1712231795642 170943.3 220
1712231805738 170943.3 221
1712231815830 170943.3 222
1712231825915 170943.3 223
1712231836002 170943.3 224
1712231846097 170943.3 225
1712231856190 170943.3 226
1712231866282 170943.3 227
1712231876364 170943.3 228
1712231886457 170943.3 229
1712231896559 170943.3 230
1712231906651 170943.3 231
1712231916755 170943.3 232
1712231926845 170943.3 233
1712231936936 170943.3 234
1712231947047 170943.3 235
1712231957135 170943.3 236
1712231967256 170943.3 237
1712231977348 170943.3 238
1712231987435 170943.3 239
1712231997523 170943.3 240
1712232007624 170943.3 241
1712232017764 170943.3 242
1712232027866 170943.3 243
1712232037945 170943.3 244
1712232048028 170943.3 245
1712232058140 170943.3 246
1712232068248 170943.3 247
1712232078330 170943.3 248
1712232088422 170943.3 249
1712232098510 170943.3 250
1712232108590 170943.3 251
1712232118681 170943.3 252
1712232128777 170943.3 253
1712232138853 170943.3 254
1712232148939 170943.3 255
1712232159051 170943.3 256
1712232169142 170943.3 257
1712232179239 170943.3 258
1712232189338 170943.3 259
1712232199456 170943.3 260
1712232209559 170943.3 261
1712232219661 170943.3 262
1712232229778 170943.3 263
1712232239878 170943.3 264
1712232249990 161240.5 265
1712232260102 161240.5 266
1712232270208 163991.0 267
1712232280314 163991.0 268
1712232290412 163991.0 269
1712232300521 163991.0 270
1712232310636 163991.0 271
1712232320744 163991.0 272
1712232330854 163991.5 273
1712232340964 163991.5 274
1712232351073 163991.5 275
1712232361178 163991.5 276
1712232371286 163991.5 277
1712232381389 163991.5 278
1712232391496 163991.5 279
1712232401600 163991.5 280
1712232411705 163991.5 281
1712232421834 163991.5 282
1712232431947 158762.7 283
1712232442063 164270.3 284
1712232452282 167539.7 285
1712232462401 169699.5 286
1712232472519 171133.8 287
1712232482634 171133.8 288
1712232492793 171133.8 289
1712232502930 171133.8 290
1712232513031 171133.8 291
1712232523133 171133.8 292
1712232533229 171133.8 293
1712232543342 171133.8 294
1712232553453 171133.8 295
1712232563556 171133.8 296
1712232573673 171133.8 297
1712232583781 171133.8 298
1712232593895 171133.8 299
1712232604010 171133.8 300
1712232614107 171133.8 301
1712232624220 171133.8 302
1712232634325 171133.8 303
1712232644437 171133.8 304
1712232654548 171133.8 305
1712232664660 171133.8 306
1712232674821 171133.8 307
1712232684880 171133.8 308
1712232694953 171133.8 309
1712232705058 171133.8 310
1712232715096 171133.8 311
1712232725211 171133.8 312
1712232735316 171133.8 313
1712232745434 171133.8 314
1712232755537 171133.8 315
1712232765629 171133.8 316
1712232775731 171133.8 317
1712232785816 171133.8 318
1712232795912 171133.8 319
1712232805997 171133.8 320
1712232816089 171133.8 321
1712232826173 171133.8 322
1712232836258 171133.8 323
1712232846354 171133.8 324
1712232856434 171133.8 325
1712232866527 171133.8 326
1712232876616 171133.8 327
1712232886701 171133.8 328
1712232896782 171133.8 329
1712232906865 171133.8 330
1712232916947 171133.8 331
1712232927043 171133.8 332
1712232937136 171133.8 333
1712232947222 171133.8 334
1712232957310 171133.8 335
1712232967408 171133.8 336
1712232977493 171133.8 337
1712232987585 171133.8 338
1712232997679 171133.8 339
1712233007770 171133.8 340
1712233017858 171133.8 341
1712233027956 171133.8 342
1712233038041 171133.8 343
1712233048121 171133.8 344
1712233058216 171133.8 345
1712233068314 171133.9 346
1712233078350 171133.9 347
1712233088450 171133.9 348
1712233098486 171133.9 349
1712233108581 171133.9 350
1712233118668 171133.9 351
1712233128762 171133.9 352
1712233138863 171133.9 353
1712233148959 171133.9 354
1712233159049 171133.9 355
1712233169150 171133.9 356
1712233179252 171133.9 357
1712233189336 171133.9 358
1712233199432 171133.9 359
1712233209527 171133.9 360
1712233219614 171133.9 361
1712233229706 171133.9 362
1712233239796 171133.9 363
1712233249887 171133.9 364
1712233259978 171133.9 365
1712233270064 171133.9 366
1712233280147 171133.9 367
1712233290251 171133.9 368
1712233300344 171133.9 369
1712233310429 171133.9 370
1712233320469 171133.9 371
1712233330563 171133.9 372
1712233340621 171133.9 373
1712233350729 171133.9 374
1712233360824 171133.9 375
1712233370924 171134.4 376
1712233380956 171134.4 377
1712233391064 171134.4 378
1712233401151 171134.4 379
1712233411244 171134.4 380
1712233421334 171134.4 381
1712233431454 171134.4 382
1712233441552 171134.4 383
1712233451651 171134.4 384
1712233461752 171134.4 385
1712233471851 171134.4 386
1712233481935 171134.4 387
1712233492024 171134.4 388
1712233502118 171134.4 389
1712233512217 171134.4 390
1712233522324 171134.4 391
1712233532419 171134.4 392
1712233542516 171134.4 393
1712233552604 171134.4 394
1712233562700 171134.4 395
1712233572794 171134.4 396
1712233582889 171134.4 397
1712233592985 171134.4 398
1712233603095 171134.4 399
1712233613178 171134.4 400
1712233623270 171134.4 401
1712233633368 171134.4 402
1712233643473 171134.4 403
1712233653575 171134.4 404
1712233663668 171134.4 405
1712233673767 171134.4 406
1712233683860 157971.0 407
1712233693949 159598.7 408
1712233704053 163964.9 409
1712233714144 163964.9 410
1712233724230 163964.9 411
1712233734322 163964.9 412
1712233744413 163964.9 413
1712233754529 163964.9 414
1712233764750 163964.9 415
1712233774858 163964.9 416
1712233784953 163964.9 417
1712233795051 163964.9 418
1712233805137 163964.9 419
1712233815244 163964.9 420
1712233825343 163964.9 421
1712233835384 163964.9 422
1712233845481 163964.9 423
1712233855607 163964.9 424
1712233865689 158953.7 425
1712233875933 164406.7 426
1712233886178 169618.8 427
1712233896291 171117.2 428
1712233906392 171117.2 429
1712233916494 171117.2 430
1712233926602 171117.2 431
1712233936702 171117.2 432
1712233946796 171117.2 433
1712233956898 171117.2 434
1712233967005 171117.2 435
1712233977109 171117.2 436
1712233987227 171117.2 437
1712233997324 171117.2 438
1712234007437 171117.2 439
1712234017541 171117.2 440
1712234027637 171117.2 441
1712234037767 171117.2 442
1712234047884 171117.2 443
1712234058006 171117.2 444
1712234068121 171117.2 445
1712234078241 171117.2 446
1712234088359 171117.2 447
1712234098478 171117.2 448
1712234108600 171117.2 449
1712234118714 171117.2 450
1712234128835 171117.2 451
1712234138950 171117.2 452
1712234149066 171117.2 453
1712234159176 171117.2 454
1712234169303 171117.2 455
1712234179427 171117.2 456
1712234189539 171117.2 457
1712234199676 171117.2 458
1712234209796 171117.2 459
1712234219926 171117.2 460
1712234230038 171117.2 461
1712234240159 171117.2 462
1712234250275 171117.2 463
1712234260403 171117.2 464
1712234270529 171117.2 465
1712234280655 171117.2 466
1712234290772 171117.2 467
1712234300893 171117.2 468
1712234311003 171117.2 469
1712234321119 171117.2 470
1712234331240 171117.2 471
1712234341357 171117.2 472
1712234351471 171117.2 473
1712234361602 171117.2 474
1712234371664 171117.2 475
1712234381713 171117.2 476
1712234391834 171117.2 477
1712234401953 171117.2 478
1712234412078 171117.8 479
1712234422197 171117.8 480
1712234432318 171117.8 481
1712234442444 171117.8 482
1712234452562 171117.8 483
1712234462688 171117.8 484
1712234472801 171117.8 485
1712234482928 171117.8 486
1712234493049 171117.8 487
1712234503172 171117.8 488
1712234513287 171117.8 489
1712234523409 171117.8 490
1712234533532 171117.8 491
1712234543643 171117.8 492
1712234554409 171117.8 493
1712234564535 171117.8 494
1712234574652 171117.8 495
1712234584763 171117.8 496
1712234594872 171117.8 497
1712234604992 171117.8 498
1712234615110 171117.8 499
1712234625225 171117.8 500
1712234635312 171117.8 501
1712234645411 171117.8 502
1712234655510 171117.8 503
1712234665617 171117.8 504
1712234675720 171117.8 505
1712234685814 171117.8 506
1712234695901 171117.8 507
1712234705995 171117.8 508
1712234716101 171117.8 509
1712234726195 171117.8 510
1712234736289 171117.8 511
1712234746394 171117.8 512
1712234756486 171117.8 513
1712234766575 171117.8 514
1712234776674 171117.8 515
1712234786776 171117.8 516
1712234796867 171117.8 517
1712234806954 171117.8 518
1712234817044 171117.8 519
1712234827137 171117.8 520
1712234837233 171117.8 521
1712234847321 171117.8 522
1712234857421 171117.8 523
1712234867505 171117.8 524
1712234877605 171117.8 525
1712234887708 171117.8 526
1712234897797 171117.8 527
1712234907903 171117.8 528
1712234917992 171117.8 529
1712234928107 171117.8 530
1712234938203 171117.8 531
1712234948297 171117.8 532
1712234958385 171117.8 533
1712234968481 171117.8 534
1712234978585 171117.8 535
1712234988686 171117.8 536
1712234998781 171117.8 537
1712235008875 171117.8 538
1712235018964 171117.8 539
1712235029069 171117.8 540
1712235039165 171117.8 541
1712235049255 171117.8 542
1712235059356 171117.8 543
1712235069452 171117.8 544
1712235079541 171117.8 545
1712235089638 171117.8 546
1712235099746 171117.8 547
1712235109848 171117.8 548
1712235119946 158014.3 549
1712235130083 161817.4 550
1712235140180 164033.8 551
1712235150310 164033.8 552
1712235160429 164033.8 553
1712235170529 164033.8 554
1712235180636 164033.8 555
1712235190751 164033.8 556
1712235200861 164033.8 557
1712235210968 164033.8 558
1712235221068 164033.8 559
1712235231167 164033.8 560
1712235241276 164033.8 561
1712235251385 164033.8 562
1712235261505 164033.8 563
1712235271609 164033.8 564
1712235281717 164033.8 565
1712235291853 164033.8 566
1712235301997 159804.7 567
1712235312127 167423.3 568
1712235322261 169599.3 569
1712235332363 171126.5 570
1712235343282 171126.5 571
1712235353389 171126.5 572
1712235363505 171126.5 573
1712235373636 171126.5 574
1712235383740 171126.5 575
1712235393864 171126.5 576
1712235403994 171126.5 577
1712235414112 171126.5 578
1712235424256 171126.5 579
1712235434307 171126.5 580
1712235444393 171126.5 581
1712235454536 171127.0 582
1712235464675 171127.0 583
1712235474808 171127.0 584
1712235484944 171127.0 585
1712235495013 171127.0 586
1712235505122 171127.0 587
1712235515229 171127.0 588
1712235525345 171127.0 589
1712235535435 171127.0 590
1712235545579 171127.0 591
1712235555702 171127.0 592
1712235565748 171127.0 593
1712235575856 171127.0 594
1712235585959 171127.0 595
1712235596055 171127.0 596
1712235606161 171127.0 597
1712235616257 171127.0 598
1712235626347 171127.0 599
1712235636435 171127.0 600
1712235646529 171127.0 601
1712235656623 171127.0 602
1712235666727 171127.0 603
1712235676839 171127.0 604
1712235686940 171127.0 605
1712235697034 171127.0 606
1712235707127 171127.0 607
1712235717231 171127.0 608
1712235727341 171127.0 609
1712235737437 171127.0 610
1712235747539 171127.0 611
1712235757641 171127.0 612
1712235767741 171127.0 613
1712235777854 171127.0 614
1712235787953 171127.0 615
1712235798067 171127.0 616
1712235808163 171127.0 617
1712235818266 171127.0 618
1712235828369 171127.0 619
1712235838469 171127.0 620
1712235848571 171127.0 621
1712235858669 171127.0 622
1712235868780 171127.0 623
1712235878885 171127.0 624
1712235888988 171127.0 625
1712235899102 171127.0 626
1712235909207 171127.0 627
1712235919303 171127.0 628
1712235929406 171127.0 629
1712235939503 171127.0 630
1712235949623 171127.0 631
1712235959728 171127.0 632
1712235969832 171127.0 633
1712235979934 171127.0 634
1712235990022 171127.0 635
1712236000118 171127.0 636
1712236010229 171127.0 637
1712236020334 171127.0 638
1712236030434 171127.0 639
1712236040532 171127.0 640
1712236050628 171127.0 641
1712236060669 171127.0 642
1712236070717 171127.0 643
1712236080821 171127.0 644
1712236090935 171127.0 645
1712236101344 171127.0 646
1712236111431 171127.0 647
1712236121524 171127.0 648
1712236131621 171127.0 649
1712236141709 171127.0 650
1712236151803 171127.0 651
1712236161913 171127.0 652
1712236172009 171127.0 653
1712236182102 171127.0 654
1712236192193 171127.0 655
1712236202285 171127.0 656
1712236212380 171127.0 657
1712236222476 171127.0 658
1712236232578 171127.0 659
1712236242674 171127.0 660
1712236252773 171127.0 661
1712236262867 171127.0 662
1712236272959 171127.0 663
1712236283061 171127.1 664
1712236293160 171127.1 665
1712236303285 171127.1 666
1712236313388 171127.1 667
1712236323495 171127.1 668
1712236333649 171127.1 669
1712236343764 171127.1 670
1712236353876 171127.1 671
1712236363975 171127.1 672
1712236374080 171127.1 673
1712236384206 171127.1 674
1712236394300 171127.1 675
1712236404406 171127.1 676
1712236414513 171127.1 677
1712236424639 171127.1 678
1712236434731 171127.1 679
1712236444832 171127.1 680
1712236454923 171127.1 681
1712236465016 171127.1 682
1712236475115 171127.1 683
1712236485214 171127.1 684
1712236495319 171127.6 685
1712236505420 171127.6 686
1712236515514 171127.6 687
1712236525645 171127.6 688
1712236535744 171127.6 689
1712236545860 158683.3 690
1712236555970 161398.7 691
1712236566069 164661.3 692
1712236576169 164661.3 693
1712236586270 164661.3 694
1712236596371 164661.3 695
1712236606473 164661.3 696
1712236616582 164661.3 697
1712236626671 164661.3 698
1712236636762 164661.3 699
1712236646866 164661.3 700
1712236656972 164661.3 701
1712236667076 164661.3 702
1712236677175 164661.3 703
1712236687277 164661.3 704
1712236697376 164661.3 705
1712236707494 164661.3 706
1712236717617 164661.3 707
1712236727859 160515.3 708
1712236737985 167077.1 709
1712236748062 169249.9 710
