1712229576657 6.6 0
1712229586741 6.6 1
1712229596854 6.6 2
1712229606941 6.6 3
1712229617011 38.9 4
1712229627090 38.9 5
1712229637170 38.9 6
1712229647253 38.9 7
1712229657316 38.9 8
1712229667389 38.9 9
1712229677490 38.9 10
1712229687585 38.9 11
1712229697659 38.9 12
1712229707751 38.9 13
1712229717830 38.9 14
1712229727908 38.9 15
1712229738005 38.9 16
1712229748093 38.9 17
1712229758184 38.9 18
1712229768273 38.9 19
1712229778340 38.9 20
1712229788422 38.9 21
1712229798491 38.9 22
1712229808574 38.9 23
1712229818654 38.9 24
1712229828722 38.9 25
1712229838797 38.9 26
1712229848891 38.9 27
1712229858957 38.9 28
1712229869038 38.9 29
1712229879107 38.9 30
1712229889175 38.9 31
1712229899251 38.9 32
1712229909327 38.9 33
1712229919403 38.9 34
1712229929474 38.9 35
1712229939557 38.9 36
1712229949634 38.9 37
1712229959718 38.9 38
1712229969792 38.9 39
1712229979890 38.9 40
1712229989971 38.9 41
1712230000049 38.9 42
1712230010130 38.9 43
1712230020203 38.9 44
1712230030291 38.9 45
1712230040382 38.9 46
1712230050464 38.9 47
1712230060532 38.9 48
1712230070619 38.9 49
1712230080708 38.9 50
1712230090783 38.9 51
1712230100855 38.9 52
1712230110931 38.9 53
1712230121009 38.9 54
1712230131085 38.9 55
1712230141167 38.9 56
1712230151247 38.9 57
1712230161321 38.9 58
1712230171406 38.9 59
1712230181493 38.9 60
1712230191584 38.9 61
1712230201662 38.9 62
1712230211754 38.9 63
1712230221826 38.9 64
1712230231913 38.9 65
1712230241983 38.9 66
1712230252065 38.9 67
1712230262167 38.9 68
1712230272248 38.9 69
1712230282334 38.9 70
1712230292411 38.9 71
1712230302484 38.9 72
1712230312582 38.9 73
1712230322665 38.9 74
1712230332766 38.9 75
1712230342841 38.9 76
1712230352915 38.9 77
1712230362998 38.9 78
1712230373094 38.9 79
1712230383221 38.9 80
1712230393300 38.9 81
1712230403372 38.9 82
1712230413469 38.9 83
1712230423553 38.9 84
1712230433637 38.9 85
1712230443717 38.9 86
1712230453809 38.9 87
1712230463892 38.9 88
1712230473994 38.9 89
1712230484070 38.9 90
1712230494156 38.9 91
1712230504246 38.9 92
1712230514319 38.9 93
1712230524413 38.9 94
1712230534503 38.9 95
1712230544590 38.9 96
1712230554690 38.9 97
1712230564780 38.9 98
1712230574863 38.9 99
1712230584946 38.9 100
1712230595028 38.9 101
1712230605108 38.9 102
1712230615196 38.9 103
1712230625286 38.9 104
1712230635387 38.9 105
1712230645461 38.9 106
1712230655542 38.9 107
1712230665636 38.9 108
1712230675709 38.9 109
1712230685782 38.9 110
1712230695867 38.9 111
1712230705947 38.9 112
1712230716036 38.9 113
1712230726137 38.9 114
1712230736241 38.9 115
1712230746323 38.9 116
1712230756397 38.9 117
1712230766478 38.9 118
1712230776554 38.9 119
1712230786637 38.9 120
1712230796728 38.9 121
1712230806831 38.9 122
1712230816924 39.0 123
1712230827013 39.0 124
1712230837118 39.0 125
1712230847203 48.6 126
1712230857287 48.6 127
1712230867378 48.6 128
1712230877461 48.6 129
1712230887544 48.6 130
1712230897639 48.6 131
1712230907724 48.6 132
1712230917801 48.6 133
1712230927887 48.6 134
1712230937959 48.6 135
1712230948042 48.6 136
1712230958125 48.6 137
1712230968226 48.6 138
1712230978315 48.6 139
1712230988392 48.6 140
1712230998505 48.6 141
1712231008596 48.6 142
1712231018812 48.6 143
1712231028911 48.6 144
1712231039002 48.6 145
1712231049124 48.6 146
1712231059232 48.6 147
1712231069311 48.6 148
1712231079386 48.6 149
1712231089488 48.6 150
1712231099577 48.6 151
1712231109680 48.6 152
1712231119766 48.6 153
1712231129867 48.6 154
1712231139968 48.6 155
1712231150056 48.6 156
1712231160133 48.6 157
1712231170231 48.6 158
1712231180316 48.6 159
1712231190398 48.6 160
1712231200490 48.6 161
1712231210575 48.6 162
1712231220660 48.6 163
1712231230740 48.6 164
1712231240848 48.6 165
1712231250951 48.6 166
1712231261044 48.6 167
1712231271133 48.6 168
1712231281223 48.6 169
1712231291313 48.6 170
1712231301394 48.6 171
1712231311486 48.6 172
1712231321575 48.6 173
1712231331656 48.6 174
1712231341738 48.6 175
1712231351851 48.6 176
1712231361948 48.6 177
1712231372040 48.6 178
1712231382118 48.6 179
1712231392204 48.6 180
1712231402293 48.6 181
1712231412392 48.6 182
1712231422485 48.6 183
1712231432568 48.6 184
1712231442668 48.6 185
1712231452755 48.6 186
1712231462848 48.6 187
1712231472949 48.6 188
1712231483033 48.6 189
1712231493132 48.6 190
1712231503225 48.6 191
1712231513329 48.6 192
1712231523410 48.6 193
1712231533502 48.6 194
1712231543590 48.6 195
1712231553683 48.6 196
1712231563790 48.6 197
1712231573871 48.6 198
1712231583951 48.6 199
1712231594030 48.6 200
1712231604117 48.6 201
1712231614209 48.6 202
1712231624291 48.6 203
1712231634381 48.6 204
1712231644471 48.6 205
1712231654503 48.6 206
1712231664598 48.6 207
1712231674631 48.6 208
1712231684677 48.6 209
1712231694759 48.6 210
1712231704846 48.6 211
1712231714925 48.6 212
1712231725013 48.6 213
1712231735099 48.6 214
1712231745184 48.6 215
1712231755274 48.6 216
1712231765366 48.6 217
1712231775465 48.6 218
1712231785546 48.6 219
1712231795642 48.6 220
1712231805738 48.6 221
1712231815830 48.6 222
1712231825915 48.6 223
1712231836002 48.6 224
1712231846097 48.6 225
1712231856190 48.6 226
1712231866282 48.6 227
1712231876364 48.6 228
1712231886457 48.6 229
1712231896559 48.6 230
1712231906651 48.6 231
1712231916755 48.6 232
1712231926845 48.6 233
1712231936936 48.6 234
1712231947047 48.6 235
1712231957135 48.6 236
1712231967256 48.6 237
1712231977348 48.6 238
1712231987435 48.6 239
1712231997523 48.6 240
1712232007624 48.6 241
1712232017764 48.6 242
1712232027866 48.6 243
1712232037945 48.6 244
1712232048028 48.6 245
1712232058140 48.6 246
1712232068248 48.6 247
1712232078330 48.6 248
1712232088422 48.6 249
1712232098510 48.6 250
1712232108590 48.6 251
1712232118681 48.6 252
1712232128777 48.6 253
1712232138853 48.6 254
1712232148939 48.6 255
1712232159051 48.6 256
1712232169142 48.6 257
1712232179239 48.6 258
1712232189338 48.6 259
1712232199456 48.6 260
1712232209559 48.6 261
1712232219661 48.6 262
1712232229778 48.6 263
1712232239878 48.6 264
1712232249990 48.6 265
1712232260102 48.6 266
1712232270208 48.6 267
1712232280314 48.6 268
1712232290412 48.6 269
1712232300521 48.6 270
1712232310636 48.6 271
1712232320744 48.6 272
1712232330854 48.6 273
1712232340964 48.6 274
1712232351073 48.6 275
1712232361178 48.6 276
1712232371286 48.6 277
1712232381389 48.6 278
1712232391496 48.6 279
1712232401600 48.6 280
1712232411705 48.6 281
1712232421834 48.6 282
1712232431947 48.6 283
1712232442063 48.6 284
1712232452282 48.6 285
1712232462401 48.6 286
1712232472519 48.6 287
1712232482634 48.6 288
1712232492793 48.6 289
1712232502930 48.6 290
1712232513031 48.6 291
1712232523133 48.6 292
1712232533229 48.6 293
1712232543342 48.6 294
1712232553453 48.6 295
1712232563556 48.6 296
1712232573673 48.6 297
1712232583781 48.6 298
1712232593895 48.6 299
1712232604010 48.6 300
1712232614107 48.6 301
1712232624220 48.6 302
1712232634325 48.6 303
1712232644437 48.6 304
1712232654548 48.6 305
1712232664660 48.6 306
1712232674821 48.6 307
1712232684880 48.6 308
1712232694953 48.6 309
1712232705058 48.6 310
1712232715096 48.6 311
1712232725211 48.6 312
1712232735316 48.6 313
1712232745434 48.6 314
1712232755537 48.6 315
1712232765629 48.6 316
1712232775731 48.6 317
1712232785816 48.6 318
1712232795912 48.6 319
1712232805997 48.6 320
1712232816089 48.6 321
1712232826173 48.6 322
1712232836258 48.6 323
1712232846354 48.6 324
1712232856434 48.6 325
1712232866527 48.6 326
1712232876616 48.6 327
1712232886701 48.6 328
1712232896782 48.6 329
1712232906865 48.6 330
1712232916947 48.6 331
1712232927043 48.6 332
1712232937136 48.6 333
1712232947222 48.6 334
1712232957310 48.6 335
1712232967408 48.6 336
1712232977493 48.6 337
1712232987585 48.6 338
1712232997679 48.6 339
1712233007770 48.6 340
1712233017858 48.6 341
1712233027956 48.6 342
1712233038041 48.6 343
1712233048121 48.6 344
1712233058216 48.6 345
1712233068314 48.6 346
1712233078350 48.6 347
1712233088450 48.6 348
1712233098486 48.6 349
1712233108581 48.6 350
1712233118668 48.6 351
1712233128762 48.6 352
1712233138863 48.6 353
1712233148959 48.6 354
1712233159049 48.6 355
1712233169150 48.6 356
1712233179252 48.6 357
1712233189336 48.6 358
1712233199432 48.6 359
1712233209527 48.6 360
1712233219614 48.6 361
1712233229706 48.6 362
1712233239796 48.6 363
1712233249887 48.6 364
1712233259978 48.6 365
1712233270064 48.6 366
1712233280147 48.6 367
1712233290251 48.6 368
1712233300344 48.6 369
1712233310429 48.6 370
1712233320469 48.6 371
1712233330563 48.6 372
1712233340621 48.6 373
1712233350729 48.6 374
1712233360824 48.6 375
1712233370924 48.6 376
1712233380956 48.6 377
1712233391064 48.6 378
1712233401151 48.6 379
1712233411244 48.6 380
1712233421334 48.6 381
1712233431454 48.6 382
1712233441552 48.6 383
1712233451651 48.6 384
1712233461752 48.6 385
1712233471851 48.6 386
1712233481935 48.6 387
1712233492024 48.6 388
1712233502118 48.6 389
1712233512217 48.6 390
1712233522324 48.6 391
1712233532419 48.6 392
1712233542516 48.6 393
1712233552604 48.6 394
1712233562700 48.6 395
1712233572794 48.6 396
1712233582889 48.6 397
1712233592985 48.6 398
1712233603095 48.6 399
1712233613178 48.6 400
1712233623270 48.6 401
1712233633368 48.6 402
1712233643473 48.6 403
1712233653575 48.6 404
1712233663668 48.6 405
1712233673767 48.6 406
1712233683860 48.6 407
1712233693949 48.6 408
1712233704053 48.6 409
1712233714144 48.6 410
1712233724230 48.6 411
1712233734322 48.6 412
1712233744413 48.6 413
1712233754529 48.6 414
1712233764750 48.6 415
1712233774858 48.6 416
1712233784953 48.6 417
1712233795051 48.6 418
1712233805137 48.6 419
1712233815244 48.6 420
1712233825343 48.6 421
1712233835384 48.6 422
1712233845481 48.6 423
1712233855607 48.6 424
1712233865689 48.6 425
1712233875933 48.6 426
1712233886178 48.6 427
1712233896291 48.6 428
1712233906392 48.6 429
1712233916494 48.6 430
1712233926602 48.6 431
1712233936702 48.6 432
1712233946796 48.6 433
1712233956898 48.6 434
1712233967005 48.6 435
1712233977109 48.6 436
1712233987227 48.6 437
1712233997324 48.6 438
1712234007437 48.6 439
1712234017541 48.6 440
1712234027637 48.6 441
1712234037767 48.6 442
1712234047884 48.6 443
1712234058006 48.6 444
1712234068121 48.6 445
1712234078241 48.6 446
1712234088359 48.6 447
1712234098478 48.6 448
1712234108600 48.6 449
1712234118714 48.6 450
1712234128835 48.6 451
1712234138950 48.6 452
1712234149066 48.6 453
1712234159176 48.6 454
1712234169303 48.6 455
1712234179427 48.6 456
1712234189539 48.6 457
1712234199676 48.6 458
1712234209796 48.6 459
1712234219926 48.6 460
1712234230038 48.6 461
1712234240159 48.6 462
1712234250275 48.6 463
1712234260403 48.6 464
1712234270529 48.6 465
1712234280655 48.6 466
1712234290772 48.6 467
1712234300893 48.6 468
1712234311003 48.6 469
1712234321119 48.6 470
1712234331240 48.6 471
1712234341357 48.6 472
1712234351471 48.6 473
1712234361602 48.6 474
1712234371664 48.6 475
1712234381713 48.6 476
1712234391834 48.6 477
1712234401953 48.6 478
1712234412078 48.6 479
1712234422197 48.6 480
1712234432318 48.6 481
1712234442444 48.6 482
1712234452562 48.6 483
1712234462688 48.6 484
1712234472801 48.6 485
1712234482928 48.6 486
1712234493049 48.6 487
1712234503172 48.6 488
1712234513287 48.6 489
1712234523409 48.6 490
1712234533532 48.6 491
1712234543643 48.6 492
1712234554409 48.6 493
1712234564535 48.6 494
1712234574652 48.6 495
1712234584763 48.6 496
1712234594872 48.6 497
1712234604992 48.6 498
1712234615110 48.6 499
1712234625225 48.6 500
1712234635312 48.6 501
1712234645411 48.6 502
1712234655510 48.6 503
1712234665617 48.6 504
1712234675720 48.6 505
1712234685814 48.6 506
1712234695901 48.6 507
1712234705995 48.6 508
1712234716101 48.6 509
1712234726195 48.6 510
1712234736289 48.6 511
1712234746394 48.6 512
1712234756486 48.6 513
1712234766575 48.6 514
1712234776674 48.6 515
1712234786776 48.6 516
1712234796867 48.6 517
1712234806954 48.6 518
1712234817044 48.6 519
1712234827137 48.6 520
1712234837233 48.6 521
1712234847321 48.6 522
1712234857421 48.6 523
1712234867505 48.6 524
1712234877605 48.6 525
1712234887708 48.6 526
1712234897797 48.6 527
1712234907903 48.6 528
1712234917992 48.6 529
1712234928107 48.6 530
1712234938203 48.6 531
1712234948297 48.6 532
1712234958385 48.6 533
1712234968481 48.6 534
1712234978585 48.6 535
1712234988686 48.6 536
1712234998781 48.6 537
1712235008875 48.6 538
1712235018964 48.6 539
1712235029069 48.6 540
1712235039165 48.6 541
1712235049255 48.6 542
1712235059356 48.6 543
1712235069452 48.6 544
1712235079541 48.6 545
1712235089638 48.6 546
1712235099746 48.6 547
1712235109848 48.6 548
1712235119946 48.6 549
1712235130083 48.6 550
1712235140180 48.6 551
1712235150310 48.6 552
1712235160429 48.6 553
1712235170529 48.6 554
1712235180636 48.6 555
1712235190751 48.6 556
1712235200861 48.6 557
1712235210968 48.6 558
1712235221068 48.6 559
1712235231167 48.6 560
1712235241276 48.6 561
1712235251385 48.6 562
1712235261505 48.6 563
1712235271609 48.6 564
1712235281717 48.6 565
1712235291853 48.6 566
1712235301997 48.6 567
1712235312127 48.6 568
1712235322261 48.6 569
1712235332363 48.6 570
1712235343282 48.6 571
1712235353389 48.6 572
1712235363505 48.6 573
1712235373636 48.6 574
1712235383740 48.6 575
1712235393864 48.6 576
1712235403994 48.6 577
1712235414112 48.6 578
1712235424256 48.6 579
1712235434307 48.6 580
1712235444393 48.6 581
1712235454536 48.6 582
1712235464675 48.6 583
1712235474808 48.6 584
1712235484944 48.6 585
1712235495013 48.6 586
1712235505122 48.6 587
1712235515229 48.6 588
1712235525345 48.6 589
1712235535435 48.6 590
1712235545579 48.6 591
1712235555702 48.6 592
1712235565748 48.6 593
1712235575856 48.6 594
1712235585959 48.6 595
1712235596055 48.6 596
1712235606161 48.6 597
1712235616257 48.6 598
1712235626347 48.6 599
1712235636435 48.6 600
1712235646529 48.6 601
1712235656623 48.6 602
1712235666727 48.6 603
1712235676839 48.6 604
1712235686940 48.6 605
1712235697034 48.6 606
1712235707127 48.6 607
1712235717231 48.6 608
1712235727341 48.6 609
1712235737437 48.6 610
1712235747539 48.6 611
1712235757641 48.6 612
1712235767741 48.6 613
1712235777854 48.6 614
1712235787953 48.6 615
1712235798067 48.6 616
1712235808163 48.6 617
1712235818266 48.6 618
1712235828369 48.6 619
1712235838469 48.6 620
1712235848571 48.6 621
1712235858669 48.6 622
1712235868780 48.6 623
1712235878885 48.6 624
1712235888988 48.6 625
1712235899102 48.6 626
1712235909207 48.6 627
1712235919303 48.6 628
1712235929406 48.6 629
1712235939503 48.6 630
1712235949623 48.6 631
1712235959728 48.6 632
1712235969832 48.6 633
1712235979934 48.6 634
1712235990022 48.6 635
1712236000118 48.6 636
1712236010229 48.6 637
1712236020334 48.6 638
1712236030434 48.6 639
1712236040532 48.6 640
1712236050628 48.6 641
1712236060669 48.6 642
1712236070717 48.6 643
1712236080821 48.6 644
1712236090935 48.6 645
1712236101344 48.6 646
1712236111431 48.6 647
1712236121524 48.6 648
1712236131621 48.6 649
1712236141709 48.6 650
1712236151803 48.6 651
1712236161913 48.6 652
1712236172009 48.6 653
1712236182102 48.6 654
1712236192193 48.6 655
1712236202285 48.6 656
1712236212380 48.6 657
1712236222476 48.6 658
1712236232578 48.6 659
1712236242674 48.6 660
1712236252773 48.6 661
1712236262867 48.6 662
1712236272959 48.6 663
1712236283061 48.6 664
1712236293160 48.6 665
1712236303285 48.6 666
1712236313388 48.6 667
1712236323495 48.6 668
1712236333649 48.6 669
1712236343764 48.6 670
1712236353876 48.6 671
1712236363975 48.6 672
1712236374080 48.6 673
1712236384206 48.6 674
1712236394300 48.6 675
1712236404406 48.6 676
1712236414513 48.6 677
1712236424639 48.6 678
1712236434731 48.6 679
1712236444832 48.6 680
1712236454923 48.6 681
1712236465016 48.6 682
1712236475115 48.6 683
1712236485214 48.6 684
1712236495319 48.6 685
1712236505420 48.6 686
1712236515514 48.6 687
1712236525645 48.6 688
1712236535744 48.6 689
1712236545860 48.6 690
1712236555970 48.6 691
1712236566069 48.6 692
1712236576169 48.6 693
1712236586270 48.6 694
1712236596371 48.6 695
1712236606473 48.6 696
1712236616582 48.6 697
1712236626671 48.6 698
1712236636762 48.6 699
1712236646866 48.6 700
1712236656972 48.6 701
1712236667076 48.6 702
1712236677175 48.6 703
1712236687277 48.6 704
1712236697376 48.6 705
1712236707494 48.6 706
1712236717617 48.6 707
1712236727859 48.6 708
1712236737985 48.6 709
1712236748062 48.6 710
