1712229576657 284.7 0
1712229586741 284.7 1
1712229596854 284.7 2
1712229606941 284.7 3
1712229617011 1670.9 4
1712229627090 1670.9 5
1712229637170 1670.9 6
1712229647253 1670.9 7
1712229657316 1670.9 8
1712229667389 1670.9 9
1712229677490 1670.9 10
1712229687585 1670.9 11
1712229697659 1670.9 12
1712229707751 1670.9 13
1712229717830 1670.9 14
1712229727908 1670.9 15
1712229738005 1670.9 16
1712229748093 1670.9 17
1712229758184 1670.9 18
1712229768273 1670.9 19
1712229778340 1670.9 20
1712229788422 1670.9 21
1712229798491 1670.9 22
1712229808574 1670.9 23
1712229818654 1670.9 24
1712229828722 1670.9 25
1712229838797 1670.9 26
1712229848891 1670.9 27
1712229858957 1670.9 28
1712229869038 1670.9 29
1712229879107 1670.9 30
1712229889175 1670.9 31
1712229899251 1670.9 32
1712229909327 1670.9 33
1712229919403 1670.9 34
1712229929474 1670.9 35
1712229939557 1670.9 36
1712229949634 1670.9 37
1712229959718 1670.9 38
1712229969792 1670.9 39
1712229979890 1670.9 40
1712229989971 1670.9 41
1712230000049 1670.9 42
1712230010130 1670.9 43
1712230020203 1670.9 44
1712230030291 1670.9 45
1712230040382 1670.9 46
1712230050464 1670.9 47
1712230060532 1670.9 48
1712230070619 1670.9 49
1712230080708 1670.9 50
1712230090783 1670.9 51
1712230100855 1670.9 52
1712230110931 1670.9 53
1712230121009 1670.9 54
1712230131085 1670.9 55
1712230141167 1670.9 56
1712230151247 1670.9 57
1712230161321 1670.9 58
1712230171406 1670.9 59
1712230181493 1670.9 60
1712230191584 1670.9 61
1712230201662 1670.9 62
1712230211754 1670.9 63
1712230221826 1670.9 64
1712230231913 1670.9 65
1712230241983 1670.9 66
1712230252065 1670.9 67
1712230262167 1670.9 68
1712230272248 1670.9 69
1712230282334 1670.9 70
1712230292411 1670.9 71
1712230302484 1670.9 72
1712230312582 1670.9 73
1712230322665 1670.9 74
1712230332766 1670.9 75
1712230342841 1670.9 76
1712230352915 1670.9 77
1712230362998 1670.9 78
1712230373094 1670.9 79
1712230383221 1670.9 80
1712230393300 1670.9 81
1712230403372 1670.9 82
1712230413469 1670.9 83
1712230423553 1670.9 84
1712230433637 1670.9 85
1712230443717 1670.9 86
1712230453809 1670.9 87
1712230463892 1670.9 88
1712230473994 1670.9 89
1712230484070 1670.9 90
1712230494156 1670.9 91
1712230504246 1670.9 92
1712230514319 1670.9 93
1712230524413 1670.9 94
1712230534503 1670.9 95
1712230544590 1670.9 96
1712230554690 1670.9 97
1712230564780 1670.9 98
1712230574863 1670.9 99
1712230584946 1670.9 100
1712230595028 1670.9 101
1712230605108 1670.9 102
1712230615196 1670.9 103
1712230625286 1670.9 104
1712230635387 1670.9 105
1712230645461 1670.9 106
1712230655542 1670.9 107
1712230665636 1670.9 108
1712230675709 1670.9 109
1712230685782 1670.9 110
1712230695867 1670.9 111
1712230705947 1670.9 112
1712230716036 1670.9 113
1712230726137 1670.9 114
1712230736241 1670.9 115
1712230746323 1670.9 116
1712230756397 1670.9 117
1712230766478 1670.9 118
1712230776554 1670.9 119
1712230786637 1670.9 120
1712230796728 1670.9 121
1712230806831 1670.9 122
1712230816924 1673.0 123
1712230827013 1673.0 124
1712230837118 1673.0 125
1712230847203 2086.1 126
1712230857287 2086.1 127
1712230867378 2086.1 128
1712230877461 2086.1 129
1712230887544 2086.1 130
1712230897639 2086.1 131
1712230907724 2086.1 132
1712230917801 2086.1 133
1712230927887 2086.1 134
1712230937959 2086.1 135
1712230948042 2086.1 136
1712230958125 2086.1 137
1712230968226 2086.1 138
1712230978315 2086.1 139
1712230988392 2086.1 140
1712230998505 2086.1 141
1712231008596 2088.2 142
1712231018812 2088.2 143
1712231028911 2088.2 144
1712231039002 2088.2 145
1712231049124 2088.2 146
1712231059232 2088.2 147
1712231069311 2088.2 148
1712231079386 2088.2 149
1712231089488 2088.2 150
1712231099577 2088.2 151
1712231109680 2088.2 152
1712231119766 2088.2 153
1712231129867 2088.2 154
1712231139968 2088.2 155
1712231150056 2088.2 156
1712231160133 2088.2 157
1712231170231 2088.2 158
1712231180316 2088.2 159
1712231190398 2088.2 160
1712231200490 2088.2 161
1712231210575 2088.2 162
1712231220660 2088.2 163
1712231230740 2088.2 164
1712231240848 2088.2 165
1712231250951 2088.2 166
1712231261044 2088.2 167
1712231271133 2088.2 168
1712231281223 2088.2 169
1712231291313 2088.2 170
1712231301394 2088.2 171
1712231311486 2088.2 172
1712231321575 2088.2 173
1712231331656 2088.2 174
1712231341738 2088.2 175
1712231351851 2088.2 176
1712231361948 2088.2 177
1712231372040 2088.2 178
1712231382118 2088.2 179
1712231392204 2088.2 180
1712231402293 2088.2 181
1712231412392 2088.2 182
1712231422485 2088.2 183
1712231432568 2088.2 184
1712231442668 2088.2 185
1712231452755 2088.2 186
1712231462848 2088.2 187
1712231472949 2088.2 188
1712231483033 2088.2 189
1712231493132 2088.2 190
1712231503225 2088.2 191
1712231513329 2088.2 192
1712231523410 2088.2 193
1712231533502 2088.2 194
1712231543590 2088.2 195
1712231553683 2088.2 196
1712231563790 2088.2 197
1712231573871 2088.2 198
1712231583951 2088.2 199
1712231594030 2088.2 200
1712231604117 2088.2 201
1712231614209 2088.2 202
1712231624291 2088.2 203
1712231634381 2088.2 204
1712231644471 2088.2 205
1712231654503 2088.2 206
1712231664598 2088.2 207
1712231674631 2088.2 208
1712231684677 2088.2 209
1712231694759 2088.2 210
1712231704846 2088.2 211
1712231714925 2088.2 212
1712231725013 2088.2 213
1712231735099 2088.2 214
1712231745184 2088.2 215
1712231755274 2088.2 216
1712231765366 2088.2 217
1712231775465 2088.2 218
1712231785546 2088.2 219
1712231795642 2088.2 220
1712231805738 2088.2 221
1712231815830 2088.2 222
1712231825915 2088.2 223
1712231836002 2088.2 224
1712231846097 2088.2 225
1712231856190 2088.2 226
1712231866282 2088.2 227
1712231876364 2088.2 228
1712231886457 2088.2 229
1712231896559 2088.2 230
1712231906651 2088.2 231
1712231916755 2088.2 232
1712231926845 2088.2 233
1712231936936 2088.2 234
1712231947047 2088.2 235
1712231957135 2088.2 236
1712231967256 2088.2 237
1712231977348 2088.2 238
1712231987435 2088.2 239
1712231997523 2088.2 240
1712232007624 2088.2 241
1712232017764 2088.2 242
1712232027866 2088.2 243
1712232037945 2088.2 244
1712232048028 2088.2 245
1712232058140 2088.2 246
1712232068248 2088.2 247
1712232078330 2088.2 248
1712232088422 2088.2 249
1712232098510 2088.2 250
1712232108590 2088.2 251
1712232118681 2088.2 252
1712232128777 2088.2 253
1712232138853 2088.2 254
1712232148939 2088.2 255
1712232159051 2088.2 256
1712232169142 2088.2 257
1712232179239 2088.2 258
1712232189338 2088.2 259
1712232199456 2088.2 260
1712232209559 2088.2 261
1712232219661 2088.2 262
1712232229778 2088.2 263
1712232239878 2088.2 264
1712232249990 2088.2 265
1712232260102 2088.2 266
1712232270208 2088.2 267
1712232280314 2088.2 268
1712232290412 2088.2 269
1712232300521 2088.2 270
1712232310636 2088.2 271
1712232320744 2088.2 272
1712232330854 2088.2 273
1712232340964 2088.2 274
1712232351073 2088.2 275
1712232361178 2088.2 276
1712232371286 2088.2 277
1712232381389 2088.2 278
1712232391496 2088.2 279
1712232401600 2088.2 280
1712232411705 2088.2 281
1712232421834 2088.2 282
1712232431947 2088.2 283
1712232442063 2088.2 284
1712232452282 2088.2 285
1712232462401 2088.2 286
1712232472519 2088.2 287
1712232482634 2088.2 288
1712232492793 2088.2 289
1712232502930 2088.2 290
1712232513031 2088.2 291
1712232523133 2088.2 292
1712232533229 2088.2 293
1712232543342 2088.2 294
1712232553453 2088.2 295
1712232563556 2088.2 296
1712232573673 2088.2 297
1712232583781 2088.2 298
1712232593895 2088.2 299
1712232604010 2088.2 300
1712232614107 2088.2 301
1712232624220 2088.2 302
1712232634325 2088.2 303
1712232644437 2088.2 304
1712232654548 2088.2 305
1712232664660 2088.2 306
1712232674821 2088.2 307
1712232684880 2088.2 308
1712232694953 2088.2 309
1712232705058 2088.2 310
1712232715096 2088.2 311
1712232725211 2088.2 312
1712232735316 2088.2 313
1712232745434 2088.2 314
1712232755537 2088.2 315
1712232765629 2088.2 316
1712232775731 2088.2 317
1712232785816 2088.2 318
1712232795912 2088.2 319
1712232805997 2088.2 320
1712232816089 2088.2 321
1712232826173 2088.2 322
1712232836258 2088.2 323
1712232846354 2088.2 324
1712232856434 2088.2 325
1712232866527 2088.2 326
1712232876616 2088.2 327
1712232886701 2088.2 328
1712232896782 2088.2 329
1712232906865 2088.2 330
1712232916947 2088.2 331
1712232927043 2088.2 332
1712232937136 2088.2 333
1712232947222 2088.2 334
1712232957310 2088.2 335
1712232967408 2088.2 336
1712232977493 2088.2 337
1712232987585 2088.2 338
1712232997679 2088.2 339
1712233007770 2088.2 340
1712233017858 2088.2 341
1712233027956 2088.2 342
1712233038041 2088.2 343
1712233048121 2088.2 344
1712233058216 2088.2 345
1712233068314 2088.2 346
1712233078350 2088.2 347
1712233088450 2088.2 348
1712233098486 2088.2 349
1712233108581 2088.2 350
1712233118668 2088.2 351
1712233128762 2088.2 352
1712233138863 2088.2 353
1712233148959 2088.2 354
1712233159049 2088.2 355
1712233169150 2088.2 356
1712233179252 2088.2 357
1712233189336 2088.2 358
1712233199432 2088.2 359
1712233209527 2088.2 360
1712233219614 2088.2 361
1712233229706 2088.2 362
1712233239796 2088.2 363
1712233249887 2088.2 364
1712233259978 2088.2 365
1712233270064 2088.2 366
1712233280147 2088.2 367
1712233290251 2088.2 368
1712233300344 2088.2 369
1712233310429 2088.2 370
1712233320469 2088.2 371
1712233330563 2088.2 372
1712233340621 2088.2 373
1712233350729 2088.2 374
1712233360824 2088.2 375
1712233370924 2088.2 376
1712233380956 2088.2 377
1712233391064 2088.2 378
1712233401151 2088.2 379
1712233411244 2088.2 380
1712233421334 2088.2 381
1712233431454 2088.2 382
1712233441552 2088.2 383
1712233451651 2088.2 384
1712233461752 2088.2 385
1712233471851 2088.2 386
1712233481935 2088.2 387
1712233492024 2088.2 388
1712233502118 2088.2 389
1712233512217 2088.2 390
1712233522324 2088.2 391
1712233532419 2088.2 392
1712233542516 2088.2 393
1712233552604 2088.2 394
1712233562700 2088.2 395
1712233572794 2088.2 396
1712233582889 2088.2 397
1712233592985 2088.2 398
1712233603095 2088.2 399
1712233613178 2088.2 400
1712233623270 2088.2 401
1712233633368 2088.2 402
1712233643473 2088.2 403
1712233653575 2088.2 404
1712233663668 2088.2 405
1712233673767 2088.2 406
1712233683860 2088.2 407
1712233693949 2088.2 408
1712233704053 2088.2 409
1712233714144 2088.2 410
1712233724230 2088.2 411
1712233734322 2088.2 412
1712233744413 2088.2 413
1712233754529 2088.2 414
1712233764750 2088.2 415
1712233774858 2088.2 416
1712233784953 2088.2 417
1712233795051 2088.2 418
1712233805137 2088.2 419
1712233815244 2088.2 420
1712233825343 2088.2 421
1712233835384 2088.2 422
1712233845481 2088.2 423
1712233855607 2088.2 424
1712233865689 2088.2 425
1712233875933 2088.2 426
1712233886178 2088.2 427
1712233896291 2088.2 428
1712233906392 2088.2 429
1712233916494 2088.2 430
1712233926602 2088.2 431
1712233936702 2088.2 432
1712233946796 2088.2 433
1712233956898 2088.2 434
1712233967005 2088.2 435
1712233977109 2088.2 436
1712233987227 2088.2 437
1712233997324 2088.2 438
1712234007437 2088.2 439
1712234017541 2088.2 440
1712234027637 2088.2 441
1712234037767 2088.2 442
1712234047884 2088.2 443
1712234058006 2088.2 444
1712234068121 2088.2 445
1712234078241 2088.2 446
1712234088359 2088.2 447
1712234098478 2088.2 448
1712234108600 2088.2 449
1712234118714 2088.2 450
1712234128835 2088.2 451
1712234138950 2088.2 452
1712234149066 2088.2 453
1712234159176 2088.2 454
1712234169303 2088.2 455
1712234179427 2088.2 456
1712234189539 2088.2 457
1712234199676 2088.2 458
1712234209796 2088.2 459
1712234219926 2088.2 460
1712234230038 2088.2 461
1712234240159 2088.2 462
1712234250275 2088.2 463
1712234260403 2088.2 464
1712234270529 2088.2 465
1712234280655 2088.2 466
1712234290772 2088.2 467
1712234300893 2088.2 468
1712234311003 2088.2 469
1712234321119 2088.2 470
1712234331240 2088.2 471
1712234341357 2088.2 472
1712234351471 2088.2 473
1712234361602 2088.2 474
1712234371664 2088.2 475
1712234381713 2088.2 476
1712234391834 2088.2 477
1712234401953 2088.2 478
1712234412078 2088.2 479
1712234422197 2088.2 480
1712234432318 2088.2 481
1712234442444 2088.2 482
1712234452562 2088.2 483
1712234462688 2088.2 484
1712234472801 2088.2 485
1712234482928 2088.2 486
1712234493049 2088.2 487
1712234503172 2088.2 488
1712234513287 2088.2 489
1712234523409 2088.2 490
1712234533532 2088.2 491
1712234543643 2088.2 492
1712234554409 2088.2 493
1712234564535 2088.2 494
1712234574652 2088.2 495
1712234584763 2088.2 496
1712234594872 2088.2 497
1712234604992 2088.2 498
1712234615110 2088.2 499
1712234625225 2088.2 500
1712234635312 2088.2 501
1712234645411 2088.2 502
1712234655510 2088.2 503
1712234665617 2088.2 504
1712234675720 2088.2 505
1712234685814 2088.2 506
1712234695901 2088.2 507
1712234705995 2088.2 508
1712234716101 2088.2 509
1712234726195 2088.2 510
1712234736289 2088.2 511
1712234746394 2088.2 512
1712234756486 2088.2 513
1712234766575 2088.2 514
1712234776674 2088.2 515
1712234786776 2088.2 516
1712234796867 2088.2 517
1712234806954 2088.2 518
1712234817044 2088.2 519
1712234827137 2088.2 520
1712234837233 2088.2 521
1712234847321 2088.2 522
1712234857421 2088.2 523
1712234867505 2088.2 524
1712234877605 2088.2 525
1712234887708 2088.2 526
1712234897797 2088.2 527
1712234907903 2088.2 528
1712234917992 2088.2 529
1712234928107 2088.2 530
1712234938203 2088.2 531
1712234948297 2088.2 532
1712234958385 2088.2 533
1712234968481 2088.2 534
1712234978585 2088.2 535
1712234988686 2088.2 536
1712234998781 2088.2 537
1712235008875 2088.2 538
1712235018964 2088.2 539
1712235029069 2088.2 540
1712235039165 2088.2 541
1712235049255 2088.2 542
1712235059356 2088.2 543
1712235069452 2088.2 544
1712235079541 2088.2 545
1712235089638 2088.2 546
1712235099746 2088.2 547
1712235109848 2088.2 548
1712235119946 2088.2 549
1712235130083 2088.2 550
1712235140180 2088.2 551
1712235150310 2088.2 552
1712235160429 2088.2 553
1712235170529 2088.2 554
1712235180636 2088.2 555
1712235190751 2088.2 556
1712235200861 2088.2 557
1712235210968 2088.2 558
1712235221068 2088.2 559
1712235231167 2088.2 560
1712235241276 2088.2 561
1712235251385 2088.2 562
1712235261505 2088.2 563
1712235271609 2088.2 564
1712235281717 2088.2 565
1712235291853 2088.2 566
1712235301997 2088.2 567
1712235312127 2088.2 568
1712235322261 2088.2 569
1712235332363 2088.2 570
1712235343282 2088.2 571
1712235353389 2088.2 572
1712235363505 2088.2 573
1712235373636 2088.2 574
1712235383740 2088.2 575
1712235393864 2088.2 576
1712235403994 2088.2 577
1712235414112 2088.2 578
1712235424256 2088.2 579
1712235434307 2088.2 580
1712235444393 2088.2 581
1712235454536 2088.2 582
1712235464675 2088.2 583
1712235474808 2088.2 584
1712235484944 2088.2 585
1712235495013 2088.2 586
1712235505122 2088.2 587
1712235515229 2088.2 588
1712235525345 2088.2 589
1712235535435 2088.2 590
1712235545579 2088.2 591
1712235555702 2088.2 592
1712235565748 2088.2 593
1712235575856 2088.2 594
1712235585959 2088.2 595
1712235596055 2088.2 596
1712235606161 2088.2 597
1712235616257 2088.2 598
1712235626347 2088.2 599
1712235636435 2088.2 600
1712235646529 2088.2 601
1712235656623 2088.2 602
1712235666727 2088.2 603
1712235676839 2088.2 604
1712235686940 2088.2 605
1712235697034 2088.2 606
1712235707127 2088.2 607
1712235717231 2088.2 608
1712235727341 2088.2 609
1712235737437 2088.2 610
1712235747539 2088.2 611
1712235757641 2088.2 612
1712235767741 2088.2 613
1712235777854 2088.2 614
1712235787953 2088.2 615
1712235798067 2088.2 616
1712235808163 2088.2 617
1712235818266 2088.2 618
1712235828369 2088.2 619
1712235838469 2088.2 620
1712235848571 2088.2 621
1712235858669 2088.2 622
1712235868780 2088.2 623
1712235878885 2088.2 624
1712235888988 2088.2 625
1712235899102 2088.2 626
1712235909207 2088.2 627
1712235919303 2088.2 628
1712235929406 2088.2 629
1712235939503 2088.2 630
1712235949623 2088.2 631
1712235959728 2088.2 632
1712235969832 2088.2 633
1712235979934 2088.2 634
1712235990022 2088.2 635
1712236000118 2088.2 636
1712236010229 2088.2 637
1712236020334 2088.2 638
1712236030434 2088.2 639
1712236040532 2088.2 640
1712236050628 2088.2 641
1712236060669 2088.2 642
1712236070717 2088.2 643
1712236080821 2088.2 644
1712236090935 2088.2 645
1712236101344 2088.2 646
1712236111431 2088.2 647
1712236121524 2088.2 648
1712236131621 2088.2 649
1712236141709 2088.2 650
1712236151803 2088.2 651
1712236161913 2088.2 652
1712236172009 2088.2 653
1712236182102 2088.2 654
1712236192193 2088.2 655
1712236202285 2088.2 656
1712236212380 2088.2 657
1712236222476 2088.2 658
1712236232578 2088.2 659
1712236242674 2088.2 660
1712236252773 2088.2 661
1712236262867 2088.2 662
1712236272959 2088.2 663
1712236283061 2088.2 664
1712236293160 2088.2 665
1712236303285 2088.2 666
1712236313388 2088.2 667
1712236323495 2088.2 668
1712236333649 2088.2 669
1712236343764 2088.2 670
1712236353876 2088.2 671
1712236363975 2088.2 672
1712236374080 2088.2 673
1712236384206 2088.2 674
1712236394300 2088.2 675
1712236404406 2088.2 676
1712236414513 2088.2 677
1712236424639 2088.2 678
1712236434731 2088.2 679
1712236444832 2088.2 680
1712236454923 2088.2 681
1712236465016 2088.2 682
1712236475115 2088.2 683
1712236485214 2088.2 684
1712236495319 2088.2 685
1712236505420 2088.2 686
1712236515514 2088.2 687
1712236525645 2088.2 688
1712236535744 2088.2 689
1712236545860 2088.2 690
1712236555970 2088.2 691
1712236566069 2088.2 692
1712236576169 2088.2 693
1712236586270 2088.2 694
1712236596371 2088.2 695
1712236606473 2088.2 696
1712236616582 2088.2 697
1712236626671 2088.2 698
1712236636762 2088.2 699
1712236646866 2088.2 700
1712236656972 2088.2 701
1712236667076 2088.2 702
1712236677175 2088.2 703
1712236687277 2088.2 704
1712236697376 2088.2 705
1712236707494 2088.2 706
1712236717617 2088.2 707
1712236727859 2088.2 708
1712236737985 2088.2 709
1712236748062 2088.2 710
