1712229576657 6.0 0
1712229586741 0.0 1
1712229596854 0.0 2
1712229606941 0.0 3
1712229617011 99.0 4
1712229627090 99.0 5
1712229637170 99.0 6
1712229647253 99.0 7
1712229657316 99.0 8
1712229667389 99.0 9
1712229677490 100.0 10
1712229687585 99.0 11
1712229697659 99.0 12
1712229707751 99.0 13
1712229717830 99.0 14
1712229727908 99.0 15
1712229738005 99.0 16
1712229748093 99.0 17
1712229758184 99.0 18
1712229768273 99.0 19
1712229778340 99.0 20
1712229788422 99.0 21
1712229798491 99.0 22
1712229808574 99.0 23
1712229818654 99.0 24
1712229828722 100.0 25
1712229838797 99.0 26
1712229848891 99.0 27
1712229858957 99.0 28
1712229869038 99.0 29
1712229879107 99.0 30
1712229889175 99.0 31
1712229899251 99.0 32
1712229909327 100.0 33
1712229919403 100.0 34
1712229929474 99.0 35
1712229939557 100.0 36
1712229949634 99.0 37
1712229959718 99.0 38
1712229969792 99.0 39
1712229979890 99.0 40
1712229989971 99.0 41
1712230000049 99.0 42
1712230010130 99.0 43
1712230020203 99.0 44
1712230030291 99.0 45
1712230040382 99.0 46
1712230050464 99.0 47
1712230060532 100.0 48
1712230070619 99.0 49
1712230080708 99.0 50
1712230090783 99.0 51
1712230100855 99.0 52
1712230110931 99.0 53
1712230121009 99.0 54
1712230131085 99.0 55
1712230141167 99.0 56
1712230151247 99.0 57
1712230161321 99.0 58
1712230171406 99.0 59
1712230181493 99.0 60
1712230191584 99.0 61
1712230201662 99.0 62
1712230211754 99.0 63
1712230221826 99.0 64
1712230231913 99.0 65
1712230241983 100.0 66
1712230252065 99.0 67
1712230262167 99.0 68
1712230272248 99.0 69
1712230282334 99.0 70
1712230292411 99.0 71
1712230302484 99.0 72
1712230312582 99.0 73
1712230322665 99.0 74
1712230332766 99.0 75
1712230342841 99.0 76
1712230352915 99.0 77
1712230362998 99.0 78
1712230373094 99.0 79
1712230383221 100.0 80
1712230393300 100.0 81
1712230403372 99.0 82
1712230413469 100.0 83
1712230423553 99.0 84
1712230433637 99.0 85
1712230443717 99.0 86
1712230453809 99.0 87
1712230463892 99.0 88
1712230473994 99.0 89
1712230484070 99.0 90
1712230494156 99.0 91
1712230504246 99.0 92
1712230514319 99.0 93
1712230524413 99.0 94
1712230534503 99.0 95
1712230544590 99.0 96
1712230554690 100.0 97
1712230564780 99.0 98
1712230574863 99.0 99
1712230584946 99.0 100
1712230595028 99.0 101
1712230605108 99.0 102
1712230615196 99.0 103
1712230625286 98.0 104
1712230635387 99.0 105
1712230645461 99.0 106
1712230655542 99.0 107
1712230665636 99.0 108
1712230675709 99.0 109
1712230685782 99.0 110
1712230695867 99.0 111
1712230705947 99.0 112
1712230716036 99.0 113
1712230726137 99.0 114
1712230736241 99.0 115
1712230746323 99.0 116
1712230756397 99.0 117
1712230766478 99.0 118
1712230776554 99.0 119
1712230786637 99.0 120
1712230796728 97.0 121
1712230806831 99.0 122
1712230816924 0.0 123
1712230827013 0.0 124
1712230837118 0.0 125
1712230847203 100.0 126
1712230857287 100.0 127
1712230867378 100.0 128
1712230877461 100.0 129
1712230887544 99.0 130
1712230897639 100.0 131
1712230907724 100.0 132
1712230917801 100.0 133
1712230927887 100.0 134
1712230937959 100.0 135
1712230948042 99.0 136
1712230958125 100.0 137
1712230968226 100.0 138
1712230978315 100.0 139
1712230988392 100.0 140
1712230998505 100.0 141
1712231008596 0.0 142
1712231018812 0.0 143
1712231028911 0.0 144
1712231039002 99.0 145
1712231049124 99.0 146
1712231059232 99.0 147
1712231069311 99.0 148
1712231079386 99.0 149
1712231089488 99.0 150
1712231099577 99.0 151
1712231109680 99.0 152
1712231119766 99.0 153
1712231129867 99.0 154
1712231139968 99.0 155
1712231150056 100.0 156
1712231160133 99.0 157
1712231170231 99.0 158
1712231180316 99.0 159
1712231190398 99.0 160
1712231200490 100.0 161
1712231210575 99.0 162
1712231220660 99.0 163
1712231230740 99.0 164
1712231240848 99.0 165
1712231250951 100.0 166
1712231261044 100.0 167
1712231271133 99.0 168
1712231281223 99.0 169
1712231291313 99.0 170
1712231301394 99.0 171
1712231311486 99.0 172
1712231321575 99.0 173
1712231331656 99.0 174
1712231341738 99.0 175
1712231351851 99.0 176
1712231361948 99.0 177
1712231372040 99.0 178
1712231382118 99.0 179
1712231392204 99.0 180
1712231402293 99.0 181
1712231412392 99.0 182
1712231422485 100.0 183
1712231432568 100.0 184
1712231442668 99.0 185
1712231452755 99.0 186
1712231462848 99.0 187
1712231472949 99.0 188
1712231483033 99.0 189
1712231493132 99.0 190
1712231503225 99.0 191
1712231513329 99.0 192
1712231523410 99.0 193
1712231533502 99.0 194
1712231543590 99.0 195
1712231553683 99.0 196
1712231563790 99.0 197
1712231573871 99.0 198
1712231583951 100.0 199
1712231594030 99.0 200
1712231604117 100.0 201
1712231614209 100.0 202
1712231624291 99.0 203
1712231634381 99.0 204
1712231644471 99.0 205
1712231654503 99.0 206
1712231664598 99.0 207
1712231674631 99.0 208
1712231684677 100.0 209
1712231694759 99.0 210
1712231704846 99.0 211
1712231714925 99.0 212
1712231725013 99.0 213
1712231735099 99.0 214
1712231745184 99.0 215
1712231755274 99.0 216
1712231765366 99.0 217
1712231775465 99.0 218
1712231785546 99.0 219
1712231795642 99.0 220
1712231805738 99.0 221
1712231815830 99.0 222
1712231825915 99.0 223
1712231836002 99.0 224
1712231846097 99.0 225
1712231856190 99.0 226
1712231866282 99.0 227
1712231876364 99.0 228
1712231886457 99.0 229
1712231896559 99.0 230
1712231906651 99.0 231
1712231916755 99.0 232
1712231926845 99.0 233
1712231936936 99.0 234
1712231947047 99.0 235
1712231957135 100.0 236
1712231967256 99.0 237
1712231977348 99.0 238
1712231987435 99.0 239
1712231997523 100.0 240
1712232007624 99.0 241
1712232017764 100.0 242
1712232027866 99.0 243
1712232037945 99.0 244
1712232048028 99.0 245
1712232058140 99.0 246
1712232068248 99.0 247
1712232078330 99.0 248
1712232088422 99.0 249
1712232098510 100.0 250
1712232108590 99.0 251
1712232118681 99.0 252
1712232128777 99.0 253
1712232138853 99.0 254
1712232148939 99.0 255
1712232159051 99.0 256
1712232169142 99.0 257
1712232179239 99.0 258
1712232189338 99.0 259
1712232199456 99.0 260
1712232209559 99.0 261
1712232219661 99.0 262
1712232229778 99.0 263
1712232239878 100.0 264
1712232249990 0.0 265
1712232260102 0.0 266
1712232270208 0.0 267
1712232280314 99.0 268
1712232290412 99.0 269
1712232300521 99.0 270
1712232310636 100.0 271
1712232320744 99.0 272
1712232330854 99.0 273
1712232340964 99.0 274
1712232351073 99.0 275
1712232361178 99.0 276
1712232371286 99.0 277
1712232381389 99.0 278
1712232391496 99.0 279
1712232401600 100.0 280
1712232411705 99.0 281
1712232421834 99.0 282
1712232431947 0.0 283
1712232442063 0.0 284
1712232452282 0.0 285
1712232462401 0.0 286
1712232472519 99.0 287
1712232482634 99.0 288
1712232492793 99.0 289
1712232502930 99.0 290
1712232513031 99.0 291
1712232523133 99.0 292
1712232533229 99.0 293
1712232543342 99.0 294
1712232553453 99.0 295
1712232563556 99.0 296
1712232573673 100.0 297
1712232583781 99.0 298
1712232593895 99.0 299
1712232604010 99.0 300
1712232614107 99.0 301
1712232624220 99.0 302
1712232634325 99.0 303
1712232644437 99.0 304
1712232654548 99.0 305
1712232664660 99.0 306
1712232674821 99.0 307
1712232684880 99.0 308
1712232694953 100.0 309
1712232705058 99.0 310
1712232715096 99.0 311
1712232725211 100.0 312
1712232735316 99.0 313
1712232745434 99.0 314
1712232755537 99.0 315
1712232765629 99.0 316
1712232775731 100.0 317
1712232785816 100.0 318
1712232795912 99.0 319
1712232805997 99.0 320
1712232816089 99.0 321
1712232826173 100.0 322
1712232836258 99.0 323
1712232846354 99.0 324
1712232856434 99.0 325
1712232866527 99.0 326
1712232876616 99.0 327
1712232886701 99.0 328
1712232896782 99.0 329
1712232906865 100.0 330
1712232916947 100.0 331
1712232927043 99.0 332
1712232937136 99.0 333
1712232947222 99.0 334
1712232957310 99.0 335
1712232967408 99.0 336
1712232977493 99.0 337
1712232987585 99.0 338
1712232997679 99.0 339
1712233007770 99.0 340
1712233017858 99.0 341
1712233027956 99.0 342
1712233038041 99.0 343
1712233048121 100.0 344
1712233058216 100.0 345
1712233068314 99.0 346
1712233078350 100.0 347
1712233088450 99.0 348
1712233098486 99.0 349
1712233108581 99.0 350
1712233118668 99.0 351
1712233128762 99.0 352
1712233138863 99.0 353
1712233148959 99.0 354
1712233159049 99.0 355
1712233169150 99.0 356
1712233179252 99.0 357
1712233189336 99.0 358
1712233199432 99.0 359
1712233209527 100.0 360
1712233219614 100.0 361
1712233229706 99.0 362
1712233239796 99.0 363
1712233249887 99.0 364
1712233259978 100.0 365
1712233270064 99.0 366
1712233280147 100.0 367
1712233290251 100.0 368
1712233300344 99.0 369
1712233310429 99.0 370
1712233320469 99.0 371
1712233330563 99.0 372
1712233340621 99.0 373
1712233350729 99.0 374
1712233360824 99.0 375
1712233370924 99.0 376
1712233380956 97.0 377
1712233391064 100.0 378
1712233401151 99.0 379
1712233411244 99.0 380
1712233421334 99.0 381
1712233431454 99.0 382
1712233441552 99.0 383
1712233451651 99.0 384
1712233461752 99.0 385
1712233471851 99.0 386
1712233481935 99.0 387
1712233492024 99.0 388
1712233502118 99.0 389
1712233512217 99.0 390
1712233522324 99.0 391
1712233532419 100.0 392
1712233542516 100.0 393
1712233552604 99.0 394
1712233562700 99.0 395
1712233572794 99.0 396
1712233582889 99.0 397
1712233592985 99.0 398
1712233603095 99.0 399
1712233613178 99.0 400
1712233623270 99.0 401
1712233633368 99.0 402
1712233643473 99.0 403
1712233653575 99.0 404
1712233663668 99.0 405
1712233673767 100.0 406
1712233683860 0.0 407
1712233693949 0.0 408
1712233704053 0.0 409
1712233714144 99.0 410
1712233724230 100.0 411
1712233734322 100.0 412
1712233744413 100.0 413
1712233754529 99.0 414
1712233764750 99.0 415
1712233774858 0.0 416
1712233784953 99.0 417
1712233795051 99.0 418
1712233805137 100.0 419
1712233815244 100.0 420
1712233825343 99.0 421
1712233835384 100.0 422
1712233845481 100.0 423
1712233855607 100.0 424
1712233865689 0.0 425
1712233875933 0.0 426
1712233886178 0.0 427
1712233896291 0.0 428
1712233906392 99.0 429
1712233916494 99.0 430
1712233926602 99.0 431
1712233936702 99.0 432
1712233946796 99.0 433
1712233956898 99.0 434
1712233967005 99.0 435
1712233977109 99.0 436
1712233987227 99.0 437
1712233997324 99.0 438
1712234007437 99.0 439
1712234017541 99.0 440
1712234027637 99.0 441
1712234037767 100.0 442
1712234047884 99.0 443
1712234058006 99.0 444
1712234068121 99.0 445
1712234078241 99.0 446
1712234088359 100.0 447
1712234098478 99.0 448
1712234108600 99.0 449
1712234118714 99.0 450
1712234128835 99.0 451
1712234138950 100.0 452
1712234149066 99.0 453
1712234159176 99.0 454
1712234169303 99.0 455
1712234179427 99.0 456
1712234189539 100.0 457
1712234199676 99.0 458
1712234209796 99.0 459
1712234219926 99.0 460
1712234230038 99.0 461
1712234240159 99.0 462
1712234250275 99.0 463
1712234260403 99.0 464
1712234270529 99.0 465
1712234280655 99.0 466
1712234290772 99.0 467
1712234300893 99.0 468
1712234311003 99.0 469
1712234321119 99.0 470
1712234331240 99.0 471
1712234341357 99.0 472
1712234351471 100.0 473
1712234361602 100.0 474
1712234371664 99.0 475
1712234381713 100.0 476
1712234391834 100.0 477
1712234401953 99.0 478
1712234412078 99.0 479
1712234422197 99.0 480
1712234432318 99.0 481
1712234442444 99.0 482
1712234452562 99.0 483
1712234462688 99.0 484
1712234472801 99.0 485
1712234482928 99.0 486
1712234493049 99.0 487
1712234503172 100.0 488
1712234513287 100.0 489
1712234523409 99.0 490
1712234533532 99.0 491
1712234543643 99.0 492
1712234554409 99.0 493
1712234564535 0.0 494
1712234574652 99.0 495
1712234584763 99.0 496
1712234594872 100.0 497
1712234604992 99.0 498
1712234615110 99.0 499
1712234625225 100.0 500
1712234635312 99.0 501
1712234645411 100.0 502
1712234655510 100.0 503
1712234665617 100.0 504
1712234675720 99.0 505
1712234685814 99.0 506
1712234695901 99.0 507
1712234705995 99.0 508
1712234716101 99.0 509
1712234726195 99.0 510
1712234736289 99.0 511
1712234746394 99.0 512
1712234756486 99.0 513
1712234766575 99.0 514
1712234776674 99.0 515
1712234786776 100.0 516
1712234796867 99.0 517
1712234806954 99.0 518
1712234817044 100.0 519
1712234827137 100.0 520
1712234837233 99.0 521
1712234847321 99.0 522
1712234857421 99.0 523
1712234867505 100.0 524
1712234877605 99.0 525
1712234887708 99.0 526
1712234897797 99.0 527
1712234907903 99.0 528
1712234917992 99.0 529
1712234928107 99.0 530
1712234938203 100.0 531
1712234948297 99.0 532
1712234958385 99.0 533
1712234968481 99.0 534
1712234978585 100.0 535
1712234988686 99.0 536
1712234998781 99.0 537
1712235008875 99.0 538
1712235018964 100.0 539
1712235029069 100.0 540
1712235039165 99.0 541
1712235049255 99.0 542
1712235059356 99.0 543
1712235069452 99.0 544
1712235079541 99.0 545
1712235089638 99.0 546
1712235099746 99.0 547
1712235109848 0.0 548
1712235119946 0.0 549
1712235130083 0.0 550
1712235140180 100.0 551
1712235150310 99.0 552
1712235160429 99.0 553
1712235170529 100.0 554
1712235180636 99.0 555
1712235190751 100.0 556
1712235200861 99.0 557
1712235210968 99.0 558
1712235221068 99.0 559
1712235231167 99.0 560
1712235241276 99.0 561
1712235251385 99.0 562
1712235261505 99.0 563
1712235271609 99.0 564
1712235281717 100.0 565
1712235291853 99.0 566
1712235301997 0.0 567
1712235312127 0.0 568
1712235322261 0.0 569
1712235332363 99.0 570
1712235343282 99.0 571
1712235353389 0.0 572
1712235363505 100.0 573
1712235373636 99.0 574
1712235383740 99.0 575
1712235393864 99.0 576
1712235403994 99.0 577
1712235414112 99.0 578
1712235424256 99.0 579
1712235434307 99.0 580
1712235444393 99.0 581
1712235454536 99.0 582
1712235464675 99.0 583
1712235474808 99.0 584
1712235484944 99.0 585
1712235495013 99.0 586
1712235505122 100.0 587
1712235515229 99.0 588
1712235525345 99.0 589
1712235535435 99.0 590
1712235545579 90.0 591
1712235555702 99.0 592
1712235565748 100.0 593
1712235575856 99.0 594
1712235585959 100.0 595
1712235596055 99.0 596
1712235606161 99.0 597
1712235616257 99.0 598
1712235626347 100.0 599
1712235636435 99.0 600
1712235646529 99.0 601
1712235656623 99.0 602
1712235666727 99.0 603
1712235676839 99.0 604
1712235686940 98.0 605
1712235697034 99.0 606
1712235707127 98.0 607
1712235717231 99.0 608
1712235727341 99.0 609
1712235737437 99.0 610
1712235747539 99.0 611
1712235757641 98.0 612
1712235767741 99.0 613
1712235777854 99.0 614
1712235787953 99.0 615
1712235798067 99.0 616
1712235808163 99.0 617
1712235818266 100.0 618
1712235828369 99.0 619
1712235838469 99.0 620
1712235848571 99.0 621
1712235858669 97.0 622
1712235868780 99.0 623
1712235878885 99.0 624
1712235888988 99.0 625
1712235899102 99.0 626
1712235909207 100.0 627
1712235919303 100.0 628
1712235929406 99.0 629
1712235939503 96.0 630
1712235949623 99.0 631
1712235959728 99.0 632
1712235969832 99.0 633
1712235979934 99.0 634
1712235990022 99.0 635
1712236000118 99.0 636
1712236010229 99.0 637
1712236020334 99.0 638
1712236030434 99.0 639
1712236040532 99.0 640
1712236050628 99.0 641
1712236060669 99.0 642
1712236070717 99.0 643
1712236080821 100.0 644
1712236090935 99.0 645
1712236101344 99.0 646
1712236111431 24.0 647
1712236121524 99.0 648
1712236131621 100.0 649
1712236141709 99.0 650
1712236151803 100.0 651
1712236161913 100.0 652
1712236172009 99.0 653
1712236182102 99.0 654
1712236192193 99.0 655
1712236202285 99.0 656
1712236212380 99.0 657
1712236222476 99.0 658
1712236232578 99.0 659
1712236242674 99.0 660
1712236252773 99.0 661
1712236262867 99.0 662
1712236272959 99.0 663
1712236283061 99.0 664
1712236293160 99.0 665
1712236303285 99.0 666
1712236313388 99.0 667
1712236323495 99.0 668
1712236333649 99.0 669
1712236343764 99.0 670
1712236353876 99.0 671
1712236363975 99.0 672
1712236374080 99.0 673
1712236384206 99.0 674
1712236394300 99.0 675
1712236404406 99.0 676
1712236414513 99.0 677
1712236424639 95.0 678
1712236434731 99.0 679
1712236444832 99.0 680
1712236454923 99.0 681
1712236465016 99.0 682
1712236475115 99.0 683
1712236485214 99.0 684
1712236495319 99.0 685
1712236505420 99.0 686
1712236515514 99.0 687
1712236525645 99.0 688
1712236535744 99.0 689
1712236545860 0.0 690
1712236555970 0.0 691
1712236566069 90.0 692
1712236576169 100.0 693
1712236586270 99.0 694
1712236596371 100.0 695
1712236606473 100.0 696
1712236616582 99.0 697
1712236626671 99.0 698
1712236636762 100.0 699
1712236646866 100.0 700
1712236656972 100.0 701
1712236667076 99.0 702
1712236677175 100.0 703
1712236687277 100.0 704
1712236697376 100.0 705
1712236707494 100.0 706
1712236717617 100.0 707
1712236727859 0.0 708
1712236737985 0.0 709
1712236748062 0.0 710
