1712229576657 0.0 0
1712229586741 0.1747029999987717 1
1712229596854 0.24681199999940873 2
1712229606941 1.5150229999999283 3
1712229617011 1.5754379999998491 4
1712229627090 1.592971000000034 5
1712229637170 1.60464200000024 6
1712229647253 1.9007849999998143 7
1712229657316 2.052390999999261 8
1712229667389 2.083309999999983 9
1712229677490 2.0899869999993825 10
1712229687585 2.0916870000000927 11
1712229697659 2.0954430000001594 12
1712229707751 2.1214170000002923 13
1712229717830 2.1324509999994916 14
1712229727908 2.138774999999441 15
1712229738005 2.1660979999996925 16
1712229748093 2.1775719999986904 17
1712229758184 2.192306999999346 18
1712229768273 2.1983779999991384 19
1712229778340 2.208279999998922 20
1712229788422 2.2146620000003168 21
1712229798491 2.2205979999998817 22
1712229808574 2.22174399999858 23
1712229818654 2.2224889999997686 24
1712229828722 2.2660959999993793 25
1712229838797 2.2677979999989475 26
1712229848891 2.2691689999992377 27
1712229858957 2.2834969999985333 28
1712229869038 2.2842519999994693 29
1712229879107 2.289785999999367 30
1712229889175 2.3148179999989225 31
1712229899251 2.3244489999997313 32
1712229909327 2.3334039999990637 33
1712229919403 2.3405129999991914 34
1712229929474 2.3495069999989937 35
1712229939557 2.350624999999127 36
1712229949634 2.369305999998687 37
1712229959718 2.378553999998985 38
1712229969792 2.4011329999993904 39
1712229979890 2.407789999999295 40
1712229989971 2.409732999998596 41
1712230000049 2.4159010000003036 42
1712230010130 2.4226269999999204 43
1712230020203 2.4490809999988414 44
1712230030291 2.465328000000227 45
1712230040382 2.470814000000246 46
1712230050464 2.4881519999999 47
1712230060532 2.496127999998862 48
1712230070619 2.5037199999987934 49
1712230080708 2.5056599999988975 50
1712230090783 2.5106349999987287 51
1712230100855 2.5212350000001607 52
1712230110931 2.522365999999238 53
1712230121009 2.525330999998914 54
1712230131085 2.533269999999902 55
1712230141167 2.5365160000001197 56
1712230151247 2.541321999999127 57
1712230161321 2.5508049999989453 58
1712230171406 2.551929999999629 59
1712230181493 2.552600999999413 60
1712230191584 2.560872999998537 61
1712230201662 2.56173200000012 62
1712230211754 2.566847999998572 63
1712230221826 2.5707079999992857 64
1712230231913 2.5750349999998434 65
1712230241983 2.6257040000000416 66
1712230252065 2.684505999999601 67
1712230262167 2.811388000000079 68
1712230272248 2.902184999999008 69
1712230282334 2.9040709999990213 70
1712230292411 2.9142529999990074 71
1712230302484 2.92432799999915 72
1712230312582 2.9678549999989627 73
1712230322665 6.516867999998794 74
1712230332766 11.967767000000094 75
1712230342841 14.98120899999958 76
1712230352915 16.470825000000332 77
1712230362998 17.46201899999869 78
1712230373094 18.661753999998837 79
1712230383221 19.475100999999995 80
1712230393300 20.404434999998557 81
1712230403372 21.35696899999857 82
1712230413469 22.009831999999733 83
1712230423553 22.681907999998657 84
1712230433637 23.58738799999992 85
1712230443717 24.3205710000002 86
1712230453809 24.387737999999445 87
1712230463892 24.39842999999928 88
1712230473994 24.404452999999194 89
1712230484070 24.415584999998828 90
1712230494156 24.431579999998576 91
1712230504246 24.4495369999986 92
1712230514319 24.50360499999988 93
1712230524413 24.50854199999958 94
1712230534503 24.522571999999855 95
1712230544590 31.70711299999857 96
1712230554690 33.205393999998705 97
1712230564780 33.77098699999988 98
1712230574863 34.36731899999904 99
1712230584946 34.98548800000026 100
1712230595028 35.95985499999915 101
1712230605108 36.53124099999877 102
1712230615196 37.19947899999897 103
1712230625286 37.65816900000027 104
1712230635387 38.79978299999857 105
1712230645461 39.74838499999896 106
1712230655542 40.547551999999996 107
1712230665636 41.192447999999786 108
1712230675709 41.81192699999883 109
1712230685782 42.42166299999917 110
1712230695867 43.11265800000001 111
1712230705947 44.02656399999978 112
1712230716036 44.77195099999881 113
1712230726137 45.49007399999937 114
1712230736241 46.13731999999982 115
1712230746323 46.777046999999584 116
1712230756397 47.6772949999995 117
1712230766478 48.2181389999987 118
1712230776554 48.82105799999954 119
1712230786637 49.50605999999971 120
1712230796728 50.155391999998756 121
1712230806831 51.34399499999927 122
1712230816924 52.441853999998784 123
1712230827013 53.32350899999983 124
1712230837118 54.029287999999724 125
1712230847203 54.81984199999897 126
1712230857287 55.64545299999918 127
1712230867378 56.35262599999987 128
1712230877461 57.086316999999326 129
1712230887544 58.02444300000025 130
1712230897639 58.939102000000275 131
1712230907724 59.6647269999994 132
1712230917801 60.35468299999957 133
1712230927887 61.32290399999874 134
1712230937959 62.249432999999044 135
1712230948042 62.9815239999989 136
1712230958125 63.76055300000007 137
1712230968226 64.50884299999962 138
1712230978315 65.22712599999977 139
1712230988392 66.15317499999946 140
1712230998505 66.16883699999926 141
1712231008596 66.17126599999938 142
1712231018812 66.18401900000026 143
1712231028911 66.20545099999981 144
1712231039002 69.44246999999996 145
1712231049124 71.21994499999892 146
1712231059232 72.37224199999946 147
1712231069311 72.80380999999943 148
1712231079386 73.44410099999914 149
1712231089488 74.21325599999909 150
1712231099577 74.86387599999944 151
1712231109680 75.48855000000003 152
1712231119766 76.23153499999898 153
1712231129867 76.92453399999977 154
1712231139968 77.6686950000003 155
1712231150056 78.76171699999941 156
1712231160133 79.45120399999905 157
1712231170231 82.44549099999858 158
1712231180316 85.04446800000005 159
1712231190398 85.95360999999866 160
1712231200490 86.53931999999986 161
1712231210575 87.04545499999949 162
1712231220660 87.62207999999919 163
1712231230740 88.23822999999902 164
1712231240848 88.81585799999993 165
1712231250951 89.4984289999993 166
1712231261044 90.0230849999989 167
1712231271133 94.06624399999964 168
1712231281223 106.81855299999916 169
1712231291313 110.75692799999888 170
1712231301394 113.98388599999998 171
1712231311486 114.57135899999957 172
1712231321575 115.04877899999883 173
1712231331656 131.42042500000025 174
1712231341738 142.2413089999991 175
1712231351851 145.60376799999904 176
1712231361948 145.71468800000002 177
1712231372040 145.73770700000023 178
1712231382118 149.12704399999893 179
1712231392204 161.8623459999999 180
1712231402293 163.63466799999878 181
1712231412392 179.06061500000033 182
1712231422485 182.47336199999882 183
1712231432568 188.14675499999976 184
1712231442668 202.93790699999954 185
1712231452755 203.83680099999947 186
1712231462848 203.8625780000002 187
1712231472949 203.99336500000027 188
1712231483033 204.9526019999994 189
1712231493132 206.0596429999987 190
1712231503225 211.30032199999914 191
1712231513329 213.1376369999998 192
1712231523410 213.1398649999992 193
1712231533502 213.1478389999993 194
1712231543590 213.1532790000001 195
1712231553683 213.17198199999984 196
1712231563790 213.18463399999928 197
1712231573871 213.20053199999893 198
1712231583951 213.20430999999917 199
1712231594030 216.04433900000004 200
1712231604117 218.85883399999875 201
1712231614209 220.14607799999976 202
1712231624291 220.74930799999856 203
1712231634381 221.26017799999863 204
1712231644471 221.8616869999987 205
1712231654503 222.56288399999903 206
1712231664598 223.11035399999855 207
1712231674631 223.93380400000024 208
1712231684677 224.51439199999913 209
1712231694759 225.0777309999994 210
1712231704846 225.68101099999876 211
1712231714925 226.15975499999877 212
1712231725013 226.2091760000003 213
1712231735099 227.0923759999987 214
1712231745184 227.80796199999895 215
1712231755274 228.23241499999858 216
1712231765366 228.58231999999953 217
1712231775465 228.61093699999947 218
1712231785546 228.61754699999983 219
1712231795642 228.6271289999986 220
1712231805738 228.63500999999997 221
1712231815830 228.63686299999972 222
1712231825915 228.64184099999875 223
1712231836002 228.65106599999854 224
1712231846097 228.65161199999966 225
1712231856190 228.66935199999898 226
1712231866282 236.02653199999986 227
1712231876364 236.120277 228
1712231886457 238.3170259999988 229
1712231896559 242.56350699999894 230
1712231906651 244.28838199999882 231
1712231916755 244.73798299999908 232
1712231926845 245.35941399999865 233
1712231936936 245.96310300000005 234
1712231947047 246.51551599999948 235
1712231957135 247.23247499999889 236
1712231967256 247.98205099999905 237
1712231977348 248.62627099999918 238
1712231987435 249.22444600000017 239
1712231997523 249.82398300000023 240
1712232007624 250.5851709999988 241
1712232017764 251.01023199999872 242
1712232027866 251.48278299999947 243
1712232037945 252.50867800000015 244
1712232048028 253.02551700000004 245
1712232058140 253.59427099999994 246
1712232068248 254.30357600000025 247
1712232078330 254.9157839999989 248
1712232088422 255.3128969999998 249
1712232098510 255.71614099999897 250
1712232108590 256.069019999999 251
1712232118681 256.70017799999914 252
1712232128777 257.19718399999874 253
1712232138853 257.6871879999999 254
1712232148939 258.22041699999863 255
1712232159051 261.0683369999988 256
1712232169142 265.71020099999987 257
1712232179239 268.372695 258
1712232189338 269.49720799999886 259
1712232199456 269.9880489999996 260
1712232209559 270.03767199999857 261
1712232219661 270.05823599999894 262
1712232229778 270.07648399999925 263
1712232239878 270.0960560000003 264
1712232249990 270.0995869999988 265
1712232260102 270.1104779999987 266
1712232270208 270.2225299999991 267
1712232280314 273.7500849999997 268
1712232290412 279.55812700000024 269
1712232300521 279.66402599999856 270
1712232310636 279.71270299999924 271
1712232320744 282.27906299999995 272
1712232330854 282.8688779999993 273
1712232340964 282.98069399999986 274
1712232351073 283.0543379999999 275
1712232361178 283.0918750000001 276
1712232371286 283.10635600000023 277
1712232381389 286.5982649999987 278
1712232391496 287.733483 279
1712232401600 294.7905039999987 280
1712232411705 301.81737299999986 281
1712232421834 305.75589299999956 282
1712232431947 307.20100099999945 283
1712232442063 308.4955059999993 284
1712232452282 309.7278639999986 285
1712232462401 311.630611999999 286
1712232472519 313.86245400000007 287
1712232482634 315.1610709999986 288
1712232492793 315.5959700000003 289
1712232502930 318.3936510000003 290
1712232513031 321.1969969999991 291
1712232523133 321.3028809999996 292
1712232533229 321.3860910000003 293
1712232543342 321.84630300000026 294
1712232553453 323.43204700000024 295
1712232563556 325.16201199999887 296
1712232573673 325.20969199999854 297
1712232583781 330.0051739999999 298
1712232593895 332.3238939999992 299
1712232604010 334.77290399999947 300
1712232614107 334.77781799999866 301
1712232624220 339.392550999999 302
1712232634325 343.0960749999995 303
1712232644437 349.37562699999944 304
1712232654548 354.3262109999996 305
1712232664660 355.2850949999993 306
1712232674821 356.6630580000001 307
1712232684880 369.85020599999916 308
1712232694953 376.85382799999934 309
1712232705058 378.46079800000007 310
1712232715096 379.5549979999996 311
1712232725211 381.1984059999995 312
1712232735316 382.2972059999993 313
1712232745434 383.24520999999913 314
1712232755537 384.12430799999856 315
1712232765629 384.9838779999991 316
1712232775731 385.6987570000001 317
1712232785816 386.9325259999987 318
1712232795912 388.02932599999986 319
1712232805997 400.6534240000001 320
1712232816089 414.0633579999994 321
1712232826173 414.0674659999986 322
1712232836258 415.4089640000002 323
1712232846354 417.56780699999945 324
1712232856434 418.90789699999914 325
1712232866527 423.42080299999907 326
1712232876616 424.8385849999995 327
1712232886701 424.85203 328
1712232896782 433.9924059999994 329
1712232906865 444.62029900000016 330
1712232916947 447.26666699999987 331
1712232927043 449.3060319999986 332
1712232937136 451.17064199999913 333
1712232947222 456.52768899999865 334
1712232957310 464.2224900000001 335
1712232967408 466.10359999999855 336
1712232977493 466.10693399999946 337
1712232987585 466.13050699999985 338
1712232997679 466.14373199999864 339
1712233007770 466.1956289999998 340
1712233017858 466.2198329999992 341
1712233027956 466.23345899999913 342
1712233038041 466.2356600000003 343
1712233048121 466.2447919999995 344
1712233058216 466.27165499999865 345
1712233068314 466.2891380000001 346
1712233078350 466.32460100000026 347
1712233088450 475.0141449999992 348
1712233098486 480.49391899999864 349
1712233108581 480.53681700000016 350
1712233118668 480.5543149999994 351
1712233128762 482.9307829999998 352
1712233138863 490.36308199999985 353
1712233148959 503.069782999999 354
1712233159049 515.7625589999989 355
1712233169150 519.7334149999988 356
1712233179252 522.2541590000001 357
1712233189336 526.1251199999988 358
1712233199432 527.7859479999988 359
1712233209527 529.3018069999998 360
1712233219614 533.3493899999994 361
1712233229706 533.3790469999985 362
1712233239796 534.0493819999992 363
1712233249887 536.5537109999987 364
1712233259978 537.9279859999988 365
1712233270064 537.9451649999992 366
1712233280147 539.0023979999987 367
1712233290251 540.2676789999987 368
1712233300344 540.5932379999995 369
1712233310429 547.0672479999994 370
1712233320469 551.4049529999993 371
1712233330563 551.5709599999991 372
1712233340621 552.5667439999997 373
1712233350729 556.2711959999997 374
1712233360824 556.3920309999994 375
1712233370924 556.4871309999999 376
1712233380956 556.534717999999 377
1712233391064 556.5874299999996 378
1712233401151 556.6914149999993 379
1712233411244 556.7923389999996 380
1712233421334 556.8905159999995 381
1712233431454 557.0527039999997 382
1712233441552 557.1941379999989 383
1712233451651 557.3381699999991 384
1712233461752 557.5414490000003 385
1712233471851 557.6187379999992 386
1712233481935 557.7273479999985 387
1712233492024 557.8782570000003 388
1712233502118 558.0045489999993 389
1712233512217 558.0855909999991 390
1712233522324 558.1817719999999 391
1712233532419 558.3511209999997 392
1712233542516 558.4749759999995 393
1712233552604 558.5967909999999 394
1712233562700 558.7299719999992 395
1712233572794 558.849236 396
1712233582889 559.0019059999995 397
1712233592985 559.1327529999999 398
1712233603095 559.2702669999999 399
1712233613178 559.4316769999987 400
1712233623270 559.5792279999987 401
1712233633368 559.724619999999 402
1712233643473 559.8688029999994 403
1712233653575 560.038779999999 404
1712233663668 560.1699759999992 405
1712233673767 560.3118749999994 406
1712233683860 560.4542339999989 407
1712233693949 560.5661380000001 408
1712233704053 560.698543999999 409
1712233714144 560.7779579999988 410
1712233724230 560.8573239999987 411
1712233734322 561.004977999999 412
1712233744413 561.1465059999991 413
1712233754529 561.2726359999997 414
1712233764750 561.3874689999993 415
1712233774858 561.553883999999 416
1712233784953 561.638778999999 417
1712233795051 561.7223779999986 418
1712233805137 561.8403639999997 419
1712233815244 561.9891740000003 420
1712233825343 562.119627 421
1712233835384 562.2291919999989 422
1712233845481 562.3371769999994 423
1712233855607 562.462234999999 424
1712233865689 565.5874050000002 425
1712233875933 568.0078229999999 426
1712233886178 568.0822040000003 427
1712233896291 570.6529859999991 428
1712233906392 572.7761259999988 429
1712233916494 573.2309119999991 430
1712233926602 575.8324080000002 431
1712233936702 586.3359239999991 432
1712233946796 590.1458750000002 433
1712233956898 596.6373809999986 434
1712233967005 599.1893579999996 435
1712233977109 607.6810829999995 436
1712233987227 621.8344839999991 437
1712233997324 626.3977340000001 438
1712234007437 626.4138029999995 439
1712234017541 626.4164799999999 440
1712234027637 628.8316089999989 441
1712234037767 633.448226999999 442
1712234047884 633.6628869999986 443
1712234058006 635.9012439999988 444
1712234068121 638.2265399999997 445
1712234078241 638.2484059999988 446
1712234088359 638.3334239999986 447
1712234098478 647.1854329999987 448
1712234108600 655.8749209999987 449
1712234118714 656.0222109999995 450
1712234128835 656.0539489999992 451
1712234138950 658.6254819999995 452
1712234149066 663.0559479999993 453
1712234159176 663.0619379999989 454
1712234169303 663.0707050000001 455
1712234179427 664.4710869999999 456
1712234189539 664.5546409999988 457
1712234199676 668.1655769999998 458
1712234209796 668.934792 459
1712234219926 669.0528259999992 460
1712234230038 669.3730009999999 461
1712234240159 683.9589509999987 462
1712234250275 697.513508 463
1712234260403 709.5404429999999 464
1712234270529 720.6722879999998 465
1712234280655 727.0143239999998 466
1712234290772 739.4655709999988 467
1712234300893 743.0447590000003 468
1712234311003 743.1801450000003 469
1712234321119 743.2015940000001 470
1712234331240 743.2148899999993 471
1712234341357 743.2573499999999 472
1712234351471 743.2867079999996 473
1712234361602 743.3014389999989 474
1712234371664 747.1191859999999 475
1712234381713 750.6188939999993 476
1712234391834 750.6654799999997 477
1712234401953 750.6891070000001 478
1712234412078 751.0440659999986 479
1712234422197 755.3044890000001 480
1712234432318 765.150975999999 481
1712234442444 766.5707419999999 482
1712234452562 766.6030219999993 483
1712234462688 766.6213049999988 484
1712234472801 767.7823040000003 485
1712234482928 767.7988549999991 486
1712234493049 769.0795949999992 487
1712234503172 769.5551989999985 488
1712234513287 772.598899999999 489
1712234523409 772.9563719999987 490
1712234533532 773.0082129999992 491
1712234543643 773.035844 492
1712234554409 778.3072169999996 493
1712234564535 790.1425309999995 494
1712234574652 793.1098239999992 495
1712234584763 794.2983599999989 496
1712234594872 796.1505029999989 497
1712234604992 796.2493379999996 498
1712234615110 796.2583729999988 499
1712234625225 802.3666809999995 500
1712234635312 810.0998479999998 501
1712234645411 810.7257919999993 502
1712234655510 810.9885969999996 503
1712234665617 813.0767909999995 504
1712234675720 816.5379780000003 505
1712234685814 816.700519 506
1712234695901 816.8255119999994 507
1712234705995 818.6257960000003 508
1712234716101 819.5635579999998 509
1712234726195 819.7402739999998 510
1712234736289 819.8285359999991 511
1712234746394 819.8567009999988 512
1712234756486 820.0341289999997 513
1712234766575 820.1474909999997 514
1712234776674 820.1999159999996 515
1712234786776 820.2489229999992 516
1712234796867 820.272825 517
1712234806954 820.2868179999987 518
1712234817044 820.2984390000001 519
1712234827137 820.4022939999995 520
1712234837233 820.5316169999987 521
1712234847321 820.69319 522
1712234857421 820.8339660000001 523
1712234867505 820.9917929999992 524
1712234877605 821.1635580000002 525
1712234887708 821.2633289999994 526
1712234897797 821.3866330000001 527
1712234907903 821.4871969999986 528
1712234917992 821.6247739999999 529
1712234928107 821.780381999999 530
1712234938203 821.8765370000001 531
1712234948297 821.972581 532
1712234958385 822.122981999999 533
1712234968481 822.2844519999999 534
1712234978585 824.1772039999996 535
1712234988686 824.3161279999986 536
1712234998781 824.4614160000001 537
1712235008875 824.6131519999999 538
1712235018964 824.7534829999986 539
1712235029069 824.90906 540
1712235039165 825.0617349999993 541
1712235049255 825.2092940000002 542
1712235059356 825.3699049999996 543
1712235069452 825.5238769999996 544
1712235079541 825.6354039999987 545
1712235089638 825.7119989999992 546
1712235099746 825.8339539999997 547
1712235109848 825.9563399999988 548
1712235119946 826.0842919999996 549
1712235130083 826.1542829999999 550
1712235140180 826.2480839999989 551
1712235150310 826.4130069999992 552
1712235160429 826.5274559999998 553
1712235170529 826.6062279999987 554
1712235180636 826.7036639999988 555
1712235190751 826.8580000000002 556
1712235200861 826.9742609999994 557
1712235210968 827.1115129999998 558
1712235221068 827.2380359999988 559
1712235231167 827.4352369999997 560
1712235241276 827.5126319999999 561
1712235251385 827.5957729999991 562
1712235261505 827.713683 563
1712235271609 827.833118999999 564
1712235281717 827.999624 565
1712235291853 828.1729259999993 566
1712235301997 828.2940989999988 567
1712235312127 828.3832439999987 568
1712235322261 828.4668810000003 569
1712235332363 828.6375329999992 570
1712235343282 828.8382970000002 571
1712235353389 828.9287449999993 572
1712235363505 829.012772 573
1712235373636 829.1135889999987 574
1712235383740 829.2526129999987 575
1712235393864 829.3950659999991 576
1712235403994 829.5477190000001 577
1712235414112 829.6985949999998 578
1712235424256 829.8138600000002 579
1712235434307 829.9132950000003 580
1712235444393 829.931086999999 581
1712235454536 830.072995999999 582
1712235464675 830.2104409999993 583
1712235474808 830.275341999999 584
1712235484944 830.3072249999987 585
1712235495013 830.368328999999 586
1712235505122 830.413978999999 587
1712235515229 830.6375169999992 588
1712235525345 830.711460999999 589
1712235535435 830.7825499999999 590
1712235545579 831.0702779999992 591
1712235555702 831.5948509999998 592
1712235565748 831.7716299999993 593
1712235575856 831.9121450000002 594
1712235585959 832.1085000000003 595
1712235596055 832.2804930000002 596
1712235606161 832.4687489999997 597
1712235616257 832.5926659999986 598
1712235626347 832.7663069999999 599
1712235636435 832.9746939999986 600
1712235646529 833.1466979999987 601
1712235656623 833.3110149999993 602
1712235666727 833.4459470000002 603
1712235676839 833.5516019999995 604
1712235686940 833.7557099999995 605
1712235697034 833.9274429999987 606
1712235707127 834.0420720000002 607
1712235717231 834.151593999999 608
1712235727341 834.3161629999995 609
1712235737437 834.4771509999991 610
1712235747539 834.6612889999997 611
1712235757641 834.7748940000001 612
1712235767741 834.8828789999989 613
1712235777854 835.0169389999992 614
1712235787953 835.2042979999987 615
1712235798067 835.3438979999992 616
1712235808163 835.5193139999992 617
1712235818266 835.6845359999988 618
1712235828369 835.8744850000003 619
1712235838469 836.067767999999 620
1712235848571 836.2290990000001 621
1712235858669 836.4249970000001 622
1712235868780 836.5732119999993 623
1712235878885 836.7447769999999 624
1712235888988 836.9370989999989 625
1712235899102 837.1156739999988 626
1712235909207 837.2402979999988 627
1712235919303 837.4033019999988 628
1712235929406 837.5782629999994 629
1712235939503 837.6914899999992 630
1712235949623 837.9002009999986 631
1712235959728 838.0238599999993 632
1712235969832 838.170521 633
1712235979934 838.3424809999997 634
1712235990022 838.5041439999986 635
1712236000118 838.5871580000003 636
1712236010229 838.7096439999987 637
1712236020334 838.8337869999996 638
1712236030434 844.2207989999988 639
1712236040532 844.2801060000002 640
1712236050628 845.2825859999994 641
1712236060669 845.3062950000003 642
1712236070717 845.411994 643
1712236080821 845.4519069999988 644
1712236090935 848.7367560000002 645
1712236101344 853.4988439999997 646
1712236111431 855.6308989999998 647
1712236121524 856.3857289999996 648
1712236131621 856.9318149999999 649
1712236141709 857.5362609999993 650
1712236151803 858.2348719999991 651
1712236161913 858.5902539999988 652
1712236172009 858.9824599999993 653
1712236182102 859.384501999999 654
1712236192193 860.6345009999986 655
1712236202285 861.6957299999995 656
1712236212380 862.3602929999997 657
1712236222476 862.8907490000001 658
1712236232578 863.6057029999993 659
1712236242674 864.1200439999993 660
1712236252773 864.7422839999999 661
1712236262867 865.1002179999996 662
1712236272959 866.7340939999995 663
1712236283061 868.2411579999989 664
1712236293160 868.3929399999997 665
1712236303285 868.418431 666
1712236313388 868.4603699999989 667
1712236323495 868.4884959999999 668
1712236333649 868.5338709999996 669
1712236343764 868.5616239999999 670
1712236353876 868.9219729999986 671
1712236363975 869.0569539999997 672
1712236374080 873.483565999999 673
1712236384206 873.5689169999987 674
1712236394300 876.6838889999999 675
1712236404406 876.7208769999997 676
1712236414513 876.7814469999994 677
1712236424639 876.8003539999991 678
1712236434731 876.817047999999 679
1712236444832 876.8596550000002 680
1712236454923 876.8758010000001 681
1712236465016 876.9092189999992 682
1712236475115 876.9407629999987 683
1712236485214 876.9621179999995 684
1712236495319 877.0142599999999 685
1712236505420 877.0522949999995 686
1712236515514 877.0763799999986 687
1712236525645 877.0907709999992 688
1712236535744 877.1077859999987 689
1712236545860 877.1291060000003 690
1712236555970 877.1678620000002 691
1712236566069 877.200562 692
1712236576169 877.2316350000001 693
1712236586270 877.2664580000001 694
1712236596371 877.3004540000002 695
1712236606473 877.3217189999996 696
1712236616582 877.3622130000003 697
1712236626671 877.3930359999995 698
1712236636762 877.4171119999992 699
1712236646866 877.4506249999995 700
1712236656972 877.4718639999992 701
1712236667076 877.5025580000001 702
1712236677175 877.5901099999992 703
1712236687277 877.6361189999989 704
1712236697376 877.6623380000001 705
1712236707494 877.6915469999985 706
1712236717617 877.7125660000002 707
1712236727859 877.7470389999999 708
1712236737985 877.7848599999998 709
1712236748062 877.8459249999996 710
