1712229576657 0.0 0
1712229586741 0.18214099999750033 1
1712229596854 0.29125399999975343 2
1712229606941 1.573023999997531 3
1712229617011 1.6695499999987078 4
1712229627090 1.707033999999112 5
1712229637170 1.7427499999976135 6
1712229647253 2.0585169999976642 7
1712229657316 2.287931999999273 8
1712229667389 2.3308259999976144 9
1712229677490 2.355084999999235 10
1712229687585 2.3849200000004203 11
1712229697659 2.411447999998927 12
1712229707751 2.7143099999993865 13
1712229717830 2.7484110000004875 14
1712229727908 2.78372699999818 15
1712229738005 2.8498899999976857 16
1712229748093 2.8877009999996517 17
1712229758184 2.939908000000287 18
1712229768273 2.97894499999893 19
1712229778340 3.0132009999979346 20
1712229788422 3.042696000000433 21
1712229798491 3.0680990000000747 22
1712229808574 3.087032999999792 23
1712229818654 3.1027439999998023 24
1712229828722 3.1647889999985637 25
1712229838797 3.1761349999978847 26
1712229848891 3.186706000000413 27
1712229858957 3.219130999998015 28
1712229869038 3.2396850000004633 29
1712229879107 3.2645379999994475 30
1712229889175 3.320969000000332 31
1712229899251 3.3531939999993483 32
1712229909327 3.371257999999216 33
1712229919403 3.4021319999992556 34
1712229929474 3.4369299999998475 35
1712229939557 3.4455979999984265 36
1712229949634 3.493735000000015 37
1712229959718 3.5187669999977516 38
1712229969792 3.5850609999979497 39
1712229979890 3.605415999998513 40
1712229989971 3.6234089999998105 41
1712230000049 3.6464539999979024 42
1712230010130 3.6669979999969655 43
1712230020203 3.713216000000102 44
1712230030291 3.732598999999027 45
1712230040382 3.751643999999942 46
1712230050464 4.334705999997823 47
1712230060532 4.37141899999915 48
1712230070619 4.386706999997841 49
1712230080708 4.426626000000397 50
1712230090783 4.46241199999713 51
1712230100855 4.4939159999994445 52
1712230110931 4.505213999997068 53
1712230121009 4.518778999998176 54
1712230131085 4.543688999998267 55
1712230141167 4.557989999997517 56
1712230151247 4.572990999997273 57
1712230161321 4.6021789999977045 58
1712230171406 4.6212239999986195 59
1712230181493 4.636671000000206 60
1712230191584 4.662047999998322 61
1712230201662 4.678305999997974 62
1712230211754 4.695824999998877 63
1712230221826 4.721343999997771 64
1712230231913 4.7465269999993325 65
1712230241983 4.810150999997859 66
1712230252065 4.914139000000432 67
1712230262167 5.136929000000237 68
1712230272248 5.239599999997154 69
1712230282334 5.252070999998978 70
1712230292411 5.300575999997818 71
1712230302484 5.325798999998369 72
1712230312582 5.377208999998402 73
1712230322665 8.939199000000372 74
1712230332766 14.400155999999697 75
1712230342841 17.4247269999978 76
1712230352915 18.92618399999992 77
1712230362998 19.953326999999263 78
1712230373094 21.171661000000313 79
1712230383221 22.002293999998074 80
1712230393300 22.957268999998632 81
1712230403372 23.92736800000057 82
1712230413469 24.60062900000048 83
1712230423553 25.345210999999836 84
1712230433637 26.289464999998017 85
1712230443717 27.020215999997163 86
1712230453809 27.111315999998624 87
1712230463892 27.13798499999757 88
1712230473994 27.163993999998638 89
1712230484070 27.18394199999966 90
1712230494156 27.21792699999787 91
1712230504246 27.248523999998724 92
1712230514319 27.314784999998665 93
1712230524413 27.330273999999918 94
1712230534503 27.36385899999732 95
1712230544590 34.57225599999947 96
1712230554690 36.06761499999993 97
1712230564780 36.65054699999746 98
1712230574863 37.25368499999968 99
1712230584946 37.88339499999711 100
1712230595028 38.886844999997265 101
1712230605108 39.471575999999914 102
1712230615196 40.16918199999782 103
1712230625286 40.70462899999984 104
1712230635387 41.760544999997364 105
1712230645461 42.72158800000034 106
1712230655542 43.53459699999803 107
1712230665636 44.198222999999416 108
1712230675709 44.82403399999748 109
1712230685782 45.432315999998536 110
1712230695867 46.13266099999964 111
1712230705947 47.05539800000042 112
1712230716036 47.80941499999972 113
1712230726137 48.5371899999991 114
1712230736241 49.191249999999854 115
1712230746323 49.83687699999791 116
1712230756397 50.74507399999857 117
1712230766478 51.29387999999744 118
1712230776554 51.90596699999878 119
1712230786637 52.603502999998454 120
1712230796728 53.26245299999937 121
1712230806831 54.464625999997224 122
1712230816924 55.571390999997675 123
1712230827013 56.46620699999767 124
1712230837118 57.178037999998196 125
1712230847203 57.981663999999 126
1712230857287 58.82042100000035 127
1712230867378 59.533268999999564 128
1712230877461 60.277742999998736 129
1712230887544 61.22758199999953 130
1712230897639 62.15376099999776 131
1712230907724 62.890543999998044 132
1712230917801 63.58863500000007 133
1712230927887 64.56638000000021 134
1712230937959 65.5029969999996 135
1712230948042 66.24783599999864 136
1712230958125 67.04662499999904 137
1712230968226 67.80855299999894 138
1712230978315 68.53467399999863 139
1712230988392 69.47258299999885 140
1712230998505 69.50368099999832 141
1712231008596 69.52961800000048 142
1712231018812 69.5724799999989 143
1712231028911 69.62990299999728 144
1712231039002 72.87690999999904 145
1712231049124 74.6711699999978 146
1712231059232 75.85797099999763 147
1712231069311 76.30337199999849 148
1712231079386 76.95766499999809 149
1712231089488 77.75312699999995 150
1712231099577 78.41006199999902 151
1712231109680 79.04353499999706 152
1712231119766 79.81295899999895 153
1712231129867 80.53103699999701 154
1712231139968 81.28945100000055 155
1712231150056 82.42570100000012 156
1712231160133 83.10511899999983 157
1712231170231 86.11714299999949 158
1712231180316 88.72293499999796 159
1712231190398 89.65278000000035 160
1712231200490 90.24552799999947 161
1712231210575 90.76372400000037 162
1712231220660 91.34830599999987 163
1712231230740 91.97417099999802 164
1712231240848 92.55867699999726 165
1712231250951 93.25788399999874 166
1712231261044 93.80806699999812 167
1712231271133 97.87483799999973 168
1712231281223 110.6221779999978 169
1712231291313 114.56979800000045 170
1712231301394 117.8055609999974 171
1712231311486 118.40442400000029 172
1712231321575 118.89919599999848 173
1712231331656 135.28707399999985 174
1712231341738 146.10774899999888 175
1712231351851 149.49653299999773 176
1712231361948 149.63781999999992 177
1712231372040 149.69463499999983 178
1712231382118 153.10175199999867 179
1712231392204 165.85780899999736 180
1712231402293 167.65539200000057 181
1712231412392 183.11519599999883 182
1712231422485 186.53915099999722 183
1712231432568 192.2326409999987 184
1712231442668 207.04541099999915 185
1712231452755 207.9724959999985 186
1712231462848 208.0499409999975 187
1712231472949 208.19796099999803 188
1712231483033 209.17338599999857 189
1712231493132 210.2979009999981 190
1712231503225 215.54752499999813 191
1712231513329 217.39841799999704 192
1712231523410 217.41326899999694 193
1712231533502 217.43644399999903 194
1712231543590 217.45359800000006 195
1712231553683 217.47982599999887 196
1712231563790 217.51639799999975 197
1712231573871 217.5527430000002 198
1712231583951 217.5852309999973 199
1712231594030 220.4389489999994 200
1712231604117 223.40382399999726 201
1712231614209 224.5980989999989 202
1712231624291 225.20971599999757 203
1712231634381 225.7271980000005 204
1712231644471 226.35090999999738 205
1712231654503 227.0595579999972 206
1712231664598 227.6423539999996 207
1712231674631 228.49801099999968 208
1712231684677 229.0725879999991 209
1712231694759 229.63796699999875 210
1712231704846 230.23895300000004 211
1712231714925 230.72198699999717 212
1712231725013 230.77911200000017 213
1712231735099 231.6695980000004 214
1712231745184 232.39401499999803 215
1712231755274 232.83469299999706 216
1712231765366 233.20642899999802 217
1712231775465 233.24391099999775 218
1712231785546 233.25817800000004 219
1712231795642 233.27342099999805 220
1712231805738 233.29185099999813 221
1712231815830 233.30362400000013 222
1712231825915 233.31955299999754 223
1712231836002 233.33762600000045 224
1712231846097 233.34322699999757 225
1712231856190 233.37573399999746 226
1712231866282 240.748814999999 227
1712231876364 240.87640499999907 228
1712231886457 243.09443399999873 229
1712231896559 247.35164099999747 230
1712231906651 249.0888930000001 231
1712231916755 249.54662199999802 232
1712231926845 250.18045399999755 233
1712231936936 250.79323999999906 234
1712231947047 251.3665269999983 235
1712231957135 252.14186499999778 236
1712231967256 252.88477000000057 237
1712231977348 253.5381869999983 238
1712231987435 254.14421599999696 239
1712231997523 254.7531949999975 240
1712232007624 255.55437399999937 241
1712232017764 255.99347699999998 242
1712232027866 256.4753270000001 243
1712232037945 257.5058549999994 244
1712232048028 258.0351090000004 245
1712232058140 258.6270399999994 246
1712232068248 259.3412580000004 247
1712232078330 259.96374300000025 248
1712232088422 260.36912200000006 249
1712232098510 260.7852249999996 250
1712232108590 261.15030999999726 251
1712232118681 261.80357399999775 252
1712232128777 262.3300739999977 253
1712232138853 262.85557999999946 254
1712232148939 263.3989739999997 255
1712232159051 266.2659569999996 256
1712232169142 270.9189159999987 257
1712232179239 273.5922619999983 258
1712232189338 274.7287749999996 259
1712232199456 275.23399199999767 260
1712232209559 275.29891999999745 261
1712232219661 275.33395499999824 262
1712232229778 275.3703999999998 263
1712232239878 275.4241629999997 264
1712232249990 275.45435499999803 265
1712232260102 275.48579099999915 266
1712232270208 275.6099839999988 267
1712232280314 279.1488580000005 268
1712232290412 285.009393999997 269
1712232300521 285.1081290000002 270
1712232310636 285.1718559999972 271
1712232320744 287.7466569999997 272
1712232330854 288.35046599999987 273
1712232340964 288.47107099999994 274
1712232351073 288.55884799999694 275
1712232361178 288.6376799999998 276
1712232371286 288.68930700000055 277
1712232381389 292.19145299999946 278
1712232391496 293.33724900000016 279
1712232401600 300.414080999999 280
1712232411705 307.4612500000003 281
1712232421834 311.403578999998 282
1712232431947 312.8688949999996 283
1712232442063 314.18634699999893 284
1712232452282 315.43308400000024 285
1712232462401 317.37921599999754 286
1712232472519 319.6323279999997 287
1712232482634 320.9439949999978 288
1712232492793 321.40095999999903 289
1712232502930 324.2129279999972 290
1712232513031 327.0532779999994 291
1712232523133 327.17573899999843 292
1712232533229 327.27841199999966 293
1712232543342 327.7442179999998 294
1712232553453 329.3444649999983 295
1712232563556 331.09441399999923 296
1712232573673 331.1698120000001 297
1712232583781 335.97020899999916 298
1712232593895 338.30075600000055 299
1712232604010 340.76365799999985 300
1712232614107 340.79569499999707 301
1712232624220 345.42556599999807 302
1712232634325 349.15118099999745 303
1712232644437 355.44189600000027 304
1712232654548 360.4376799999991 305
1712232664660 361.4075789999988 306
1712232674821 362.80046500000026 307
1712232684880 376.0077839999976 308
1712232694953 383.0211219999983 309
1712232705058 384.64590699999826 310
1712232715096 385.77068999999756 311
1712232725211 387.44673899999907 312
1712232735316 388.5627779999995 313
1712232745434 389.52603799999997 314
1712232755537 390.4322199999988 315
1712232765629 391.33240699999806 316
1712232775731 392.09867499999746 317
1712232785816 393.32852499999717 318
1712232795912 394.457779999997 319
1712232805997 407.13355500000034 320
1712232816089 420.5378419999979 321
1712232826173 420.55245300000024 322
1712232836258 421.90336099999695 323
1712232846354 424.0779349999975 324
1712232856434 425.58390999999756 325
1712232866527 430.0536890000003 326
1712232876616 431.48463999999876 327
1712232886701 431.6768410000004 328
1712232896782 440.982971999998 329
1712232906865 451.47224599999754 330
1712232916947 454.13730999999825 331
1712232927043 456.192200999998 332
1712232937136 458.0636859999977 333
1712232947222 463.4339120000004 334
1712232957310 471.15356899999824 335
1712232967408 473.05328999999983 336
1712232977493 473.0704829999995 337
1712232987585 473.1346749999975 338
1712232997679 473.1626049999977 339
1712233007770 473.24894499999937 340
1712233017858 473.3203809999977 341
1712233027956 473.34936299999754 342
1712233038041 473.36656799999764 343
1712233048121 473.3948769999988 344
1712233058216 473.4706879999976 345
1712233068314 473.52840300000025 346
1712233078350 473.5788079999984 347
1712233088450 482.3091260000001 348
1712233098486 487.8213849999993 349
1712233108581 487.9797469999976 350
1712233118668 488.0373179999988 351
1712233128762 490.45241299999907 352
1712233138863 497.94668999999703 353
1712233148959 510.6315969999996 354
1712233159049 523.366242 355
1712233169150 527.346534999997 356
1712233179252 529.9090789999973 357
1712233189336 533.8120139999992 358
1712233199432 535.4904289999977 359
1712233209527 537.0221969999984 360
1712233219614 541.0777710000002 361
1712233229706 541.1373380000005 362
1712233239796 541.8178039999984 363
1712233249887 544.3426039999977 364
1712233259978 545.732638999998 365
1712233270064 545.7660749999995 366
1712233280147 546.8367440000002 367
1712233290251 548.139858999999 368
1712233300344 548.4979829999975 369
1712233310429 555.0606049999988 370
1712233320469 559.3433609999993 371
1712233330563 559.529846999998 372
1712233340621 560.5770879999982 373
1712233350729 564.2901399999973 374
1712233360824 564.4430890000003 375
1712233370924 564.5589279999986 376
1712233380956 564.6124600000003 377
1712233391064 564.6754729999993 378
1712233401151 564.8041889999986 379
1712233411244 564.9214680000005 380
1712233421334 565.0462269999989 381
1712233431454 565.2306379999973 382
1712233441552 565.3949939999984 383
1712233451651 565.5581609999972 384
1712233461752 565.7876609999985 385
1712233471851 565.8875899999985 386
1712233481935 566.0245249999971 387
1712233492024 566.1850239999985 388
1712233502118 566.3258499999974 389
1712233512217 566.4161769999992 390
1712233522324 566.5343169999978 391
1712233532419 566.7361239999991 392
1712233542516 566.880756999999 393
1712233552604 567.0250439999982 394
1712233562700 567.1834009999984 395
1712233572794 567.3370409999989 396
1712233582889 567.5137089999989 397
1712233592985 567.6771200000003 398
1712233603095 567.8548959999971 399
1712233613178 568.0459200000005 400
1712233623270 568.2108109999972 401
1712233633368 568.3690739999984 402
1712233643473 568.5307589999975 403
1712233653575 568.7459999999992 404
1712233663668 568.8999709999989 405
1712233673767 569.0569749999995 406
1712233683860 569.2078299999994 407
1712233693949 569.3307409999979 408
1712233704053 569.4739009999976 409
1712233714144 569.5631880000001 410
1712233724230 569.6618799999997 411
1712233734322 569.8242409999984 412
1712233744413 569.9743629999975 413
1712233754529 570.1153459999987 414
1712233764750 570.2471850000002 415
1712233774858 570.4273159999975 416
1712233784953 570.5276849999973 417
1712233795051 570.625807999997 418
1712233805137 570.7556869999971 419
1712233815244 570.917588999997 420
1712233825343 571.0613669999984 421
1712233835384 571.180892999997 422
1712233845481 571.320671999998 423
1712233855607 571.479586999998 424
1712233865689 574.6491059999971 425
1712233875933 577.0822179999996 426
1712233886178 577.1959209999986 427
1712233896291 579.7902049999975 428
1712233906392 581.9469589999972 429
1712233916494 582.4359809999987 430
1712233926602 585.0523479999974 431
1712233936702 595.5660629999984 432
1712233946796 599.4056700000001 433
1712233956898 605.9414919999981 434
1712233967005 608.5145209999973 435
1712233977109 617.026543 436
1712233987227 631.1990159999987 437
1712233997324 635.7828789999985 438
1712234007437 635.8110429999979 439
1712234017541 635.8257489999996 440
1712234027637 638.2918360000003 441
1712234037767 642.9409180000002 442
1712234047884 643.1800430000003 443
1712234058006 645.4342099999994 444
1712234068121 647.8019669999994 445
1712234078241 647.8538079999998 446
1712234088359 647.9766139999992 447
1712234098478 656.8360479999974 448
1712234108600 665.5403709999991 449
1712234118714 665.7015250000004 450
1712234128835 665.7487249999976 451
1712234138950 668.3331749999998 452
1712234149066 672.7837039999977 453
1712234159176 672.8247249999986 454
1712234169303 672.8549979999989 455
1712234179427 674.2638189999998 456
1712234189539 674.377196999998 457
1712234199676 678.0079359999982 458
1712234209796 678.8231129999986 459
1712234219926 678.9594990000005 460
1712234230038 679.3203639999992 461
1712234240159 693.8890009999996 462
1712234250275 707.4482580000004 463
1712234260403 719.5385939999978 464
1712234270529 730.6705099999999 465
1712234280655 737.0302859999974 466
1712234290772 749.4953160000005 467
1712234300893 753.0865789999989 468
1712234311003 753.2338849999978 469
1712234321119 753.2724269999999 470
1712234331240 753.3027870000005 471
1712234341357 753.3660799999998 472
1712234351471 753.4027849999984 473
1712234361602 753.4280389999985 474
1712234371664 757.2553889999981 475
1712234381713 760.7549709999985 476
1712234391834 760.8399639999989 477
1712234401953 760.877579 478
1712234412078 761.2458669999978 479
1712234422197 765.5939120000003 480
1712234432318 775.4139350000005 481
1712234442444 776.825123999999 482
1712234452562 776.8885059999993 483
1712234462688 776.9235520000002 484
1712234472801 778.1023779999996 485
1712234482928 778.1296079999993 486
1712234493049 779.4210959999982 487
1712234503172 779.9041309999993 488
1712234513287 782.9637169999987 489
1712234523409 783.3378369999991 490
1712234533532 783.4022939999995 491
1712234543643 783.447064 492
1712234554409 788.7350479999986 493
1712234564535 800.5902859999987 494
1712234574652 803.5607170000003 495
1712234584763 804.7651320000004 496
1712234594872 806.6559409999973 497
1712234604992 806.7708859999984 498
1712234615110 806.810046999999 499
1712234625225 812.9315189999979 500
1712234635312 820.6681349999999 501
1712234645411 821.313009999998 502
1712234655510 821.5912219999991 503
1712234665617 823.693632999999 504
1712234675720 827.1675609999984 505
1712234685814 827.3438009999991 506
1712234695901 827.4824869999975 507
1712234705995 829.2927149999996 508
1712234716101 830.2451469999978 509
1712234726195 830.4353099999971 510
1712234736289 830.5384049999993 511
1712234746394 830.5779019999973 512
1712234756486 830.796875 513
1712234766575 830.918608 514
1712234776674 830.9831059999997 515
1712234786776 831.0537939999995 516
1712234796867 831.093327999999 517
1712234806954 831.1231539999972 518
1712234817044 831.1469259999976 519
1712234827137 831.2605929999991 520
1712234837233 831.4005249999973 521
1712234847321 831.5727219999972 522
1712234857421 831.7204789999996 523
1712234867505 831.9069549999986 524
1712234877605 832.0959029999976 525
1712234887708 832.2157559999978 526
1712234897797 832.3736869999993 527
1712234907903 832.4986690000005 528
1712234917992 832.6509389999992 529
1712234928107 832.8185479999993 530
1712234938203 832.918447 531
1712234948297 833.0132139999987 532
1712234958385 833.1819159999977 533
1712234968481 833.3556439999993 534
1712234978585 835.2712939999983 535
1712234988686 835.4317239999982 536
1712234998781 835.5932179999982 537
1712235008875 835.7699199999988 538
1712235018964 835.9439209999982 539
1712235029069 836.1172269999988 540
1712235039165 836.277184999999 541
1712235049255 836.4285889999992 542
1712235059356 836.6014340000002 543
1712235069452 836.7655169999998 544
1712235079541 836.8933429999997 545
1712235089638 836.9849159999976 546
1712235099746 837.1451559999987 547
1712235109848 837.2794169999979 548
1712235119946 837.4188030000005 549
1712235130083 837.5111969999998 550
1712235140180 837.6227669999971 551
1712235150310 837.8096369999985 552
1712235160429 837.9315260000003 553
1712235170529 838.0351549999978 554
1712235180636 838.1440689999981 555
1712235190751 838.3065529999985 556
1712235200861 838.4388599999984 557
1712235210968 838.5881740000004 558
1712235221068 838.7239079999999 559
1712235231167 838.9354649999987 560
1712235241276 839.0363429999998 561
1712235251385 839.1421649999975 562
1712235261505 839.2740709999998 563
1712235271609 839.4110569999975 564
1712235281717 839.5866580000002 565
1712235291853 839.7713619999995 566
1712235301997 839.8959189999987 567
1712235312127 839.993986999998 568
1712235322261 840.1052280000004 569
1712235332363 840.2860079999991 570
1712235343282 840.5311849999998 571
1712235353389 840.6654359999993 572
1712235363505 840.7724820000003 573
1712235373636 840.8984749999981 574
1712235383740 841.0616799999989 575
1712235393864 841.2221379999974 576
1712235403994 841.3945590000003 577
1712235414112 841.5778299999984 578
1712235424256 841.7022020000004 579
1712235434307 841.816982999997 580
1712235444393 841.8579250000003 581
1712235454536 842.021923999997 582
1712235464675 842.1951999999983 583
1712235474808 842.525190999997 584
1712235484944 842.573881999997 585
1712235495013 842.7232869999971 586
1712235505122 842.8341729999993 587
1712235515229 843.0726549999999 588
1712235525345 843.167888 589
1712235535435 843.2587499999972 590
1712235545579 848.221970999999 591
1712235555702 855.2858019999985 592
1712235565748 855.5869849999981 593
1712235575856 855.724339999997 594
1712235585959 855.9245109999974 595
1712235596055 856.0923519999997 596
1712235606161 856.2720539999973 597
1712235616257 856.4087989999971 598
1712235626347 856.6017839999986 599
1712235636435 856.8255739999986 600
1712235646529 857.005412999999 601
1712235656623 857.1886479999994 602
1712235666727 857.3407359999983 603
1712235676839 857.4534329999988 604
1712235686940 857.6733349999995 605
1712235697034 857.884987999998 606
1712235707127 858.0098929999986 607
1712235717231 858.1391879999974 608
1712235727341 858.3074249999991 609
1712235737437 858.4657879999977 610
1712235747539 858.6792649999988 611
1712235757641 858.7991529999999 612
1712235767741 858.9391209999994 613
1712235777854 859.0956939999996 614
1712235787953 859.2948949999991 615
1712235798067 859.4357820000005 616
1712235808163 859.6170239999992 617
1712235818266 859.804917999998 618
1712235828369 860.0031459999991 619
1712235838469 860.2050920000001 620
1712235848571 860.3822059999984 621
1712235858669 860.5997150000003 622
1712235868780 860.7581959999989 623
1712235878885 860.933474999998 624
1712235888988 861.131738 625
1712235899102 861.3043359999974 626
1712235909207 861.4320289999996 627
1712235919303 861.6101369999997 628
1712235929406 861.8057429999972 629
1712235939503 861.9324839999972 630
1712235949623 862.1632629999986 631
1712235959728 862.2907940000005 632
1712235969832 862.4407140000003 633
1712235979934 862.6136659999975 634
1712235990022 862.8136549999981 635
1712236000118 862.929200999999 636
1712236010229 863.0628199999992 637
1712236020334 863.2037539999983 638
1712236030434 868.5903079999989 639
1712236040532 868.652102 640
1712236050628 869.661795 641
1712236060669 869.7005790000003 642
1712236070717 870.0112909999989 643
1712236080821 870.0450299999975 644
1712236090935 873.3452889999971 645
1712236101344 878.1053670000001 646
1712236111431 880.236324999998 647
1712236121524 881.0039670000006 648
1712236131621 881.5552699999971 649
1712236141709 882.1549769999983 650
1712236151803 882.857302999997 651
1712236161913 883.2162849999986 652
1712236172009 883.6298279999974 653
1712236182102 884.0347159999983 654
1712236192193 885.2867729999998 655
1712236202285 886.3491949999989 656
1712236212380 887.0134469999975 657
1712236222476 887.5407940000005 658
1712236232578 888.2574069999973 659
1712236242674 888.7786459999988 660
1712236252773 889.3980579999989 661
1712236262867 889.7680249999976 662
1712236272959 891.452696999997 663
1712236283061 892.9679109999997 664
1712236293160 893.1217959999994 665
1712236303285 893.1563639999986 666
1712236313388 893.1982729999982 667
1712236323495 893.2190659999978 668
1712236333649 893.2647799999977 669
1712236343764 893.3070819999994 670
1712236353876 894.0553499999987 671
1712236363975 894.2767749999985 672
1712236374080 898.7448269999986 673
1712236384206 898.8522359999988 674
1712236394300 901.9692439999999 675
1712236404406 902.0041239999991 676
1712236414513 902.0692419999978 677
1712236424639 902.0990559999991 678
1712236434731 902.1264479999991 679
1712236444832 902.1615229999989 680
1712236454923 902.2500709999986 681
1712236465016 902.2893589999985 682
1712236475115 902.3213259999975 683
1712236485214 902.415990999998 684
1712236495319 902.4839319999992 685
1712236505420 902.5133289999976 686
1712236515514 902.541835 687
1712236525645 902.565928 688
1712236535744 902.5927589999992 689
1712236545860 902.6128619999981 690
1712236555970 902.6695269999982 691
1712236566069 902.6997539999975 692
1712236576169 902.7300240000004 693
1712236586270 902.7679669999998 694
1712236596371 902.7974519999989 695
1712236606473 902.8400440000005 696
1712236616582 902.8972539999995 697
1712236626671 902.9313839999995 698
1712236636762 902.9588629999998 699
1712236646866 902.9939799999993 700
1712236656972 903.0170779999971 701
1712236667076 903.0590859999975 702
1712236677175 903.1494429999984 703
1712236687277 903.1853349999983 704
1712236697376 903.2069929999998 705
1712236707494 903.2401309999987 706
1712236717617 903.2602969999971 707
1712236727859 903.3000619999984 708
1712236737985 903.3441060000005 709
1712236748062 903.425393999998 710
