1712229576657 10129.0 0
1712229586741 16191.0 1
1712229596854 15083.3 2
1712229606941 16860.3 3
1712229617011 15063.2 4
1712229627090 15059.4 5
1712229637170 15470.7 6
1712229647253 15799.7 7
1712229657316 16003.4 8
1712229667389 16084.7 9
1712229677490 16112.1 10
1712229687585 16053.7 11
1712229697659 16138.6 12
1712229707751 16251.5 13
1712229717830 16275.5 14
1712229727908 16308.6 15
1712229738005 16319.9 16
1712229748093 16295.2 17
1712229758184 16310.4 18
1712229768273 16338.1 19
1712229778340 16324.2 20
1712229788422 16313.4 21
1712229798491 16299.1 22
1712229808574 16304.2 23
1712229818654 16361.7 24
1712229828722 16435.3 25
1712229838797 16406.1 26
1712229848891 16412.3 27
1712229858957 16456.3 28
1712229869038 16428.5 29
1712229879107 16423.6 30
1712229889175 16445.3 31
1712229899251 16457.4 32
1712229909327 16444.4 33
1712229919403 14116.1 34
1712229929474 14125.2 35
1712229939557 14121.1 36
1712229949634 14152.8 37
1712229959718 14186.9 38
1712229969792 14247.1 39
1712229979890 14246.5 40
1712229989971 14253.1 41
1712230000049 14251.8 42
1712230010130 14279.8 43
1712230020203 14284.8 44
1712230030291 14305.0 45
1712230040382 14314.0 46
1712230050464 14309.8 47
1712230060532 14308.8 48
1712230070619 14323.0 49
1712230080708 14367.3 50
1712230090783 14356.4 51
1712230100855 14370.2 52
1712230110931 14369.8 53
1712230121009 14374.4 54
1712230131085 14382.3 55
1712230141167 14390.8 56
1712230151247 14409.6 57
1712230161321 14444.8 58
1712230171406 14445.9 59
1712230181493 14446.5 60
1712230191584 14447.0 61
1712230201662 14458.6 62
1712230211754 14478.6 63
1712230221826 14438.3 64
1712230231913 14441.5 65
1712230241983 14465.5 66
1712230252065 14510.7 67
1712230262167 14670.5 68
1712230272248 14669.2 69
1712230282334 14641.2 70
1712230292411 14655.4 71
1712230302484 14648.0 72
1712230312582 14640.4 73
1712230322665 14684.2 74
1712230332766 14718.0 75
1712230342841 14703.5 76
1712230352915 14712.7 77
1712230362998 14823.9 78
1712230373094 14821.0 79
1712230383221 14851.1 80
1712230393300 14753.4 81
1712230403372 14744.9 82
1712230413469 14750.0 83
1712230423553 14714.1 84
1712230433637 14741.0 85
1712230443717 14749.7 86
1712230453809 14754.3 87
1712230463892 14761.3 88
1712230473994 14770.1 89
1712230484070 14760.3 90
1712230494156 14782.5 91
1712230504246 14740.0 92
1712230514319 14376.9 93
1712230524413 14383.4 94
1712230534503 14379.0 95
1712230544590 14392.3 96
1712230554690 14503.1 97
1712230564780 14538.0 98
1712230574863 14507.9 99
1712230584946 14508.5 100
1712230595028 14531.4 101
1712230605108 14523.6 102
1712230615196 14519.0 103
1712230625286 14531.5 104
1712230635387 14543.4 105
1712230645461 14548.7 106
1712230655542 14543.1 107
1712230665636 14551.3 108
1712230675709 14560.5 109
1712230685782 14582.6 110
1712230695867 14584.0 111
1712230705947 14595.9 112
1712230716036 14597.6 113
1712230726137 14604.1 114
1712230736241 14611.3 115
1712230746323 14618.9 116
1712230756397 14637.3 117
1712230766478 14639.1 118
1712230776554 14629.6 119
1712230786637 14624.8 120
1712230796728 14630.2 121
1712230806831 14638.5 122
1712230816924 13517.8 123
1712230827013 9646.1 124
1712230837118 11297.2 125
1712230847203 11227.8 126
1712230857287 11228.9 127
1712230867378 11237.0 128
1712230877461 11232.3 129
1712230887544 11240.2 130
1712230897639 11235.7 131
1712230907724 11231.9 132
1712230917801 11227.0 133
1712230927887 11233.6 134
1712230937959 11240.2 135
1712230948042 11228.7 136
1712230958125 11222.4 137
1712230968226 11231.3 138
1712230978315 11242.8 139
1712230988392 11246.2 140
1712230998505 11251.3 141
1712231008596 15855.6 142
1712231018812 16005.3 143
1712231028911 15486.2 144
1712231039002 13989.9 145
1712231049124 14725.4 146
1712231059232 15011.3 147
1712231069311 15051.8 148
1712231079386 15106.9 149
1712231089488 15169.3 150
1712231099577 15208.5 151
1712231109680 15230.0 152
1712231119766 15287.2 153
1712231129867 15317.3 154
1712231139968 15319.6 155
1712231150056 15402.2 156
1712231160133 15474.5 157
1712231170231 15493.7 158
1712231180316 15499.5 159
1712231190398 15512.8 160
1712231200490 15526.4 161
1712231210575 15535.4 162
1712231220660 15540.1 163
1712231230740 15552.7 164
1712231240848 15574.4 165
1712231250951 15574.8 166
1712231261044 15622.0 167
1712231271133 15630.7 168
1712231281223 15653.0 169
1712231291313 15705.1 170
1712231301394 15570.8 171
1712231311486 15580.6 172
1712231321575 15571.8 173
1712231331656 15589.7 174
1712231341738 15604.8 175
1712231351851 15620.5 176
1712231361948 15632.4 177
1712231372040 15632.2 178
1712231382118 15632.1 179
1712231392204 15636.0 180
1712231402293 15706.6 181
1712231412392 15774.7 182
1712231422485 15776.1 183
1712231432568 15782.4 184
1712231442668 15821.3 185
1712231452755 15800.2 186
1712231462848 15816.6 187
1712231472949 15811.8 188
1712231483033 15833.5 189
1712231493132 15872.9 190
1712231503225 15867.4 191
1712231513329 15872.2 192
1712231523410 15893.3 193
1712231533502 15925.7 194
1712231543590 15907.4 195
1712231553683 16135.2 196
1712231563790 16136.8 197
1712231573871 16136.9 198
1712231583951 16155.6 199
1712231594030 16156.3 200
1712231604117 16159.7 201
1712231614209 16180.0 202
1712231624291 16191.1 203
1712231634381 16170.0 204
1712231644471 16175.6 205
1712231654503 16159.2 206
1712231664598 16207.5 207
1712231674631 16124.0 208
1712231684677 16310.9 209
1712231694759 16277.7 210
1712231704846 16153.9 211
1712231714925 16126.1 212
1712231725013 16151.6 213
1712231735099 16133.8 214
1712231745184 16138.7 215
1712231755274 16179.0 216
1712231765366 16177.4 217
1712231775465 16183.3 218
1712231785546 16189.0 219
1712231795642 16176.8 220
1712231805738 16174.6 221
1712231815830 16175.7 222
1712231825915 16195.3 223
1712231836002 16199.2 224
1712231846097 16161.0 225
1712231856190 16165.5 226
1712231866282 16173.0 227
1712231876364 16262.6 228
1712231886457 16214.8 229
1712231896559 16256.7 230
1712231906651 16263.9 231
1712231916755 16273.1 232
1712231926845 16276.2 233
1712231936936 16264.0 234
1712231947047 16290.2 235
1712231957135 16335.3 236
1712231967256 16310.3 237
1712231977348 16324.5 238
1712231987435 16329.7 239
1712231997523 16333.8 240
1712232007624 16357.2 241
1712232017764 16316.5 242
1712232027866 14061.2 243
1712232037945 14081.2 244
1712232048028 14103.4 245
1712232058140 14164.1 246
1712232068248 14191.1 247
1712232078330 14197.8 248
1712232088422 14223.7 249
1712232098510 14333.4 250
1712232108590 14338.8 251
1712232118681 14287.1 252
1712232128777 14325.9 253
1712232138853 14333.2 254
1712232148939 14358.9 255
1712232159051 14356.9 256
1712232169142 14379.0 257
1712232179239 14395.2 258
1712232189338 14414.8 259
1712232199456 14643.3 260
1712232209559 14648.1 261
1712232219661 14652.3 262
1712232229778 14692.5 263
1712232239878 14718.0 264
1712232249990 8930.6 265
1712232260102 10246.4 266
1712232270208 10953.8 267
1712232280314 10930.9 268
1712232290412 10955.7 269
1712232300521 10976.1 270
1712232310636 11000.7 271
1712232320744 11011.7 272
1712232330854 11015.0 273
1712232340964 11028.0 274
1712232351073 11025.4 275
1712232361178 11020.8 276
1712232371286 11038.2 277
1712232381389 11040.3 278
1712232391496 11050.9 279
1712232401600 11040.2 280
1712232411705 11048.3 281
1712232421834 11047.2 282
1712232431947 13223.8 283
1712232442063 15911.1 284
1712232452282 15708.1 285
1712232462401 15461.3 286
1712232472519 14741.3 287
1712232482634 15373.6 288
1712232492793 15804.6 289
1712232502930 15936.8 290
1712232513031 16020.5 291
1712232523133 16043.8 292
1712232533229 16107.7 293
1712232543342 16132.3 294
1712232553453 16146.9 295
1712232563556 16174.9 296
1712232573673 16182.4 297
1712232583781 16228.8 298
1712232593895 16220.8 299
1712232604010 16250.3 300
1712232614107 16272.1 301
1712232624220 16277.4 302
1712232634325 16273.0 303
1712232644437 16279.5 304
1712232654548 16368.2 305
1712232664660 16345.0 306
1712232674821 16362.1 307
1712232684880 16492.1 308
1712232694953 16333.4 309
1712232705058 16282.2 310
1712232715096 16265.3 311
1712232725211 16299.8 312
1712232735316 16312.0 313
1712232745434 16293.9 314
1712232755537 16253.4 315
1712232765629 16254.1 316
1712232775731 16145.8 317
1712232785816 16165.8 318
1712232795912 16211.8 319
1712232805997 16228.6 320
1712232816089 16252.4 321
1712232826173 16264.2 322
1712232836258 16247.8 323
1712232846354 16266.9 324
1712232856434 16317.9 325
1712232866527 16309.6 326
1712232876616 16313.9 327
1712232886701 16323.3 328
1712232896782 16338.9 329
1712232906865 16361.0 330
1712232916947 16378.8 331
1712232927043 16335.6 332
1712232937136 16406.5 333
1712232947222 16420.3 334
1712232957310 16446.1 335
1712232967408 16452.6 336
1712232977493 16459.9 337
1712232987585 16483.9 338
1712232997679 16480.3 339
1712233007770 16486.0 340
1712233017858 16479.4 341
1712233027956 16467.7 342
1712233038041 16471.4 343
1712233048121 16479.4 344
1712233058216 16475.0 345
1712233068314 16481.2 346
1712233078350 16485.7 347
1712233088450 15788.2 348
1712233098486 15779.9 349
1712233108581 16291.9 350
1712233118668 16161.6 351
1712233128762 16170.3 352
1712233138863 16195.4 353
1712233148959 16242.3 354
1712233159049 16288.2 355
1712233169150 16271.2 356
1712233179252 16275.3 357
1712233189336 16271.8 358
1712233199432 16295.2 359
1712233209527 16294.7 360
1712233219614 16290.9 361
1712233229706 14478.0 362
1712233239796 14485.9 363
1712233249887 14541.7 364
1712233259978 14537.9 365
1712233270064 14585.3 366
1712233280147 14592.7 367
1712233290251 14554.8 368
1712233300344 14557.3 369
1712233310429 14574.3 370
1712233320469 14581.8 371
1712233330563 14835.9 372
1712233340621 14886.3 373
1712233350729 14821.9 374
1712233360824 14787.6 375
1712233370924 14748.6 376
1712233380956 14717.4 377
1712233391064 14767.2 378
1712233401151 14782.6 379
1712233411244 14764.0 380
1712233421334 14784.2 381
1712233431454 14787.8 382
1712233441552 14787.9 383
1712233451651 14795.2 384
1712233461752 14812.1 385
1712233471851 14824.6 386
1712233481935 14822.8 387
1712233492024 14820.2 388
1712233502118 14863.9 389
1712233512217 14864.4 390
1712233522324 14799.6 391
1712233532419 14801.8 392
1712233542516 14804.7 393
1712233552604 14869.6 394
1712233562700 14838.8 395
1712233572794 14869.2 396
1712233582889 14962.1 397
1712233592985 14967.0 398
1712233603095 14956.5 399
1712233613178 14999.1 400
1712233623270 15013.8 401
1712233633368 15025.6 402
1712233643473 15018.9 403
1712233653575 15020.7 404
1712233663668 15135.3 405
1712233673767 15114.2 406
1712233683860 9387.0 407
1712233693949 10349.6 408
1712233704053 12041.9 409
1712233714144 11658.4 410
1712233724230 11667.9 411
1712233734322 11670.0 412
1712233744413 11670.7 413
1712233754529 11683.4 414
1712233764750 11683.3 415
1712233774858 11915.9 416
1712233784953 12029.2 417
1712233795051 12058.9 418
1712233805137 12072.0 419
1712233815244 12071.5 420
1712233825343 11320.6 421
1712233835384 11311.9 422
1712233845481 11716.6 423
1712233855607 11824.2 424
1712233865689 13989.2 425
1712233875933 15893.2 426
1712233886178 15987.0 427
1712233896291 15698.6 428
1712233906392 14445.4 429
1712233916494 14873.8 430
1712233926602 15164.6 431
1712233936702 15014.7 432
1712233946796 15091.3 433
1712233956898 15113.5 434
1712233967005 15209.6 435
1712233977109 15283.8 436
1712233987227 15338.8 437
1712233997324 15371.2 438
1712234007437 15451.8 439
1712234017541 15414.3 440
1712234027637 15732.4 441
1712234037767 15880.2 442
1712234047884 15912.9 443
1712234058006 15918.1 444
1712234068121 15902.0 445
1712234078241 15901.7 446
1712234088359 15914.1 447
1712234098478 15949.9 448
1712234108600 15973.1 449
1712234118714 15989.7 450
1712234128835 15624.9 451
1712234138950 15642.8 452
1712234149066 15668.9 453
1712234159176 15698.6 454
1712234169303 15719.6 455
1712234179427 15783.3 456
1712234189539 15723.8 457
1712234199676 15721.6 458
1712234209796 15766.3 459
1712234219926 15792.4 460
1712234230038 15800.5 461
1712234240159 15807.9 462
1712234250275 15816.6 463
1712234260403 15824.6 464
1712234270529 15846.5 465
1712234280655 15856.9 466
1712234290772 15881.3 467
1712234300893 15885.1 468
1712234311003 15897.4 469
1712234321119 15901.3 470
1712234331240 15918.7 471
1712234341357 15929.9 472
1712234351471 15950.0 473
1712234361602 15968.1 474
1712234371664 16020.3 475
1712234381713 16079.2 476
1712234391834 16226.9 477
1712234401953 16232.8 478
1712234412078 16181.8 479
1712234422197 15518.8 480
1712234432318 14386.9 481
1712234442444 14394.8 482
1712234452562 14463.9 483
1712234462688 14486.6 484
1712234472801 14524.3 485
1712234482928 14541.2 486
1712234493049 14536.4 487
1712234503172 14551.0 488
1712234513287 14560.8 489
1712234523409 14566.6 490
1712234533532 14581.6 491
1712234543643 14593.1 492
1712234554409 14578.0 493
1712234564535 14828.9 494
1712234574652 14882.7 495
1712234584763 14915.1 496
1712234594872 14658.6 497
1712234604992 14659.9 498
1712234615110 14749.2 499
1712234625225 14745.4 500
1712234635312 14622.6 501
1712234645411 14637.4 502
1712234655510 14649.9 503
1712234665617 14688.3 504
1712234675720 14724.3 505
1712234685814 14698.2 506
1712234695901 14709.4 507
1712234705995 14715.6 508
1712234716101 14733.7 509
1712234726195 14662.4 510
1712234736289 14660.6 511
1712234746394 14667.0 512
1712234756486 14735.3 513
1712234766575 14779.7 514
1712234776674 14781.8 515
1712234786776 14789.8 516
1712234796867 14800.0 517
1712234806954 14801.3 518
1712234817044 14763.1 519
1712234827137 14777.4 520
1712234837233 14785.1 521
1712234847321 14795.0 522
1712234857421 14832.7 523
1712234867505 14836.2 524
1712234877605 14847.8 525
1712234887708 14860.7 526
1712234897797 14871.0 527
1712234907903 14847.2 528
1712234917992 14848.7 529
1712234928107 14846.8 530
1712234938203 14804.3 531
1712234948297 14795.8 532
1712234958385 14853.5 533
1712234968481 14820.4 534
1712234978585 14885.5 535
1712234988686 14895.7 536
1712234998781 14902.3 537
1712235008875 14917.6 538
1712235018964 14930.3 539
1712235029069 14838.2 540
1712235039165 14827.7 541
1712235049255 14869.8 542
1712235059356 14857.8 543
1712235069452 14870.7 544
1712235079541 14878.1 545
1712235089638 14834.4 546
1712235099746 14848.1 547
1712235109848 15619.8 548
1712235119946 9170.1 549
1712235130083 10842.5 550
1712235140180 11357.3 551
1712235150310 11367.9 552
1712235160429 11362.2 553
1712235170529 11372.7 554
1712235180636 11369.2 555
1712235190751 11380.9 556
1712235200861 11369.0 557
1712235210968 11369.2 558
1712235221068 11362.1 559
1712235231167 11366.3 560
1712235241276 11367.2 561
1712235251385 11383.5 562
1712235261505 11392.1 563
1712235271609 11388.1 564
1712235281717 11374.9 565
1712235291853 11380.4 566
1712235301997 13968.3 567
1712235312127 16118.4 568
1712235322261 16288.2 569
1712235332363 13706.2 570
1712235343282 14813.0 571
1712235353389 15676.8 572
1712235363505 15786.3 573
1712235373636 15875.4 574
1712235383740 15932.7 575
1712235393864 16002.0 576
1712235403994 16062.5 577
1712235414112 16075.3 578
1712235424256 16070.8 579
1712235434307 16118.8 580
1712235444393 16261.6 581
1712235454536 16114.0 582
1712235464675 16287.4 583
1712235474808 16344.5 584
1712235484944 15734.4 585
1712235495013 15936.8 586
1712235505122 15999.5 587
1712235515229 16017.6 588
1712235525345 15971.1 589
1712235535435 16038.3 590
1712235545579 16279.8 591
1712235555702 16375.6 592
1712235565748 16322.4 593
1712235575856 16221.1 594
1712235585959 16149.6 595
1712235596055 16142.6 596
1712235606161 16121.6 597
1712235616257 16113.1 598
1712235626347 16129.7 599
1712235636435 14910.4 600
1712235646529 14947.9 601
1712235656623 14928.8 602
1712235666727 14964.0 603
1712235676839 14976.0 604
1712235686940 15003.3 605
1712235697034 15021.6 606
1712235707127 15018.6 607
1712235717231 14895.3 608
1712235727341 14873.7 609
1712235737437 14881.6 610
1712235747539 14894.6 611
1712235757641 14896.3 612
1712235767741 14923.4 613
1712235777854 14926.8 614
1712235787953 14951.2 615
1712235798067 14979.2 616
1712235808163 14973.3 617
1712235818266 14974.0 618
1712235828369 14982.4 619
1712235838469 15018.3 620
1712235848571 14961.7 621
1712235858669 15003.3 622
1712235868780 15020.1 623
1712235878885 14984.3 624
1712235888988 14989.0 625
1712235899102 15001.9 626
1712235909207 15066.6 627
1712235919303 15082.8 628
1712235929406 15042.4 629
1712235939503 15059.3 630
1712235949623 15080.1 631
1712235959728 15102.5 632
1712235969832 15108.7 633
1712235979934 15116.5 634
1712235990022 15163.3 635
1712236000118 15160.8 636
1712236010229 15138.9 637
1712236020334 15145.7 638
1712236030434 15165.7 639
1712236040532 15169.5 640
1712236050628 15178.3 641
1712236060669 15177.2 642
1712236070717 15608.6 643
1712236080821 15626.1 644
1712236090935 15563.8 645
1712236101344 15524.5 646
1712236111431 15714.7 647
1712236121524 15515.6 648
1712236131621 15521.5 649
1712236141709 15530.6 650
1712236151803 15533.7 651
1712236161913 15545.6 652
1712236172009 15548.2 653
1712236182102 15549.7 654
1712236192193 15571.1 655
1712236202285 15563.0 656
1712236212380 15568.3 657
1712236222476 15572.4 658
1712236232578 15472.2 659
1712236242674 15466.0 660
1712236252773 15497.3 661
1712236262867 15427.3 662
1712236272959 15550.0 663
1712236283061 15561.9 664
1712236293160 15566.8 665
1712236303285 15558.9 666
1712236313388 15624.9 667
1712236323495 15371.3 668
1712236333649 15433.1 669
1712236343764 15464.5 670
1712236353876 15577.6 671
1712236363975 15631.4 672
1712236374080 15617.2 673
1712236384206 15629.2 674
1712236394300 15653.3 675
1712236404406 15661.5 676
1712236414513 15674.2 677
1712236424639 15671.0 678
1712236434731 15676.9 679
1712236444832 15635.3 680
1712236454923 15666.5 681
1712236465016 15669.6 682
1712236475115 15667.2 683
1712236485214 15674.1 684
1712236495319 15681.2 685
1712236505420 15695.4 686
1712236515514 15696.1 687
1712236525645 15704.7 688
1712236535744 15009.1 689
1712236545860 9230.0 690
1712236555970 10891.8 691
1712236566069 11601.3 692
1712236576169 11599.0 693
1712236586270 11609.7 694
1712236596371 11594.6 695
1712236606473 11735.6 696
1712236616582 11717.6 697
1712236626671 11717.8 698
1712236636762 11710.3 699
1712236646866 11724.8 700
1712236656972 11702.3 701
1712236667076 11704.5 702
1712236677175 11714.8 703
1712236687277 11729.1 704
1712236697376 11730.2 705
1712236707494 11733.2 706
1712236717617 11718.2 707
1712236727859 14232.4 708
1712236737985 16695.9 709
1712236748062 15852.7 710
