1712229576657 60.1 0
1712229586741 96.0 1
1712229596854 89.4 2
1712229606941 100.0 3
1712229617011 89.3 4
1712229627090 89.3 5
1712229637170 91.7 6
1712229647253 93.7 7
1712229657316 94.9 8
1712229667389 95.4 9
1712229677490 95.5 10
1712229687585 95.2 11
1712229697659 95.7 12
1712229707751 96.4 13
1712229717830 96.5 14
1712229727908 96.7 15
1712229738005 96.8 16
1712229748093 96.6 17
1712229758184 96.7 18
1712229768273 96.9 19
1712229778340 96.8 20
1712229788422 96.7 21
1712229798491 96.6 22
1712229808574 96.7 23
1712229818654 97.0 24
1712229828722 97.4 25
1712229838797 97.3 26
1712229848891 97.3 27
1712229858957 97.6 28
1712229869038 97.4 29
1712229879107 97.4 30
1712229889175 97.5 31
1712229899251 97.6 32
1712229909327 97.5 33
1712229919403 83.7 34
1712229929474 83.7 35
1712229939557 83.7 36
1712229949634 83.9 37
1712229959718 84.1 38
1712229969792 84.5 39
1712229979890 84.5 40
1712229989971 84.5 41
1712230000049 84.5 42
1712230010130 84.7 43
1712230020203 84.7 44
1712230030291 84.8 45
1712230040382 84.9 46
1712230050464 84.8 47
1712230060532 84.8 48
1712230070619 84.9 49
1712230080708 85.2 50
1712230090783 85.1 51
1712230100855 85.2 52
1712230110931 85.2 53
1712230121009 85.2 54
1712230131085 85.3 55
1712230141167 85.3 56
1712230151247 85.4 57
1712230161321 85.6 58
1712230171406 85.6 59
1712230181493 85.6 60
1712230191584 85.7 61
1712230201662 85.7 62
1712230211754 85.8 63
1712230221826 85.6 64
1712230231913 85.6 65
1712230241983 85.8 66
1712230252065 86.0 67
1712230262167 87.0 68
1712230272248 87.0 69
1712230282334 86.8 70
1712230292411 86.9 71
1712230302484 86.8 72
1712230312582 86.8 73
1712230322665 87.1 74
1712230332766 87.3 75
1712230342841 87.2 76
1712230352915 87.2 77
1712230362998 87.9 78
1712230373094 87.9 79
1712230383221 88.0 80
1712230393300 87.5 81
1712230403372 87.4 82
1712230413469 87.4 83
1712230423553 87.2 84
1712230433637 87.4 85
1712230443717 87.4 86
1712230453809 87.5 87
1712230463892 87.5 88
1712230473994 87.6 89
1712230484070 87.5 90
1712230494156 87.6 91
1712230504246 87.4 92
1712230514319 85.2 93
1712230524413 85.3 94
1712230534503 85.2 95
1712230544590 85.3 96
1712230554690 86.0 97
1712230564780 86.2 98
1712230574863 86.0 99
1712230584946 86.0 100
1712230595028 86.2 101
1712230605108 86.1 102
1712230615196 86.1 103
1712230625286 86.2 104
1712230635387 86.2 105
1712230645461 86.3 106
1712230655542 86.2 107
1712230665636 86.3 108
1712230675709 86.3 109
1712230685782 86.5 110
1712230695867 86.5 111
1712230705947 86.5 112
1712230716036 86.5 113
1712230726137 86.6 114
1712230736241 86.6 115
1712230746323 86.7 116
1712230756397 86.8 117
1712230766478 86.8 118
1712230776554 86.7 119
1712230786637 86.7 120
1712230796728 86.7 121
1712230806831 86.8 122
1712230816924 80.1 123
1712230827013 57.2 124
1712230837118 67.0 125
1712230847203 66.6 126
1712230857287 66.6 127
1712230867378 66.6 128
1712230877461 66.6 129
1712230887544 66.6 130
1712230897639 66.6 131
1712230907724 66.6 132
1712230917801 66.6 133
1712230927887 66.6 134
1712230937959 66.6 135
1712230948042 66.6 136
1712230958125 66.5 137
1712230968226 66.6 138
1712230978315 66.7 139
1712230988392 66.7 140
1712230998505 66.7 141
1712231008596 94.0 142
1712231018812 94.9 143
1712231028911 91.8 144
1712231039002 82.9 145
1712231049124 87.3 146
1712231059232 89.0 147
1712231069311 89.2 148
1712231079386 89.6 149
1712231089488 89.9 150
1712231099577 90.2 151
1712231109680 90.3 152
1712231119766 90.6 153
1712231129867 90.8 154
1712231139968 90.8 155
1712231150056 91.3 156
1712231160133 91.7 157
1712231170231 91.9 158
1712231180316 91.9 159
1712231190398 92.0 160
1712231200490 92.1 161
1712231210575 92.1 162
1712231220660 92.1 163
1712231230740 92.2 164
1712231240848 92.3 165
1712231250951 92.3 166
1712231261044 92.6 167
1712231271133 92.7 168
1712231281223 92.8 169
1712231291313 93.1 170
1712231301394 92.3 171
1712231311486 92.4 172
1712231321575 92.3 173
1712231331656 92.4 174
1712231341738 92.5 175
1712231351851 92.6 176
1712231361948 92.7 177
1712231372040 92.7 178
1712231382118 92.7 179
1712231392204 92.7 180
1712231402293 93.1 181
1712231412392 93.5 182
1712231422485 93.5 183
1712231432568 93.6 184
1712231442668 93.8 185
1712231452755 93.7 186
1712231462848 93.8 187
1712231472949 93.7 188
1712231483033 93.9 189
1712231493132 94.1 190
1712231503225 94.1 191
1712231513329 94.1 192
1712231523410 94.2 193
1712231533502 94.4 194
1712231543590 94.3 195
1712231553683 95.7 196
1712231563790 95.7 197
1712231573871 95.7 198
1712231583951 95.8 199
1712231594030 95.8 200
1712231604117 95.8 201
1712231614209 95.9 202
1712231624291 96.0 203
1712231634381 95.9 204
1712231644471 95.9 205
1712231654503 95.8 206
1712231664598 96.1 207
1712231674631 95.6 208
1712231684677 96.7 209
1712231694759 96.5 210
1712231704846 95.8 211
1712231714925 95.6 212
1712231725013 95.8 213
1712231735099 95.7 214
1712231745184 95.7 215
1712231755274 95.9 216
1712231765366 95.9 217
1712231775465 95.9 218
1712231785546 96.0 219
1712231795642 95.9 220
1712231805738 95.9 221
1712231815830 95.9 222
1712231825915 96.0 223
1712231836002 96.0 224
1712231846097 95.8 225
1712231856190 95.8 226
1712231866282 95.9 227
1712231876364 96.4 228
1712231886457 96.1 229
1712231896559 96.4 230
1712231906651 96.4 231
1712231916755 96.5 232
1712231926845 96.5 233
1712231936936 96.4 234
1712231947047 96.6 235
1712231957135 96.8 236
1712231967256 96.7 237
1712231977348 96.8 238
1712231987435 96.8 239
1712231997523 96.8 240
1712232007624 97.0 241
1712232017764 96.7 242
1712232027866 83.4 243
1712232037945 83.5 244
1712232048028 83.6 245
1712232058140 84.0 246
1712232068248 84.1 247
1712232078330 84.2 248
1712232088422 84.3 249
1712232098510 85.0 250
1712232108590 85.0 251
1712232118681 84.7 252
1712232128777 84.9 253
1712232138853 85.0 254
1712232148939 85.1 255
1712232159051 85.1 256
1712232169142 85.3 257
1712232179239 85.3 258
1712232189338 85.5 259
1712232199456 86.8 260
1712232209559 86.8 261
1712232219661 86.9 262
1712232229778 87.1 263
1712232239878 87.3 264
1712232249990 52.9 265
1712232260102 60.7 266
1712232270208 64.9 267
1712232280314 64.8 268
1712232290412 65.0 269
1712232300521 65.1 270
1712232310636 65.2 271
1712232320744 65.3 272
1712232330854 65.3 273
1712232340964 65.4 274
1712232351073 65.4 275
1712232361178 65.3 276
1712232371286 65.4 277
1712232381389 65.5 278
1712232391496 65.5 279
1712232401600 65.5 280
1712232411705 65.5 281
1712232421834 65.5 282
1712232431947 78.4 283
1712232442063 94.3 284
1712232452282 93.1 285
1712232462401 91.7 286
1712232472519 87.4 287
1712232482634 91.1 288
1712232492793 93.7 289
1712232502930 94.5 290
1712232513031 95.0 291
1712232523133 95.1 292
1712232533229 95.5 293
1712232543342 95.6 294
1712232553453 95.7 295
1712232563556 95.9 296
1712232573673 95.9 297
1712232583781 96.2 298
1712232593895 96.2 299
1712232604010 96.3 300
1712232614107 96.5 301
1712232624220 96.5 302
1712232634325 96.5 303
1712232644437 96.5 304
1712232654548 97.0 305
1712232664660 96.9 306
1712232674821 97.0 307
1712232684880 97.8 308
1712232694953 96.8 309
1712232705058 96.5 310
1712232715096 96.4 311
1712232725211 96.6 312
1712232735316 96.7 313
1712232745434 96.6 314
1712232755537 96.4 315
1712232765629 96.4 316
1712232775731 95.7 317
1712232785816 95.8 318
1712232795912 96.1 319
1712232805997 96.2 320
1712232816089 96.4 321
1712232826173 96.4 322
1712232836258 96.3 323
1712232846354 96.4 324
1712232856434 96.7 325
1712232866527 96.7 326
1712232876616 96.7 327
1712232886701 96.8 328
1712232896782 96.9 329
1712232906865 97.0 330
1712232916947 97.1 331
1712232927043 96.8 332
1712232937136 97.3 333
1712232947222 97.4 334
1712232957310 97.5 335
1712232967408 97.5 336
1712232977493 97.6 337
1712232987585 97.7 338
1712232997679 97.7 339
1712233007770 97.7 340
1712233017858 97.7 341
1712233027956 97.6 342
1712233038041 97.7 343
1712233048121 97.7 344
1712233058216 97.7 345
1712233068314 97.7 346
1712233078350 97.7 347
1712233088450 93.6 348
1712233098486 93.6 349
1712233108581 96.6 350
1712233118668 95.8 351
1712233128762 95.9 352
1712233138863 96.0 353
1712233148959 96.3 354
1712233159049 96.6 355
1712233169150 96.5 356
1712233179252 96.5 357
1712233189336 96.5 358
1712233199432 96.6 359
1712233209527 96.6 360
1712233219614 96.6 361
1712233229706 85.8 362
1712233239796 85.9 363
1712233249887 86.2 364
1712233259978 86.2 365
1712233270064 86.5 366
1712233280147 86.5 367
1712233290251 86.3 368
1712233300344 86.3 369
1712233310429 86.4 370
1712233320469 86.5 371
1712233330563 88.0 372
1712233340621 88.3 373
1712233350729 87.9 374
1712233360824 87.7 375
1712233370924 87.4 376
1712233380956 87.3 377
1712233391064 87.6 378
1712233401151 87.6 379
1712233411244 87.5 380
1712233421334 87.7 381
1712233431454 87.7 382
1712233441552 87.7 383
1712233451651 87.7 384
1712233461752 87.8 385
1712233471851 87.9 386
1712233481935 87.9 387
1712233492024 87.9 388
1712233502118 88.1 389
1712233512217 88.1 390
1712233522324 87.7 391
1712233532419 87.8 392
1712233542516 87.8 393
1712233552604 88.2 394
1712233562700 88.0 395
1712233572794 88.2 396
1712233582889 88.7 397
1712233592985 88.7 398
1712233603095 88.7 399
1712233613178 88.9 400
1712233623270 89.0 401
1712233633368 89.1 402
1712233643473 89.0 403
1712233653575 89.1 404
1712233663668 89.7 405
1712233673767 89.6 406
1712233683860 55.7 407
1712233693949 61.4 408
1712233704053 71.4 409
1712233714144 69.1 410
1712233724230 69.2 411
1712233734322 69.2 412
1712233744413 69.2 413
1712233754529 69.3 414
1712233764750 69.3 415
1712233774858 70.6 416
1712233784953 71.3 417
1712233795051 71.5 418
1712233805137 71.6 419
1712233815244 71.6 420
1712233825343 67.1 421
1712233835384 67.1 422
1712233845481 69.5 423
1712233855607 70.1 424
1712233865689 82.9 425
1712233875933 94.2 426
1712233886178 94.8 427
1712233896291 93.1 428
1712233906392 85.6 429
1712233916494 88.2 430
1712233926602 89.9 431
1712233936702 89.0 432
1712233946796 89.5 433
1712233956898 89.6 434
1712233967005 90.2 435
1712233977109 90.6 436
1712233987227 90.9 437
1712233997324 91.1 438
1712234007437 91.6 439
1712234017541 91.4 440
1712234027637 93.3 441
1712234037767 94.2 442
1712234047884 94.3 443
1712234058006 94.4 444
1712234068121 94.3 445
1712234078241 94.3 446
1712234088359 94.4 447
1712234098478 94.6 448
1712234108600 94.7 449
1712234118714 94.8 450
1712234128835 92.6 451
1712234138950 92.7 452
1712234149066 92.9 453
1712234159176 93.1 454
1712234169303 93.2 455
1712234179427 93.6 456
1712234189539 93.2 457
1712234199676 93.2 458
1712234209796 93.5 459
1712234219926 93.6 460
1712234230038 93.7 461
1712234240159 93.7 462
1712234250275 93.8 463
1712234260403 93.8 464
1712234270529 94.0 465
1712234280655 94.0 466
1712234290772 94.2 467
1712234300893 94.2 468
1712234311003 94.3 469
1712234321119 94.3 470
1712234331240 94.4 471
1712234341357 94.4 472
1712234351471 94.6 473
1712234361602 94.7 474
1712234371664 95.0 475
1712234381713 95.3 476
1712234391834 96.2 477
1712234401953 96.2 478
1712234412078 95.9 479
1712234422197 92.0 480
1712234432318 85.3 481
1712234442444 85.3 482
1712234452562 85.8 483
1712234462688 85.9 484
1712234472801 86.1 485
1712234482928 86.2 486
1712234493049 86.2 487
1712234503172 86.3 488
1712234513287 86.3 489
1712234523409 86.4 490
1712234533532 86.5 491
1712234543643 86.5 492
1712234554409 86.4 493
1712234564535 87.9 494
1712234574652 88.2 495
1712234584763 88.4 496
1712234594872 86.9 497
1712234604992 86.9 498
1712234615110 87.4 499
1712234625225 87.4 500
1712234635312 86.7 501
1712234645411 86.8 502
1712234655510 86.9 503
1712234665617 87.1 504
1712234675720 87.3 505
1712234685814 87.1 506
1712234695901 87.2 507
1712234705995 87.2 508
1712234716101 87.4 509
1712234726195 86.9 510
1712234736289 86.9 511
1712234746394 87.0 512
1712234756486 87.4 513
1712234766575 87.6 514
1712234776674 87.6 515
1712234786776 87.7 516
1712234796867 87.7 517
1712234806954 87.8 518
1712234817044 87.5 519
1712234827137 87.6 520
1712234837233 87.7 521
1712234847321 87.7 522
1712234857421 87.9 523
1712234867505 88.0 524
1712234877605 88.0 525
1712234887708 88.1 526
1712234897797 88.2 527
1712234907903 88.0 528
1712234917992 88.0 529
1712234928107 88.0 530
1712234938203 87.8 531
1712234948297 87.7 532
1712234958385 88.1 533
1712234968481 87.9 534
1712234978585 88.3 535
1712234988686 88.3 536
1712234998781 88.4 537
1712235008875 88.4 538
1712235018964 88.5 539
1712235029069 88.0 540
1712235039165 87.9 541
1712235049255 88.2 542
1712235059356 88.1 543
1712235069452 88.2 544
1712235079541 88.2 545
1712235089638 87.9 546
1712235099746 88.0 547
1712235109848 92.6 548
1712235119946 54.4 549
1712235130083 64.3 550
1712235140180 67.3 551
1712235150310 67.4 552
1712235160429 67.4 553
1712235170529 67.4 554
1712235180636 67.4 555
1712235190751 67.5 556
1712235200861 67.4 557
1712235210968 67.4 558
1712235221068 67.4 559
1712235231167 67.4 560
1712235241276 67.4 561
1712235251385 67.5 562
1712235261505 67.5 563
1712235271609 67.5 564
1712235281717 67.4 565
1712235291853 67.5 566
1712235301997 82.8 567
1712235312127 95.6 568
1712235322261 96.6 569
1712235332363 81.3 570
1712235343282 87.8 571
1712235353389 92.9 572
1712235363505 93.6 573
1712235373636 94.1 574
1712235383740 94.5 575
1712235393864 94.9 576
1712235403994 95.2 577
1712235414112 95.3 578
1712235424256 95.3 579
1712235434307 95.6 580
1712235444393 96.4 581
1712235454536 95.5 582
1712235464675 96.6 583
1712235474808 96.9 584
1712235484944 93.3 585
1712235495013 94.5 586
1712235505122 94.9 587
1712235515229 95.0 588
1712235525345 94.7 589
1712235535435 95.1 590
1712235545579 96.5 591
1712235555702 97.1 592
1712235565748 96.8 593
1712235575856 96.2 594
1712235585959 95.7 595
1712235596055 95.7 596
1712235606161 95.6 597
1712235616257 95.5 598
1712235626347 95.6 599
1712235636435 88.4 600
1712235646529 88.6 601
1712235656623 88.5 602
1712235666727 88.7 603
1712235676839 88.8 604
1712235686940 89.0 605
1712235697034 89.1 606
1712235707127 89.0 607
1712235717231 88.3 608
1712235727341 88.2 609
1712235737437 88.2 610
1712235747539 88.3 611
1712235757641 88.3 612
1712235767741 88.5 613
1712235777854 88.5 614
1712235787953 88.6 615
1712235798067 88.8 616
1712235808163 88.8 617
1712235818266 88.8 618
1712235828369 88.8 619
1712235838469 89.0 620
1712235848571 88.7 621
1712235858669 89.0 622
1712235868780 89.1 623
1712235878885 88.8 624
1712235888988 88.9 625
1712235899102 88.9 626
1712235909207 89.3 627
1712235919303 89.4 628
1712235929406 89.2 629
1712235939503 89.3 630
1712235949623 89.4 631
1712235959728 89.5 632
1712235969832 89.6 633
1712235979934 89.6 634
1712235990022 89.9 635
1712236000118 89.9 636
1712236010229 89.8 637
1712236020334 89.8 638
1712236030434 89.9 639
1712236040532 89.9 640
1712236050628 90.0 641
1712236060669 90.0 642
1712236070717 92.5 643
1712236080821 92.6 644
1712236090935 92.3 645
1712236101344 92.0 646
1712236111431 93.2 647
1712236121524 92.0 648
1712236131621 92.0 649
1712236141709 92.1 650
1712236151803 92.1 651
1712236161913 92.2 652
1712236172009 92.2 653
1712236182102 92.2 654
1712236192193 92.3 655
1712236202285 92.3 656
1712236212380 92.3 657
1712236222476 92.3 658
1712236232578 91.7 659
1712236242674 91.7 660
1712236252773 91.9 661
1712236262867 91.5 662
1712236272959 92.2 663
1712236283061 92.3 664
1712236293160 92.3 665
1712236303285 92.2 666
1712236313388 92.6 667
1712236323495 91.1 668
1712236333649 91.5 669
1712236343764 91.7 670
1712236353876 92.4 671
1712236363975 92.7 672
1712236374080 92.6 673
1712236384206 92.7 674
1712236394300 92.8 675
1712236404406 92.9 676
1712236414513 92.9 677
1712236424639 92.9 678
1712236434731 92.9 679
1712236444832 92.7 680
1712236454923 92.9 681
1712236465016 92.9 682
1712236475115 92.9 683
1712236485214 92.9 684
1712236495319 93.0 685
1712236505420 93.1 686
1712236515514 93.1 687
1712236525645 93.1 688
1712236535744 89.0 689
1712236545860 54.7 690
1712236555970 64.6 691
1712236566069 68.8 692
1712236576169 68.8 693
1712236586270 68.8 694
1712236596371 68.7 695
1712236606473 69.6 696
1712236616582 69.5 697
1712236626671 69.5 698
1712236636762 69.4 699
1712236646866 69.5 700
1712236656972 69.4 701
1712236667076 69.4 702
1712236677175 69.5 703
1712236687277 69.5 704
1712236697376 69.5 705
1712236707494 69.6 706
1712236717617 69.5 707
1712236727859 84.4 708
1712236737985 99.0 709
1712236748062 94.0 710
