1712272917036 0.0 0
1712272927130 5.7 1
1712272937220 5.6 2
1712272947295 5.4 3
1712272957383 8.0 4
1712272967433 7.2 5
1712272977501 7.2 6
1712272987604 7.0 7
1712272997685 7.0 8
1712273007755 7.0 9
1712273017799 7.0 10
1712273027864 7.2 11
1712273037950 7.3 12
1712273048036 7.0 13
1712273058119 7.0 14
1712273068215 7.1 15
1712273078249 7.0 16
1712273088334 7.3 17
1712273098415 7.1 18
1712273108490 6.9 19
1712273118566 6.9 20
1712273128648 7.0 21
1712273138686 6.9 22
1712273148761 7.8 23
1712273158848 8.2 24
1712273168953 7.2 25
1712273179027 7.1 26
1712273189099 7.3 27
1712273199150 7.5 28
1712273209232 7.8 29
1712273219321 7.2 30
1712273229389 7.1 31
1712273239461 7.1 32
1712273249536 6.8 33
1712273259563 7.0 34
1712273269652 7.2 35
1712273279726 6.9 36
1712273289809 7.1 37
1712273299898 7.0 38
1712273309976 6.8 39
1712273320017 7.0 40
1712273330093 7.2 41
1712273340163 6.9 42
1712273350245 6.9 43
1712273360325 6.9 44
1712273370394 6.8 45
1712273380433 6.9 46
1712273390523 7.2 47
1712273400602 7.5 48
1712273410702 7.0 49
1712273420786 8.0 50
1712273430876 7.7 51
1712273440905 7.0 52
1712273450990 7.3 53
1712273461222 7.6 54
1712273471322 7.5 55
1712273481408 7.2 56
1712273491495 7.1 57
1712273501525 7.2 58
1712273511598 7.1 59
1712273521676 6.9 60
1712273531759 7.0 61
1712273541832 6.9 62
1712273551922 6.7 63
1712273561957 7.0 64
1712273572054 7.5 65
1712273582134 7.1 66
1712273592229 7.0 67
1712273602319 6.9 68
1712273612392 6.8 69
1712273622427 7.0 70
1712273632502 7.4 71
1712273642578 7.0 72
1712273652654 7.1 73
1712273662740 7.5 74
1712273672837 7.1 75
1712273682881 7.0 76
1712273692967 7.6 77
1712273703056 6.9 78
1712273713137 7.4 79
1712273723225 7.1 80
1712273733312 7.8 81
1712273743352 7.0 82
1712273753444 8.2 83
1712273763535 7.2 84
1712273773631 7.1 85
1712273783711 7.0 86
1712273793798 6.9 87
1712273803848 7.0 88
1712273813957 8.0 89
1712273824046 7.3 90
1712273834125 7.1 91
1712273844215 6.8 92
1712273854306 6.9 93
1712273864340 6.9 94
1712273874444 7.4 95
1712273884534 7.4 96
1712273894603 7.0 97
1712273904698 7.2 98
1712273914771 7.0 99
1712273924804 7.0 100
1712273934896 7.2 101
1712273944991 7.0 102
1712273955071 7.0 103
1712273965101 7.1 104
1712273975147 12.1 105
1712273985195 10.7 106
1712273995238 8.0 107
1712274005346 8.6 108
1712274015386 7.3 109
1712274025429 7.3 110
1712274035468 7.6 111
1712274045556 7.3 112
1712274055592 8.4 113
1712274065673 7.3 114
1712274075771 6.8 115
1712274085845 6.8 116
1712274095949 6.9 117
1712274105981 6.8 118
1712274116060 8.7 119
1712274126147 5.1 120
1712274136238 6.0 121
1712274146321 5.5 122
1712274156394 7.3 123
1712274166430 7.2 124
1712274176521 7.5 125
1712274186599 7.3 126
1712274196678 7.3 127
1712274206761 7.2 128
1712274216853 8.6 129
1712274226880 7.1 130
1712274236964 7.6 131
1712274247038 7.7 132
1712274257138 7.4 133
1712274267231 7.7 134
1712274277323 7.2 135
1712274287360 7.2 136
1712274297468 7.5 137
1712274307580 7.3 138
1712274317653 7.2 139
1712274327737 8.7 140
1712274337769 7.2 141
1712274347859 7.4 142
1712274357938 8.0 143
1712274368028 7.4 144
1712274378121 7.4 145
1712274388193 7.2 146
1712274398229 8.3 147
1712274408334 7.5 148
1712274418426 7.3 149
1712274430595 7.1 150
1712274440825 7.2 151
1712274450978 6.3 152
1712274461022 6.1 153
1712274471123 5.3 154
1712274481215 7.4 155
1712274491311 7.3 156
1712274501429 6.8 157
1712274511519 6.7 158
1712274521548 6.8 159
1712274531635 7.7 160
1712274541723 7.6 161
1712274551813 6.3 162
1712274561898 6.2 163
1712274571982 6.3 164
1712274582016 6.4 165
1712274592110 7.3 166
1712274602207 6.6 167
1712274612294 6.8 168
1712274622386 8.8 169
1712274632474 6.5 170
1712274642521 6.8 171
1712274652624 7.2 172
1712274662745 7.5 173
1712274672839 7.4 174
1712274682940 7.0 175
1712274693025 7.3 176
1712274703064 6.8 177
1712274713157 7.7 178
1712274723250 7.0 179
1712274733353 7.2 180
1712274743441 7.1 181
1712274753539 7.0 182
1712274763584 7.0 183
1712274773681 7.3 184
1712274783782 7.9 185
1712274793868 8.1 186
1712274803962 6.8 187
1712274814066 7.4 188
1712274824108 6.9 189
1712274834199 7.0 190
1712274844286 6.9 191
1712274854419 6.9 192
1712274864507 6.9 193
1712274874587 6.9 194
1712274884683 6.9 195
1712274894818 11.5 196
1712274904907 9.0 197
1712274915031 7.1 198
1712274925118 6.8 199
1712274935203 7.1 200
1712274945304 7.0 201
1712274955409 9.0 202
1712274965494 7.4 203
1712274975592 6.9 204
1712274985676 8.2 205
1712274995763 7.0 206
1712275005813 7.1 207
1712275015923 8.5 208
1712275026008 8.1 209
1712275036113 7.1 210
1712275046204 6.9 211
1712275056296 7.1 212
1712275066333 6.8 213
1712275076419 7.1 214
1712275086510 7.0 215
1712275096608 7.0 216
1712275106721 6.9 217
1712275116827 7.0 218
1712275126873 7.0 219
1712275136994 7.3 220
1712275147090 8.3 221
1712275157196 8.0 222
1712275167280 8.0 223
1712275177404 7.9 224
1712275187444 7.7 225
1712275197535 8.1 226
1712275207645 6.8 227
1712275217741 6.7 228
1712275227827 8.1 229
1712275237857 7.0 230
1712275247937 7.0 231
1712275258039 7.5 232
1712275268117 7.2 233
1712275278205 7.1 234
1712275288305 7.1 235
1712275298339 7.1 236
1712275308420 7.2 237
1712275318508 6.9 238
1712275328585 7.1 239
1712275338676 7.2 240
1712275348756 9.1 241
1712275358795 7.1 242
1712275368872 7.4 243
1712275378959 7.2 244
1712275389048 7.1 245
1712275399126 7.4 246
1712275409209 7.3 247
1712275419258 7.2 248
1712275429336 7.5 249
1712275439415 7.7 250
1712275449515 8.0 251
1712275459617 7.8 252
1712275469697 7.3 253
1712275479739 7.1 254
1712275489858 7.4 255
1712275499968 7.5 256
1712275510102 8.7 257
1712275520209 7.8 258
1712275530324 7.2 259
1712275540368 7.0 260
1712275550467 7.3 261
1712275560556 7.7 262
1712275570647 7.0 263
1712275580745 6.9 264
1712275590859 7.0 265
1712275600899 7.2 266
1712275611000 7.2 267
1712275621081 7.1 268
1712275631191 6.9 269
1712275641296 9.3 270
1712275651377 5.9 271
1712275661421 3.8 272
1712275671500 4.5 273
1712275681597 7.2 274
1712275691693 7.3 275
1712275701775 7.5 276
1712275711881 7.3 277
1712275721917 7.4 278
1712275732002 7.6 279
1712275742088 7.5 280
1712275752186 7.5 281
1712275762282 7.5 282
1712275772369 7.5 283
1712275782409 7.1 284
1712275792508 7.4 285
1712275802596 7.5 286
1712275812687 7.2 287
1712275822786 7.3 288
1712275832864 7.4 289
1712275842907 7.3 290
1712275853002 8.3 291
1712275863088 7.4 292
1712275873190 7.5 293
1712275883301 7.4 294
1712275893388 7.2 295
1712275903426 7.3 296
1712275913513 7.6 297
1712275923592 7.4 298
1712275933696 7.4 299
1712275943784 7.6 300
1712275953872 7.5 301
1712275963941 7.1 302
1712275974032 7.3 303
1712275984125 2.6 304
1712275994299 7.9 305
1712276004430 4.0 306
1712276014520 8.2 307
1712276024553 7.2 308
1712276034633 7.0 309
1712276044713 7.0 310
1712276054792 8.0 311
1712276064877 7.0 312
1712276074969 6.5 313
1712276085015 6.7 314
1712276095105 7.3 315
1712276105212 8.7 316
1712276115294 7.3 317
1712276125386 6.5 318
1712276135474 8.7 319
1712276145507 6.6 320
1712276155598 7.8 321
1712276165686 6.8 322
1712276175781 7.9 323
1712276185873 7.0 324
1712276195963 6.7 325
1712276205999 6.7 326
1712276216094 7.1 327
1712276226179 7.0 328
1712276236302 6.8 329
1712276246381 6.7 330
1712276256462 6.7 331
1712276266503 7.0 332
1712276276600 7.6 333
1712276286681 6.9 334
1712276296758 6.8 335
1712276306857 7.0 336
1712276316939 8.1 337
1712276326982 6.6 338
1712276337078 6.9 339
1712276347161 7.1 340
1712276357264 7.0 341
1712276367390 7.3 342
1712276377471 7.1 343
1712276387559 7.0 344
1712276397671 7.6 345
1712276407767 9.5 346
1712276417848 7.1 347
1712276427931 6.8 348
1712276437969 7.0 349
1712276448072 7.1 350
1712276458155 7.8 351
1712276468247 7.2 352
1712276478325 7.1 353
1712276488443 6.9 354
1712276498540 7.2 355
1712276508815 7.4 356
1712276518964 7.3 357
1712276529111 7.2 358
1712276539223 7.0 359
1712276549339 7.1 360
1712276559379 7.5 361
1712276569469 7.6 362
1712276579584 7.4 363
1712276589665 7.9 364
1712276599747 7.2 365
1712276609832 7.0 366
1712276619872 6.9 367
1712276629972 7.3 368
1712276640066 7.1 369
1712276650171 7.3 370
1712276660252 7.4 371
1712276670344 7.2 372
1712276680384 7.1 373
1712276690501 7.3 374
1712276700608 7.2 375
1712276710716 7.5 376
1712276720810 7.1 377
1712276730910 7.0 378
1712276740962 7.0 379
1712276751055 10.9 380
1712276761146 7.8 381
1712276771243 7.5 382
1712276781342 6.9 383
1712276791457 7.0 384
1712276801504 6.9 385
1712276811604 7.3 386
1712276821701 7.2 387
1712276831784 7.3 388
1712276841881 7.2 389
1712276851977 7.2 390
1712276862020 7.0 391
1712276872114 8.7 392
1712276882212 7.8 393
1712276892306 7.8 394
1712276902402 7.6 395
1712276912507 7.9 396
1712276922551 7.6 397
1712276932645 8.1 398
1712276942751 7.4 399
1712276952846 7.5 400
1712276962949 7.6 401
1712276973056 7.2 402
1712276983110 7.1 403
1712276993221 7.6 404
1712277003328 7.7 405
1712277013433 7.7 406
1712277023535 7.2 407
1712277033655 9.3 408
1712277043696 13.8 409
1712277053788 14.4 410
1712277063901 9.0 411
1712277073991 9.1 412
1712277084118 7.8 413
1712277094210 7.3 414
1712277104263 8.8 415
1712277114368 7.5 416
1712277124477 7.4 417
1712277134571 7.4 418
1712277144661 8.2 419
1712277154778 7.4 420
1712277164824 7.5 421
1712277174908 7.1 422
1712277185006 4.1 423
1712277195094 3.8 424
1712277205190 6.1 425
1712277215274 6.9 426
1712277225317 6.9 427
1712277235432 7.5 428
1712277245516 7.4 429
1712277255604 7.3 430
1712277265716 7.3 431
1712277275822 7.4 432
1712277285869 7.3 433
1712277295964 7.7 434
1712277306054 8.2 435
1712277316149 7.6 436
1712277326235 7.5 437
1712277336323 7.1 438
1712277346365 7.1 439
1712277356466 8.0 440
1712277366578 7.2 441
1712277376667 7.8 442
1712277386777 7.4 443
1712277396898 7.4 444
1712277406942 7.2 445
1712277417032 7.6 446
1712277427129 7.3 447
1712277437228 7.5 448
1712277447323 7.2 449
1712277457433 7.3 450
1712277467522 7.4 451
1712277477609 7.5 452
1712277487743 7.5 453
1712277498090 6.4 454
1712277508201 5.9 455
1712277518473 5.4 456
1712277528695 4.8 457
1712277538851 4.6 458
1712277548980 7.0 459
1712277559126 6.4 460
1712277569265 6.3 461
1712277579319 6.4 462
1712277589413 6.8 463
1712277599504 6.9 464
1712277609601 6.7 465
1712277619724 7.5 466
1712277629821 6.9 467
1712277639870 7.7 468
1712277649965 7.4 469
1712277660073 9.4 470
1712277670189 7.3 471
1712277680291 7.0 472
1712277690403 6.9 473
1712277700483 6.9 474
1712277710685 7.3 475
1712277720777 6.9 476
1712277730885 7.1 477
1712277740974 7.7 478
1712277751070 7.4 479
1712277761109 7.0 480
1712277771299 7.1 481
1712277781399 9.6 482
1712277791482 7.3 483
1712277801582 7.2 484
1712277811668 6.9 485
1712277821725 6.9 486
1712277831824 7.4 487
1712277841934 7.4 488
1712277852048 7.6 489
1712277862139 7.4 490
1712277872241 7.5 491
1712277882284 7.3 492
1712277892393 7.7 493
1712277902508 7.0 494
1712277912615 7.5 495
1712277922717 7.3 496
1712277932826 7.1 497
1712277942867 7.2 498
1712277952968 8.5 499
1712277963057 11.1 500
1712277973155 9.6 501
1712277983249 7.3 502
1712277993335 7.2 503
1712278003378 7.1 504
1712278013474 7.5 505
1712278023570 7.0 506
1712278033665 7.1 507
1712278043760 7.0 508
1712278053859 7.0 509
1712278063912 7.5 510
1712278074011 7.5 511
1712278084119 7.2 512
1712278094225 7.2 513
1712278104324 7.2 514
1712278114416 7.4 515
1712278124464 7.4 516
1712278134574 7.5 517
1712278144674 7.2 518
1712278154768 8.1 519
1712278164869 7.3 520
1712278174966 6.9 521
1712278185014 7.1 522
1712278195122 7.3 523
1712278205247 7.7 524
1712278215355 7.5 525
1712278225450 7.2 526
1712278235565 7.2 527
1712278245602 7.0 528
1712278255709 8.9 529
1712278265805 7.2 530
1712278275899 7.5 531
1712278285999 7.1 532
1712278296110 7.5 533
1712278306162 7.3 534
1712278316271 8.0 535
1712278326369 8.1 536
1712278336473 7.7 537
1712278346574 7.3 538
1712278356683 7.2 539
1712278366722 7.1 540
1712278376834 7.6 541
1712278386935 7.3 542
1712278397040 7.8 543
1712278407148 7.4 544
1712278417261 8.4 545
1712278427314 7.5 546
1712278437417 7.2 547
1712278447510 7.1 548
1712278457615 8.3 549
1712278467711 7.4 550
1712278477759 8.2 551
1712278487878 7.3 552
1712278497981 11.1 553
1712278508091 8.2 554
1712278518194 7.4 555
1712278528295 7.6 556
1712278538338 7.2 557
1712278548441 8.5 558
1712278558540 9.5 559
1712278568644 7.1 560
1712278578750 7.9 561
1712278588844 8.1 562
1712278598898 7.1 563
1712278608996 7.1 564
1712278619109 7.3 565
1712278629220 7.8 566
1712278639369 8.1 567
1712278649634 7.5 568
1712278659762 7.1 569
1712278669912 7.4 570
1712278680065 7.5 571
1712278690181 7.5 572
1712278700307 7.9 573
1712278710407 6.5 574
1712278720464 2.9 575
1712278730562 3.9 576
1712278740668 6.7 577
1712278750758 7.0 578
1712278760853 6.9 579
1712278770954 7.5 580
1712278780991 7.4 581
1712278791087 7.9 582
1712278801191 7.3 583
1712278811282 9.2 584
1712278821375 7.4 585
1712278831476 7.3 586
1712278841526 7.2 587
1712278851636 7.6 588
1712278861725 8.0 589
1712278871833 9.8 590
1712278881933 7.2 591
1712278892137 7.3 592
1712278902188 7.3 593
1712278912290 7.7 594
1712278922402 7.6 595
1712278932487 7.6 596
1712278942580 7.3 597
1712278952675 7.2 598
1712278962723 7.3 599
1712278972808 7.6 600
1712278982906 7.3 601
1712278992996 7.3 602
1712279003082 7.3 603
1712279013178 7.3 604
1712279023242 7.3 605
