1712272917036 58.1 0
1712272927130 60.4 1
1712272937220 61.3 2
1712272947295 62.6 3
1712272957383 62.6 4
1712272967433 62.6 5
1712272977501 62.6 6
1712272987604 62.6 7
1712272997685 62.6 8
1712273007755 62.6 9
1712273017799 62.6 10
1712273027864 62.6 11
1712273037950 62.6 12
1712273048036 62.6 13
1712273058119 62.6 14
1712273068215 62.6 15
1712273078249 62.6 16
1712273088334 62.6 17
1712273098415 62.6 18
1712273108490 62.6 19
1712273118566 62.6 20
1712273128648 62.6 21
1712273138686 62.6 22
1712273148761 62.6 23
1712273158848 62.6 24
1712273168953 62.6 25
1712273179027 62.6 26
1712273189099 62.6 27
1712273199150 62.6 28
1712273209232 62.6 29
1712273219321 62.6 30
1712273229389 62.6 31
1712273239461 62.6 32
1712273249536 62.6 33
1712273259563 62.6 34
1712273269652 62.6 35
1712273279726 62.6 36
1712273289809 62.6 37
1712273299898 62.6 38
1712273309976 62.6 39
1712273320017 62.6 40
1712273330093 62.6 41
1712273340163 62.6 42
1712273350245 62.6 43
1712273360325 62.6 44
1712273370394 62.6 45
1712273380433 62.6 46
1712273390523 62.6 47
1712273400602 62.6 48
1712273410702 62.6 49
1712273420786 62.6 50
1712273430876 62.6 51
1712273440905 62.6 52
1712273450990 62.6 53
1712273461222 62.6 54
1712273471322 62.6 55
1712273481408 62.6 56
1712273491495 62.6 57
1712273501525 62.6 58
1712273511598 62.6 59
1712273521676 62.6 60
1712273531759 62.6 61
1712273541832 62.6 62
1712273551922 62.6 63
1712273561957 62.6 64
1712273572054 62.6 65
1712273582134 62.6 66
1712273592229 62.6 67
1712273602319 62.6 68
1712273612392 62.6 69
1712273622427 62.6 70
1712273632502 62.6 71
1712273642578 62.6 72
1712273652654 62.6 73
1712273662740 62.6 74
1712273672837 62.6 75
1712273682881 62.6 76
1712273692967 62.6 77
1712273703056 62.6 78
1712273713137 62.6 79
1712273723225 62.6 80
1712273733312 62.6 81
1712273743352 62.6 82
1712273753444 62.6 83
1712273763535 62.6 84
1712273773631 62.6 85
1712273783711 62.6 86
1712273793798 62.6 87
1712273803848 62.6 88
1712273813957 62.6 89
1712273824046 62.6 90
1712273834125 62.6 91
1712273844215 62.6 92
1712273854306 62.6 93
1712273864340 62.6 94
1712273874444 62.6 95
1712273884534 62.6 96
1712273894603 62.6 97
1712273904698 62.6 98
1712273914771 62.6 99
1712273924804 62.6 100
1712273934896 62.6 101
1712273944991 62.6 102
1712273955071 62.6 103
1712273965101 62.6 104
1712273975147 62.6 105
1712273985195 62.6 106
1712273995238 62.6 107
1712274005346 62.6 108
1712274015386 62.6 109
1712274025429 62.6 110
1712274035468 62.6 111
1712274045556 62.6 112
1712274055592 62.6 113
1712274065673 62.6 114
1712274075771 62.6 115
1712274085845 62.6 116
1712274095949 62.6 117
1712274105981 62.6 118
1712274116060 62.6 119
1712274126147 58.4 120
1712274136238 59.9 121
1712274146321 61.0 122
1712274156394 61.0 123
1712274166430 61.0 124
1712274176521 61.0 125
1712274186599 61.0 126
1712274196678 61.0 127
1712274206761 61.0 128
1712274216853 61.0 129
1712274226880 61.0 130
1712274236964 61.0 131
1712274247038 61.0 132
1712274257138 61.0 133
1712274267231 61.0 134
1712274277323 61.0 135
1712274287360 61.0 136
1712274297468 61.0 137
1712274307580 61.0 138
1712274317653 61.0 139
1712274327737 61.0 140
1712274337769 61.0 141
1712274347859 61.0 142
1712274357938 61.0 143
1712274368028 61.0 144
1712274378121 61.0 145
1712274388193 61.0 146
1712274398229 61.0 147
1712274408334 61.0 148
1712274418426 61.0 149
1712274430595 61.0 150
1712274440825 58.8 151
1712274450978 61.0 152
1712274461022 61.5 153
1712274471123 62.2 154
1712274481215 62.8 155
1712274491311 62.8 156
1712274501429 62.8 157
1712274511519 62.8 158
1712274521548 62.8 159
1712274531635 62.8 160
1712274541723 62.8 161
1712274551813 62.8 162
1712274561898 62.8 163
1712274571982 62.8 164
1712274582016 62.8 165
1712274592110 62.8 166
1712274602207 62.8 167
1712274612294 62.8 168
1712274622386 62.8 169
1712274632474 62.8 170
1712274642521 62.8 171
1712274652624 62.8 172
1712274662745 62.8 173
1712274672839 62.8 174
1712274682940 62.8 175
1712274693025 62.8 176
1712274703064 62.8 177
1712274713157 62.8 178
1712274723250 62.8 179
1712274733353 62.8 180
1712274743441 62.8 181
1712274753539 62.8 182
1712274763584 62.8 183
1712274773681 62.8 184
1712274783782 62.8 185
1712274793868 62.8 186
1712274803962 62.8 187
1712274814066 62.8 188
1712274824108 62.8 189
1712274834199 62.8 190
1712274844286 62.8 191
1712274854419 62.8 192
1712274864507 62.8 193
1712274874587 62.8 194
1712274884683 62.8 195
1712274894818 62.8 196
1712274904907 62.8 197
1712274915031 62.8 198
1712274925118 62.8 199
1712274935203 62.8 200
1712274945304 62.8 201
1712274955409 62.8 202
1712274965494 62.8 203
1712274975592 62.8 204
1712274985676 62.8 205
1712274995763 62.8 206
1712275005813 62.8 207
1712275015923 62.8 208
1712275026008 62.8 209
1712275036113 62.8 210
1712275046204 62.8 211
1712275056296 62.8 212
1712275066333 62.8 213
1712275076419 62.8 214
1712275086510 62.8 215
1712275096608 62.8 216
1712275106721 62.8 217
1712275116827 62.8 218
1712275126873 62.8 219
1712275136994 62.8 220
1712275147090 62.8 221
1712275157196 62.8 222
1712275167280 62.8 223
1712275177404 62.8 224
1712275187444 62.8 225
1712275197535 62.8 226
1712275207645 62.8 227
1712275217741 62.8 228
1712275227827 62.8 229
1712275237857 62.8 230
1712275247937 62.8 231
1712275258039 62.8 232
1712275268117 62.8 233
1712275278205 62.8 234
1712275288305 62.8 235
1712275298339 62.8 236
1712275308420 62.8 237
1712275318508 62.8 238
1712275328585 62.8 239
1712275338676 62.8 240
1712275348756 62.8 241
1712275358795 62.8 242
1712275368872 62.8 243
1712275378959 62.8 244
1712275389048 62.8 245
1712275399126 62.8 246
1712275409209 62.8 247
1712275419258 62.8 248
1712275429336 62.8 249
1712275439415 62.8 250
1712275449515 62.8 251
1712275459617 62.8 252
1712275469697 62.8 253
1712275479739 62.8 254
1712275489858 62.8 255
1712275499968 62.8 256
1712275510102 62.8 257
1712275520209 62.8 258
1712275530324 62.8 259
1712275540368 62.8 260
1712275550467 62.8 261
1712275560556 62.8 262
1712275570647 62.8 263
1712275580745 62.8 264
1712275590859 62.8 265
1712275600899 62.8 266
1712275611000 62.8 267
1712275621081 62.8 268
1712275631191 62.8 269
1712275641296 62.8 270
1712275651377 58.8 271
1712275661421 60.2 272
1712275671500 61.0 273
1712275681597 61.0 274
1712275691693 61.0 275
1712275701775 61.0 276
1712275711881 61.0 277
1712275721917 61.0 278
1712275732002 61.0 279
1712275742088 61.0 280
1712275752186 61.0 281
1712275762282 61.0 282
1712275772369 61.0 283
1712275782409 61.0 284
1712275792508 61.0 285
1712275802596 61.0 286
1712275812687 61.0 287
1712275822786 61.0 288
1712275832864 61.0 289
1712275842907 61.0 290
1712275853002 61.0 291
1712275863088 61.0 292
1712275873190 61.0 293
1712275883301 61.0 294
1712275893388 61.0 295
1712275903426 61.0 296
1712275913513 61.0 297
1712275923592 61.0 298
1712275933696 61.0 299
1712275943784 61.0 300
1712275953872 61.0 301
1712275963941 61.0 302
1712275974032 60.4 303
1712275984125 60.8 304
1712275994299 62.1 305
1712276004430 62.7 306
1712276014520 62.7 307
1712276024553 62.7 308
1712276034633 62.7 309
1712276044713 62.7 310
1712276054792 62.7 311
1712276064877 62.7 312
1712276074969 62.7 313
1712276085015 62.7 314
1712276095105 62.7 315
1712276105212 62.7 316
1712276115294 62.7 317
1712276125386 62.7 318
1712276135474 62.7 319
1712276145507 62.7 320
1712276155598 62.7 321
1712276165686 62.7 322
1712276175781 62.7 323
1712276185873 62.7 324
1712276195963 62.7 325
1712276205999 62.7 326
1712276216094 62.7 327
1712276226179 62.7 328
1712276236302 62.7 329
1712276246381 62.7 330
1712276256462 62.7 331
1712276266503 62.7 332
1712276276600 62.7 333
1712276286681 62.7 334
1712276296758 62.7 335
1712276306857 62.7 336
1712276316939 62.7 337
1712276326982 62.7 338
1712276337078 62.7 339
1712276347161 62.7 340
1712276357264 62.7 341
1712276367390 62.7 342
1712276377471 62.7 343
1712276387559 62.7 344
1712276397671 62.7 345
1712276407767 62.7 346
1712276417848 62.7 347
1712276427931 62.7 348
1712276437969 62.7 349
1712276448072 62.7 350
1712276458155 62.7 351
1712276468247 62.7 352
1712276478325 62.7 353
1712276488443 62.7 354
1712276498540 62.7 355
1712276508815 62.7 356
1712276518964 62.7 357
1712276529111 62.7 358
1712276539223 62.7 359
1712276549339 62.7 360
1712276559379 62.7 361
1712276569469 62.7 362
1712276579584 62.7 363
1712276589665 62.7 364
1712276599747 62.7 365
1712276609832 62.7 366
1712276619872 62.7 367
1712276629972 62.7 368
1712276640066 62.7 369
1712276650171 62.7 370
1712276660252 62.7 371
1712276670344 62.7 372
1712276680384 62.7 373
1712276690501 62.7 374
1712276700608 62.7 375
1712276710716 62.7 376
1712276720810 62.7 377
1712276730910 62.7 378
1712276740962 62.7 379
1712276751055 62.7 380
1712276761146 62.7 381
1712276771243 62.7 382
1712276781342 62.7 383
1712276791457 62.7 384
1712276801504 62.7 385
1712276811604 62.7 386
1712276821701 62.7 387
1712276831784 62.7 388
1712276841881 62.7 389
1712276851977 62.7 390
1712276862020 62.7 391
1712276872114 62.7 392
1712276882212 62.7 393
1712276892306 62.7 394
1712276902402 62.7 395
1712276912507 62.7 396
1712276922551 62.7 397
1712276932645 62.7 398
1712276942751 62.7 399
1712276952846 62.7 400
1712276962949 62.7 401
1712276973056 62.7 402
1712276983110 62.7 403
1712276993221 62.7 404
1712277003328 62.7 405
1712277013433 62.7 406
1712277023535 62.7 407
1712277033655 62.7 408
1712277043696 62.7 409
1712277053788 62.7 410
1712277063901 62.7 411
1712277073991 62.7 412
1712277084118 62.7 413
1712277094210 62.7 414
1712277104263 62.7 415
1712277114368 62.7 416
1712277124477 62.7 417
1712277134571 62.7 418
1712277144661 62.7 419
1712277154778 62.7 420
1712277164824 62.7 421
1712277174908 59.4 422
1712277185006 59.3 423
1712277195094 60.7 424
1712277205190 61.1 425
1712277215274 61.1 426
1712277225317 61.1 427
1712277235432 61.1 428
1712277245516 61.1 429
1712277255604 61.1 430
1712277265716 61.1 431
1712277275822 61.1 432
1712277285869 61.1 433
1712277295964 61.1 434
1712277306054 61.1 435
1712277316149 61.1 436
1712277326235 61.1 437
1712277336323 61.1 438
1712277346365 61.1 439
1712277356466 61.1 440
1712277366578 61.1 441
1712277376667 61.1 442
1712277386777 61.1 443
1712277396898 61.1 444
1712277406942 61.1 445
1712277417032 61.1 446
1712277427129 61.1 447
1712277437228 61.1 448
1712277447323 61.1 449
1712277457433 61.1 450
1712277467522 61.1 451
1712277477609 61.1 452
1712277487743 61.1 453
1712277498090 59.2 454
1712277508201 60.9 455
1712277518473 61.6 456
1712277528695 62.1 457
1712277538851 62.7 458
1712277548980 62.7 459
1712277559126 62.7 460
1712277569265 62.7 461
1712277579319 62.7 462
1712277589413 62.7 463
1712277599504 62.7 464
1712277609601 62.7 465
1712277619724 62.7 466
1712277629821 62.7 467
1712277639870 62.7 468
1712277649965 62.7 469
1712277660073 62.7 470
1712277670189 62.7 471
1712277680291 62.7 472
1712277690403 62.7 473
1712277700483 62.7 474
1712277710685 62.7 475
1712277720777 62.7 476
1712277730885 62.7 477
1712277740974 62.7 478
1712277751070 62.7 479
1712277761109 62.7 480
1712277771299 62.7 481
1712277781399 62.7 482
1712277791482 62.7 483
1712277801582 62.7 484
1712277811668 62.7 485
1712277821725 62.7 486
1712277831824 62.7 487
1712277841934 62.7 488
1712277852048 62.7 489
1712277862139 62.7 490
1712277872241 62.7 491
1712277882284 62.7 492
1712277892393 62.7 493
1712277902508 62.7 494
1712277912615 62.7 495
1712277922717 62.7 496
1712277932826 62.7 497
1712277942867 62.7 498
1712277952968 62.7 499
1712277963057 62.7 500
1712277973155 62.7 501
1712277983249 62.7 502
1712277993335 62.7 503
1712278003378 62.7 504
1712278013474 62.7 505
1712278023570 62.7 506
1712278033665 62.7 507
1712278043760 62.7 508
1712278053859 62.7 509
1712278063912 62.7 510
1712278074011 62.7 511
1712278084119 62.7 512
1712278094225 62.7 513
1712278104324 62.7 514
1712278114416 62.7 515
1712278124464 62.7 516
1712278134574 62.7 517
1712278144674 62.7 518
1712278154768 62.7 519
1712278164869 62.7 520
1712278174966 62.7 521
1712278185014 62.7 522
1712278195122 62.7 523
1712278205247 62.7 524
1712278215355 62.7 525
1712278225450 62.7 526
1712278235565 62.7 527
1712278245602 62.7 528
1712278255709 62.7 529
1712278265805 62.7 530
1712278275899 62.7 531
1712278285999 62.7 532
1712278296110 62.7 533
1712278306162 62.7 534
1712278316271 62.7 535
1712278326369 62.7 536
1712278336473 62.7 537
1712278346574 62.7 538
1712278356683 62.7 539
1712278366722 62.7 540
1712278376834 62.7 541
1712278386935 62.7 542
1712278397040 62.7 543
1712278407148 62.7 544
1712278417261 62.7 545
1712278427314 62.7 546
1712278437417 62.7 547
1712278447510 62.7 548
1712278457615 62.7 549
1712278467711 62.7 550
1712278477759 62.7 551
1712278487878 62.7 552
1712278497981 62.7 553
1712278508091 62.7 554
1712278518194 62.7 555
1712278528295 62.7 556
1712278538338 62.7 557
1712278548441 62.7 558
1712278558540 62.7 559
1712278568644 62.7 560
1712278578750 62.7 561
1712278588844 62.7 562
1712278598898 62.7 563
1712278608996 62.7 564
1712278619109 62.7 565
1712278629220 62.7 566
1712278639369 62.7 567
1712278649634 62.7 568
1712278659762 62.7 569
1712278669912 62.7 570
1712278680065 62.7 571
1712278690181 62.7 572
1712278700307 62.7 573
1712278710407 58.8 574
1712278720464 59.4 575
1712278730562 61.0 576
1712278740668 61.0 577
1712278750758 61.0 578
1712278760853 61.0 579
1712278770954 61.0 580
1712278780991 61.0 581
1712278791087 61.0 582
1712278801191 61.0 583
1712278811282 61.0 584
1712278821375 61.0 585
1712278831476 61.0 586
1712278841526 61.0 587
1712278851636 61.0 588
1712278861725 61.0 589
1712278871833 61.0 590
1712278881933 61.0 591
1712278892137 61.0 592
1712278902188 61.0 593
1712278912290 61.0 594
1712278922402 61.0 595
1712278932487 61.0 596
1712278942580 61.0 597
1712278952675 61.0 598
1712278962723 61.0 599
1712278972808 61.0 600
1712278982906 61.0 601
1712278992996 61.0 602
1712279003082 61.0 603
1712279013178 61.0 604
1712279023242 61.0 605
