1712272917036 160311.6 0
1712272927130 166875.0 1
1712272937220 169409.0 2
1712272947295 172802.9 3
1712272957383 172802.9 4
1712272967433 172802.9 5
1712272977501 172802.9 6
1712272987604 172802.9 7
1712272997685 172802.9 8
1712273007755 172802.9 9
1712273017799 172802.9 10
1712273027864 172802.9 11
1712273037950 172802.9 12
1712273048036 172802.9 13
1712273058119 172802.9 14
1712273068215 172802.9 15
1712273078249 172802.9 16
1712273088334 172802.9 17
1712273098415 172802.9 18
1712273108490 172802.9 19
1712273118566 172802.9 20
1712273128648 172802.9 21
1712273138686 172802.9 22
1712273148761 172802.9 23
1712273158848 172802.9 24
1712273168953 172802.9 25
1712273179027 172802.9 26
1712273189099 172802.9 27
1712273199150 172803.5 28
1712273209232 172803.5 29
1712273219321 172803.5 30
1712273229389 172803.5 31
1712273239461 172803.5 32
1712273249536 172803.5 33
1712273259563 172803.5 34
1712273269652 172803.5 35
1712273279726 172803.5 36
1712273289809 172803.5 37
1712273299898 172803.5 38
1712273309976 172803.5 39
1712273320017 172803.5 40
1712273330093 172803.5 41
1712273340163 172803.5 42
1712273350245 172803.5 43
1712273360325 172803.5 44
1712273370394 172803.5 45
1712273380433 172803.5 46
1712273390523 172803.5 47
1712273400602 172803.5 48
1712273410702 172803.5 49
1712273420786 172803.5 50
1712273430876 172803.5 51
1712273440905 172803.5 52
1712273450990 172803.5 53
1712273461222 172803.5 54
1712273471322 172803.5 55
1712273481408 172803.5 56
1712273491495 172803.5 57
1712273501525 172803.5 58
1712273511598 172803.5 59
1712273521676 172803.5 60
1712273531759 172803.5 61
1712273541832 172803.5 62
1712273551922 172803.5 63
1712273561957 172803.5 64
1712273572054 172803.5 65
1712273582134 172803.5 66
1712273592229 172803.5 67
1712273602319 172803.5 68
1712273612392 172803.5 69
1712273622427 172803.5 70
1712273632502 172803.5 71
1712273642578 172803.5 72
1712273652654 172803.5 73
1712273662740 172803.5 74
1712273672837 172803.5 75
1712273682881 172803.5 76
1712273692967 172803.5 77
1712273703056 172803.5 78
1712273713137 172803.5 79
1712273723225 172803.5 80
1712273733312 172803.5 81
1712273743352 172803.5 82
1712273753444 172803.5 83
1712273763535 172803.5 84
1712273773631 172803.5 85
1712273783711 172803.5 86
1712273793798 172803.5 87
1712273803848 172803.5 88
1712273813957 172803.5 89
1712273824046 172803.5 90
1712273834125 172803.5 91
1712273844215 172803.5 92
1712273854306 172803.5 93
1712273864340 172803.5 94
1712273874444 172803.5 95
1712273884534 172803.5 96
1712273894603 172803.5 97
1712273904698 172803.5 98
1712273914771 172803.5 99
1712273924804 172803.5 100
1712273934896 172803.5 101
1712273944991 172803.5 102
1712273955071 172803.5 103
1712273965101 172803.5 104
1712273975147 172803.5 105
1712273985195 172803.5 106
1712273995238 172803.5 107
1712274005346 172803.5 108
1712274015386 172803.5 109
1712274025429 172803.5 110
1712274035468 172803.5 111
1712274045556 172803.5 112
1712274055592 172803.5 113
1712274065673 172803.5 114
1712274075771 172803.5 115
1712274085845 172803.5 116
1712274095949 172803.5 117
1712274105981 172803.5 118
1712274116060 172803.5 119
1712274126147 161355.4 120
1712274136238 165287.4 121
1712274146321 168540.0 122
1712274156394 168540.0 123
1712274166430 168540.0 124
1712274176521 168540.0 125
1712274186599 168540.0 126
1712274196678 168540.0 127
1712274206761 168540.0 128
1712274216853 168540.0 129
1712274226880 168540.0 130
1712274236964 168540.6 131
1712274247038 168540.6 132
1712274257138 168540.6 133
1712274267231 168540.6 134
1712274277323 168540.6 135
1712274287360 168540.6 136
1712274297468 168540.6 137
1712274307580 168540.6 138
1712274317653 168540.6 139
1712274327737 168540.6 140
1712274337769 168540.6 141
1712274347859 168540.6 142
1712274357938 168540.6 143
1712274368028 168540.6 144
1712274378121 168540.6 145
1712274388193 168540.6 146
1712274398229 168540.6 147
1712274408334 168540.6 148
1712274418426 168540.6 149
1712274430595 168540.6 150
1712274440825 162405.8 151
1712274450978 168437.9 152
1712274461022 169945.4 153
1712274471123 171764.9 154
1712274481215 173458.0 155
1712274491311 173458.0 156
1712274501429 173458.0 157
1712274511519 173458.0 158
1712274521548 173458.0 159
1712274531635 173458.0 160
1712274541723 173458.0 161
1712274551813 173458.0 162
1712274561898 173458.0 163
1712274571982 173458.0 164
1712274582016 173458.0 165
1712274592110 173458.0 166
1712274602207 173458.0 167
1712274612294 173458.0 168
1712274622386 173458.0 169
1712274632474 173458.0 170
1712274642521 173458.0 171
1712274652624 173458.0 172
1712274662745 173458.0 173
1712274672839 173458.0 174
1712274682940 173458.0 175
1712274693025 173458.0 176
1712274703064 173458.0 177
1712274713157 173458.0 178
1712274723250 173458.0 179
1712274733353 173458.0 180
1712274743441 173458.0 181
1712274753539 173458.0 182
1712274763584 173458.0 183
1712274773681 173458.0 184
1712274783782 173458.0 185
1712274793868 173458.0 186
1712274803962 173458.0 187
1712274814066 173458.0 188
1712274824108 173458.0 189
1712274834199 173458.0 190
1712274844286 173458.0 191
1712274854419 173458.0 192
1712274864507 173458.0 193
1712274874587 173458.0 194
1712274884683 173458.0 195
1712274894818 173458.0 196
1712274904907 173458.0 197
1712274915031 173458.0 198
1712274925118 173458.0 199
1712274935203 173458.0 200
1712274945304 173458.0 201
1712274955409 173458.0 202
1712274965494 173458.0 203
1712274975592 173458.0 204
1712274985676 173458.0 205
1712274995763 173458.0 206
1712275005813 173458.0 207
1712275015923 173458.0 208
1712275026008 173458.0 209
1712275036113 173458.0 210
1712275046204 173458.0 211
1712275056296 173458.0 212
1712275066333 173458.0 213
1712275076419 173458.0 214
1712275086510 173458.0 215
1712275096608 173458.0 216
1712275106721 173458.0 217
1712275116827 173458.0 218
1712275126873 173458.0 219
1712275136994 173458.0 220
1712275147090 173458.0 221
1712275157196 173458.0 222
1712275167280 173458.0 223
1712275177404 173458.0 224
1712275187444 173458.0 225
1712275197535 173458.0 226
1712275207645 173458.0 227
1712275217741 173458.0 228
1712275227827 173458.0 229
1712275237857 173458.0 230
1712275247937 173458.0 231
1712275258039 173458.0 232
1712275268117 173458.0 233
1712275278205 173458.0 234
1712275288305 173458.5 235
1712275298339 173458.5 236
1712275308420 173458.5 237
1712275318508 173458.5 238
1712275328585 173458.5 239
1712275338676 173458.5 240
1712275348756 173458.5 241
1712275358795 173458.5 242
1712275368872 173458.5 243
1712275378959 173458.5 244
1712275389048 173458.5 245
1712275399126 173458.5 246
1712275409209 173458.5 247
1712275419258 173458.5 248
1712275429336 173458.5 249
1712275439415 173458.5 250
1712275449515 173458.5 251
1712275459617 173458.5 252
1712275469697 173458.5 253
1712275479739 173458.5 254
1712275489858 173458.5 255
1712275499968 173458.5 256
1712275510102 173458.5 257
1712275520209 173458.5 258
1712275530324 173458.5 259
1712275540368 173458.5 260
1712275550467 173458.6 261
1712275560556 173458.6 262
1712275570647 173458.6 263
1712275580745 173458.6 264
1712275590859 173458.6 265
1712275600899 173458.6 266
1712275611000 173458.6 267
1712275621081 173458.6 268
1712275631191 173458.6 269
1712275641296 173458.6 270
1712275651377 162467.1 271
1712275661421 166293.7 272
1712275671500 168462.5 273
1712275681597 168462.5 274
1712275691693 168462.5 275
1712275701775 168462.5 276
1712275711881 168462.5 277
1712275721917 168462.5 278
1712275732002 168462.5 279
1712275742088 168462.5 280
1712275752186 168462.5 281
1712275762282 168462.5 282
1712275772369 168462.5 283
1712275782409 168462.5 284
1712275792508 168462.5 285
1712275802596 168462.5 286
1712275812687 168462.5 287
1712275822786 168462.5 288
1712275832864 168462.5 289
1712275842907 168462.5 290
1712275853002 168462.5 291
1712275863088 168462.5 292
1712275873190 168462.5 293
1712275883301 168462.5 294
1712275893388 168462.5 295
1712275903426 168462.5 296
1712275913513 168462.5 297
1712275923592 168462.5 298
1712275933696 168462.5 299
1712275943784 168462.5 300
1712275953872 168462.5 301
1712275963941 168462.5 302
1712275974032 166871.2 303
1712275984125 167958.9 304
1712275994299 171532.2 305
1712276004430 173218.4 306
1712276014520 173218.4 307
1712276024553 173218.4 308
1712276034633 173218.4 309
1712276044713 173218.4 310
1712276054792 173218.4 311
1712276064877 173218.4 312
1712276074969 173218.4 313
1712276085015 173218.4 314
1712276095105 173218.4 315
1712276105212 173218.4 316
1712276115294 173218.4 317
1712276125386 173218.4 318
1712276135474 173218.4 319
1712276145507 173218.4 320
1712276155598 173218.4 321
1712276165686 173218.4 322
1712276175781 173218.4 323
1712276185873 173218.4 324
1712276195963 173218.4 325
1712276205999 173218.4 326
1712276216094 173218.4 327
1712276226179 173218.4 328
1712276236302 173218.4 329
1712276246381 173218.4 330
1712276256462 173218.4 331
1712276266503 173218.4 332
1712276276600 173218.4 333
1712276286681 173218.4 334
1712276296758 173218.4 335
1712276306857 173218.4 336
1712276316939 173218.4 337
1712276326982 173219.0 338
1712276337078 173219.0 339
1712276347161 173219.0 340
1712276357264 173219.0 341
1712276367390 173219.0 342
1712276377471 173219.0 343
1712276387559 173219.0 344
1712276397671 173219.0 345
1712276407767 173219.0 346
1712276417848 173219.0 347
1712276427931 173219.0 348
1712276437969 173219.0 349
1712276448072 173219.0 350
1712276458155 173219.0 351
1712276468247 173219.0 352
1712276478325 173219.0 353
1712276488443 173219.0 354
1712276498540 173219.0 355
1712276508815 173219.0 356
1712276518964 173219.0 357
1712276529111 173219.0 358
1712276539223 173219.0 359
1712276549339 173219.0 360
1712276559379 173219.0 361
1712276569469 173219.0 362
1712276579584 173219.0 363
1712276589665 173219.0 364
1712276599747 173219.0 365
1712276609832 173219.0 366
1712276619872 173219.0 367
1712276629972 173219.0 368
1712276640066 173219.0 369
1712276650171 173219.0 370
1712276660252 173219.0 371
1712276670344 173219.0 372
1712276680384 173219.0 373
1712276690501 173219.0 374
1712276700608 173219.0 375
1712276710716 173219.0 376
1712276720810 173219.0 377
1712276730910 173219.0 378
1712276740962 173219.0 379
1712276751055 173219.0 380
1712276761146 173219.0 381
1712276771243 173219.0 382
1712276781342 173219.0 383
1712276791457 173219.0 384
1712276801504 173219.0 385
1712276811604 173219.0 386
1712276821701 173219.0 387
1712276831784 173219.0 388
1712276841881 173219.0 389
1712276851977 173219.0 390
1712276862020 173210.6 391
1712276872114 173210.6 392
1712276882212 173210.6 393
1712276892306 173210.6 394
1712276902402 173210.6 395
1712276912507 173210.6 396
1712276922551 173210.6 397
1712276932645 173210.6 398
1712276942751 173210.6 399
1712276952846 173210.6 400
1712276962949 173210.6 401
1712276973056 173210.6 402
1712276983110 173210.6 403
1712276993221 173210.6 404
1712277003328 173210.6 405
1712277013433 173210.6 406
1712277023535 173210.6 407
1712277033655 173210.6 408
1712277043696 173210.6 409
1712277053788 173210.6 410
1712277063901 173210.6 411
1712277073991 173210.6 412
1712277084118 173210.6 413
1712277094210 173210.6 414
1712277104263 173210.6 415
1712277114368 173210.6 416
1712277124477 173210.6 417
1712277134571 173210.6 418
1712277144661 173210.6 419
1712277154778 173210.6 420
1712277164824 173210.6 421
1712277174908 164017.8 422
1712277185006 163765.3 423
1712277195094 167597.2 424
1712277205190 168677.4 425
1712277215274 168677.4 426
1712277225317 168677.4 427
1712277235432 168677.4 428
1712277245516 168677.4 429
1712277255604 168677.4 430
1712277265716 168677.4 431
1712277275822 168677.4 432
1712277285869 168677.4 433
1712277295964 168677.4 434
1712277306054 168677.4 435
1712277316149 168677.4 436
1712277326235 168677.4 437
1712277336323 168677.4 438
1712277346365 168677.4 439
1712277356466 168677.4 440
1712277366578 168677.4 441
1712277376667 168677.9 442
1712277386777 168677.9 443
1712277396898 168677.9 444
1712277406942 168677.9 445
1712277417032 168677.9 446
1712277427129 168677.9 447
1712277437228 168677.9 448
1712277447323 168677.9 449
1712277457433 168677.9 450
1712277467522 168677.9 451
1712277477609 168677.9 452
1712277487743 168677.9 453
1712277498090 163593.1 454
1712277508201 168041.8 455
1712277518473 169984.6 456
1712277528695 171473.9 457
1712277538851 173220.4 458
1712277548980 173220.4 459
1712277559126 173220.4 460
1712277569265 173220.4 461
1712277579319 173220.4 462
1712277589413 173220.4 463
1712277599504 173220.4 464
1712277609601 173220.4 465
1712277619724 173220.4 466
1712277629821 173220.4 467
1712277639870 173220.4 468
1712277649965 173220.4 469
1712277660073 173220.4 470
1712277670189 173220.4 471
1712277680291 173220.4 472
1712277690403 173220.4 473
1712277700483 173220.4 474
1712277710685 173220.4 475
1712277720777 173220.4 476
1712277730885 173220.4 477
1712277740974 173220.4 478
1712277751070 173220.4 479
1712277761109 173220.4 480
1712277771299 173220.4 481
1712277781399 173220.4 482
1712277791482 173220.4 483
1712277801582 173220.4 484
1712277811668 173220.4 485
1712277821725 173220.4 486
1712277831824 173220.4 487
1712277841934 173220.4 488
1712277852048 173220.4 489
1712277862139 173220.4 490
1712277872241 173220.4 491
1712277882284 173220.4 492
1712277892393 173220.4 493
1712277902508 173220.4 494
1712277912615 173220.4 495
1712277922717 173220.4 496
1712277932826 173220.4 497
1712277942867 173220.4 498
1712277952968 173220.4 499
1712277963057 173220.4 500
1712277973155 173220.4 501
1712277983249 173220.4 502
1712277993335 173220.4 503
1712278003378 173220.4 504
1712278013474 173220.4 505
1712278023570 173220.4 506
1712278033665 173220.4 507
1712278043760 173220.4 508
1712278053859 173220.4 509
1712278063912 173220.4 510
1712278074011 173220.4 511
1712278084119 173220.4 512
1712278094225 173220.4 513
1712278104324 173220.4 514
1712278114416 173220.4 515
1712278124464 173220.4 516
1712278134574 173220.4 517
1712278144674 173220.4 518
1712278154768 173220.4 519
1712278164869 173220.4 520
1712278174966 173220.4 521
1712278185014 173220.4 522
1712278195122 173220.4 523
1712278205247 173220.4 524
1712278215355 173220.4 525
1712278225450 173220.4 526
1712278235565 173220.4 527
1712278245602 173220.4 528
1712278255709 173220.4 529
1712278265805 173220.4 530
1712278275899 173220.4 531
1712278285999 173220.4 532
1712278296110 173220.4 533
1712278306162 173220.4 534
1712278316271 173220.4 535
1712278326369 173220.4 536
1712278336473 173220.4 537
1712278346574 173220.4 538
1712278356683 173220.4 539
1712278366722 173220.4 540
1712278376834 173220.4 541
1712278386935 173220.4 542
1712278397040 173220.4 543
1712278407148 173220.4 544
1712278417261 173221.0 545
1712278427314 173221.0 546
1712278437417 173221.0 547
1712278447510 173221.0 548
1712278457615 173221.0 549
1712278467711 173221.0 550
1712278477759 173221.0 551
1712278487878 173221.0 552
1712278497981 173221.0 553
1712278508091 173221.0 554
1712278518194 173221.0 555
1712278528295 173221.0 556
1712278538338 173221.0 557
1712278548441 173221.0 558
1712278558540 173221.0 559
1712278568644 173221.0 560
1712278578750 173221.0 561
1712278588844 173221.0 562
1712278598898 173221.0 563
1712278608996 173221.0 564
1712278619109 173221.0 565
1712278629220 173221.0 566
1712278639369 173221.0 567
1712278649634 173221.0 568
1712278659762 173221.0 569
1712278669912 173221.0 570
1712278680065 173221.0 571
1712278690181 173221.0 572
1712278700307 173221.0 573
1712278710407 162263.6 574
1712278720464 163897.0 575
1712278730562 168377.3 576
1712278740668 168377.3 577
1712278750758 168377.3 578
1712278760853 168377.3 579
1712278770954 168377.3 580
1712278780991 168377.3 581
1712278791087 168377.3 582
1712278801191 168377.3 583
1712278811282 168377.3 584
1712278821375 168377.3 585
1712278831476 168377.3 586
1712278841526 168377.3 587
1712278851636 168377.3 588
1712278861725 168377.3 589
1712278871833 168377.3 590
1712278881933 168377.3 591
1712278892137 168377.3 592
1712278902188 168377.3 593
1712278912290 168377.3 594
1712278922402 168377.3 595
1712278932487 168377.3 596
1712278942580 168377.3 597
1712278952675 168377.3 598
1712278962723 168377.3 599
1712278972808 168377.3 600
1712278982906 168377.3 601
1712278992996 168377.3 602
1712279003082 168377.3 603
1712279013178 168377.3 604
1712279023242 168377.3 605
