1712272917036 115836.1 0
1712272927130 109272.7 1
1712272937220 106738.7 2
1712272947295 103344.8 3
1712272957383 103344.8 4
1712272967433 103344.8 5
1712272977501 103344.8 6
1712272987604 103344.8 7
1712272997685 103344.8 8
1712273007755 103344.8 9
1712273017799 103344.8 10
1712273027864 103344.8 11
1712273037950 103344.8 12
1712273048036 103344.8 13
1712273058119 103344.8 14
1712273068215 103344.8 15
1712273078249 103344.8 16
1712273088334 103344.8 17
1712273098415 103344.8 18
1712273108490 103344.8 19
1712273118566 103344.8 20
1712273128648 103344.8 21
1712273138686 103344.8 22
1712273148761 103344.8 23
1712273158848 103344.8 24
1712273168953 103344.8 25
1712273179027 103344.8 26
1712273189099 103344.8 27
1712273199150 103344.3 28
1712273209232 103344.3 29
1712273219321 103344.3 30
1712273229389 103344.2 31
1712273239461 103344.2 32
1712273249536 103344.2 33
1712273259563 103344.2 34
1712273269652 103344.2 35
1712273279726 103344.2 36
1712273289809 103344.2 37
1712273299898 103344.2 38
1712273309976 103344.2 39
1712273320017 103344.2 40
1712273330093 103344.2 41
1712273340163 103344.2 42
1712273350245 103344.2 43
1712273360325 103344.2 44
1712273370394 103344.2 45
1712273380433 103344.2 46
1712273390523 103344.2 47
1712273400602 103344.2 48
1712273410702 103344.2 49
1712273420786 103344.2 50
1712273430876 103344.2 51
1712273440905 103344.2 52
1712273450990 103344.2 53
1712273461222 103344.2 54
1712273471322 103344.2 55
1712273481408 103344.2 56
1712273491495 103344.2 57
1712273501525 103344.2 58
1712273511598 103344.2 59
1712273521676 103344.2 60
1712273531759 103344.2 61
1712273541832 103344.2 62
1712273551922 103344.2 63
1712273561957 103344.2 64
1712273572054 103344.2 65
1712273582134 103344.2 66
1712273592229 103344.2 67
1712273602319 103344.2 68
1712273612392 103344.2 69
1712273622427 103344.2 70
1712273632502 103344.2 71
1712273642578 103344.2 72
1712273652654 103344.2 73
1712273662740 103344.2 74
1712273672837 103344.2 75
1712273682881 103344.2 76
1712273692967 103344.2 77
1712273703056 103344.2 78
1712273713137 103344.2 79
1712273723225 103344.2 80
1712273733312 103344.2 81
1712273743352 103344.2 82
1712273753444 103344.2 83
1712273763535 103344.2 84
1712273773631 103344.2 85
1712273783711 103344.2 86
1712273793798 103344.2 87
1712273803848 103344.2 88
1712273813957 103344.2 89
1712273824046 103344.2 90
1712273834125 103344.2 91
1712273844215 103344.2 92
1712273854306 103344.2 93
1712273864340 103344.2 94
1712273874444 103344.2 95
1712273884534 103344.2 96
1712273894603 103344.2 97
1712273904698 103344.2 98
1712273914771 103344.2 99
1712273924804 103344.2 100
1712273934896 103344.2 101
1712273944991 103344.2 102
1712273955071 103344.2 103
1712273965101 103344.2 104
1712273975147 103344.2 105
1712273985195 103344.2 106
1712273995238 103344.2 107
1712274005346 103344.2 108
1712274015386 103344.2 109
1712274025429 103344.2 110
1712274035468 103344.2 111
1712274045556 103344.2 112
1712274055592 103344.2 113
1712274065673 103344.2 114
1712274075771 103344.2 115
1712274085845 103344.2 116
1712274095949 103344.2 117
1712274105981 103344.2 118
1712274116060 103344.2 119
1712274126147 114792.4 120
1712274136238 110860.3 121
1712274146321 107607.7 122
1712274156394 107607.7 123
1712274166430 107607.7 124
1712274176521 107607.7 125
1712274186599 107607.7 126
1712274196678 107607.7 127
1712274206761 107607.7 128
1712274216853 107607.7 129
1712274226880 107607.7 130
1712274236964 107607.2 131
1712274247038 107607.2 132
1712274257138 107607.2 133
1712274267231 107607.2 134
1712274277323 107607.2 135
1712274287360 107607.2 136
1712274297468 107607.2 137
1712274307580 107607.2 138
1712274317653 107607.2 139
1712274327737 107607.2 140
1712274337769 107607.2 141
1712274347859 107607.2 142
1712274357938 107607.2 143
1712274368028 107607.2 144
1712274378121 107607.2 145
1712274388193 107607.2 146
1712274398229 107607.2 147
1712274408334 107607.2 148
1712274418426 107607.2 149
1712274430595 107607.2 150
1712274440825 113741.9 151
1712274450978 107709.8 152
1712274461022 106202.3 153
1712274471123 104382.8 154
1712274481215 102689.8 155
1712274491311 102689.8 156
1712274501429 102689.8 157
1712274511519 102689.8 158
1712274521548 102689.8 159
1712274531635 102689.8 160
1712274541723 102689.8 161
1712274551813 102689.8 162
1712274561898 102689.8 163
1712274571982 102689.8 164
1712274582016 102689.8 165
1712274592110 102689.8 166
1712274602207 102689.8 167
1712274612294 102689.8 168
1712274622386 102689.8 169
1712274632474 102689.8 170
1712274642521 102689.8 171
1712274652624 102689.8 172
1712274662745 102689.8 173
1712274672839 102689.8 174
1712274682940 102689.8 175
1712274693025 102689.7 176
1712274703064 102689.7 177
1712274713157 102689.7 178
1712274723250 102689.7 179
1712274733353 102689.7 180
1712274743441 102689.7 181
1712274753539 102689.7 182
1712274763584 102689.7 183
1712274773681 102689.7 184
1712274783782 102689.7 185
1712274793868 102689.7 186
1712274803962 102689.7 187
1712274814066 102689.7 188
1712274824108 102689.7 189
1712274834199 102689.7 190
1712274844286 102689.7 191
1712274854419 102689.7 192
1712274864507 102689.7 193
1712274874587 102689.7 194
1712274884683 102689.7 195
1712274894818 102689.7 196
1712274904907 102689.7 197
1712274915031 102689.7 198
1712274925118 102689.7 199
1712274935203 102689.7 200
1712274945304 102689.7 201
1712274955409 102689.7 202
1712274965494 102689.7 203
1712274975592 102689.7 204
1712274985676 102689.7 205
1712274995763 102689.7 206
1712275005813 102689.7 207
1712275015923 102689.7 208
1712275026008 102689.7 209
1712275036113 102689.7 210
1712275046204 102689.7 211
1712275056296 102689.7 212
1712275066333 102689.7 213
1712275076419 102689.7 214
1712275086510 102689.7 215
1712275096608 102689.7 216
1712275106721 102689.7 217
1712275116827 102689.7 218
1712275126873 102689.7 219
1712275136994 102689.7 220
1712275147090 102689.7 221
1712275157196 102689.7 222
1712275167280 102689.7 223
1712275177404 102689.7 224
1712275187444 102689.7 225
1712275197535 102689.7 226
1712275207645 102689.7 227
1712275217741 102689.7 228
1712275227827 102689.7 229
1712275237857 102689.7 230
1712275247937 102689.7 231
1712275258039 102689.7 232
1712275268117 102689.7 233
1712275278205 102689.7 234
1712275288305 102689.2 235
1712275298339 102689.2 236
1712275308420 102689.2 237
1712275318508 102689.2 238
1712275328585 102689.2 239
1712275338676 102689.2 240
1712275348756 102689.2 241
1712275358795 102689.2 242
1712275368872 102689.2 243
1712275378959 102689.2 244
1712275389048 102689.2 245
1712275399126 102689.2 246
1712275409209 102689.2 247
1712275419258 102689.2 248
1712275429336 102689.2 249
1712275439415 102689.2 250
1712275449515 102689.2 251
1712275459617 102689.2 252
1712275469697 102689.2 253
1712275479739 102689.2 254
1712275489858 102689.2 255
1712275499968 102689.2 256
1712275510102 102689.2 257
1712275520209 102689.2 258
1712275530324 102689.2 259
1712275540368 102689.2 260
1712275550467 102689.2 261
1712275560556 102689.2 262
1712275570647 102689.2 263
1712275580745 102689.2 264
1712275590859 102689.2 265
1712275600899 102689.2 266
1712275611000 102689.2 267
1712275621081 102689.2 268
1712275631191 102689.2 269
1712275641296 102689.2 270
1712275651377 113680.6 271
1712275661421 109854.1 272
1712275671500 107685.2 273
1712275681597 107685.2 274
1712275691693 107685.2 275
1712275701775 107685.2 276
1712275711881 107685.2 277
1712275721917 107685.2 278
1712275732002 107685.2 279
1712275742088 107685.2 280
1712275752186 107685.2 281
1712275762282 107685.2 282
1712275772369 107685.2 283
1712275782409 107685.2 284
1712275792508 107685.2 285
1712275802596 107685.2 286
1712275812687 107685.2 287
1712275822786 107685.2 288
1712275832864 107685.2 289
1712275842907 107685.2 290
1712275853002 107685.2 291
1712275863088 107685.2 292
1712275873190 107685.2 293
1712275883301 107685.2 294
1712275893388 107685.2 295
1712275903426 107685.2 296
1712275913513 107685.2 297
1712275923592 107685.2 298
1712275933696 107685.2 299
1712275943784 107685.2 300
1712275953872 107685.2 301
1712275963941 107685.2 302
1712275974032 109276.5 303
1712275984125 108188.8 304
1712275994299 104615.5 305
1712276004430 102929.3 306
1712276014520 102929.3 307
1712276024553 102929.3 308
1712276034633 102929.3 309
1712276044713 102929.3 310
1712276054792 102929.3 311
1712276064877 102929.3 312
1712276074969 102929.3 313
1712276085015 102929.3 314
1712276095105 102929.3 315
1712276105212 102929.3 316
1712276115294 102929.3 317
1712276125386 102929.3 318
1712276135474 102929.3 319
1712276145507 102929.3 320
1712276155598 102929.3 321
1712276165686 102929.3 322
1712276175781 102929.3 323
1712276185873 102929.3 324
1712276195963 102929.3 325
1712276205999 102929.3 326
1712276216094 102929.3 327
1712276226179 102929.3 328
1712276236302 102929.3 329
1712276246381 102929.3 330
1712276256462 102929.3 331
1712276266503 102929.3 332
1712276276600 102929.3 333
1712276286681 102929.3 334
1712276296758 102929.3 335
1712276306857 102929.3 336
1712276316939 102929.3 337
1712276326982 102928.8 338
1712276337078 102928.8 339
1712276347161 102928.8 340
1712276357264 102928.8 341
1712276367390 102928.8 342
1712276377471 102928.8 343
1712276387559 102928.8 344
1712276397671 102928.8 345
1712276407767 102928.7 346
1712276417848 102928.7 347
1712276427931 102928.7 348
1712276437969 102928.7 349
1712276448072 102928.7 350
1712276458155 102928.7 351
1712276468247 102928.7 352
1712276478325 102928.7 353
1712276488443 102928.7 354
1712276498540 102928.7 355
1712276508815 102928.7 356
1712276518964 102928.7 357
1712276529111 102928.7 358
1712276539223 102928.7 359
1712276549339 102928.7 360
1712276559379 102928.7 361
1712276569469 102928.7 362
1712276579584 102928.7 363
1712276589665 102928.7 364
1712276599747 102928.7 365
1712276609832 102928.7 366
1712276619872 102928.7 367
1712276629972 102928.7 368
1712276640066 102928.7 369
1712276650171 102928.7 370
1712276660252 102928.7 371
1712276670344 102928.7 372
1712276680384 102928.7 373
1712276690501 102928.7 374
1712276700608 102928.7 375
1712276710716 102928.7 376
1712276720810 102928.7 377
1712276730910 102928.7 378
1712276740962 102928.7 379
1712276751055 102928.7 380
1712276761146 102928.7 381
1712276771243 102928.7 382
1712276781342 102928.7 383
1712276791457 102928.7 384
1712276801504 102928.7 385
1712276811604 102928.7 386
1712276821701 102928.7 387
1712276831784 102928.7 388
1712276841881 102928.7 389
1712276851977 102928.7 390
1712276862020 102937.1 391
1712276872114 102937.1 392
1712276882212 102937.1 393
1712276892306 102937.1 394
1712276902402 102937.1 395
1712276912507 102937.1 396
1712276922551 102937.1 397
1712276932645 102937.1 398
1712276942751 102937.1 399
1712276952846 102937.1 400
1712276962949 102937.1 401
1712276973056 102937.1 402
1712276983110 102937.1 403
1712276993221 102937.1 404
1712277003328 102937.1 405
1712277013433 102937.1 406
1712277023535 102937.1 407
1712277033655 102937.1 408
1712277043696 102937.1 409
1712277053788 102937.1 410
1712277063901 102937.1 411
1712277073991 102937.1 412
1712277084118 102937.1 413
1712277094210 102937.1 414
1712277104263 102937.1 415
1712277114368 102937.1 416
1712277124477 102937.1 417
1712277134571 102937.1 418
1712277144661 102937.1 419
1712277154778 102937.1 420
1712277164824 102937.1 421
1712277174908 112129.9 422
1712277185006 112382.4 423
1712277195094 108550.6 424
1712277205190 107470.3 425
1712277215274 107470.3 426
1712277225317 107470.3 427
1712277235432 107470.3 428
1712277245516 107470.3 429
1712277255604 107470.3 430
1712277265716 107470.3 431
1712277275822 107470.3 432
1712277285869 107470.3 433
1712277295964 107470.3 434
1712277306054 107470.3 435
1712277316149 107470.3 436
1712277326235 107470.3 437
1712277336323 107470.3 438
1712277346365 107470.3 439
1712277356466 107470.3 440
1712277366578 107470.3 441
1712277376667 107469.8 442
1712277386777 107469.8 443
1712277396898 107469.8 444
1712277406942 107469.8 445
1712277417032 107469.8 446
1712277427129 107469.8 447
1712277437228 107469.8 448
1712277447323 107469.8 449
1712277457433 107469.8 450
1712277467522 107469.8 451
1712277477609 107469.8 452
1712277487743 107469.8 453
1712277498090 112554.6 454
1712277508201 108105.9 455
1712277518473 106163.2 456
1712277528695 104673.8 457
1712277538851 102927.4 458
1712277548980 102927.4 459
1712277559126 102927.4 460
1712277569265 102927.4 461
1712277579319 102927.4 462
1712277589413 102927.4 463
1712277599504 102927.4 464
1712277609601 102927.4 465
1712277619724 102927.4 466
1712277629821 102927.4 467
1712277639870 102927.4 468
1712277649965 102927.4 469
1712277660073 102927.4 470
1712277670189 102927.4 471
1712277680291 102927.4 472
1712277690403 102927.4 473
1712277700483 102927.4 474
1712277710685 102927.4 475
1712277720777 102927.4 476
1712277730885 102927.3 477
1712277740974 102927.3 478
1712277751070 102927.3 479
1712277761109 102927.3 480
1712277771299 102927.3 481
1712277781399 102927.3 482
1712277791482 102927.3 483
1712277801582 102927.3 484
1712277811668 102927.3 485
1712277821725 102927.3 486
1712277831824 102927.3 487
1712277841934 102927.3 488
1712277852048 102927.3 489
1712277862139 102927.3 490
1712277872241 102927.3 491
1712277882284 102927.3 492
1712277892393 102927.3 493
1712277902508 102927.3 494
1712277912615 102927.3 495
1712277922717 102927.3 496
1712277932826 102927.3 497
1712277942867 102927.3 498
1712277952968 102927.3 499
1712277963057 102927.3 500
1712277973155 102927.3 501
1712277983249 102927.3 502
1712277993335 102927.3 503
1712278003378 102927.3 504
1712278013474 102927.3 505
1712278023570 102927.3 506
1712278033665 102927.3 507
1712278043760 102927.3 508
1712278053859 102927.3 509
1712278063912 102927.3 510
1712278074011 102927.3 511
1712278084119 102927.3 512
1712278094225 102927.3 513
1712278104324 102927.3 514
1712278114416 102927.3 515
1712278124464 102927.3 516
1712278134574 102927.3 517
1712278144674 102927.3 518
1712278154768 102927.3 519
1712278164869 102927.3 520
1712278174966 102927.3 521
1712278185014 102927.3 522
1712278195122 102927.3 523
1712278205247 102927.3 524
1712278215355 102927.3 525
1712278225450 102927.3 526
1712278235565 102927.3 527
1712278245602 102927.3 528
1712278255709 102927.3 529
1712278265805 102927.3 530
1712278275899 102927.3 531
1712278285999 102927.3 532
1712278296110 102927.3 533
1712278306162 102927.3 534
1712278316271 102927.3 535
1712278326369 102927.3 536
1712278336473 102927.3 537
1712278346574 102927.3 538
1712278356683 102927.3 539
1712278366722 102927.3 540
1712278376834 102927.3 541
1712278386935 102927.3 542
1712278397040 102927.3 543
1712278407148 102927.3 544
1712278417261 102926.8 545
1712278427314 102926.8 546
1712278437417 102926.8 547
1712278447510 102926.8 548
1712278457615 102926.8 549
1712278467711 102926.8 550
1712278477759 102926.8 551
1712278487878 102926.8 552
1712278497981 102926.8 553
1712278508091 102926.8 554
1712278518194 102926.8 555
1712278528295 102926.8 556
1712278538338 102926.8 557
1712278548441 102926.8 558
1712278558540 102926.8 559
1712278568644 102926.8 560
1712278578750 102926.8 561
1712278588844 102926.8 562
1712278598898 102926.8 563
1712278608996 102926.8 564
1712278619109 102926.8 565
1712278629220 102926.8 566
1712278639369 102926.8 567
1712278649634 102926.8 568
1712278659762 102926.8 569
1712278669912 102926.8 570
1712278680065 102926.8 571
1712278690181 102926.8 572
1712278700307 102926.8 573
1712278710407 113884.2 574
1712278720464 112250.8 575
1712278730562 107770.4 576
1712278740668 107770.4 577
1712278750758 107770.4 578
1712278760853 107770.4 579
1712278770954 107770.4 580
1712278780991 107770.4 581
1712278791087 107770.4 582
1712278801191 107770.4 583
1712278811282 107770.4 584
1712278821375 107770.4 585
1712278831476 107770.4 586
1712278841526 107770.4 587
1712278851636 107770.4 588
1712278861725 107770.4 589
1712278871833 107770.4 590
1712278881933 107770.4 591
1712278892137 107770.4 592
1712278902188 107770.4 593
1712278912290 107770.4 594
1712278922402 107770.4 595
1712278932487 107770.4 596
1712278942580 107770.4 597
1712278952675 107770.4 598
1712278962723 107770.4 599
1712278972808 107770.4 600
1712278982906 107770.4 601
1712278992996 107770.4 602
1712279003082 107770.4 603
1712279013178 107770.4 604
1712279023242 107770.4 605
