1712272917036 3906.5 0
1712272927130 3906.5 1
1712272937220 3906.5 2
1712272947295 3906.5 3
1712272957383 4112.0 4
1712272967433 4112.0 5
1712272977501 4112.0 6
1712272987604 4112.0 7
1712272997685 4112.0 8
1712273007755 4112.0 9
1712273017799 4112.0 10
1712273027864 4112.0 11
1712273037950 4112.0 12
1712273048036 4112.0 13
1712273058119 4112.0 14
1712273068215 4112.0 15
1712273078249 4112.0 16
1712273088334 4112.0 17
1712273098415 4112.0 18
1712273108490 4112.0 19
1712273118566 4112.0 20
1712273128648 4112.0 21
1712273138686 4112.0 22
1712273148761 4112.0 23
1712273158848 4112.0 24
1712273168953 4112.0 25
1712273179027 4112.0 26
1712273189099 4112.0 27
1712273199150 4112.0 28
1712273209232 4112.0 29
1712273219321 4112.0 30
1712273229389 4112.0 31
1712273239461 4112.0 32
1712273249536 4112.0 33
1712273259563 4112.0 34
1712273269652 4112.0 35
1712273279726 4112.0 36
1712273289809 4112.0 37
1712273299898 4112.0 38
1712273309976 4112.0 39
1712273320017 4112.0 40
1712273330093 4112.0 41
1712273340163 4112.0 42
1712273350245 4112.0 43
1712273360325 4112.0 44
1712273370394 4112.0 45
1712273380433 4112.0 46
1712273390523 4112.0 47
1712273400602 4112.0 48
1712273410702 4112.0 49
1712273420786 4112.0 50
1712273430876 4112.0 51
1712273440905 4112.0 52
1712273450990 4112.0 53
1712273461222 4112.0 54
1712273471322 4112.0 55
1712273481408 4112.0 56
1712273491495 4112.0 57
1712273501525 4112.0 58
1712273511598 4112.0 59
1712273521676 4112.0 60
1712273531759 4112.0 61
1712273541832 4112.0 62
1712273551922 4112.0 63
1712273561957 4112.0 64
1712273572054 4112.0 65
1712273582134 4112.0 66
1712273592229 4112.0 67
1712273602319 4112.0 68
1712273612392 4112.0 69
1712273622427 4112.0 70
1712273632502 4112.0 71
1712273642578 4112.0 72
1712273652654 4112.0 73
1712273662740 4112.0 74
1712273672837 4112.0 75
1712273682881 4112.0 76
1712273692967 4112.0 77
1712273703056 4112.0 78
1712273713137 4112.0 79
1712273723225 4112.0 80
1712273733312 4112.0 81
1712273743352 4112.0 82
1712273753444 4112.0 83
1712273763535 4112.0 84
1712273773631 4112.0 85
1712273783711 4112.0 86
1712273793798 4112.0 87
1712273803848 4112.0 88
1712273813957 4112.0 89
1712273824046 4112.0 90
1712273834125 4112.0 91
1712273844215 4112.0 92
1712273854306 4112.0 93
1712273864340 4112.0 94
1712273874444 4112.0 95
1712273884534 4112.0 96
1712273894603 4112.0 97
1712273904698 4112.0 98
1712273914771 4112.0 99
1712273924804 4112.0 100
1712273934896 4112.0 101
1712273944991 4112.0 102
1712273955071 4112.0 103
1712273965101 4112.0 104
1712273975147 4112.0 105
1712273985195 4112.0 106
1712273995238 4112.0 107
1712274005346 4112.0 108
1712274015386 4112.0 109
1712274025429 4112.0 110
1712274035468 4112.0 111
1712274045556 4112.0 112
1712274055592 4112.0 113
1712274065673 4112.0 114
1712274075771 4112.0 115
1712274085845 4112.0 116
1712274095949 4112.0 117
1712274105981 4112.0 118
1712274116060 4112.0 119
1712274126147 4112.0 120
1712274136238 4112.0 121
1712274146321 4263.0 122
1712274156394 4263.0 123
1712274166430 4263.0 124
1712274176521 4263.0 125
1712274186599 4263.0 126
1712274196678 4263.0 127
1712274206761 4263.0 128
1712274216853 4263.0 129
1712274226880 4263.0 130
1712274236964 4263.0 131
1712274247038 4263.0 132
1712274257138 4263.0 133
1712274267231 4263.0 134
1712274277323 4263.0 135
1712274287360 4263.0 136
1712274297468 4263.0 137
1712274307580 4263.0 138
1712274317653 4263.0 139
1712274327737 4263.0 140
1712274337769 4263.0 141
1712274347859 4263.0 142
1712274357938 4263.0 143
1712274368028 4263.0 144
1712274378121 4263.0 145
1712274388193 4263.0 146
1712274398229 4263.0 147
1712274408334 4263.0 148
1712274418426 4263.0 149
1712274430595 4263.0 150
1712274440825 4263.0 151
1712274450978 4263.0 152
1712274461022 4263.0 153
1712274471123 4263.0 154
1712274481215 4263.0 155
1712274491311 4263.0 156
1712274501429 4263.0 157
1712274511519 4263.0 158
1712274521548 4263.0 159
1712274531635 4263.0 160
1712274541723 4263.0 161
1712274551813 4263.0 162
1712274561898 4263.0 163
1712274571982 4263.0 164
1712274582016 4263.0 165
1712274592110 4263.0 166
1712274602207 4263.0 167
1712274612294 4263.0 168
1712274622386 4263.0 169
1712274632474 4263.0 170
1712274642521 4263.0 171
1712274652624 4263.0 172
1712274662745 4263.0 173
1712274672839 4263.0 174
1712274682940 4263.0 175
1712274693025 4263.0 176
1712274703064 4263.0 177
1712274713157 4263.0 178
1712274723250 4263.0 179
1712274733353 4263.0 180
1712274743441 4263.0 181
1712274753539 4263.0 182
1712274763584 4263.0 183
1712274773681 4263.0 184
1712274783782 4263.0 185
1712274793868 4263.0 186
1712274803962 4263.0 187
1712274814066 4263.0 188
1712274824108 4263.0 189
1712274834199 4263.0 190
1712274844286 4263.0 191
1712274854419 4263.0 192
1712274864507 4263.0 193
1712274874587 4263.0 194
1712274884683 4263.0 195
1712274894818 4263.0 196
1712274904907 4263.0 197
1712274915031 4263.0 198
1712274925118 4263.0 199
1712274935203 4263.0 200
1712274945304 4263.0 201
1712274955409 4263.0 202
1712274965494 4263.0 203
1712274975592 4263.0 204
1712274985676 4263.0 205
1712274995763 4263.0 206
1712275005813 4263.0 207
1712275015923 4263.0 208
1712275026008 4263.0 209
1712275036113 4263.0 210
1712275046204 4263.0 211
1712275056296 4263.0 212
1712275066333 4263.0 213
1712275076419 4263.0 214
1712275086510 4263.0 215
1712275096608 4263.0 216
1712275106721 4263.0 217
1712275116827 4263.0 218
1712275126873 4263.0 219
1712275136994 4263.0 220
1712275147090 4263.0 221
1712275157196 4263.0 222
1712275167280 4263.0 223
1712275177404 4263.0 224
1712275187444 4263.0 225
1712275197535 4263.0 226
1712275207645 4263.0 227
1712275217741 4263.0 228
1712275227827 4263.0 229
1712275237857 4263.0 230
1712275247937 4263.0 231
1712275258039 4263.0 232
1712275268117 4263.0 233
1712275278205 4263.0 234
1712275288305 4263.0 235
1712275298339 4263.0 236
1712275308420 4263.0 237
1712275318508 4263.0 238
1712275328585 4263.0 239
1712275338676 4263.0 240
1712275348756 4263.0 241
1712275358795 4263.0 242
1712275368872 4263.0 243
1712275378959 4263.0 244
1712275389048 4263.0 245
1712275399126 4263.0 246
1712275409209 4263.0 247
1712275419258 4263.0 248
1712275429336 4263.0 249
1712275439415 4263.0 250
1712275449515 4263.0 251
1712275459617 4263.0 252
1712275469697 4263.0 253
1712275479739 4263.0 254
1712275489858 4263.0 255
1712275499968 4263.0 256
1712275510102 4263.0 257
1712275520209 4263.0 258
1712275530324 4263.0 259
1712275540368 4263.0 260
1712275550467 4263.0 261
1712275560556 4263.0 262
1712275570647 4263.0 263
1712275580745 4263.0 264
1712275590859 4263.0 265
1712275600899 4263.0 266
1712275611000 4263.0 267
1712275621081 4263.0 268
1712275631191 4263.0 269
1712275641296 4263.0 270
1712275651377 4263.0 271
1712275661421 4263.0 272
1712275671500 4263.0 273
1712275681597 4263.0 274
1712275691693 4263.0 275
1712275701775 4263.0 276
1712275711881 4263.0 277
1712275721917 4263.0 278
1712275732002 4263.0 279
1712275742088 4263.0 280
1712275752186 4263.0 281
1712275762282 4263.0 282
1712275772369 4263.0 283
1712275782409 4263.0 284
1712275792508 4263.0 285
1712275802596 4263.0 286
1712275812687 4263.0 287
1712275822786 4263.0 288
1712275832864 4263.0 289
1712275842907 4263.0 290
1712275853002 4263.0 291
1712275863088 4263.0 292
1712275873190 4263.0 293
1712275883301 4263.0 294
1712275893388 4263.0 295
1712275903426 4263.0 296
1712275913513 4263.0 297
1712275923592 4263.0 298
1712275933696 4263.0 299
1712275943784 4263.0 300
1712275953872 4263.0 301
1712275963941 4263.0 302
1712275974032 4263.0 303
1712275984125 4263.0 304
1712275994299 4263.0 305
1712276004430 4263.0 306
1712276014520 4263.0 307
1712276024553 4263.0 308
1712276034633 4263.0 309
1712276044713 4263.0 310
1712276054792 4263.0 311
1712276064877 4263.0 312
1712276074969 4263.0 313
1712276085015 4263.0 314
1712276095105 4263.0 315
1712276105212 4263.0 316
1712276115294 4263.0 317
1712276125386 4263.0 318
1712276135474 4263.0 319
1712276145507 4263.0 320
1712276155598 4263.0 321
1712276165686 4263.0 322
1712276175781 4263.0 323
1712276185873 4263.0 324
1712276195963 4263.0 325
1712276205999 4263.0 326
1712276216094 4263.0 327
1712276226179 4263.0 328
1712276236302 4263.0 329
1712276246381 4263.0 330
1712276256462 4263.0 331
1712276266503 4263.0 332
1712276276600 4263.0 333
1712276286681 4263.0 334
1712276296758 4263.0 335
1712276306857 4263.0 336
1712276316939 4263.0 337
1712276326982 4263.0 338
1712276337078 4263.0 339
1712276347161 4263.0 340
1712276357264 4263.0 341
1712276367390 4263.0 342
1712276377471 4263.0 343
1712276387559 4263.0 344
1712276397671 4263.0 345
1712276407767 4263.0 346
1712276417848 4263.0 347
1712276427931 4263.0 348
1712276437969 4263.0 349
1712276448072 4263.0 350
1712276458155 4263.0 351
1712276468247 4263.0 352
1712276478325 4263.0 353
1712276488443 4263.0 354
1712276498540 4263.0 355
1712276508815 4263.0 356
1712276518964 4263.0 357
1712276529111 4263.0 358
1712276539223 4263.0 359
1712276549339 4263.0 360
1712276559379 4263.0 361
1712276569469 4263.0 362
1712276579584 4263.0 363
1712276589665 4263.0 364
1712276599747 4263.0 365
1712276609832 4263.0 366
1712276619872 4263.0 367
1712276629972 4263.0 368
1712276640066 4263.0 369
1712276650171 4263.0 370
1712276660252 4263.0 371
1712276670344 4263.0 372
1712276680384 4263.0 373
1712276690501 4263.0 374
1712276700608 4263.0 375
1712276710716 4263.0 376
1712276720810 4263.0 377
1712276730910 4263.0 378
1712276740962 4263.0 379
1712276751055 4263.0 380
1712276761146 4263.0 381
1712276771243 4263.0 382
1712276781342 4263.0 383
1712276791457 4263.0 384
1712276801504 4263.0 385
1712276811604 4263.0 386
1712276821701 4263.0 387
1712276831784 4263.0 388
1712276841881 4263.0 389
1712276851977 4263.0 390
1712276862020 4263.0 391
1712276872114 4263.0 392
1712276882212 4263.0 393
1712276892306 4263.0 394
1712276902402 4263.0 395
1712276912507 4263.0 396
1712276922551 4263.0 397
1712276932645 4263.0 398
1712276942751 4263.0 399
1712276952846 4263.0 400
1712276962949 4263.0 401
1712276973056 4263.0 402
1712276983110 4263.0 403
1712276993221 4263.0 404
1712277003328 4263.0 405
1712277013433 4263.0 406
1712277023535 4263.0 407
1712277033655 4263.0 408
1712277043696 4263.0 409
1712277053788 4263.0 410
1712277063901 4263.0 411
1712277073991 4263.0 412
1712277084118 4263.0 413
1712277094210 4263.0 414
1712277104263 4263.0 415
1712277114368 4263.0 416
1712277124477 4263.0 417
1712277134571 4263.0 418
1712277144661 4263.0 419
1712277154778 4263.0 420
1712277164824 4263.0 421
1712277174908 4263.0 422
1712277185006 4263.0 423
1712277195094 4263.0 424
1712277205190 4263.0 425
1712277215274 4263.0 426
1712277225317 4263.0 427
1712277235432 4263.0 428
1712277245516 4263.0 429
1712277255604 4263.0 430
1712277265716 4263.0 431
1712277275822 4263.0 432
1712277285869 4263.0 433
1712277295964 4263.0 434
1712277306054 4263.0 435
1712277316149 4263.0 436
1712277326235 4263.0 437
1712277336323 4263.0 438
1712277346365 4263.0 439
1712277356466 4263.0 440
1712277366578 4263.0 441
1712277376667 4263.0 442
1712277386777 4263.0 443
1712277396898 4263.0 444
1712277406942 4263.0 445
1712277417032 4263.0 446
1712277427129 4263.0 447
1712277437228 4263.0 448
1712277447323 4263.0 449
1712277457433 4263.0 450
1712277467522 4263.0 451
1712277477609 4263.0 452
1712277487743 4263.0 453
1712277498090 4263.0 454
1712277508201 4263.0 455
1712277518473 4263.0 456
1712277528695 4263.0 457
1712277538851 4263.0 458
1712277548980 4263.0 459
1712277559126 4263.0 460
1712277569265 4263.0 461
1712277579319 4263.0 462
1712277589413 4263.0 463
1712277599504 4263.0 464
1712277609601 4263.0 465
1712277619724 4263.0 466
1712277629821 4263.0 467
1712277639870 4263.0 468
1712277649965 4263.0 469
1712277660073 4263.0 470
1712277670189 4263.0 471
1712277680291 4263.0 472
1712277690403 4263.0 473
1712277700483 4263.0 474
1712277710685 4263.0 475
1712277720777 4263.0 476
1712277730885 4263.0 477
1712277740974 4263.0 478
1712277751070 4263.0 479
1712277761109 4263.0 480
1712277771299 4263.0 481
1712277781399 4263.0 482
1712277791482 4263.0 483
1712277801582 4263.0 484
1712277811668 4263.0 485
1712277821725 4263.0 486
1712277831824 4263.0 487
1712277841934 4263.0 488
1712277852048 4263.0 489
1712277862139 4263.0 490
1712277872241 4263.0 491
1712277882284 4263.0 492
1712277892393 4263.0 493
1712277902508 4263.0 494
1712277912615 4263.0 495
1712277922717 4263.0 496
1712277932826 4263.0 497
1712277942867 4263.0 498
1712277952968 4263.0 499
1712277963057 4263.0 500
1712277973155 4263.0 501
1712277983249 4263.0 502
1712277993335 4263.0 503
1712278003378 4263.0 504
1712278013474 4263.0 505
1712278023570 4263.0 506
1712278033665 4263.0 507
1712278043760 4263.0 508
1712278053859 4263.0 509
1712278063912 4263.0 510
1712278074011 4263.0 511
1712278084119 4263.0 512
1712278094225 4263.0 513
1712278104324 4263.0 514
1712278114416 4263.0 515
1712278124464 4263.0 516
1712278134574 4263.0 517
1712278144674 4263.0 518
1712278154768 4263.0 519
1712278164869 4263.0 520
1712278174966 4263.0 521
1712278185014 4263.0 522
1712278195122 4263.0 523
1712278205247 4263.0 524
1712278215355 4263.0 525
1712278225450 4263.0 526
1712278235565 4263.0 527
1712278245602 4263.0 528
1712278255709 4263.0 529
1712278265805 4263.0 530
1712278275899 4263.0 531
1712278285999 4263.0 532
1712278296110 4263.0 533
1712278306162 4263.0 534
1712278316271 4263.0 535
1712278326369 4263.0 536
1712278336473 4263.0 537
1712278346574 4263.0 538
1712278356683 4263.0 539
1712278366722 4263.0 540
1712278376834 4263.0 541
1712278386935 4263.0 542
1712278397040 4263.0 543
1712278407148 4263.0 544
1712278417261 4263.0 545
1712278427314 4263.0 546
1712278437417 4263.0 547
1712278447510 4263.0 548
1712278457615 4263.0 549
1712278467711 4263.0 550
1712278477759 4263.0 551
1712278487878 4263.0 552
1712278497981 4263.0 553
1712278508091 4263.0 554
1712278518194 4263.0 555
1712278528295 4263.0 556
1712278538338 4263.0 557
1712278548441 4263.0 558
1712278558540 4263.0 559
1712278568644 4263.0 560
1712278578750 4263.0 561
1712278588844 4263.0 562
1712278598898 4263.0 563
1712278608996 4263.0 564
1712278619109 4263.0 565
1712278629220 4263.0 566
1712278639369 4263.0 567
1712278649634 4263.0 568
1712278659762 4263.0 569
1712278669912 4263.0 570
1712278680065 4263.0 571
1712278690181 4263.0 572
1712278700307 4263.0 573
1712278710407 4263.0 574
1712278720464 4263.0 575
1712278730562 4263.0 576
1712278740668 4263.0 577
1712278750758 4263.0 578
1712278760853 4263.0 579
1712278770954 4263.0 580
1712278780991 4263.0 581
1712278791087 4263.0 582
1712278801191 4263.0 583
1712278811282 4263.0 584
1712278821375 4263.0 585
1712278831476 4263.0 586
1712278841526 4263.0 587
1712278851636 4263.0 588
1712278861725 4263.0 589
1712278871833 4263.0 590
1712278881933 4263.0 591
1712278892137 4263.0 592
1712278902188 4263.0 593
1712278912290 4263.0 594
1712278922402 4263.0 595
1712278932487 4263.0 596
1712278942580 4263.0 597
1712278952675 4263.0 598
1712278962723 4263.0 599
1712278972808 4263.0 600
1712278982906 4263.0 601
1712278992996 4263.0 602
1712279003082 4263.0 603
1712279013178 4263.0 604
1712279023242 4263.0 605
