1712272917036 91.0 0
1712272927130 91.0 1
1712272937220 91.0 2
1712272947295 91.0 3
1712272957383 95.7 4
1712272967433 95.7 5
1712272977501 95.7 6
1712272987604 95.7 7
1712272997685 95.7 8
1712273007755 95.7 9
1712273017799 95.7 10
1712273027864 95.7 11
1712273037950 95.7 12
1712273048036 95.7 13
1712273058119 95.7 14
1712273068215 95.7 15
1712273078249 95.7 16
1712273088334 95.7 17
1712273098415 95.7 18
1712273108490 95.7 19
1712273118566 95.7 20
1712273128648 95.7 21
1712273138686 95.7 22
1712273148761 95.7 23
1712273158848 95.7 24
1712273168953 95.7 25
1712273179027 95.7 26
1712273189099 95.7 27
1712273199150 95.7 28
1712273209232 95.7 29
1712273219321 95.7 30
1712273229389 95.7 31
1712273239461 95.7 32
1712273249536 95.7 33
1712273259563 95.7 34
1712273269652 95.7 35
1712273279726 95.7 36
1712273289809 95.7 37
1712273299898 95.7 38
1712273309976 95.7 39
1712273320017 95.7 40
1712273330093 95.7 41
1712273340163 95.7 42
1712273350245 95.7 43
1712273360325 95.7 44
1712273370394 95.7 45
1712273380433 95.7 46
1712273390523 95.7 47
1712273400602 95.7 48
1712273410702 95.7 49
1712273420786 95.7 50
1712273430876 95.7 51
1712273440905 95.7 52
1712273450990 95.7 53
1712273461222 95.7 54
1712273471322 95.7 55
1712273481408 95.7 56
1712273491495 95.7 57
1712273501525 95.7 58
1712273511598 95.7 59
1712273521676 95.7 60
1712273531759 95.7 61
1712273541832 95.7 62
1712273551922 95.7 63
1712273561957 95.7 64
1712273572054 95.7 65
1712273582134 95.7 66
1712273592229 95.7 67
1712273602319 95.7 68
1712273612392 95.7 69
1712273622427 95.7 70
1712273632502 95.7 71
1712273642578 95.7 72
1712273652654 95.7 73
1712273662740 95.7 74
1712273672837 95.7 75
1712273682881 95.7 76
1712273692967 95.7 77
1712273703056 95.7 78
1712273713137 95.7 79
1712273723225 95.7 80
1712273733312 95.7 81
1712273743352 95.7 82
1712273753444 95.7 83
1712273763535 95.7 84
1712273773631 95.7 85
1712273783711 95.7 86
1712273793798 95.7 87
1712273803848 95.7 88
1712273813957 95.7 89
1712273824046 95.7 90
1712273834125 95.7 91
1712273844215 95.7 92
1712273854306 95.7 93
1712273864340 95.7 94
1712273874444 95.7 95
1712273884534 95.7 96
1712273894603 95.7 97
1712273904698 95.7 98
1712273914771 95.7 99
1712273924804 95.7 100
1712273934896 95.7 101
1712273944991 95.7 102
1712273955071 95.7 103
1712273965101 95.7 104
1712273975147 95.7 105
1712273985195 95.7 106
1712273995238 95.7 107
1712274005346 95.7 108
1712274015386 95.7 109
1712274025429 95.7 110
1712274035468 95.7 111
1712274045556 95.7 112
1712274055592 95.7 113
1712274065673 95.7 114
1712274075771 95.7 115
1712274085845 95.7 116
1712274095949 95.7 117
1712274105981 95.7 118
1712274116060 95.7 119
1712274126147 95.7 120
1712274136238 95.7 121
1712274146321 99.3 122
1712274156394 99.3 123
1712274166430 99.3 124
1712274176521 99.3 125
1712274186599 99.3 126
1712274196678 99.3 127
1712274206761 99.3 128
1712274216853 99.3 129
1712274226880 99.3 130
1712274236964 99.3 131
1712274247038 99.3 132
1712274257138 99.3 133
1712274267231 99.3 134
1712274277323 99.3 135
1712274287360 99.3 136
1712274297468 99.3 137
1712274307580 99.3 138
1712274317653 99.3 139
1712274327737 99.3 140
1712274337769 99.3 141
1712274347859 99.3 142
1712274357938 99.3 143
1712274368028 99.3 144
1712274378121 99.3 145
1712274388193 99.3 146
1712274398229 99.3 147
1712274408334 99.3 148
1712274418426 99.3 149
1712274430595 99.3 150
1712274440825 99.3 151
1712274450978 99.3 152
1712274461022 99.3 153
1712274471123 99.3 154
1712274481215 99.3 155
1712274491311 99.3 156
1712274501429 99.3 157
1712274511519 99.3 158
1712274521548 99.3 159
1712274531635 99.3 160
1712274541723 99.3 161
1712274551813 99.3 162
1712274561898 99.3 163
1712274571982 99.3 164
1712274582016 99.3 165
1712274592110 99.3 166
1712274602207 99.3 167
1712274612294 99.3 168
1712274622386 99.3 169
1712274632474 99.3 170
1712274642521 99.3 171
1712274652624 99.3 172
1712274662745 99.3 173
1712274672839 99.3 174
1712274682940 99.3 175
1712274693025 99.3 176
1712274703064 99.3 177
1712274713157 99.3 178
1712274723250 99.3 179
1712274733353 99.3 180
1712274743441 99.3 181
1712274753539 99.3 182
1712274763584 99.3 183
1712274773681 99.3 184
1712274783782 99.3 185
1712274793868 99.3 186
1712274803962 99.3 187
1712274814066 99.3 188
1712274824108 99.3 189
1712274834199 99.3 190
1712274844286 99.3 191
1712274854419 99.3 192
1712274864507 99.3 193
1712274874587 99.3 194
1712274884683 99.3 195
1712274894818 99.3 196
1712274904907 99.3 197
1712274915031 99.3 198
1712274925118 99.3 199
1712274935203 99.3 200
1712274945304 99.3 201
1712274955409 99.3 202
1712274965494 99.3 203
1712274975592 99.3 204
1712274985676 99.3 205
1712274995763 99.3 206
1712275005813 99.3 207
1712275015923 99.3 208
1712275026008 99.3 209
1712275036113 99.3 210
1712275046204 99.3 211
1712275056296 99.3 212
1712275066333 99.3 213
1712275076419 99.3 214
1712275086510 99.3 215
1712275096608 99.3 216
1712275106721 99.3 217
1712275116827 99.3 218
1712275126873 99.3 219
1712275136994 99.3 220
1712275147090 99.3 221
1712275157196 99.3 222
1712275167280 99.3 223
1712275177404 99.3 224
1712275187444 99.3 225
1712275197535 99.3 226
1712275207645 99.3 227
1712275217741 99.3 228
1712275227827 99.3 229
1712275237857 99.3 230
1712275247937 99.3 231
1712275258039 99.3 232
1712275268117 99.3 233
1712275278205 99.3 234
1712275288305 99.3 235
1712275298339 99.3 236
1712275308420 99.3 237
1712275318508 99.3 238
1712275328585 99.3 239
1712275338676 99.3 240
1712275348756 99.3 241
1712275358795 99.3 242
1712275368872 99.3 243
1712275378959 99.3 244
1712275389048 99.3 245
1712275399126 99.3 246
1712275409209 99.3 247
1712275419258 99.3 248
1712275429336 99.3 249
1712275439415 99.3 250
1712275449515 99.3 251
1712275459617 99.3 252
1712275469697 99.3 253
1712275479739 99.3 254
1712275489858 99.3 255
1712275499968 99.3 256
1712275510102 99.3 257
1712275520209 99.3 258
1712275530324 99.3 259
1712275540368 99.3 260
1712275550467 99.3 261
1712275560556 99.3 262
1712275570647 99.3 263
1712275580745 99.3 264
1712275590859 99.3 265
1712275600899 99.3 266
1712275611000 99.3 267
1712275621081 99.3 268
1712275631191 99.3 269
1712275641296 99.3 270
1712275651377 99.3 271
1712275661421 99.3 272
1712275671500 99.3 273
1712275681597 99.3 274
1712275691693 99.3 275
1712275701775 99.3 276
1712275711881 99.3 277
1712275721917 99.3 278
1712275732002 99.3 279
1712275742088 99.3 280
1712275752186 99.3 281
1712275762282 99.3 282
1712275772369 99.3 283
1712275782409 99.3 284
1712275792508 99.3 285
1712275802596 99.3 286
1712275812687 99.3 287
1712275822786 99.3 288
1712275832864 99.3 289
1712275842907 99.3 290
1712275853002 99.3 291
1712275863088 99.3 292
1712275873190 99.3 293
1712275883301 99.3 294
1712275893388 99.3 295
1712275903426 99.3 296
1712275913513 99.3 297
1712275923592 99.3 298
1712275933696 99.3 299
1712275943784 99.3 300
1712275953872 99.3 301
1712275963941 99.3 302
1712275974032 99.3 303
1712275984125 99.3 304
1712275994299 99.3 305
1712276004430 99.3 306
1712276014520 99.3 307
1712276024553 99.3 308
1712276034633 99.3 309
1712276044713 99.3 310
1712276054792 99.3 311
1712276064877 99.3 312
1712276074969 99.3 313
1712276085015 99.3 314
1712276095105 99.3 315
1712276105212 99.3 316
1712276115294 99.3 317
1712276125386 99.3 318
1712276135474 99.3 319
1712276145507 99.3 320
1712276155598 99.3 321
1712276165686 99.3 322
1712276175781 99.3 323
1712276185873 99.3 324
1712276195963 99.3 325
1712276205999 99.3 326
1712276216094 99.3 327
1712276226179 99.3 328
1712276236302 99.3 329
1712276246381 99.3 330
1712276256462 99.3 331
1712276266503 99.3 332
1712276276600 99.3 333
1712276286681 99.3 334
1712276296758 99.3 335
1712276306857 99.3 336
1712276316939 99.3 337
1712276326982 99.3 338
1712276337078 99.3 339
1712276347161 99.3 340
1712276357264 99.3 341
1712276367390 99.3 342
1712276377471 99.3 343
1712276387559 99.3 344
1712276397671 99.3 345
1712276407767 99.3 346
1712276417848 99.3 347
1712276427931 99.3 348
1712276437969 99.3 349
1712276448072 99.3 350
1712276458155 99.3 351
1712276468247 99.3 352
1712276478325 99.3 353
1712276488443 99.3 354
1712276498540 99.3 355
1712276508815 99.3 356
1712276518964 99.3 357
1712276529111 99.3 358
1712276539223 99.3 359
1712276549339 99.3 360
1712276559379 99.3 361
1712276569469 99.3 362
1712276579584 99.3 363
1712276589665 99.3 364
1712276599747 99.3 365
1712276609832 99.3 366
1712276619872 99.3 367
1712276629972 99.3 368
1712276640066 99.3 369
1712276650171 99.3 370
1712276660252 99.3 371
1712276670344 99.3 372
1712276680384 99.3 373
1712276690501 99.3 374
1712276700608 99.3 375
1712276710716 99.3 376
1712276720810 99.3 377
1712276730910 99.3 378
1712276740962 99.3 379
1712276751055 99.3 380
1712276761146 99.3 381
1712276771243 99.3 382
1712276781342 99.3 383
1712276791457 99.3 384
1712276801504 99.3 385
1712276811604 99.3 386
1712276821701 99.3 387
1712276831784 99.3 388
1712276841881 99.3 389
1712276851977 99.3 390
1712276862020 99.3 391
1712276872114 99.3 392
1712276882212 99.3 393
1712276892306 99.3 394
1712276902402 99.3 395
1712276912507 99.3 396
1712276922551 99.3 397
1712276932645 99.3 398
1712276942751 99.3 399
1712276952846 99.3 400
1712276962949 99.3 401
1712276973056 99.3 402
1712276983110 99.3 403
1712276993221 99.3 404
1712277003328 99.3 405
1712277013433 99.3 406
1712277023535 99.3 407
1712277033655 99.3 408
1712277043696 99.3 409
1712277053788 99.3 410
1712277063901 99.3 411
1712277073991 99.3 412
1712277084118 99.3 413
1712277094210 99.3 414
1712277104263 99.3 415
1712277114368 99.3 416
1712277124477 99.3 417
1712277134571 99.3 418
1712277144661 99.3 419
1712277154778 99.3 420
1712277164824 99.3 421
1712277174908 99.3 422
1712277185006 99.3 423
1712277195094 99.3 424
1712277205190 99.3 425
1712277215274 99.3 426
1712277225317 99.3 427
1712277235432 99.3 428
1712277245516 99.3 429
1712277255604 99.3 430
1712277265716 99.3 431
1712277275822 99.3 432
1712277285869 99.3 433
1712277295964 99.3 434
1712277306054 99.3 435
1712277316149 99.3 436
1712277326235 99.3 437
1712277336323 99.3 438
1712277346365 99.3 439
1712277356466 99.3 440
1712277366578 99.3 441
1712277376667 99.3 442
1712277386777 99.3 443
1712277396898 99.3 444
1712277406942 99.3 445
1712277417032 99.3 446
1712277427129 99.3 447
1712277437228 99.3 448
1712277447323 99.3 449
1712277457433 99.3 450
1712277467522 99.3 451
1712277477609 99.3 452
1712277487743 99.3 453
1712277498090 99.3 454
1712277508201 99.3 455
1712277518473 99.3 456
1712277528695 99.3 457
1712277538851 99.3 458
1712277548980 99.3 459
1712277559126 99.3 460
1712277569265 99.3 461
1712277579319 99.3 462
1712277589413 99.3 463
1712277599504 99.3 464
1712277609601 99.3 465
1712277619724 99.3 466
1712277629821 99.3 467
1712277639870 99.3 468
1712277649965 99.3 469
1712277660073 99.3 470
1712277670189 99.3 471
1712277680291 99.3 472
1712277690403 99.3 473
1712277700483 99.3 474
1712277710685 99.3 475
1712277720777 99.3 476
1712277730885 99.3 477
1712277740974 99.3 478
1712277751070 99.3 479
1712277761109 99.3 480
1712277771299 99.3 481
1712277781399 99.3 482
1712277791482 99.3 483
1712277801582 99.3 484
1712277811668 99.3 485
1712277821725 99.3 486
1712277831824 99.3 487
1712277841934 99.3 488
1712277852048 99.3 489
1712277862139 99.3 490
1712277872241 99.3 491
1712277882284 99.3 492
1712277892393 99.3 493
1712277902508 99.3 494
1712277912615 99.3 495
1712277922717 99.3 496
1712277932826 99.3 497
1712277942867 99.3 498
1712277952968 99.3 499
1712277963057 99.3 500
1712277973155 99.3 501
1712277983249 99.3 502
1712277993335 99.3 503
1712278003378 99.3 504
1712278013474 99.3 505
1712278023570 99.3 506
1712278033665 99.3 507
1712278043760 99.3 508
1712278053859 99.3 509
1712278063912 99.3 510
1712278074011 99.3 511
1712278084119 99.3 512
1712278094225 99.3 513
1712278104324 99.3 514
1712278114416 99.3 515
1712278124464 99.3 516
1712278134574 99.3 517
1712278144674 99.3 518
1712278154768 99.3 519
1712278164869 99.3 520
1712278174966 99.3 521
1712278185014 99.3 522
1712278195122 99.3 523
1712278205247 99.3 524
1712278215355 99.3 525
1712278225450 99.3 526
1712278235565 99.3 527
1712278245602 99.3 528
1712278255709 99.3 529
1712278265805 99.3 530
1712278275899 99.3 531
1712278285999 99.3 532
1712278296110 99.3 533
1712278306162 99.3 534
1712278316271 99.3 535
1712278326369 99.3 536
1712278336473 99.3 537
1712278346574 99.3 538
1712278356683 99.3 539
1712278366722 99.3 540
1712278376834 99.3 541
1712278386935 99.3 542
1712278397040 99.3 543
1712278407148 99.3 544
1712278417261 99.3 545
1712278427314 99.3 546
1712278437417 99.3 547
1712278447510 99.3 548
1712278457615 99.3 549
1712278467711 99.3 550
1712278477759 99.3 551
1712278487878 99.3 552
1712278497981 99.3 553
1712278508091 99.3 554
1712278518194 99.3 555
1712278528295 99.3 556
1712278538338 99.3 557
1712278548441 99.3 558
1712278558540 99.3 559
1712278568644 99.3 560
1712278578750 99.3 561
1712278588844 99.3 562
1712278598898 99.3 563
1712278608996 99.3 564
1712278619109 99.3 565
1712278629220 99.3 566
1712278639369 99.3 567
1712278649634 99.3 568
1712278659762 99.3 569
1712278669912 99.3 570
1712278680065 99.3 571
1712278690181 99.3 572
1712278700307 99.3 573
1712278710407 99.3 574
1712278720464 99.3 575
1712278730562 99.3 576
1712278740668 99.3 577
1712278750758 99.3 578
1712278760853 99.3 579
1712278770954 99.3 580
1712278780991 99.3 581
1712278791087 99.3 582
1712278801191 99.3 583
1712278811282 99.3 584
1712278821375 99.3 585
1712278831476 99.3 586
1712278841526 99.3 587
1712278851636 99.3 588
1712278861725 99.3 589
1712278871833 99.3 590
1712278881933 99.3 591
1712278892137 99.3 592
1712278902188 99.3 593
1712278912290 99.3 594
1712278922402 99.3 595
1712278932487 99.3 596
1712278942580 99.3 597
1712278952675 99.3 598
1712278962723 99.3 599
1712278972808 99.3 600
1712278982906 99.3 601
1712278992996 99.3 602
1712279003082 99.3 603
1712279013178 99.3 604
1712279023242 99.3 605
