1712272917036 0.0 0
1712272927130 0.0 1
1712272937220 0.0 2
1712272947295 0.0 3
1712272957383 100.0 4
1712272967433 100.0 5
1712272977501 100.0 6
1712272987604 100.0 7
1712272997685 99.0 8
1712273007755 99.0 9
1712273017799 99.0 10
1712273027864 99.0 11
1712273037950 100.0 12
1712273048036 99.0 13
1712273058119 100.0 14
1712273068215 99.0 15
1712273078249 97.0 16
1712273088334 100.0 17
1712273098415 100.0 18
1712273108490 100.0 19
1712273118566 100.0 20
1712273128648 100.0 21
1712273138686 100.0 22
1712273148761 100.0 23
1712273158848 100.0 24
1712273168953 100.0 25
1712273179027 97.0 26
1712273189099 99.0 27
1712273199150 100.0 28
1712273209232 99.0 29
1712273219321 100.0 30
1712273229389 100.0 31
1712273239461 100.0 32
1712273249536 100.0 33
1712273259563 98.0 34
1712273269652 99.0 35
1712273279726 100.0 36
1712273289809 100.0 37
1712273299898 100.0 38
1712273309976 99.0 39
1712273320017 100.0 40
1712273330093 100.0 41
1712273340163 98.0 42
1712273350245 100.0 43
1712273360325 100.0 44
1712273370394 100.0 45
1712273380433 99.0 46
1712273390523 99.0 47
1712273400602 99.0 48
1712273410702 100.0 49
1712273420786 99.0 50
1712273430876 100.0 51
1712273440905 100.0 52
1712273450990 100.0 53
1712273461222 96.0 54
1712273471322 100.0 55
1712273481408 100.0 56
1712273491495 99.0 57
1712273501525 99.0 58
1712273511598 100.0 59
1712273521676 100.0 60
1712273531759 98.0 61
1712273541832 100.0 62
1712273551922 100.0 63
1712273561957 99.0 64
1712273572054 99.0 65
1712273582134 100.0 66
1712273592229 100.0 67
1712273602319 100.0 68
1712273612392 100.0 69
1712273622427 100.0 70
1712273632502 99.0 71
1712273642578 100.0 72
1712273652654 100.0 73
1712273662740 100.0 74
1712273672837 100.0 75
1712273682881 99.0 76
1712273692967 99.0 77
1712273703056 99.0 78
1712273713137 100.0 79
1712273723225 100.0 80
1712273733312 100.0 81
1712273743352 100.0 82
1712273753444 100.0 83
1712273763535 100.0 84
1712273773631 99.0 85
1712273783711 100.0 86
1712273793798 100.0 87
1712273803848 100.0 88
1712273813957 100.0 89
1712273824046 100.0 90
1712273834125 100.0 91
1712273844215 100.0 92
1712273854306 100.0 93
1712273864340 99.0 94
1712273874444 99.0 95
1712273884534 100.0 96
1712273894603 100.0 97
1712273904698 100.0 98
1712273914771 99.0 99
1712273924804 100.0 100
1712273934896 100.0 101
1712273944991 100.0 102
1712273955071 100.0 103
1712273965101 100.0 104
1712273975147 99.0 105
1712273985195 99.0 106
1712273995238 100.0 107
1712274005346 100.0 108
1712274015386 100.0 109
1712274025429 100.0 110
1712274035468 100.0 111
1712274045556 99.0 112
1712274055592 99.0 113
1712274065673 99.0 114
1712274075771 99.0 115
1712274085845 100.0 116
1712274095949 100.0 117
1712274105981 100.0 118
1712274116060 0.0 119
1712274126147 0.0 120
1712274136238 0.0 121
1712274146321 100.0 122
1712274156394 100.0 123
1712274166430 100.0 124
1712274176521 100.0 125
1712274186599 100.0 126
1712274196678 100.0 127
1712274206761 100.0 128
1712274216853 100.0 129
1712274226880 100.0 130
1712274236964 100.0 131
1712274247038 100.0 132
1712274257138 100.0 133
1712274267231 100.0 134
1712274277323 100.0 135
1712274287360 100.0 136
1712274297468 100.0 137
1712274307580 100.0 138
1712274317653 100.0 139
1712274327737 100.0 140
1712274337769 100.0 141
1712274347859 100.0 142
1712274357938 100.0 143
1712274368028 100.0 144
1712274378121 100.0 145
1712274388193 99.0 146
1712274398229 98.0 147
1712274408334 100.0 148
1712274418426 100.0 149
1712274430595 100.0 150
1712274440825 0.0 151
1712274450978 0.0 152
1712274461022 0.0 153
1712274471123 0.0 154
1712274481215 100.0 155
1712274491311 99.0 156
1712274501429 100.0 157
1712274511519 99.0 158
1712274521548 100.0 159
1712274531635 100.0 160
1712274541723 100.0 161
1712274551813 99.0 162
1712274561898 100.0 163
1712274571982 99.0 164
1712274582016 100.0 165
1712274592110 100.0 166
1712274602207 99.0 167
1712274612294 100.0 168
1712274622386 99.0 169
1712274632474 99.0 170
1712274642521 100.0 171
1712274652624 100.0 172
1712274662745 100.0 173
1712274672839 100.0 174
1712274682940 99.0 175
1712274693025 100.0 176
1712274703064 100.0 177
1712274713157 100.0 178
1712274723250 100.0 179
1712274733353 100.0 180
1712274743441 100.0 181
1712274753539 99.0 182
1712274763584 100.0 183
1712274773681 100.0 184
1712274783782 99.0 185
1712274793868 100.0 186
1712274803962 99.0 187
1712274814066 100.0 188
1712274824108 100.0 189
1712274834199 100.0 190
1712274844286 100.0 191
1712274854419 100.0 192
1712274864507 100.0 193
1712274874587 99.0 194
1712274884683 99.0 195
1712274894818 99.0 196
1712274904907 100.0 197
1712274915031 100.0 198
1712274925118 99.0 199
1712274935203 100.0 200
1712274945304 99.0 201
1712274955409 99.0 202
1712274965494 100.0 203
1712274975592 100.0 204
1712274985676 99.0 205
1712274995763 100.0 206
1712275005813 99.0 207
1712275015923 100.0 208
1712275026008 100.0 209
1712275036113 100.0 210
1712275046204 99.0 211
1712275056296 100.0 212
1712275066333 100.0 213
1712275076419 100.0 214
1712275086510 99.0 215
1712275096608 100.0 216
1712275106721 100.0 217
1712275116827 100.0 218
1712275126873 100.0 219
1712275136994 100.0 220
1712275147090 100.0 221
1712275157196 99.0 222
1712275167280 99.0 223
1712275177404 100.0 224
1712275187444 100.0 225
1712275197535 99.0 226
1712275207645 99.0 227
1712275217741 100.0 228
1712275227827 100.0 229
1712275237857 100.0 230
1712275247937 100.0 231
1712275258039 100.0 232
1712275268117 99.0 233
1712275278205 99.0 234
1712275288305 100.0 235
1712275298339 100.0 236
1712275308420 99.0 237
1712275318508 100.0 238
1712275328585 100.0 239
1712275338676 100.0 240
1712275348756 100.0 241
1712275358795 100.0 242
1712275368872 100.0 243
1712275378959 100.0 244
1712275389048 100.0 245
1712275399126 99.0 246
1712275409209 99.0 247
1712275419258 99.0 248
1712275429336 100.0 249
1712275439415 100.0 250
1712275449515 100.0 251
1712275459617 100.0 252
1712275469697 100.0 253
1712275479739 100.0 254
1712275489858 100.0 255
1712275499968 99.0 256
1712275510102 100.0 257
1712275520209 100.0 258
1712275530324 100.0 259
1712275540368 100.0 260
1712275550467 100.0 261
1712275560556 100.0 262
1712275570647 99.0 263
1712275580745 99.0 264
1712275590859 100.0 265
1712275600899 100.0 266
1712275611000 99.0 267
1712275621081 100.0 268
1712275631191 100.0 269
1712275641296 0.0 270
1712275651377 0.0 271
1712275661421 0.0 272
1712275671500 100.0 273
1712275681597 100.0 274
1712275691693 100.0 275
1712275701775 100.0 276
1712275711881 100.0 277
1712275721917 100.0 278
1712275732002 100.0 279
1712275742088 100.0 280
1712275752186 100.0 281
1712275762282 100.0 282
1712275772369 100.0 283
1712275782409 100.0 284
1712275792508 100.0 285
1712275802596 100.0 286
1712275812687 100.0 287
1712275822786 100.0 288
1712275832864 100.0 289
1712275842907 100.0 290
1712275853002 100.0 291
1712275863088 100.0 292
1712275873190 100.0 293
1712275883301 100.0 294
1712275893388 100.0 295
1712275903426 100.0 296
1712275913513 100.0 297
1712275923592 100.0 298
1712275933696 100.0 299
1712275943784 100.0 300
1712275953872 100.0 301
1712275963941 100.0 302
1712275974032 0.0 303
1712275984125 0.0 304
1712275994299 0.0 305
1712276004430 0.0 306
1712276014520 100.0 307
1712276024553 100.0 308
1712276034633 100.0 309
1712276044713 99.0 310
1712276054792 100.0 311
1712276064877 100.0 312
1712276074969 100.0 313
1712276085015 100.0 314
1712276095105 100.0 315
1712276105212 99.0 316
1712276115294 100.0 317
1712276125386 100.0 318
1712276135474 99.0 319
1712276145507 99.0 320
1712276155598 99.0 321
1712276165686 100.0 322
1712276175781 100.0 323
1712276185873 100.0 324
1712276195963 100.0 325
1712276205999 100.0 326
1712276216094 100.0 327
1712276226179 100.0 328
1712276236302 99.0 329
1712276246381 99.0 330
1712276256462 97.0 331
1712276266503 100.0 332
1712276276600 99.0 333
1712276286681 100.0 334
1712276296758 99.0 335
1712276306857 100.0 336
1712276316939 99.0 337
1712276326982 100.0 338
1712276337078 100.0 339
1712276347161 99.0 340
1712276357264 100.0 341
1712276367390 100.0 342
1712276377471 100.0 343
1712276387559 99.0 344
1712276397671 100.0 345
1712276407767 100.0 346
1712276417848 100.0 347
1712276427931 100.0 348
1712276437969 99.0 349
1712276448072 100.0 350
1712276458155 99.0 351
1712276468247 100.0 352
1712276478325 99.0 353
1712276488443 99.0 354
1712276498540 95.0 355
1712276508815 100.0 356
1712276518964 97.0 357
1712276529111 100.0 358
1712276539223 95.0 359
1712276549339 100.0 360
1712276559379 99.0 361
1712276569469 99.0 362
1712276579584 100.0 363
1712276589665 100.0 364
1712276599747 100.0 365
1712276609832 99.0 366
1712276619872 100.0 367
1712276629972 99.0 368
1712276640066 100.0 369
1712276650171 100.0 370
1712276660252 100.0 371
1712276670344 100.0 372
1712276680384 100.0 373
1712276690501 100.0 374
1712276700608 99.0 375
1712276710716 100.0 376
1712276720810 100.0 377
1712276730910 99.0 378
1712276740962 99.0 379
1712276751055 100.0 380
1712276761146 100.0 381
1712276771243 99.0 382
1712276781342 100.0 383
1712276791457 99.0 384
1712276801504 99.0 385
1712276811604 99.0 386
1712276821701 100.0 387
1712276831784 100.0 388
1712276841881 99.0 389
1712276851977 100.0 390
1712276862020 100.0 391
1712276872114 100.0 392
1712276882212 100.0 393
1712276892306 100.0 394
1712276902402 100.0 395
1712276912507 99.0 396
1712276922551 100.0 397
1712276932645 100.0 398
1712276942751 100.0 399
1712276952846 99.0 400
1712276962949 100.0 401
1712276973056 100.0 402
1712276983110 100.0 403
1712276993221 100.0 404
1712277003328 99.0 405
1712277013433 99.0 406
1712277023535 99.0 407
1712277033655 100.0 408
1712277043696 99.0 409
1712277053788 99.0 410
1712277063901 100.0 411
1712277073991 100.0 412
1712277084118 100.0 413
1712277094210 99.0 414
1712277104263 100.0 415
1712277114368 100.0 416
1712277124477 100.0 417
1712277134571 100.0 418
1712277144661 99.0 419
1712277154778 100.0 420
1712277164824 100.0 421
1712277174908 0.0 422
1712277185006 0.0 423
1712277195094 0.0 424
1712277205190 100.0 425
1712277215274 100.0 426
1712277225317 100.0 427
1712277235432 100.0 428
1712277245516 100.0 429
1712277255604 100.0 430
1712277265716 100.0 431
1712277275822 100.0 432
1712277285869 100.0 433
1712277295964 100.0 434
1712277306054 100.0 435
1712277316149 100.0 436
1712277326235 100.0 437
1712277336323 100.0 438
1712277346365 100.0 439
1712277356466 100.0 440
1712277366578 100.0 441
1712277376667 100.0 442
1712277386777 100.0 443
1712277396898 100.0 444
1712277406942 100.0 445
1712277417032 100.0 446
1712277427129 100.0 447
1712277437228 100.0 448
1712277447323 100.0 449
1712277457433 100.0 450
1712277467522 100.0 451
1712277477609 100.0 452
1712277487743 100.0 453
1712277498090 0.0 454
1712277508201 0.0 455
1712277518473 0.0 456
1712277528695 0.0 457
1712277538851 0.0 458
1712277548980 100.0 459
1712277559126 100.0 460
1712277569265 100.0 461
1712277579319 100.0 462
1712277589413 100.0 463
1712277599504 100.0 464
1712277609601 100.0 465
1712277619724 100.0 466
1712277629821 99.0 467
1712277639870 99.0 468
1712277649965 100.0 469
1712277660073 98.0 470
1712277670189 100.0 471
1712277680291 99.0 472
1712277690403 100.0 473
1712277700483 100.0 474
1712277710685 100.0 475
1712277720777 99.0 476
1712277730885 100.0 477
1712277740974 100.0 478
1712277751070 99.0 479
1712277761109 100.0 480
1712277771299 100.0 481
1712277781399 93.0 482
1712277791482 100.0 483
1712277801582 100.0 484
1712277811668 99.0 485
1712277821725 100.0 486
1712277831824 100.0 487
1712277841934 99.0 488
1712277852048 100.0 489
1712277862139 99.0 490
1712277872241 100.0 491
1712277882284 100.0 492
1712277892393 99.0 493
1712277902508 100.0 494
1712277912615 100.0 495
1712277922717 100.0 496
1712277932826 100.0 497
1712277942867 100.0 498
1712277952968 100.0 499
1712277963057 100.0 500
1712277973155 99.0 501
1712277983249 99.0 502
1712277993335 100.0 503
1712278003378 100.0 504
1712278013474 100.0 505
1712278023570 100.0 506
1712278033665 100.0 507
1712278043760 100.0 508
1712278053859 100.0 509
1712278063912 100.0 510
1712278074011 100.0 511
1712278084119 100.0 512
1712278094225 100.0 513
1712278104324 100.0 514
1712278114416 100.0 515
1712278124464 99.0 516
1712278134574 100.0 517
1712278144674 100.0 518
1712278154768 100.0 519
1712278164869 100.0 520
1712278174966 99.0 521
1712278185014 100.0 522
1712278195122 100.0 523
1712278205247 100.0 524
1712278215355 100.0 525
1712278225450 100.0 526
1712278235565 99.0 527
1712278245602 100.0 528
1712278255709 100.0 529
1712278265805 100.0 530
1712278275899 100.0 531
1712278285999 99.0 532
1712278296110 100.0 533
1712278306162 100.0 534
1712278316271 100.0 535
1712278326369 100.0 536
1712278336473 100.0 537
1712278346574 100.0 538
1712278356683 100.0 539
1712278366722 100.0 540
1712278376834 100.0 541
1712278386935 100.0 542
1712278397040 100.0 543
1712278407148 100.0 544
1712278417261 100.0 545
1712278427314 100.0 546
1712278437417 99.0 547
1712278447510 99.0 548
1712278457615 99.0 549
1712278467711 100.0 550
1712278477759 100.0 551
1712278487878 100.0 552
1712278497981 100.0 553
1712278508091 99.0 554
1712278518194 99.0 555
1712278528295 100.0 556
1712278538338 100.0 557
1712278548441 99.0 558
1712278558540 100.0 559
1712278568644 99.0 560
1712278578750 100.0 561
1712278588844 99.0 562
1712278598898 99.0 563
1712278608996 91.0 564
1712278619109 100.0 565
1712278629220 95.0 566
1712278639369 99.0 567
1712278649634 96.0 568
1712278659762 100.0 569
1712278669912 100.0 570
1712278680065 100.0 571
1712278690181 100.0 572
1712278700307 100.0 573
1712278710407 0.0 574
1712278720464 0.0 575
1712278730562 0.0 576
1712278740668 100.0 577
1712278750758 100.0 578
1712278760853 100.0 579
1712278770954 100.0 580
1712278780991 100.0 581
1712278791087 100.0 582
1712278801191 100.0 583
1712278811282 100.0 584
1712278821375 100.0 585
1712278831476 100.0 586
1712278841526 100.0 587
1712278851636 100.0 588
1712278861725 100.0 589
1712278871833 100.0 590
1712278881933 100.0 591
1712278892137 100.0 592
1712278902188 100.0 593
1712278912290 100.0 594
1712278922402 100.0 595
1712278932487 100.0 596
1712278942580 100.0 597
1712278952675 100.0 598
1712278962723 100.0 599
1712278972808 100.0 600
1712278982906 100.0 601
1712278992996 100.0 602
1712279003082 100.0 603
1712279013178 100.0 604
1712279023242 100.0 605
