1712272917036 0.0 0
1712272927130 0.02028200000131619 1
1712272937220 0.14707000000271364 2
1712272947295 0.5593140000019048 3
1712272957383 0.7062860000005458 4
1712272967433 0.7161699999996927 5
1712272977501 0.7949660000012955 6
1712272987604 0.8054020000017772 7
1712272997685 0.8114710000008927 8
1712273007755 0.8693999999995867 9
1712273017799 0.8777130000016768 10
1712273027864 0.8884460000008403 11
1712273037950 0.8949339999999211 12
1712273048036 0.8972390000017185 13
1712273058119 0.9038590000018303 14
1712273068215 0.914028999999573 15
1712273078249 1.4485760000025039 16
1712273088334 2.0132570000023406 17
1712273098415 5.883590000001277 18
1712273108490 10.957130000002508 19
1712273118566 17.79164800000217 20
1712273128648 22.21641300000192 21
1712273138686 23.070449999999255 22
1712273148761 26.671613000002253 23
1712273158848 34.3554890000014 24
1712273168953 40.00349600000118 25
1712273179027 44.83242600000085 26
1712273189099 49.5627800000002 27
1712273199150 58.903683000000456 28
1712273209232 60.58661399999983 29
1712273219321 67.47532100000171 30
1712273229389 70.31716299999971 31
1712273239461 73.28994199999943 32
1712273249536 76.5004480000025 33
1712273259563 78.63231000000087 34
1712273269652 79.76364400000239 35
1712273279726 81.25834100000066 36
1712273289809 81.27366800000163 37
1712273299898 81.29654500000106 38
1712273309976 81.32826900000146 39
1712273320017 81.33699999999953 40
1712273330093 81.3902530000014 41
1712273340163 82.55757799999992 42
1712273350245 82.57076100000268 43
1712273360325 82.57956399999966 44
1712273370394 82.59114300000147 45
1712273380433 82.59729700000025 46
1712273390523 82.60505299999932 47
1712273400602 82.61043900000004 48
1712273410702 82.61790900000051 49
1712273420786 82.64152500000273 50
1712273430876 82.66453299999921 51
1712273440905 82.67422400000214 52
1712273450990 82.70395500000086 53
1712273461222 82.7231720000018 54
1712273471322 82.8057970000009 55
1712273481408 82.81540200000018 56
1712273491495 82.82180100000187 57
1712273501525 82.83856000000014 58
1712273511598 82.87600100000054 59
1712273521676 82.88592900000003 60
1712273531759 82.90010500000062 61
1712273541832 82.93604100000084 62
1712273551922 82.94555400000172 63
1712273561957 82.95683500000086 64
1712273572054 82.96247199999925 65
1712273582134 83.04753899999923 66
1712273592229 83.0520940000024 67
1712273602319 83.06237800000235 68
1712273612392 83.099849000002 69
1712273622427 83.11439600000085 70
1712273632502 83.14843300000211 71
1712273642578 83.15898500000185 72
1712273652654 83.17121600000246 73
1712273662740 83.1806940000024 74
1712273672837 86.37758000000031 75
1712273682881 87.18442700000014 76
1712273692967 87.18892000000051 77
1712273703056 87.19157199999972 78
1712273713137 87.19856400000208 79
1712273723225 87.21056400000089 80
1712273733312 87.21948600000178 81
1712273743352 87.23275099999955 82
1712273753444 87.29471299999932 83
1712273763535 87.31699300000037 84
1712273773631 87.35966100000223 85
1712273783711 87.36521300000095 86
1712273793798 87.4129290000019 87
1712273803848 87.42968699999983 88
1712273813957 87.47685000000274 89
1712273824046 87.49179899999945 90
1712273834125 87.49684400000115 91
1712273844215 87.51368500000171 92
1712273854306 87.52275700000246 93
1712273864340 87.54615600000034 94
1712273874444 98.60733000000255 95
1712273884534 99.7120130000003 96
1712273894603 100.08765900000071 97
1712273904698 100.44618400000036 98
1712273914771 100.67197500000111 99
1712273924804 100.8904220000004 100
1712273934896 101.60608000000138 101
1712273944991 101.84293000000253 102
1712273955071 102.08167400000093 103
1712273965101 102.25479300000006 104
1712273975147 102.47576200000185 105
1712273985195 102.79541600000084 106
1712273995238 103.03401300000041 107
1712274005346 103.25519400000121 108
1712274015386 103.47839400000157 109
1712274025429 103.70460900000035 110
1712274035468 103.92947900000217 111
1712274045556 104.12769400000252 112
1712274055592 104.38408100000015 113
1712274065673 104.58733800000118 114
1712274075771 104.93081000000166 115
1712274085845 105.17087200000242 116
1712274095949 105.4515300000021 117
1712274105981 105.66564700000163 118
1712274116060 105.82133299999987 119
1712274126147 105.83021799999915 120
1712274136238 105.87219600000026 121
1712274146321 105.88174600000275 122
1712274156394 105.89686300000176 123
1712274166430 105.90900099999999 124
1712274176521 105.9257400000024 125
1712274186599 105.9663189999992 126
1712274196678 105.99477300000217 127
1712274206761 106.02417500000229 128
1712274216853 106.07945499999914 129
1712274226880 106.08896300000197 130
1712274236964 106.10040099999969 131
1712274247038 106.10561600000074 132
1712274257138 106.11195800000132 133
1712274267231 106.11802700000044 134
1712274277323 106.12282799999957 135
1712274287360 106.12937900000179 136
1712274297468 106.13761200000226 137
1712274307580 106.14421800000127 138
1712274317653 106.1523640000014 139
1712274327737 106.15910200000144 140
1712274337769 106.1678979999997 141
1712274347859 106.19374099999914 142
1712274357938 106.2530450000013 143
1712274368028 106.2580369999996 144
1712274378121 106.26147700000001 145
1712274388193 106.26711600000272 146
1712274398229 106.27338500000042 147
1712274408334 106.27796800000215 148
1712274418426 106.28869599999962 149
1712274430595 106.29807599999913 150
1712274440825 106.31580200000099 151
1712274450978 106.32271700000274 152
1712274461022 106.33272500000021 153
1712274471123 106.33875000000262 154
1712274481215 106.35201500000039 155
1712274491311 106.35923399999956 156
1712274501429 106.36387100000138 157
1712274511519 106.40893300000243 158
1712274521548 106.41539100000227 159
1712274531635 106.42058000000179 160
1712274541723 106.43013699999938 161
1712274551813 106.43653500000073 162
1712274561898 106.44318299999941 163
1712274571982 106.45685299999968 164
1712274582016 106.4622589999999 165
1712274592110 106.52585399999953 166
1712274602207 106.53958500000226 167
1712274612294 106.54866400000174 168
1712274622386 106.55389099999957 169
1712274632474 106.56025399999999 170
1712274642521 106.56579799999963 171
1712274652624 106.57512499999939 172
1712274662745 106.58992500000022 173
1712274672839 106.59691700000258 174
1712274682940 106.60535499999969 175
1712274693025 106.61108400000012 176
1712274703064 106.61916299999939 177
1712274713157 106.65650599999935 178
1712274723250 106.67190200000186 179
1712274733353 106.68828500000018 180
1712274743441 106.69890800000212 181
1712274753539 106.70542100000239 182
1712274763584 106.71346900000208 183
1712274773681 106.71601500000179 184
1712274783782 106.7260810000007 185
1712274793868 106.73203800000192 186
1712274803962 106.74163699999917 187
1712274814066 106.78348399999959 188
1712274824108 106.82096100000126 189
1712274834199 106.82518999999957 190
1712274844286 106.83477599999969 191
1712274854419 106.84091900000203 192
1712274864507 106.84580500000084 193
1712274874587 106.84983400000056 194
1712274884683 106.85569700000269 195
1712274894818 107.57322700000077 196
1712274904907 108.2964979999997 197
1712274915031 108.32610700000077 198
1712274925118 108.37347299999965 199
1712274935203 108.38903399999981 200
1712274945304 108.41735800000242 201
1712274955409 108.5938700000006 202
1712274965494 108.63023600000088 203
1712274975592 108.64080400000239 204
1712274985676 108.64657699999952 205
1712274995763 108.66048900000169 206
1712275005813 108.6672400000025 207
1712275015923 108.69106400000237 208
1712275026008 108.69922000000224 209
1712275036113 108.70978699999978 210
1712275046204 108.71383500000229 211
1712275056296 108.71830300000147 212
1712275066333 108.723452000002 213
1712275076419 108.75416000000041 214
1712275086510 108.75836800000252 215
1712275096608 108.7685870000023 216
1712275106721 108.81523200000083 217
1712275116827 108.82154000000082 218
1712275126873 108.82832500000222 219
1712275136994 108.83244900000136 220
1712275147090 108.84042699999918 221
1712275157196 108.92052500000136 222
1712275167280 108.92789500000072 223
1712275177404 108.94119499999942 224
1712275187444 108.9507420000009 225
1712275197535 109.07225200000175 226
1712275207645 109.0821020000003 227
1712275217741 109.10609499999919 228
1712275227827 109.11933400000271 229
1712275237857 109.12692400000014 230
1712275247937 109.13191799999913 231
1712275258039 109.1504359999999 232
1712275268117 109.15843999999925 233
1712275278205 109.17212900000231 234
1712275288305 109.177423000001 235
1712275298339 109.18326200000229 236
1712275308420 109.18992699999944 237
1712275318508 109.19793100000243 238
1712275328585 109.20484800000122 239
1712275338676 109.21026800000254 240
1712275348756 109.22177400000146 241
1712275358795 109.22717100000227 242
1712275368872 109.24681799999962 243
1712275378959 109.25705899999957 244
1712275389048 109.27214800000002 245
1712275399126 109.27967100000023 246
1712275409209 109.3259880000005 247
1712275419258 109.33124099999986 248
1712275429336 109.33625400000165 249
1712275439415 109.36138399999982 250
1712275449515 109.3681859999997 251
1712275459617 109.37296600000263 252
1712275469697 109.38394200000039 253
1712275479739 109.38724899999943 254
1712275489858 109.39663500000097 255
1712275499968 109.41331899999932 256
1712275510102 109.45651200000066 257
1712275520209 109.4739260000024 258
1712275530324 109.4928170000021 259
1712275540368 109.49565000000075 260
1712275550467 109.50233099999969 261
1712275560556 109.5516970000026 262
1712275570647 109.57819400000153 263
1712275580745 109.60421400000268 264
1712275590859 109.61757900000157 265
1712275600899 109.63232300000163 266
1712275611000 109.65617700000075 267
1712275621081 109.6602899999998 268
1712275631191 109.66586800000005 269
1712275641296 109.67399099999966 270
1712275651377 109.68362300000081 271
1712275661421 109.68921000000046 272
1712275671500 109.71364900000117 273
1712275681597 109.71743600000264 274
1712275691693 109.74265700000251 275
1712275701775 109.75064900000143 276
1712275711881 109.79024000000209 277
1712275721917 109.80203400000028 278
1712275732002 109.80754399999933 279
1712275742088 109.81315800000084 280
1712275752186 109.82300600000235 281
1712275762282 109.82842800000071 282
1712275772369 109.83745900000213 283
1712275782409 109.8421350000026 284
1712275792508 109.86190400000123 285
1712275802596 109.88116900000023 286
1712275812687 109.88424900000246 287
1712275822786 109.88754500000141 288
1712275832864 109.89972800000032 289
1712275842907 109.9094729999997 290
1712275853002 109.93951500000185 291
1712275863088 109.95297600000049 292
1712275873190 109.96149100000184 293
1712275883301 109.97877300000255 294
1712275893388 109.99218400000245 295
1712275903426 109.99922499999957 296
1712275913513 110.01696500000253 297
1712275923592 110.02318200000082 298
1712275933696 110.03626300000178 299
1712275943784 110.05183300000135 300
1712275953872 110.09515300000203 301
1712275963941 110.10034300000189 302
1712275974032 110.10497899999973 303
1712275984125 110.10926200000176 304
1712275994299 110.11285900000075 305
1712276004430 110.11731100000179 306
1712276014520 110.16974200000186 307
1712276024553 110.17672800000219 308
1712276034633 110.1806230000002 309
1712276044713 110.18216500000199 310
1712276054792 110.27565999999933 311
1712276064877 110.27911600000152 312
1712276074969 110.29020300000047 313
1712276085015 110.46553300000232 314
1712276095105 110.47353199999998 315
1712276105212 110.480523000002 316
1712276115294 110.49013399999967 317
1712276125386 110.49546100000225 318
1712276135474 110.50382399999944 319
1712276145507 110.50974900000074 320
1712276155598 110.5273500000003 321
1712276165686 110.55348000000231 322
1712276175781 110.56070499999987 323
1712276185873 110.56851800000004 324
1712276195963 110.57261600000129 325
1712276205999 110.58388000000195 326
1712276216094 110.58813200000077 327
1712276226179 110.59315799999968 328
1712276236302 110.59963900000002 329
1712276246381 110.60317700000087 330
1712276256462 110.60723200000211 331
1712276266503 110.62341000000015 332
1712276276600 110.67695200000162 333
1712276286681 110.68080800000098 334
1712276296758 110.6865770000004 335
1712276306857 110.72900800000207 336
1712276316939 110.73857900000075 337
1712276326982 110.75047199999972 338
1712276337078 110.75330100000065 339
1712276347161 110.75877700000274 340
1712276357264 110.76519700000063 341
1712276367390 110.77057699999932 342
1712276377471 110.77719100000104 343
1712276387559 110.7908860000025 344
1712276397671 110.82350900000165 345
1712276407767 110.83105600000272 346
1712276417848 110.83913300000131 347
1712276427931 110.84531200000129 348
1712276437969 110.85470400000122 349
1712276448072 110.8656770000016 350
1712276458155 110.88139500000034 351
1712276468247 110.88699800000177 352
1712276478325 110.8951820000002 353
1712276488443 110.89973300000202 354
1712276498540 110.90449200000148 355
1712276508815 110.94360299999971 356
1712276518964 110.9478909999998 357
1712276529111 110.95375200000126 358
1712276539223 110.96479399999953 359
1712276549339 110.96831100000054 360
1712276559379 110.97405600000275 361
1712276569469 110.98643699999957 362
1712276579584 110.9902370000018 363
1712276589665 110.99558900000193 364
1712276599747 110.99959200000012 365
1712276609832 111.02112599999964 366
1712276619872 111.02430800000002 367
1712276629972 111.0339129999993 368
1712276640066 111.04220899999927 369
1712276650171 111.05024000000049 370
1712276660252 111.05417600000146 371
1712276670344 111.05919700000231 372
1712276680384 111.06700400000045 373
1712276690501 111.0778590000009 374
1712276700608 111.0808849999994 375
1712276710716 111.08905900000173 376
1712276720810 111.09617100000105 377
1712276730910 111.10263000000123 378
1712276740962 111.11080399999992 379
1712276751055 111.13624400000117 380
1712276761146 111.15666300000157 381
1712276771243 111.18231500000184 382
1712276781342 111.18745400000262 383
1712276791457 111.1950109999998 384
1712276801504 111.20119500000146 385
1712276811604 111.2247869999992 386
1712276821701 111.23347600000125 387
1712276831784 111.2372690000011 388
1712276841881 111.24840600000243 389
1712276851977 111.25535800000216 390
1712276862020 111.2645850000008 391
1712276872114 111.28041999999914 392
1712276882212 111.29020300000047 393
1712276892306 111.30169600000227 394
1712276902402 111.31135100000029 395
1712276912507 111.33330000000205 396
1712276922551 111.34004300000015 397
1712276932645 111.3503810000002 398
1712276942751 111.36470299999928 399
1712276952846 111.39691400000083 400
1712276962949 111.41215100000045 401
1712276973056 111.41929900000105 402
1712276983110 111.43190500000128 403
1712276993221 111.43846200000189 404
1712277003328 111.45240700000068 405
1712277013433 111.46162600000025 406
1712277023535 111.46798499999932 407
1712277033655 111.4722150000016 408
1712277043696 111.48061299999972 409
1712277053788 111.5445749999999 410
1712277063901 111.57563300000038 411
1712277073991 111.64257600000201 412
1712277084118 111.65355400000044 413
1712277094210 111.66156300000148 414
1712277104263 111.66862799999944 415
1712277114368 111.67827100000068 416
1712277124477 111.69102700000076 417
1712277134571 111.69778299999962 418
1712277144661 111.75173600000198 419
1712277154778 111.75819400000182 420
1712277164824 111.77027699999962 421
1712277174908 111.77776599999925 422
1712277185006 111.82022399999914 423
1712277195094 111.82446800000253 424
1712277205190 111.8264049999998 425
1712277215274 111.85401700000148 426
1712277225317 111.86212100000193 427
1712277235432 111.86530800000037 428
1712277245516 111.874154000001 429
1712277255604 111.88212200000271 430
1712277265716 111.89971900000091 431
1712277275822 111.90579400000206 432
1712277285869 111.91113200000109 433
1712277295964 111.91240400000243 434
1712277306054 111.92426100000012 435
1712277316149 111.9294719999998 436
1712277326235 111.9444739999999 437
1712277336323 111.95073799999955 438
1712277346365 111.95756299999994 439
1712277356466 111.97518100000161 440
1712277366578 111.99319699999978 441
1712277376667 112.01715999999942 442
1712277386777 112.02904000000126 443
1712277396898 112.03710499999943 444
1712277406942 112.05333600000085 445
1712277417032 112.07356300000174 446
1712277427129 112.0827500000014 447
1712277437228 112.0856590000003 448
1712277447323 112.09063400000014 449
1712277457433 112.09602400000222 450
1712277467522 112.10145900000134 451
1712277477609 112.10790700000143 452
1712277487743 112.12729600000239 453
1712277498090 112.13310000000274 454
1712277508201 112.17709000000104 455
1712277518473 112.18851700000232 456
1712277528695 112.19349399999919 457
1712277538851 112.19815799999924 458
1712277548980 112.20776200000182 459
1712277559126 112.21159600000101 460
1712277569265 112.21461400000044 461
1712277579319 112.22209300000031 462
1712277589413 112.22612500000105 463
1712277599504 112.23703899999964 464
1712277609601 112.24837000000116 465
1712277619724 112.2669449999994 466
1712277629821 112.27265299999999 467
1712277639870 112.28100300000006 468
1712277649965 112.3085859999992 469
1712277660073 112.32550900000206 470
1712277670189 112.33563100000174 471
1712277680291 112.34576600000219 472
1712277690403 112.35052400000131 473
1712277700483 112.35472900000241 474
1712277710685 112.35986500000217 475
1712277720777 112.36714399999983 476
1712277730885 112.37501600000178 477
1712277740974 112.41293500000029 478
1712277751070 112.41625800000111 479
1712277761109 112.42335000000094 480
1712277771299 112.42808200000218 481
1712277781399 112.43568100000266 482
1712277791482 112.43936799999938 483
1712277801582 112.45087600000261 484
1712277811668 112.49199399999998 485
1712277821725 112.4958970000007 486
1712277831824 112.49965900000097 487
1712277841934 112.50374200000078 488
1712277852048 112.50850100000025 489
1712277862139 112.5357839999997 490
1712277872241 112.54260200000135 491
1712277882284 112.54748400000244 492
1712277892393 112.54981300000145 493
1712277902508 112.55409300000247 494
1712277912615 112.55915300000197 495
1712277922717 112.57048600000053 496
1712277932826 112.5942529999993 497
1712277942867 112.60091500000271 498
1712277952968 112.61494099999982 499
1712277963057 112.62880700000096 500
1712277973155 112.66973399999915 501
1712277983249 112.68167800000083 502
1712277993335 112.68845499999952 503
1712278003378 112.69447299999956 504
1712278013474 112.70020900000236 505
1712278023570 112.70382600000084 506
1712278033665 112.70929099999921 507
1712278043760 112.71897000000172 508
1712278053859 112.72261900000012 509
1712278063912 112.72651500000211 510
1712278074011 112.73050700000022 511
1712278084119 112.73486100000082 512
1712278094225 112.73904700000276 513
1712278104324 112.74695500000234 514
1712278114416 112.76970200000142 515
1712278124464 112.77574599999934 516
1712278134574 112.78486700000212 517
1712278144674 112.79047700000228 518
1712278154768 112.79588499999954 519
1712278164869 112.80037000000084 520
1712278174966 112.81017300000167 521
1712278185014 112.81705800000054 522
1712278195122 112.84628900000098 523
1712278205247 112.86669000000256 524
1712278215355 112.87809500000003 525
1712278225450 112.89246700000149 526
1712278235565 112.90557000000263 527
1712278245602 112.91139499999917 528
1712278255709 112.92908100000204 529
1712278265805 112.93331200000102 530
1712278275899 112.9372829999993 531
1712278285999 112.94235800000024 532
1712278296110 112.95234999999957 533
1712278306162 112.95862000000125 534
1712278316271 112.98388400000113 535
1712278326369 112.98741900000095 536
1712278336473 113.0022420000023 537
1712278346574 113.01517600000079 538
1712278356683 113.02416699999958 539
1712278366722 113.02972600000066 540
1712278376834 113.03612500000236 541
1712278386935 113.03961400000117 542
1712278397040 113.04610900000262 543
1712278407148 113.05282400000215 544
1712278417261 113.09197400000266 545
1712278427314 113.09831599999961 546
1712278437417 113.10616200000004 547
1712278447510 113.11431699999957 548
1712278457615 113.12076499999966 549
1712278467711 113.12694700000065 550
1712278477759 113.19501400000081 551
1712278487878 113.2346550000002 552
1712278497981 114.89462600000115 553
1712278508091 115.41644699999961 554
1712278518194 115.44289000000208 555
1712278528295 115.4909370000023 556
1712278538338 115.51279000000068 557
1712278548441 115.59094000000186 558
1712278558540 115.71775999999954 559
1712278568644 115.74231200000213 560
1712278578750 115.77053900000101 561
1712278588844 115.80125200000111 562
1712278598898 115.8206539999992 563
1712278608996 115.82252399999925 564
1712278619109 115.82595100000253 565
1712278629220 115.82924700000149 566
1712278639369 115.83496500000183 567
1712278649634 115.84013600000253 568
1712278659762 115.8499890000021 569
1712278669912 115.88436200000069 570
1712278680065 115.88705100000152 571
1712278690181 115.89199700000245 572
1712278700307 115.92380500000218 573
1712278710407 115.96541100000104 574
1712278720464 115.9747810000008 575
1712278730562 115.97806599999967 576
1712278740668 115.98707300000024 577
1712278750758 115.99338600000192 578
1712278760853 116.05189000000246 579
1712278770954 116.05578000000241 580
1712278780991 116.0689999999995 581
1712278791087 116.08613400000104 582
1712278801191 116.13864699999976 583
1712278811282 116.16688200000135 584
1712278821375 116.16995500000121 585
1712278831476 116.18065399999978 586
1712278841526 116.19569799999954 587
1712278851636 116.20727800000168 588
1712278861725 116.22350300000107 589
1712278871833 116.24759900000208 590
1712278881933 116.25265900000159 591
1712278892137 116.25997700000153 592
1712278902188 116.26376300000265 593
1712278912290 116.30796700000064 594
1712278922402 116.31239700000151 595
1712278932487 116.31992600000012 596
1712278942580 116.32383599999957 597
1712278952675 116.32657900000049 598
1712278962723 116.33106400000179 599
1712278972808 116.34035800000129 600
1712278982906 116.34475400000156 601
1712278992996 116.35019500000271 602
1712279003082 116.36039399999936 603
1712279013178 116.39248399999997 604
1712279023242 116.40148000000045 605
