1712272917036 51.7 0
1712272927130 90.3 1
1712272937220 92.8 2
1712272947295 98.0 3
1712272957383 87.9 4
1712272967433 90.0 5
1712272977501 92.2 6
1712272987604 92.9 7
1712272997685 93.5 8
1712273007755 93.6 9
1712273017799 93.7 10
1712273027864 93.8 11
1712273037950 93.9 12
1712273048036 94.0 13
1712273058119 94.8 14
1712273068215 94.7 15
1712273078249 94.7 16
1712273088334 95.0 17
1712273098415 95.0 18
1712273108490 95.1 19
1712273118566 95.7 20
1712273128648 95.7 21
1712273138686 95.9 22
1712273148761 96.2 23
1712273158848 96.3 24
1712273168953 96.2 25
1712273179027 96.1 26
1712273189099 96.3 27
1712273199150 96.4 28
1712273209232 96.5 29
1712273219321 96.5 30
1712273229389 96.6 31
1712273239461 96.7 32
1712273249536 96.7 33
1712273259563 96.8 34
1712273269652 97.0 35
1712273279726 97.1 36
1712273289809 97.3 37
1712273299898 97.3 38
1712273309976 97.4 39
1712273320017 97.5 40
1712273330093 97.7 41
1712273340163 97.7 42
1712273350245 97.5 43
1712273360325 97.8 44
1712273370394 97.5 45
1712273380433 97.6 46
1712273390523 97.7 47
1712273400602 97.7 48
1712273410702 97.6 49
1712273420786 96.9 50
1712273430876 96.6 51
1712273440905 96.6 52
1712273450990 97.0 53
1712273461222 97.0 54
1712273471322 96.6 55
1712273481408 96.8 56
1712273491495 96.7 57
1712273501525 96.7 58
1712273511598 96.9 59
1712273521676 96.9 60
1712273531759 97.0 61
1712273541832 97.3 62
1712273551922 97.2 63
1712273561957 97.3 64
1712273572054 97.4 65
1712273582134 97.4 66
1712273592229 97.4 67
1712273602319 97.4 68
1712273612392 97.4 69
1712273622427 97.4 70
1712273632502 97.5 71
1712273642578 97.6 72
1712273652654 97.6 73
1712273662740 97.3 74
1712273672837 97.1 75
1712273682881 97.1 76
1712273692967 97.2 77
1712273703056 97.2 78
1712273713137 97.3 79
1712273723225 97.5 80
1712273733312 97.4 81
1712273743352 97.5 82
1712273753444 97.9 83
1712273763535 97.5 84
1712273773631 97.7 85
1712273783711 97.7 86
1712273793798 97.7 87
1712273803848 97.8 88
1712273813957 97.1 89
1712273824046 97.3 90
1712273834125 97.3 91
1712273844215 97.3 92
1712273854306 97.3 93
1712273864340 97.3 94
1712273874444 97.6 95
1712273884534 97.2 96
1712273894603 97.2 97
1712273904698 97.1 98
1712273914771 97.1 99
1712273924804 97.1 100
1712273934896 97.3 101
1712273944991 97.4 102
1712273955071 97.4 103
1712273965101 97.0 104
1712273975147 97.2 105
1712273985195 96.6 106
1712273995238 98.6 107
1712274005346 95.4 108
1712274015386 95.9 109
1712274025429 96.3 110
1712274035468 96.6 111
1712274045556 96.6 112
1712274055592 97.1 113
1712274065673 96.8 114
1712274075771 96.9 115
1712274085845 96.9 116
1712274095949 96.8 117
1712274105981 96.8 118
1712274116060 96.6 119
1712274126147 64.3 120
1712274136238 74.5 121
1712274146321 83.2 122
1712274156394 83.5 123
1712274166430 83.8 124
1712274176521 83.9 125
1712274186599 84.1 126
1712274196678 83.7 127
1712274206761 83.8 128
1712274216853 84.3 129
1712274226880 84.2 130
1712274236964 84.3 131
1712274247038 83.7 132
1712274257138 84.0 133
1712274267231 84.5 134
1712274277323 84.5 135
1712274287360 84.6 136
1712274297468 84.6 137
1712274307580 84.6 138
1712274317653 84.7 139
1712274327737 81.5 140
1712274337769 81.4 141
1712274347859 81.6 142
1712274357938 81.6 143
1712274368028 81.7 144
1712274378121 81.7 145
1712274388193 81.8 146
1712274398229 78.3 147
1712274408334 78.5 148
1712274418426 78.8 149
1712274430595 79.1 150
1712274440825 92.1 151
1712274450978 93.5 152
1712274461022 95.3 153
1712274471123 97.4 154
1712274481215 85.7 155
1712274491311 90.3 156
1712274501429 92.6 157
1712274511519 93.5 158
1712274521548 93.9 159
1712274531635 95.4 160
1712274541723 96.3 161
1712274551813 96.8 162
1712274561898 97.1 163
1712274571982 97.5 164
1712274582016 97.6 165
1712274592110 97.8 166
1712274602207 98.1 167
1712274612294 98.0 168
1712274622386 95.2 169
1712274632474 95.7 170
1712274642521 96.0 171
1712274652624 96.8 172
1712274662745 96.1 173
1712274672839 96.3 174
1712274682940 96.5 175
1712274693025 96.8 176
1712274703064 96.8 177
1712274713157 96.7 178
1712274723250 96.8 179
1712274733353 96.9 180
1712274743441 97.0 181
1712274753539 97.0 182
1712274763584 97.0 183
1712274773681 97.2 184
1712274783782 97.2 185
1712274793868 97.5 186
1712274803962 97.6 187
1712274814066 97.6 188
1712274824108 97.9 189
1712274834199 98.0 190
1712274844286 98.0 191
1712274854419 98.0 192
1712274864507 97.7 193
1712274874587 97.7 194
1712274884683 97.7 195
1712274894818 97.6 196
1712274904907 98.0 197
1712274915031 98.4 198
1712274925118 98.5 199
1712274935203 98.6 200
1712274945304 98.8 201
1712274955409 99.1 202
1712274965494 98.8 203
1712274975592 98.9 204
1712274985676 97.1 205
1712274995763 97.4 206
1712275005813 97.6 207
1712275015923 96.0 208
1712275026008 97.0 209
1712275036113 97.3 210
1712275046204 97.5 211
1712275056296 97.7 212
1712275066333 97.8 213
1712275076419 98.0 214
1712275086510 98.0 215
1712275096608 98.1 216
1712275106721 98.2 217
1712275116827 98.1 218
1712275126873 98.1 219
1712275136994 98.2 220
1712275147090 98.1 221
1712275157196 98.7 222
1712275167280 97.8 223
1712275177404 97.7 224
1712275187444 98.4 225
1712275197535 94.8 226
1712275207645 95.1 227
1712275217741 95.4 228
1712275227827 94.2 229
1712275237857 94.4 230
1712275247937 94.6 231
1712275258039 94.8 232
1712275268117 94.8 233
1712275278205 94.8 234
1712275288305 94.9 235
1712275298339 94.9 236
1712275308420 95.0 237
1712275318508 95.0 238
1712275328585 95.1 239
1712275338676 95.1 240
1712275348756 96.0 241
1712275358795 96.0 242
1712275368872 96.2 243
1712275378959 96.2 244
1712275389048 96.4 245
1712275399126 96.4 246
1712275409209 96.4 247
1712275419258 96.4 248
1712275429336 96.5 249
1712275439415 96.5 250
1712275449515 96.5 251
1712275459617 96.7 252
1712275469697 96.5 253
1712275479739 96.6 254
1712275489858 96.5 255
1712275499968 96.6 256
1712275510102 96.8 257
1712275520209 97.2 258
1712275530324 97.6 259
1712275540368 97.6 260
1712275550467 97.5 261
1712275560556 97.0 262
1712275570647 97.1 263
1712275580745 97.3 264
1712275590859 97.2 265
1712275600899 97.3 266
1712275611000 97.4 267
1712275621081 97.4 268
1712275631191 97.4 269
1712275641296 98.1 270
1712275651377 62.5 271
1712275661421 73.2 272
1712275671500 77.1 273
1712275681597 77.2 274
1712275691693 78.8 275
1712275701775 81.9 276
1712275711881 81.8 277
1712275721917 82.6 278
1712275732002 82.5 279
1712275742088 82.5 280
1712275752186 82.6 281
1712275762282 82.6 282
1712275772369 82.5 283
1712275782409 82.5 284
1712275792508 82.5 285
1712275802596 82.9 286
1712275812687 83.0 287
1712275822786 82.9 288
1712275832864 82.9 289
1712275842907 82.9 290
1712275853002 83.2 291
1712275863088 83.1 292
1712275873190 83.2 293
1712275883301 83.2 294
1712275893388 83.2 295
1712275903426 83.2 296
1712275913513 83.2 297
1712275923592 83.2 298
1712275933696 83.3 299
1712275943784 83.1 300
1712275953872 83.7 301
1712275963941 83.6 302
1712275974032 92.7 303
1712275984125 97.1 304
1712275994299 98.0 305
1712276004430 99.9 306
1712276014520 89.7 307
1712276024553 91.2 308
1712276034633 93.7 309
1712276044713 95.9 310
1712276054792 97.0 311
1712276064877 97.8 312
1712276074969 98.4 313
1712276085015 98.8 314
1712276095105 98.5 315
1712276105212 97.1 316
1712276115294 97.2 317
1712276125386 97.4 318
1712276135474 95.4 319
1712276145507 96.4 320
1712276155598 97.0 321
1712276165686 97.6 322
1712276175781 98.1 323
1712276185873 97.7 324
1712276195963 97.6 325
1712276205999 97.8 326
1712276216094 97.9 327
1712276226179 97.3 328
1712276236302 97.6 329
1712276246381 97.6 330
1712276256462 97.5 331
1712276266503 97.8 332
1712276276600 96.8 333
1712276286681 94.6 334
1712276296758 94.7 335
1712276306857 94.8 336
1712276316939 96.0 337
1712276326982 96.0 338
1712276337078 96.1 339
1712276347161 96.0 340
1712276357264 96.3 341
1712276367390 96.1 342
1712276377471 96.1 343
1712276387559 96.2 344
1712276397671 96.2 345
1712276407767 91.4 346
1712276417848 92.1 347
1712276427931 92.5 348
1712276437969 92.8 349
1712276448072 93.1 350
1712276458155 93.6 351
1712276468247 93.8 352
1712276478325 94.1 353
1712276488443 94.2 354
1712276498540 94.5 355
1712276508815 94.7 356
1712276518964 94.9 357
1712276529111 95.0 358
1712276539223 94.9 359
1712276549339 94.9 360
1712276559379 95.3 361
1712276569469 95.4 362
1712276579584 95.4 363
1712276589665 95.9 364
1712276599747 95.9 365
1712276609832 96.0 366
1712276619872 95.9 367
1712276629972 96.0 368
1712276640066 96.0 369
1712276650171 96.0 370
1712276660252 96.2 371
1712276670344 96.1 372
1712276680384 96.0 373
1712276690501 96.1 374
1712276700608 96.1 375
1712276710716 96.3 376
1712276720810 96.2 377
1712276730910 96.3 378
1712276740962 96.3 379
1712276751055 94.8 380
1712276761146 91.1 381
1712276771243 91.7 382
1712276781342 92.3 383
1712276791457 92.4 384
1712276801504 92.6 385
1712276811604 93.1 386
1712276821701 93.4 387
1712276831784 93.7 388
1712276841881 94.1 389
1712276851977 94.3 390
1712276862020 94.5 391
1712276872114 95.5 392
1712276882212 95.8 393
1712276892306 96.1 394
1712276902402 96.4 395
1712276912507 96.7 396
1712276922551 96.7 397
1712276932645 96.8 398
1712276942751 96.8 399
1712276952846 97.0 400
1712276962949 96.8 401
1712276973056 96.8 402
1712276983110 96.8 403
1712276993221 96.9 404
1712277003328 97.0 405
1712277013433 97.1 406
1712277023535 97.1 407
1712277033655 97.0 408
1712277043696 97.1 409
1712277053788 97.6 410
1712277063901 96.6 411
1712277073991 96.6 412
1712277084118 96.7 413
1712277094210 96.7 414
1712277104263 94.7 415
1712277114368 95.0 416
1712277124477 95.4 417
1712277134571 95.5 418
1712277144661 95.9 419
1712277154778 95.9 420
1712277164824 96.1 421
1712277174908 63.3 422
1712277185006 70.2 423
1712277195094 80.5 424
1712277205190 79.0 425
1712277215274 79.0 426
1712277225317 79.1 427
1712277235432 79.4 428
1712277245516 79.4 429
1712277255604 79.2 430
1712277265716 79.5 431
1712277275822 79.5 432
1712277285869 79.5 433
1712277295964 79.5 434
1712277306054 80.1 435
1712277316149 80.0 436
1712277326235 80.2 437
1712277336323 80.1 438
1712277346365 80.1 439
1712277356466 80.4 440
1712277366578 80.3 441
1712277376667 80.1 442
1712277386777 80.1 443
1712277396898 80.1 444
1712277406942 79.9 445
1712277417032 80.1 446
1712277427129 80.1 447
1712277437228 80.3 448
1712277447323 80.2 449
1712277457433 80.1 450
1712277467522 80.2 451
1712277477609 80.1 452
1712277487743 80.1 453
1712277498090 92.1 454
1712277508201 94.6 455
1712277518473 96.7 456
1712277528695 94.5 457
1712277538851 79.1 458
1712277548980 91.4 459
1712277559126 96.2 460
1712277569265 97.1 461
1712277579319 97.6 462
1712277589413 97.6 463
1712277599504 97.8 464
1712277609601 97.4 465
1712277619724 96.8 466
1712277629821 98.2 467
1712277639870 95.0 468
1712277649965 95.8 469
1712277660073 96.4 470
1712277670189 96.9 471
1712277680291 97.1 472
1712277690403 97.2 473
1712277700483 97.2 474
1712277710685 97.3 475
1712277720777 97.4 476
1712277730885 97.5 477
1712277740974 97.7 478
1712277751070 97.5 479
1712277761109 97.5 480
1712277771299 97.5 481
1712277781399 93.1 482
1712277791482 92.7 483
1712277801582 93.0 484
1712277811668 93.1 485
1712277821725 93.3 486
1712277831824 93.6 487
1712277841934 94.6 488
1712277852048 95.0 489
1712277862139 95.3 490
1712277872241 95.6 491
1712277882284 95.7 492
1712277892393 95.8 493
1712277902508 96.0 494
1712277912615 96.2 495
1712277922717 96.2 496
1712277932826 96.2 497
1712277942867 96.4 498
1712277952968 96.6 499
1712277963057 94.6 500
1712277973155 95.6 501
1712277983249 96.0 502
1712277993335 96.1 503
1712278003378 96.0 504
1712278013474 96.1 505
1712278023570 96.2 506
1712278033665 96.2 507
1712278043760 96.2 508
1712278053859 96.3 509
1712278063912 96.3 510
1712278074011 96.4 511
1712278084119 96.3 512
1712278094225 96.3 513
1712278104324 96.3 514
1712278114416 96.4 515
1712278124464 96.5 516
1712278134574 96.5 517
1712278144674 96.6 518
1712278154768 96.5 519
1712278164869 96.5 520
1712278174966 96.5 521
1712278185014 96.5 522
1712278195122 96.7 523
1712278205247 96.8 524
1712278215355 96.7 525
1712278225450 96.8 526
1712278235565 96.7 527
1712278245602 96.7 528
1712278255709 96.9 529
1712278265805 96.8 530
1712278275899 96.9 531
1712278285999 96.9 532
1712278296110 97.0 533
1712278306162 96.9 534
1712278316271 97.0 535
1712278326369 96.9 536
1712278336473 97.0 537
1712278346574 97.0 538
1712278356683 97.0 539
1712278366722 97.0 540
1712278376834 97.1 541
1712278386935 97.2 542
1712278397040 97.3 543
1712278407148 97.2 544
1712278417261 97.5 545
1712278427314 97.5 546
1712278437417 97.4 547
1712278447510 97.5 548
1712278457615 97.8 549
1712278467711 97.2 550
1712278477759 97.1 551
1712278487878 97.2 552
1712278497981 96.7 553
1712278508091 97.4 554
1712278518194 97.8 555
1712278528295 97.7 556
1712278538338 98.0 557
1712278548441 98.1 558
1712278558540 97.9 559
1712278568644 98.2 560
1712278578750 98.3 561
1712278588844 98.6 562
1712278598898 98.3 563
1712278608996 98.2 564
1712278619109 97.9 565
1712278629220 97.8 566
1712278639369 97.6 567
1712278649634 97.7 568
1712278659762 97.7 569
1712278669912 97.7 570
1712278680065 97.8 571
1712278690181 97.7 572
1712278700307 97.8 573
1712278710407 61.9 574
1712278720464 68.7 575
1712278730562 78.7 576
1712278740668 77.1 577
1712278750758 77.2 578
1712278760853 77.2 579
1712278770954 77.2 580
1712278780991 77.7 581
1712278791087 82.5 582
1712278801191 82.4 583
1712278811282 83.4 584
1712278821375 83.3 585
1712278831476 83.4 586
1712278841526 83.3 587
1712278851636 83.5 588
1712278861725 83.3 589
1712278871833 81.4 590
1712278881933 81.3 591
1712278892137 81.5 592
1712278902188 81.4 593
1712278912290 81.6 594
1712278922402 81.4 595
1712278932487 81.3 596
1712278942580 81.3 597
1712278952675 81.3 598
1712278962723 81.3 599
1712278972808 81.3 600
1712278982906 81.3 601
1712278992996 81.4 602
1712279003082 81.3 603
1712279013178 82.4 604
1712279023242 82.2 605
