1712272917036 8719.6 0
1712272927130 15228.0 1
1712272937220 15656.7 2
1712272947295 16530.2 3
1712272957383 14832.6 4
1712272967433 15176.1 5
1712272977501 15559.5 6
1712272987604 15665.5 7
1712272997685 15771.4 8
1712273007755 15795.2 9
1712273017799 15801.9 10
1712273027864 15829.5 11
1712273037950 15844.2 12
1712273048036 15859.6 13
1712273058119 15985.8 14
1712273068215 15973.8 15
1712273078249 15977.1 16
1712273088334 16015.7 17
1712273098415 16024.9 18
1712273108490 16035.9 19
1712273118566 16140.1 20
1712273128648 16134.3 21
1712273138686 16177.9 22
1712273148761 16227.5 23
1712273158848 16234.9 24
1712273168953 16218.0 25
1712273179027 16205.5 26
1712273189099 16237.3 27
1712273199150 16261.1 28
1712273209232 16281.9 29
1712273219321 16278.7 30
1712273229389 16298.3 31
1712273239461 16303.1 32
1712273249536 16316.7 33
1712273259563 16334.9 34
1712273269652 16354.3 35
1712273279726 16372.0 36
1712273289809 16410.3 37
1712273299898 16419.4 38
1712273309976 16431.3 39
1712273320017 16438.1 40
1712273330093 16473.6 41
1712273340163 16487.3 42
1712273350245 16453.0 43
1712273360325 16492.5 44
1712273370394 16448.1 45
1712273380433 16454.9 46
1712273390523 16479.7 47
1712273400602 16472.2 48
1712273410702 16467.4 49
1712273420786 16340.2 50
1712273430876 16299.1 51
1712273440905 16295.5 52
1712273450990 16352.7 53
1712273461222 16361.5 54
1712273471322 16290.4 55
1712273481408 16326.6 56
1712273491495 16306.2 57
1712273501525 16306.8 58
1712273511598 16351.1 59
1712273521676 16350.9 60
1712273531759 16366.6 61
1712273541832 16418.3 62
1712273551922 16399.8 63
1712273561957 16404.6 64
1712273572054 16431.6 65
1712273582134 16435.7 66
1712273592229 16433.0 67
1712273602319 16432.4 68
1712273612392 16432.5 69
1712273622427 16428.9 70
1712273632502 16450.4 71
1712273642578 16458.5 72
1712273652654 16464.8 73
1712273662740 16412.5 74
1712273672837 16384.6 75
1712273682881 16383.0 76
1712273692967 16391.0 77
1712273703056 16396.0 78
1712273713137 16409.6 79
1712273723225 16448.6 80
1712273733312 16429.5 81
1712273743352 16446.8 82
1712273753444 16517.0 83
1712273763535 16451.2 84
1712273773631 16485.1 85
1712273783711 16483.2 86
1712273793798 16487.2 87
1712273803848 16503.2 88
1712273813957 16386.1 89
1712273824046 16406.4 90
1712273834125 16410.5 91
1712273844215 16410.5 92
1712273854306 16412.2 93
1712273864340 16415.9 94
1712273874444 16456.9 95
1712273884534 16387.3 96
1712273894603 16388.6 97
1712273904698 16380.4 98
1712273914771 16384.8 99
1712273924804 16371.1 100
1712273934896 16404.7 101
1712273944991 16422.1 102
1712273955071 16423.0 103
1712273965101 16365.7 104
1712273975147 16394.9 105
1712273985195 16286.1 106
1712273995238 16624.8 107
1712274005346 16097.6 108
1712274015386 16179.0 109
1712274025429 16250.9 110
1712274035468 16290.2 111
1712274045556 16295.1 112
1712274055592 16376.7 113
1712274065673 16335.4 114
1712274075771 16342.3 115
1712274085845 16337.5 116
1712274095949 16335.2 117
1712274105981 16329.0 118
1712274116060 16289.3 119
1712274126147 10852.0 120
1712274136238 12568.3 121
1712274146321 14025.6 122
1712274156394 14083.0 123
1712274166430 14130.7 124
1712274176521 14152.9 125
1712274186599 14181.2 126
1712274196678 14123.7 127
1712274206761 14137.8 128
1712274216853 14211.0 129
1712274226880 14204.9 130
1712274236964 14214.7 131
1712274247038 14120.1 132
1712274257138 14163.4 133
1712274267231 14256.0 134
1712274277323 14253.8 135
1712274287360 14263.4 136
1712274297468 14261.3 137
1712274307580 14276.5 138
1712274317653 14292.1 139
1712274327737 13742.3 140
1712274337769 13731.4 141
1712274347859 13760.1 142
1712274357938 13764.3 143
1712274368028 13775.2 144
1712274378121 13785.6 145
1712274388193 13790.8 146
1712274398229 13201.7 147
1712274408334 13245.6 148
1712274418426 13286.5 149
1712274430595 13349.7 150
1712274440825 15539.4 151
1712274450978 15772.4 152
1712274461022 16075.6 153
1712274471123 16424.7 154
1712274481215 14451.8 155
1712274491311 15229.3 156
1712274501429 15614.6 157
1712274511519 15775.5 158
1712274521548 15835.8 159
1712274531635 16096.6 160
1712274541723 16248.9 161
1712274551813 16328.9 162
1712274561898 16376.8 163
1712274571982 16445.0 164
1712274582016 16467.4 165
1712274592110 16503.1 166
1712274602207 16545.4 167
1712274612294 16536.2 168
1712274622386 16058.3 169
1712274632474 16140.0 170
1712274642521 16198.0 171
1712274652624 16334.5 172
1712274662745 16211.5 173
1712274672839 16239.9 174
1712274682940 16268.2 175
1712274693025 16326.9 176
1712274703064 16327.5 177
1712274713157 16318.5 178
1712274723250 16328.0 179
1712274733353 16349.6 180
1712274743441 16354.3 181
1712274753539 16358.7 182
1712274763584 16364.8 183
1712274773681 16389.1 184
1712274783782 16396.6 185
1712274793868 16452.0 186
1712274803962 16454.7 187
1712274814066 16466.6 188
1712274824108 16504.3 189
1712274834199 16529.7 190
1712274844286 16530.9 191
1712274854419 16525.6 192
1712274864507 16472.1 193
1712274874587 16472.7 194
1712274884683 16478.4 195
1712274894818 16470.0 196
1712274904907 16531.6 197
1712274915031 16601.6 198
1712274925118 16613.8 199
1712274935203 16626.9 200
1712274945304 16665.2 201
1712274955409 16715.0 202
1712274965494 16666.7 203
1712274975592 16677.9 204
1712274985676 16384.5 205
1712274995763 16420.3 206
1712275005813 16460.3 207
1712275015923 16187.0 208
1712275026008 16364.0 209
1712275036113 16412.6 210
1712275046204 16440.9 211
1712275056296 16483.3 212
1712275066333 16489.2 213
1712275076419 16523.2 214
1712275086510 16526.8 215
1712275096608 16539.4 216
1712275106721 16556.7 217
1712275116827 16549.4 218
1712275126873 16547.2 219
1712275136994 16557.1 220
1712275147090 16538.7 221
1712275157196 16653.7 222
1712275167280 16501.2 223
1712275177404 16476.2 224
1712275187444 16596.3 225
1712275197535 15985.9 226
1712275207645 16046.3 227
1712275217741 16084.3 228
1712275227827 15892.6 229
1712275237857 15918.5 230
1712275247937 15955.8 231
1712275258039 15990.5 232
1712275268117 15995.1 233
1712275278205 15998.0 234
1712275288305 16005.3 235
1712275298339 16000.7 236
1712275308420 16027.8 237
1712275318508 16025.4 238
1712275328585 16041.3 239
1712275338676 16045.7 240
1712275348756 16198.4 241
1712275358795 16195.7 242
1712275368872 16220.1 243
1712275378959 16227.7 244
1712275389048 16258.4 245
1712275399126 16266.5 246
1712275409209 16256.4 247
1712275419258 16254.7 248
1712275429336 16271.9 249
1712275439415 16279.6 250
1712275449515 16273.4 251
1712275459617 16303.4 252
1712275469697 16273.8 253
1712275479739 16285.9 254
1712275489858 16278.4 255
1712275499968 16296.5 256
1712275510102 16324.0 257
1712275520209 16395.9 258
1712275530324 16458.9 259
1712275540368 16459.0 260
1712275550467 16453.4 261
1712275560556 16356.6 262
1712275570647 16371.7 263
1712275580745 16412.7 264
1712275590859 16401.9 265
1712275600899 16408.8 266
1712275611000 16426.8 267
1712275621081 16430.2 268
1712275631191 16432.7 269
1712275641296 16540.1 270
1712275651377 10545.7 271
1712275661421 12347.4 272
1712275671500 13005.5 273
1712275681597 13021.2 274
1712275691693 13294.7 275
1712275701775 13806.2 276
1712275711881 13802.7 277
1712275721917 13925.5 278
1712275732002 13918.9 279
1712275742088 13919.5 280
1712275752186 13927.5 281
1712275762282 13924.5 282
1712275772369 13920.3 283
1712275782409 13911.8 284
1712275792508 13922.1 285
1712275802596 13985.5 286
1712275812687 13991.4 287
1712275822786 13987.7 288
1712275832864 13991.0 289
1712275842907 13990.1 290
1712275853002 14040.9 291
1712275863088 14021.2 292
1712275873190 14030.7 293
1712275883301 14034.0 294
1712275893388 14028.0 295
1712275903426 14025.3 296
1712275913513 14037.2 297
1712275923592 14032.9 298
1712275933696 14045.9 299
1712275943784 14020.8 300
1712275953872 14122.7 301
1712275963941 14097.7 302
1712275974032 15638.5 303
1712275984125 16371.4 304
1712275994299 16532.3 305
1712276004430 16855.6 306
1712276014520 15133.5 307
1712276024553 15375.3 308
1712276034633 15805.2 309
1712276044713 16170.2 310
1712276054792 16352.9 311
1712276064877 16501.0 312
1712276074969 16590.2 313
1712276085015 16657.3 314
1712276095105 16620.6 315
1712276105212 16383.8 316
1712276115294 16398.6 317
1712276125386 16425.5 318
1712276135474 16094.7 319
1712276145507 16262.1 320
1712276155598 16360.8 321
1712276165686 16461.9 322
1712276175781 16543.0 323
1712276185873 16473.5 324
1712276195963 16465.0 325
1712276205999 16500.6 326
1712276216094 16520.7 327
1712276226179 16404.6 328
1712276236302 16459.4 329
1712276246381 16458.0 330
1712276256462 16453.0 331
1712276266503 16496.5 332
1712276276600 16327.5 333
1712276286681 15951.1 334
1712276296758 15971.7 335
1712276306857 15995.0 336
1712276316939 16190.7 337
1712276326982 16186.7 338
1712276337078 16202.3 339
1712276347161 16198.6 340
1712276357264 16242.0 341
1712276367390 16201.4 342
1712276377471 16204.5 343
1712276387559 16229.0 344
1712276397671 16228.6 345
1712276407767 15412.7 346
1712276417848 15531.4 347
1712276427931 15594.6 348
1712276437969 15646.9 349
1712276448072 15707.8 350
1712276458155 15779.7 351
1712276468247 15827.6 352
1712276478325 15865.4 353
1712276488443 15882.5 354
1712276498540 15944.7 355
1712276508815 15975.9 356
1712276518964 16003.9 357
1712276529111 16027.1 358
1712276539223 16011.0 359
1712276549339 16012.8 360
1712276559379 16070.7 361
1712276569469 16085.7 362
1712276579584 16099.3 363
1712276589665 16167.0 364
1712276599747 16179.8 365
1712276609832 16191.2 366
1712276619872 16182.8 367
1712276629972 16197.1 368
1712276640066 16195.0 369
1712276650171 16197.7 370
1712276660252 16224.4 371
1712276670344 16200.7 372
1712276680384 16194.8 373
1712276690501 16206.7 374
1712276700608 16212.0 375
1712276710716 16244.9 376
1712276720810 16232.6 377
1712276730910 16246.4 378
1712276740962 16237.9 379
1712276751055 15996.7 380
1712276761146 15361.5 381
1712276771243 15469.6 382
1712276781342 15563.1 383
1712276791457 15578.2 384
1712276801504 15620.8 385
1712276811604 15695.3 386
1712276821701 15755.4 387
1712276831784 15807.5 388
1712276841881 15876.5 389
1712276851977 15912.1 390
1712276862020 15935.9 391
1712276872114 16114.3 392
1712276882212 16164.6 393
1712276892306 16211.7 394
1712276902402 16261.3 395
1712276912507 16303.4 396
1712276922551 16305.5 397
1712276932645 16333.3 398
1712276942751 16335.5 399
1712276952846 16361.3 400
1712276962949 16333.7 401
1712276973056 16334.4 402
1712276983110 16330.2 403
1712276993221 16345.5 404
1712277003328 16369.1 405
1712277013433 16374.9 406
1712277023535 16381.6 407
1712277033655 16360.6 408
1712277043696 16379.2 409
1712277053788 16455.3 410
1712277063901 16296.0 411
1712277073991 16288.1 412
1712277084118 16311.0 413
1712277094210 16303.2 414
1712277104263 15977.8 415
1712277114368 16028.0 416
1712277124477 16093.8 417
1712277134571 16114.5 418
1712277144661 16174.5 419
1712277154778 16175.0 420
1712277164824 16215.7 421
1712277174908 10680.9 422
1712277185006 11841.0 423
1712277195094 13572.4 424
1712277205190 13332.6 425
1712277215274 13330.5 426
1712277225317 13334.7 427
1712277235432 13387.1 428
1712277245516 13389.8 429
1712277255604 13366.4 430
1712277265716 13412.4 431
1712277275822 13401.9 432
1712277285869 13412.0 433
1712277295964 13409.0 434
1712277306054 13503.0 435
1712277316149 13495.5 436
1712277326235 13533.8 437
1712277336323 13511.4 438
1712277346365 13513.9 439
1712277356466 13559.2 440
1712277366578 13546.6 441
1712277376667 13507.6 442
1712277386777 13504.1 443
1712277396898 13502.0 444
1712277406942 13484.9 445
1712277417032 13507.3 446
1712277427129 13506.3 447
1712277437228 13544.0 448
1712277447323 13527.3 449
1712277457433 13516.9 450
1712277467522 13528.5 451
1712277477609 13516.8 452
1712277487743 13515.6 453
1712277498090 15531.5 454
1712277508201 15953.3 455
1712277518473 16306.1 456
1712277528695 15946.3 457
1712277538851 13335.5 458
1712277548980 15409.3 459
1712277559126 16221.3 460
1712277569265 16376.7 461
1712277579319 16459.9 462
1712277589413 16460.8 463
1712277599504 16499.1 464
1712277609601 16434.3 465
1712277619724 16333.5 466
1712277629821 16563.1 467
1712277639870 16027.6 468
1712277649965 16155.8 469
1712277660073 16252.6 470
1712277670189 16348.5 471
1712277680291 16384.7 472
1712277690403 16394.8 473
1712277700483 16395.2 474
1712277710685 16409.7 475
1712277720777 16428.9 476
1712277730885 16453.6 477
1712277740974 16480.6 478
1712277751070 16442.7 479
1712277761109 16452.0 480
1712277771299 16448.7 481
1712277781399 15708.0 482
1712277791482 15628.2 483
1712277801582 15685.7 484
1712277811668 15709.1 485
1712277821725 15741.8 486
1712277831824 15794.8 487
1712277841934 15961.5 488
1712277852048 16017.5 489
1712277862139 16077.4 490
1712277872241 16131.9 491
1712277882284 16134.8 492
1712277892393 16166.4 493
1712277902508 16189.7 494
1712277912615 16218.3 495
1712277922717 16224.3 496
1712277932826 16233.2 497
1712277942867 16253.4 498
1712277952968 16301.3 499
1712277963057 15952.2 500
1712277973155 16122.9 501
1712277983249 16190.7 502
1712277993335 16201.7 503
1712278003378 16199.1 504
1712278013474 16209.9 505
1712278023570 16218.4 506
1712278033665 16218.5 507
1712278043760 16218.6 508
1712278053859 16238.7 509
1712278063912 16235.2 510
1712278074011 16255.1 511
1712278084119 16236.3 512
1712278094225 16242.0 513
1712278104324 16248.1 514
1712278114416 16260.6 515
1712278124464 16275.6 516
1712278134574 16275.8 517
1712278144674 16288.2 518
1712278154768 16271.0 519
1712278164869 16269.3 520
1712278174966 16283.6 521
1712278185014 16274.4 522
1712278195122 16309.4 523
1712278205247 16321.0 524
1712278215355 16313.0 525
1712278225450 16320.9 526
1712278235565 16304.4 527
1712278245602 16309.8 528
1712278255709 16351.8 529
1712278265805 16333.2 530
1712278275899 16338.6 531
1712278285999 16344.1 532
1712278296110 16355.5 533
1712278306162 16350.7 534
1712278316271 16352.7 535
1712278326369 16344.8 536
1712278336473 16369.2 537
1712278346574 16364.9 538
1712278356683 16356.1 539
1712278366722 16364.5 540
1712278376834 16376.9 541
1712278386935 16395.4 542
1712278397040 16404.7 543
1712278407148 16396.5 544
1712278417261 16444.6 545
1712278427314 16439.7 546
1712278437417 16428.1 547
1712278447510 16441.8 548
1712278457615 16490.9 549
1712278467711 16399.9 550
1712278477759 16374.4 551
1712278487878 16391.6 552
1712278497981 16316.5 553
1712278508091 16434.2 554
1712278518194 16490.9 555
1712278528295 16485.6 556
1712278538338 16534.6 557
1712278548441 16542.6 558
1712278558540 16516.6 559
1712278568644 16570.4 560
1712278578750 16581.2 561
1712278588844 16634.0 562
1712278598898 16578.1 563
1712278608996 16564.8 564
1712278619109 16508.3 565
1712278629220 16495.6 566
1712278639369 16468.8 567
1712278649634 16472.3 568
1712278659762 16483.4 569
1712278669912 16476.4 570
1712278680065 16488.8 571
1712278690181 16486.7 572
1712278700307 16499.7 573
1712278710407 10448.7 574
1712278720464 11587.6 575
1712278730562 13274.6 576
1712278740668 13011.1 577
1712278750758 13014.8 578
1712278760853 13024.4 579
1712278770954 13019.0 580
1712278780991 13101.2 581
1712278791087 13912.6 582
1712278801191 13897.5 583
1712278811282 14063.6 584
1712278821375 14054.2 585
1712278831476 14073.5 586
1712278841526 14045.6 587
1712278851636 14078.6 588
1712278861725 14054.1 589
1712278871833 13722.0 590
1712278881933 13707.3 591
1712278892137 13743.3 592
1712278902188 13738.0 593
1712278912290 13756.9 594
1712278922402 13732.9 595
1712278932487 13718.5 596
1712278942580 13709.4 597
1712278952675 13710.0 598
1712278962723 13706.9 599
1712278972808 13714.3 600
1712278982906 13716.6 601
1712278992996 13724.7 602
1712279003082 13719.6 603
1712279013178 13893.2 604
1712279023242 13869.8 605
