1712162622549 0.0 0
1712162632631 7.8 1
1712162642722 8.6 2
1712162652800 5.9 3
1712162662879 5.6 4
1712162672955 4.9 5
1712162683040 4.9 6
1712162693126 4.7 7
1712162703206 5.0 8
1712162713309 4.9 9
1712162723397 5.3 10
1712162733473 4.6 11
1712162743545 4.5 12
1712162753634 5.9 13
1712162763702 6.4 14
1712162773784 5.6 15
1712162783859 4.5 16
1712162793961 5.8 17
1712162804062 4.5 18
1712162814142 4.5 19
1712162824226 4.5 20
1712162834267 4.5 21
1712162844354 7.8 22
1712162854424 4.9 23
1712162864508 4.8 24
1712162874586 5.0 25
1712162884672 4.8 26
