1712162622549 150995.1 0
1712162632631 150995.1 1
1712162642722 150995.1 2
1712162652800 150995.1 3
1712162662879 150995.1 4
1712162672955 150995.1 5
1712162683040 150995.1 6
1712162693126 150995.1 7
1712162703206 150995.1 8
1712162713309 150995.1 9
1712162723397 150995.1 10
1712162733473 150995.1 11
1712162743545 150995.1 12
1712162753634 150995.1 13
1712162763702 150995.1 14
1712162773784 150995.1 15
1712162783859 150995.1 16
1712162793961 150995.1 17
1712162804062 150995.1 18
1712162814142 150995.1 19
1712162824226 150995.1 20
1712162834267 150995.1 21
1712162844354 150995.1 22
1712162854424 150995.1 23
1712162864508 150995.1 24
1712162874586 150995.1 25
1712162884672 150995.1 26
