1712162622549 125152.7 0
1712162632631 125152.7 1
1712162642722 125152.7 2
1712162652800 125152.7 3
1712162662879 125152.7 4
1712162672955 125152.7 5
1712162683040 125152.7 6
1712162693126 125152.7 7
1712162703206 125152.7 8
1712162713309 125152.7 9
1712162723397 125152.7 10
1712162733473 125152.7 11
1712162743545 125152.7 12
1712162753634 125152.7 13
1712162763702 125152.7 14
1712162773784 125152.7 15
1712162783859 125152.7 16
1712162793961 125152.7 17
1712162804062 125152.7 18
1712162814142 125152.7 19
1712162824226 125152.7 20
1712162834267 125152.7 21
1712162844354 125152.7 22
1712162854424 125152.7 23
1712162864508 125152.7 24
1712162874586 125152.7 25
1712162884672 125152.7 26
