1712162622549 54.7 0
1712162632631 54.7 1
1712162642722 54.7 2
1712162652800 54.7 3
1712162662879 54.7 4
1712162672955 54.7 5
1712162683040 54.7 6
1712162693126 54.7 7
1712162703206 54.7 8
1712162713309 54.7 9
1712162723397 54.7 10
1712162733473 54.7 11
1712162743545 54.7 12
1712162753634 54.7 13
1712162763702 54.7 14
1712162773784 54.7 15
1712162783859 54.7 16
1712162793961 54.7 17
1712162804062 54.7 18
1712162814142 54.7 19
1712162824226 54.7 20
1712162834267 54.7 21
1712162844354 54.7 22
1712162854424 54.7 23
1712162864508 54.7 24
1712162874586 54.7 25
1712162884672 54.7 26
