1712162622549 2.9 0
1712162632631 2.9 1
1712162642722 29.3 2
1712162652800 29.3 3
1712162662879 29.3 4
1712162672955 29.3 5
1712162683040 29.3 6
1712162693126 29.3 7
1712162703206 29.3 8
1712162713309 29.3 9
1712162723397 29.3 10
1712162733473 29.3 11
1712162743545 29.3 12
1712162753634 29.3 13
1712162763702 29.3 14
1712162773784 29.3 15
1712162783859 29.3 16
1712162793961 29.3 17
1712162804062 29.3 18
1712162814142 29.3 19
1712162824226 29.3 20
1712162834267 29.3 21
1712162844354 29.3 22
1712162854424 29.3 23
1712162864508 29.3 24
1712162874586 29.3 25
1712162884672 29.3 26
