1712162622549 0.0 0
1712162632631 0.0 1
1712162642722 92.0 2
1712162652800 93.0 3
1712162662879 94.0 4
1712162672955 93.0 5
1712162683040 90.0 6
1712162693126 93.0 7
1712162703206 94.0 8
1712162713309 92.0 9
1712162723397 84.0 10
1712162733473 90.0 11
1712162743545 92.0 12
1712162753634 82.0 13
1712162763702 90.0 14
1712162773784 92.0 15
1712162783859 94.0 16
1712162793961 90.0 17
1712162804062 91.0 18
1712162814142 94.0 19
1712162824226 93.0 20
1712162834267 92.0 21
1712162844354 91.0 22
1712162854424 92.0 23
1712162864508 91.0 24
1712162874586 92.0 25
1712162884672 92.0 26
