1712162622549 124.8 0
1712162632631 124.8 1
1712162642722 1257.8 2
1712162652800 1257.8 3
1712162662879 1257.8 4
1712162672955 1257.8 5
1712162683040 1257.8 6
1712162693126 1257.8 7
1712162703206 1257.8 8
1712162713309 1257.8 9
1712162723397 1257.8 10
1712162733473 1257.8 11
1712162743545 1257.8 12
1712162753634 1257.8 13
1712162763702 1257.8 14
1712162773784 1257.8 15
1712162783859 1257.8 16
1712162793961 1257.8 17
1712162804062 1257.8 18
1712162814142 1257.8 19
1712162824226 1257.8 20
1712162834267 1257.8 21
1712162844354 1257.8 22
1712162854424 1257.8 23
1712162864508 1257.8 24
1712162874586 1257.8 25
1712162884672 1257.8 26
