1712162622549 0.0003420000000460277 0
1712162632631 0.07403700000008939 1
1712162642722 0.1465729999999894 2
1712162652800 0.25250400000004447 3
1712162662879 0.48028499999986707 4
1712162672955 0.6482479999999669 5
1712162683040 0.8356989999999769 6
1712162693126 0.9679879999998775 7
1712162703206 1.0728260000000773 8
1712162713309 1.182164000000057 9
1712162723397 1.3084269999999378 10
1712162733473 1.4799860000000535 11
1712162743545 1.6335770000000593 12
1712162753634 1.8209649999998874 13
1712162763702 1.9692199999999502 14
1712162773784 2.0668470000000525 15
1712162783859 2.200129000000061 16
1712162793961 2.329373999999916 17
1712162804062 2.471716000000015 18
1712162814142 2.647756999999956 19
1712162824226 2.77752200000009 20
1712162834267 2.8790449999999055 21
1712162844354 3.0071989999999005 22
1712162854424 3.1411709999999857 23
1712162864508 3.2260089999999764 24
1712162874586 3.3334219999999277 25
1712162884672 3.473060999999916 26
