1712162622549 0.00034199999981865403 0
1712162632631 0.09048600000005536 1
1712162642722 0.17423299999973096 2
1712162652800 0.3190439999998489 3
1712162662879 1.9415989999997691 4
1712162672955 2.988108000000011 5
1712162683040 3.9284950000001118 6
1712162693126 4.8841849999998885 7
1712162703206 5.877357999999731 8
1712162713309 6.484452000000147 9
1712162723397 7.685805000000073 10
1712162733473 8.686318000000028 11
1712162743545 9.361442999999781 12
1712162753634 10.63793799999985 13
1712162763702 11.696787999999742 14
1712162773784 12.03831799999989 15
1712162783859 12.514357000000018 16
1712162793961 12.899766999999883 17
1712162804062 13.100794999999835 18
1712162814142 13.753048000000035 19
1712162824226 14.101388000000043 20
1712162834267 14.301926000000094 21
1712162844354 14.486669999999776 22
1712162854424 14.659306999999899 23
1712162864508 14.766045999999733 24
1712162874586 14.91188800000009 25
1712162884672 15.087390000000141 26
