1712162622549 10843.1 0
1712162632631 13314.5 1
1712162642722 13797.9 2
1712162652800 13853.3 3
1712162662879 13960.1 4
1712162672955 13979.4 5
1712162683040 14019.7 6
1712162693126 14009.6 7
1712162703206 14054.7 8
1712162713309 14227.0 9
1712162723397 14238.8 10
1712162733473 14221.8 11
1712162743545 14240.6 12
1712162753634 14306.1 13
1712162763702 14330.2 14
1712162773784 14417.6 15
1712162783859 14431.4 16
1712162793961 14427.7 17
1712162804062 14459.2 18
1712162814142 14483.5 19
1712162824226 14529.5 20
1712162834267 14525.1 21
1712162844354 14881.1 22
1712162854424 14901.8 23
1712162864508 14900.8 24
1712162874586 14929.2 25
1712162884672 14953.5 26
