1712162622549 64.3 0
1712162632631 78.9 1
1712162642722 81.8 2
1712162652800 82.1 3
1712162662879 82.8 4
1712162672955 82.9 5
1712162683040 83.1 6
1712162693126 83.1 7
1712162703206 83.3 8
1712162713309 84.3 9
1712162723397 84.4 10
1712162733473 84.3 11
1712162743545 84.4 12
1712162753634 84.8 13
1712162763702 85.0 14
1712162773784 85.5 15
1712162783859 85.6 16
1712162793961 85.5 17
1712162804062 85.7 18
1712162814142 85.9 19
1712162824226 86.1 20
1712162834267 86.1 21
1712162844354 88.2 22
1712162854424 88.3 23
1712162864508 88.3 24
1712162874586 88.5 25
1712162884672 88.7 26
