1712244521413 0.0 0
1712244531491 6.4 1
1712244541558 5.0 2
1712244551641 6.1 3
1712244561751 6.9 4
1712244571791 7.0 5
1712244581874 9.2 6
1712244591906 8.9 7
1712244601974 10.5 8
1712244612044 7.1 9
1712244622112 6.8 10
1712244632177 7.2 11
1712244642250 7.0 12
1712244652314 9.2 13
1712244662413 7.6 14
1712244672483 7.4 15
1712244682561 7.2 16
1712244692637 7.5 17
1712244702713 8.2 18
1712244712829 8.2 19
1712244722895 7.6 20
1712244733007 8.7 21
1712244743092 7.2 22
1712244753175 7.1 23
1712244763254 7.2 24
1712244773340 6.9 25
1712244783411 8.2 26
1712244793488 7.0 27
1712244803552 7.0 28
1712244813643 7.1 29
1712244823719 7.2 30
1712244833801 7.1 31
1712244843870 7.6 32
1712244853957 7.4 33
1712244864030 7.9 34
1712244874111 7.6 35
1712244884181 7.2 36
1712244894254 8.3 37
1712244904328 7.8 38
1712244914367 7.7 39
1712244924454 10.3 40
1712244934504 7.6 41
1712244944587 8.3 42
1712244954680 9.5 43
1712244964706 7.4 44
1712244974736 7.4 45
1712244984840 7.6 46
1712244994887 7.8 47
1712245004927 8.9 48
1712245015009 9.1 49
1712245025043 8.4 50
1712245035082 8.1 51
1712245045166 8.1 52
1712245055201 7.3 53
1712245065232 7.2 54
1712245075320 7.6 55
1712245085389 6.9 56
1712245095469 7.5 57
1712245105542 7.2 58
1712245115620 7.0 59
1712245125659 7.2 60
1712245135736 7.3 61
1712245145834 6.9 62
1712245155920 7.5 63
1712245166021 7.2 64
1712245176090 7.2 65
1712245186123 7.4 66
1712245196190 7.1 67
1712245206265 8.2 68
1712245216353 7.1 69
1712245226430 7.0 70
1712245236511 8.4 71
1712245246550 7.8 72
1712245256635 9.3 73
1712245266708 7.1 74
1712245276803 7.4 75
1712245286882 7.0 76
1712245296962 7.0 77
1712245307010 7.2 78
1712245317086 7.8 79
1712245327166 7.0 80
1712245337247 7.2 81
1712245347343 6.9 82
1712245357442 7.1 83
1712245367485 7.1 84
1712245377559 7.1 85
1712245387658 7.0 86
1712245397766 7.2 87
1712245407868 7.0 88
1712245417898 7.0 89
1712245427968 7.0 90
1712245438059 7.0 91
1712245448129 7.0 92
1712245458220 7.1 93
1712245468303 7.1 94
1712245478350 7.0 95
1712245488432 7.0 96
1712245498511 7.0 97
1712245508592 7.0 98
1712245518661 7.2 99
1712245528748 7.0 100
1712245538783 7.0 101
1712245548858 7.2 102
1712245558940 8.4 103
1712245569025 7.0 104
1712245579114 7.2 105
1712245589201 6.9 106
1712245599231 7.0 107
1712245609303 7.2 108
1712245619371 6.9 109
1712245629460 7.1 110
1712245639543 7.1 111
1712245649613 7.0 112
1712245659638 7.0 113
1712245669707 7.0 114
1712245679787 7.0 115
1712245689880 6.9 116
1712245699968 7.2 117
1712245710050 7.1 118
1712245720080 7.0 119
1712245730153 7.3 120
1712245740241 7.8 121
1712245750329 6.5 122
1712245760419 4.8 123
1712245770492 4.0 124
1712245780526 7.4 125
1712245790559 7.7 126
1712245800594 9.1 127
1712245810679 8.4 128
1712245820719 8.4 129
1712245830753 8.6 130
1712245840785 8.2 131
1712245850813 9.1 132
1712245860893 9.0 133
1712245870979 8.6 134
1712245881058 8.4 135
1712245891137 8.1 136
1712245901167 8.0 137
1712245911249 8.0 138
1712245921346 8.0 139
1712245931470 7.4 140
1712245941596 5.4 141
1712245951675 5.7 142
1712245961716 5.4 143
1712245971811 8.3 144
1712245981903 7.3 145
1712245992004 8.2 146
1712246002094 7.1 147
1712246012181 6.6 148
1712246022223 6.8 149
1712246032302 6.9 150
1712246042382 6.8 151
1712246052463 6.9 152
1712246062546 8.1 153
1712246072632 6.8 154
1712246082669 9.7 155
1712246092753 7.0 156
1712246102830 6.7 157
1712246112907 6.9 158
1712246122991 6.8 159
1712246133081 6.9 160
1712246143117 9.8 161
1712246153196 9.1 162
1712246163306 7.6 163
1712246173383 6.9 164
1712246183463 7.0 165
1712246193551 6.9 166
1712246203586 7.4 167
1712246213668 7.1 168
1712246223756 6.8 169
1712246233827 6.9 170
1712246243911 6.9 171
1712246253998 6.9 172
1712246264030 6.9 173
1712246274108 6.9 174
1712246284189 6.8 175
1712246294284 7.1 176
1712246304376 6.9 177
1712246314447 6.8 178
1712246324488 6.9 179
1712246334576 7.0 180
1712246344661 6.9 181
1712246354741 7.0 182
1712246364818 7.5 183
1712246374897 8.0 184
1712246384934 7.2 185
1712246395004 7.4 186
1712246405082 7.1 187
1712246415157 7.2 188
1712246425249 7.1 189
1712246435339 7.4 190
1712246445372 7.1 191
1712246455468 9.1 192
1712246465557 7.1 193
1712246475637 7.2 194
1712246485710 7.1 195
1712246495800 7.0 196
1712246505838 7.0 197
1712246515938 7.3 198
1712246526028 7.0 199
1712246536116 7.2 200
1712246546219 7.0 201
1712246556308 7.0 202
1712246566355 7.1 203
1712246576438 7.3 204
1712246586522 7.1 205
1712246596618 7.1 206
1712246606706 7.0 207
1712246616802 7.3 208
1712246626840 6.9 209
1712246636913 7.3 210
1712246647001 7.1 211
1712246657104 7.3 212
1712246667196 6.9 213
1712246677279 7.2 214
1712246687312 7.1 215
1712246697397 7.1 216
1712246707487 7.4 217
1712246717585 7.5 218
1712246727629 6.9 219
1712246737896 14.5 220
1712246748000 8.0 221
1712246758080 8.7 222
1712246768181 6.9 223
1712246778281 7.3 224
1712246788367 6.9 225
1712246798455 7.1 226
1712246808553 7.3 227
1712246818656 7.3 228
1712246828784 7.3 229
1712246838872 7.3 230
1712246848951 6.9 231
1712246859054 6.8 232
1712246869157 7.0 233
1712246879243 7.0 234
1712246889338 7.1 235
1712246899427 7.4 236
1712246909504 7.2 237
1712246919587 7.4 238
1712246929693 7.1 239
1712246939805 7.6 240
1712246949898 7.1 241
1712246960023 7.2 242
1712246970125 7.2 243
1712246980220 7.0 244
1712246990321 7.8 245
1712247000422 7.1 246
1712247010507 7.0 247
1712247020614 7.3 248
1712247030703 7.1 249
1712247040810 7.0 250
1712247050897 11.2 251
1712247060988 10.1 252
1712247071084 7.1 253
1712247081173 7.2 254
1712247091276 7.1 255
1712247101391 7.1 256
1712247111497 7.0 257
1712247121575 6.9 258
1712247131664 7.1 259
1712247142010 7.2 260
1712247152127 7.8 261
1712247162208 4.3 262
1712247172307 3.8 263
1712247182387 6.6 264
1712247192468 7.2 265
1712247202555 7.9 266
1712247212646 7.9 267
1712247222723 7.9 268
1712247232836 7.8 269
1712247242920 7.9 270
1712247252997 7.9 271
1712247263087 7.9 272
1712247273169 7.8 273
1712247283250 7.8 274
1712247293356 8.4 275
1712247303435 7.9 276
1712247313532 7.9 277
1712247325052 7.9 278
1712247335154 7.5 279
1712247345275 5.7 280
1712247355395 9.0 281
1712247365497 6.9 282
1712247375590 7.3 283
1712247385682 7.3 284
1712247395780 7.1 285
1712247405875 6.9 286
1712247415995 7.0 287
1712247426097 7.0 288
1712247436199 7.2 289
1712247446292 7.0 290
1712247456392 7.0 291
1712247466489 7.0 292
1712247476575 6.9 293
1712247486684 7.0 294
1712247496783 6.9 295
1712247506886 7.0 296
1712247516971 6.9 297
1712247527058 6.9 298
1712247537142 7.0 299
1712247547227 6.9 300
1712247557324 6.8 301
1712247567416 7.0 302
1712247577517 6.9 303
1712247587602 6.9 304
1712247597696 6.7 305
1712247607796 6.9 306
1712247617904 7.1 307
1712247628001 7.0 308
1712247638084 6.9 309
1712247648205 6.9 310
1712247658302 7.5 311
1712247668409 6.9 312
1712247678512 7.1 313
1712247688593 6.9 314
1712247698677 7.0 315
1712247708770 6.9 316
1712247718847 6.8 317
1712247728928 6.9 318
1712247739038 7.0 319
1712247749128 7.0 320
1712247759229 7.1 321
1712247769329 6.9 322
1712247779423 7.1 323
1712247789514 6.9 324
1712247799599 7.0 325
1712247809722 7.1 326
1712247819819 7.1 327
1712247829924 6.9 328
1712247840040 7.0 329
1712247850141 7.0 330
1712247860227 7.7 331
1712247870326 7.2 332
1712247880414 7.0 333
1712247890505 7.0 334
1712247900607 6.9 335
1712247910695 7.1 336
1712247920797 7.0 337
1712247930884 6.8 338
1712247940973 7.3 339
1712247951061 7.8 340
1712247961155 9.7 341
1712247971249 8.1 342
1712247981336 7.3 343
1712247991426 7.0 344
1712248001506 7.0 345
1712248011604 7.0 346
1712248021699 7.0 347
1712248031785 7.0 348
1712248041872 7.1 349
1712248051975 6.9 350
1712248062055 6.9 351
1712248072151 7.7 352
1712248082246 7.8 353
1712248092331 7.3 354
1712248102434 7.1 355
1712248112529 6.9 356
1712248122628 7.1 357
1712248132730 6.9 358
1712248142815 8.0 359
1712248152894 7.4 360
1712248162999 7.6 361
1712248173095 7.5 362
1712248183205 6.9 363
1712248193303 6.9 364
1712248203390 6.9 365
1712248213486 7.1 366
1712248223573 7.1 367
1712248233661 7.0 368
1712248243761 7.0 369
1712248253852 8.3 370
1712248263930 7.2 371
1712248274020 7.2 372
1712248284101 7.3 373
1712248294189 6.9 374
1712248304279 6.9 375
1712248314364 7.0 376
1712248324471 7.0 377
1712248334593 7.1 378
1712248344695 7.2 379
1712248354797 7.0 380
1712248364900 7.0 381
1712248374998 7.0 382
1712248385083 7.6 383
1712248395172 7.2 384
1712248405280 7.1 385
1712248415370 7.0 386
1712248425460 7.2 387
1712248435553 7.6 388
1712248445638 7.5 389
1712248455746 7.4 390
1712248465838 7.3 391
1712248475921 7.0 392
1712248486007 7.0 393
1712248496104 7.3 394
1712248506183 7.1 395
1712248516274 7.0 396
1712248526365 7.1 397
1712248536465 7.0 398
1712248546573 7.6 399
1712248556676 5.6 400
1712248566760 5.6 401
1712248576864 4.9 402
1712248586955 7.3 403
1712248597041 7.6 404
1712248607138 8.0 405
1712248617230 8.0 406
1712248627312 7.6 407
1712248637404 8.2 408
1712248647511 8.0 409
1712248657596 7.8 410
1712248667706 8.0 411
1712248677791 7.9 412
1712248687876 7.8 413
1712248697963 7.9 414
1712248708040 7.8 415
1712248718120 7.5 416
1712248728234 7.9 417
1712248738579 7.6 418
1712248748692 7.6 419
1712248758812 5.1 420
1712248768899 7.1 421
1712248778990 7.2 422
1712248789077 7.1 423
1712248799160 7.5 424
1712248809262 7.1 425
1712248819354 7.0 426
1712248829447 6.9 427
1712248839541 6.8 428
1712248849629 7.0 429
1712248859751 7.5 430
1712248869865 11.2 431
1712248879968 11.7 432
1712248890085 12.0 433
1712248900202 11.6 434
1712248910318 11.7 435
1712248920426 11.5 436
1712248930541 11.8 437
1712248940651 11.8 438
1712248950766 11.5 439
1712248960891 11.9 440
1712248971008 11.8 441
1712248981128 11.7 442
1712248991233 11.8 443
1712249001366 11.6 444
1712249011473 12.6 445
1712249021592 12.0 446
1712249031699 12.0 447
1712249041821 12.1 448
1712249051948 12.0 449
1712249062066 11.8 450
1712249072174 12.2 451
1712249082287 12.1 452
1712249092398 12.0 453
1712249102511 11.8 454
1712249112631 12.1 455
1712249122745 11.8 456
1712249132851 12.1 457
1712249142957 11.9 458
1712249153066 12.7 459
1712249163173 12.0 460
1712249173278 11.9 461
1712249183392 12.0 462
1712249193507 12.3 463
1712249203622 12.0 464
1712249213724 12.1 465
1712249223846 11.9 466
1712249233962 12.0 467
1712249244079 12.0 468
1712249254196 12.1 469
1712249264314 12.2 470
1712249274442 12.2 471
1712249284548 12.5 472
1712249294662 12.2 473
1712249304750 12.2 474
1712249314848 8.2 475
1712249324950 7.1 476
1712249335046 7.0 477
1712249345153 7.0 478
1712249355244 7.1 479
1712249365324 7.1 480
1712249375424 7.3 481
1712249385515 7.0 482
1712249395603 7.0 483
1712249405694 7.1 484
1712249415793 7.2 485
1712249425886 7.2 486
1712249435970 7.0 487
1712249446061 7.1 488
1712249456158 7.9 489
1712249466264 7.0 490
1712249476361 7.1 491
1712249486581 7.1 492
1712249496682 6.7 493
1712249506781 7.3 494
1712249516873 7.0 495
1712249526967 7.0 496
1712249537063 7.1 497
1712249547159 7.0 498
1712249557263 7.1 499
1712249567361 7.0 500
1712249577459 7.0 501
1712249587562 6.9 502
1712249597649 7.0 503
1712249607731 7.2 504
1712249617830 7.1 505
1712249627932 6.9 506
1712249638026 7.0 507
1712249648128 7.1 508
1712249658236 7.6 509
1712249668332 7.2 510
1712249678427 7.4 511
1712249688519 9.9 512
1712249698605 7.4 513
1712249708727 7.1 514
1712249718831 7.2 515
1712249728944 7.1 516
1712249739040 7.1 517
1712249749126 7.2 518
1712249759219 7.6 519
1712249769306 6.9 520
1712249779391 6.9 521
1712249789478 7.1 522
1712249799568 7.0 523
1712249809662 7.1 524
1712249819760 7.2 525
1712249829876 7.1 526
1712249839990 7.1 527
1712249850090 7.1 528
1712249860201 7.1 529
1712249870296 7.2 530
1712249880383 7.1 531
1712249890485 7.1 532
1712249900576 7.0 533
1712249910665 7.1 534
1712249920754 7.0 535
1712249930849 7.4 536
1712249940962 7.1 537
1712249951070 7.1 538
1712249961168 7.6 539
1712249971266 3.2 540
1712249981350 4.8 541
1712249991434 7.0 542
1712250001522 7.5 543
1712250011618 8.3 544
1712250021708 8.2 545
1712250031796 8.3 546
1712250041901 8.2 547
1712250051995 8.6 548
1712250062081 8.0 549
1712250072165 8.0 550
1712250082283 8.0 551
1712250092367 8.1 552
1712250102456 8.0 553
1712250112543 8.1 554
1712250122650 8.1 555
1712250132769 8.0 556
1712250142930 8.4 557
1712250153076 5.7 558
1712250163209 7.1 559
1712250173318 7.5 560
1712250183421 6.5 561
1712250193513 6.8 562
1712250203632 6.7 563
1712250213758 10.0 564
1712250223895 11.6 565
1712250234013 11.5 566
1712250244135 11.8 567
1712250254259 11.8 568
1712250264362 11.6 569
1712250274492 11.8 570
1712250284587 11.5 571
1712250294684 10.0 572
1712250305266 6.9 573
1712250315353 6.9 574
1712250325444 7.3 575
1712250335541 7.0 576
1712250345650 6.9 577
1712250355747 7.6 578
1712250365863 7.3 579
1712250375954 7.3 580
1712250386038 6.8 581
1712250396121 6.8 582
1712250406209 6.8 583
1712250416308 6.9 584
1712250426406 7.3 585
1712250436516 7.1 586
1712250446601 6.8 587
1712250456702 7.1 588
1712250466802 7.0 589
1712250476928 6.9 590
1712250487041 7.1 591
1712250497139 7.0 592
1712250507244 7.0 593
1712250517339 7.1 594
1712250527448 7.1 595
1712250537549 7.3 596
1712250547644 6.9 597
1712250557744 7.0 598
1712250567836 7.0 599
1712250577929 7.1 600
1712250588020 7.0 601
1712250598119 7.0 602
1712250608202 6.9 603
1712250618290 7.1 604
1712250628383 7.0 605
1712250638483 7.1 606
1712250648582 7.0 607
1712250658697 7.8 608
1712250668783 7.3 609
1712250678880 7.0 610
1712250688979 7.0 611
1712250699074 7.1 612
1712250709198 7.1 613
1712250719324 6.9 614
1712250729407 7.0 615
1712250739502 7.0 616
1712250749610 7.2 617
1712250759710 7.1 618
1712250769804 7.1 619
1712250779896 7.0 620
1712250789995 7.3 621
1712250800084 7.1 622
1712250810188 7.0 623
1712250820289 6.9 624
1712250830374 7.0 625
1712250840478 7.0 626
1712250850605 7.1 627
1712250860723 7.1 628
1712250870822 7.2 629
1712250880915 7.1 630
1712250891015 7.1 631
1712250901112 7.1 632
1712250911216 7.1 633
1712250921308 7.1 634
1712250931405 7.1 635
1712250941516 7.0 636
1712250951614 7.5 637
1712250961710 7.1 638
1712250971819 7.0 639
1712250981911 7.0 640
1712250992014 7.1 641
1712251002121 7.1 642
1712251012212 7.1 643
1712251022318 7.1 644
1712251032443 7.0 645
1712251042539 7.2 646
1712251052641 7.1 647
1712251062754 7.0 648
1712251072872 7.0 649
1712251082966 6.9 650
1712251093064 7.0 651
1712251103181 6.9 652
1712251113280 7.1 653
1712251123376 7.0 654
1712251133504 7.0 655
1712251143598 7.0 656
1712251153688 7.0 657
1712251163790 7.0 658
1712251173888 7.1 659
1712251184004 7.0 660
1712251194098 8.0 661
1712251204185 7.4 662
1712251214294 7.0 663
1712251224401 7.1 664
1712251234491 7.2 665
1712251244591 7.0 666
1712251254710 7.5 667
1712251264811 7.0 668
1712251274904 6.9 669
1712251285024 7.0 670
1712251295120 7.1 671
1712251305216 7.2 672
1712251315320 7.1 673
1712251325420 7.0 674
1712251335544 7.1 675
1712251345639 7.2 676
1712251355769 7.7 677
1712251365877 5.0 678
1712251375982 4.2 679
1712251386092 6.3 680
1712251396188 7.5 681
1712251406303 7.7 682
1712251416405 8.1 683
1712251426503 8.0 684
1712251436590 8.1 685
1712251446700 8.0 686
1712251456798 8.2 687
1712251466912 8.0 688
1712251477006 8.1 689
1712251487103 8.0 690
1712251497212 8.1 691
1712251507315 8.1 692
1712251517417 8.1 693
1712251527508 8.0 694
1712251538168 8.1 695
1712251548296 8.0 696
1712251558396 7.0 697
1712251568523 4.9 698
1712251578631 7.8 699
1712251588731 7.3 700
1712251598828 7.2 701
1712251608933 6.9 702
1712251619037 6.9 703
1712251629146 6.9 704
1712251639245 7.0 705
1712251649348 6.9 706
1712251659466 6.9 707
1712251669565 6.9 708
1712251679680 6.9 709
1712251689784 7.0 710
1712251699888 6.9 711
1712251709994 7.0 712
1712251720109 7.0 713
1712251730207 7.0 714
1712251740302 7.0 715
1712251750412 7.0 716
1712251760533 6.9 717
1712251770655 6.8 718
1712251780766 7.0 719
1712251790866 6.9 720
1712251800953 7.8 721
1712251811062 7.0 722
1712251821669 6.9 723
1712251831808 6.8 724
1712251841903 7.2 725
1712251852008 7.8 726
1712251862124 7.0 727
1712251872252 7.1 728
1712251882363 7.1 729
1712251892463 7.0 730
1712251902559 7.0 731
1712251912671 6.9 732
1712251922769 7.1 733
1712251932875 7.0 734
1712251942982 6.9 735
1712251953086 6.9 736
1712251963183 7.0 737
1712251973295 6.9 738
1712251983398 6.9 739
1712251993504 6.8 740
1712252003598 6.9 741
1712252013701 6.8 742
1712252023793 7.0 743
1712252033883 6.9 744
1712252043994 6.9 745
1712252054098 7.0 746
1712252064191 7.0 747
1712252074288 6.9 748
1712252084400 7.1 749
1712252094494 7.0 750
1712252104606 9.2 751
1712252114706 7.1 752
1712252124804 7.0 753
1712252134918 7.1 754
1712252145024 7.0 755
1712252155126 7.6 756
1712252165226 7.0 757
1712252175327 7.1 758
1712252185422 7.0 759
1712252195513 7.1 760
1712252205647 7.1 761
1712252215758 7.2 762
1712252225882 7.1 763
1712252235983 7.1 764
1712252246085 7.0 765
1712252256199 7.2 766
1712252266302 7.1 767
1712252276408 7.1 768
1712252286529 7.0 769
1712252296637 7.0 770
1712252306741 7.0 771
1712252316863 7.1 772
1712252326957 7.1 773
1712252337047 7.2 774
1712252347135 7.0 775
1712252357243 7.3 776
1712252367355 7.0 777
1712252377449 7.0 778
1712252387546 7.0 779
1712252397654 6.9 780
1712252407759 6.9 781
1712252417866 7.0 782
1712252427966 7.1 783
1712252438064 7.1 784
1712252448172 7.4 785
1712252458273 8.8 786
1712252468381 7.1 787
1712252478492 7.0 788
1712252488593 6.9 789
1712252498695 7.1 790
1712252508797 7.0 791
1712252518911 7.0 792
1712252529040 7.0 793
1712252539141 7.1 794
1712252549246 7.2 795
1712252559339 7.3 796
1712252569458 7.1 797
1712252579554 7.0 798
1712252589646 7.4 799
1712252599749 7.1 800
1712252609842 7.3 801
1712252619951 7.2 802
1712252630053 7.1 803
1712252640170 7.1 804
1712252650278 7.3 805
1712252660402 7.1 806
1712252670519 7.1 807
1712252680618 7.1 808
1712252690732 7.1 809
1712252700832 7.0 810
1712252710935 7.1 811
1712252721063 7.1 812
1712252731169 6.9 813
1712252741261 7.1 814
1712252751360 7.6 815
1712252761485 7.6 816
1712252771612 2.9 817
1712252781711 4.9 818
1712252791815 6.6 819
1712252801936 7.6 820
1712252812055 8.0 821
1712252822171 8.3 822
1712252832272 8.0 823
1712252842377 8.1 824
1712252852489 8.0 825
1712252862608 8.0 826
1712252872717 8.3 827
1712252882847 8.2 828
1712252892944 8.1 829
1712252903056 8.0 830
1712252913161 8.1 831
1712252923256 8.1 832
1712252933378 8.1 833
1712252943492 8.5 834
1712252953885 3.8 835
1712252964022 7.3 836
1712252974157 4.7 837
1712252984271 8.5 838
1712252994375 7.6 839
1712253004473 9.0 840
1712253014571 6.9 841
1712253024669 6.8 842
1712253034763 6.9 843
1712253044871 7.0 844
1712253054978 8.1 845
1712253065077 6.9 846
1712253075174 7.1 847
1712253085272 6.9 848
1712253095378 7.0 849
1712253105487 6.9 850
1712253115587 7.0 851
1712253125686 6.8 852
1712253135786 6.9 853
1712253145878 6.8 854
1712253155985 7.0 855
1712253166100 7.1 856
1712253176223 7.3 857
1712253186345 6.9 858
1712253196476 7.0 859
1712253206589 8.7 860
1712253216696 12.7 861
1712253226817 12.7 862
1712253236921 12.6 863
1712253247034 13.7 864
1712253257146 13.6 865
1712253267280 14.1 866
1712253277411 12.9 867
1712253287524 16.3 868
1712253297640 11.8 869
1712253307764 10.2 870
1712253317877 7.1 871
1712253327994 7.0 872
1712253338113 6.9 873
1712253348216 7.2 874
1712253358312 7.4 875
1712253368409 7.0 876
1712253378511 7.3 877
1712253388628 7.0 878
1712253399486 7.0 879
1712253409594 6.9 880
1712253419698 7.7 881
1712253429809 7.2 882
1712253439913 7.0 883
1712253450015 6.9 884
1712253460122 7.1 885
1712253470215 7.0 886
1712253480309 7.0 887
1712253490403 7.0 888
1712253500507 6.9 889
1712253510609 7.0 890
1712253520719 7.0 891
1712253530837 7.0 892
1712253540942 6.9 893
1712253551040 7.7 894
1712253561143 7.8 895
1712253571240 6.9 896
1712253581346 7.0 897
1712253591453 7.0 898
1712253601572 7.1 899
1712253611677 7.1 900
1712253621788 7.1 901
1712253631901 7.0 902
1712253642002 7.1 903
1712253652112 7.9 904
1712253662210 7.2 905
1712253672346 7.0 906
1712253682559 7.2 907
1712253692662 7.0 908
1712253702773 7.1 909
1712253712875 6.9 910
1712253722974 6.9 911
1712253733084 7.0 912
1712253743190 7.0 913
1712253753306 7.0 914
1712253763415 7.1 915
1712253773532 7.0 916
1712253783655 7.0 917
1712253793750 7.0 918
1712253803851 7.1 919
1712253813951 6.9 920
1712253824052 7.0 921
1712253834164 7.1 922
1712253844279 6.9 923
1712253854382 6.9 924
1712253864476 7.0 925
1712253874570 7.0 926
1712253884675 7.1 927
1712253894794 7.0 928
1712253904906 7.2 929
1712253915026 12.0 930
1712253925131 10.8 931
1712253935240 7.0 932
1712253945368 7.3 933
1712253955486 7.6 934
1712253965608 7.0 935
1712253975713 7.0 936
1712253985846 6.9 937
1712253995970 7.1 938
1712254006074 7.5 939
1712254016174 7.4 940
1712254026289 6.9 941
1712254036399 7.1 942
1712254046500 7.0 943
1712254056613 6.9 944
1712254066708 7.2 945
1712254076834 7.0 946
1712254086937 7.1 947
1712254097055 7.1 948
1712254107168 7.1 949
1712254117284 7.1 950
1712254127381 7.1 951
1712254137476 7.1 952
1712254147681 7.1 953
1712254157808 7.2 954
1712254167916 9.7 955
1712254178032 2.5 956
1712254188136 4.4 957
1712254198252 5.9 958
1712254208357 7.4 959
1712254218466 8.0 960
1712254228568 8.1 961
1712254238660 8.0 962
1712254248758 8.4 963
1712254258880 9.3 964
1712254269001 8.1 965
1712254279112 8.1 966
1712254289228 8.1 967
1712254299391 8.0 968
1712254309502 8.1 969
1712254319599 8.0 970
1712254329717 8.0 971
1712254339818 8.0 972
1712254349963 7.8 973
1712254360120 7.4 974
1712254370372 5.3 975
1712254380506 5.5 976
1712254390622 6.6 977
1712254400734 7.0 978
1712254410839 6.8 979
1712254420950 7.0 980
1712254431047 6.9 981
1712254441160 6.9 982
1712254451284 7.0 983
1712254461413 7.1 984
1712254471518 6.8 985
1712254481632 6.9 986
1712254491737 7.0 987
1712254501845 7.1 988
1712254511965 6.9 989
1712254522064 6.9 990
1712254532161 7.0 991
1712254542835 7.0 992
1712254552951 7.5 993
1712254563079 7.0 994
1712254573193 7.3 995
1712254583297 7.1 996
1712254593405 6.9 997
1712254603513 7.0 998
1712254613633 6.9 999
1712254623741 6.8 1000
1712254633861 6.9 1001
1712254643990 6.8 1002
1712254654092 7.0 1003
1712254664193 7.0 1004
1712254674297 6.9 1005
1712254684399 6.9 1006
1712254694495 6.9 1007
1712254704608 7.0 1008
1712254714719 7.0 1009
1712254724824 7.1 1010
1712254734933 7.0 1011
1712254745056 7.1 1012
1712254755165 7.0 1013
1712254765275 7.3 1014
1712254775383 6.8 1015
1712254785508 7.1 1016
1712254795629 7.0 1017
1712254805751 6.9 1018
1712254815901 7.0 1019
1712254826051 8.5 1020
1712254836169 11.6 1021
1712254846284 7.1 1022
1712254856419 7.7 1023
1712254866521 7.1 1024
1712254876624 7.0 1025
1712254886835 7.0 1026
1712254896942 6.9 1027
1712254907052 7.0 1028
1712254917151 6.9 1029
1712254927253 6.9 1030
1712254937352 7.1 1031
1712254947461 7.0 1032
1712254957574 8.7 1033
1712254967699 7.2 1034
1712254977818 6.9 1035
1712254987928 6.9 1036
1712254998039 7.0 1037
1712255008179 6.9 1038
1712255018313 8.7 1039
1712255028439 7.2 1040
1712255038556 7.0 1041
1712255048665 7.0 1042
1712255058767 7.0 1043
1712255068880 7.0 1044
1712255078975 7.1 1045
1712255089082 7.1 1046
1712255099191 7.0 1047
1712255109287 7.0 1048
1712255119413 7.0 1049
1712255129512 6.9 1050
1712255139641 6.9 1051
1712255149744 7.3 1052
1712255159855 7.6 1053
1712255169975 7.1 1054
1712255180083 7.1 1055
1712255190181 7.0 1056
1712255200283 6.8 1057
1712255210402 7.1 1058
1712255220612 6.8 1059
1712255230733 7.2 1060
1712255240842 7.3 1061
1712255250945 7.6 1062
1712255261051 7.4 1063
1712255271157 7.5 1064
1712255281264 7.1 1065
1712255291371 7.0 1066
1712255301466 7.0 1067
1712255311566 7.0 1068
1712255321667 7.0 1069
1712255331783 7.3 1070
1712255341935 7.1 1071
1712255352060 7.4 1072
1712255362190 7.2 1073
1712255372325 7.0 1074
1712255382425 7.0 1075
1712255392546 7.0 1076
1712255402659 7.1 1077
1712255412786 7.0 1078
1712255422891 7.0 1079
1712255432990 6.9 1080
1712255443097 7.0 1081
1712255453215 8.1 1082
1712255463312 7.0 1083
1712255473413 7.0 1084
1712255483520 7.4 1085
1712255493623 6.9 1086
1712255503737 7.0 1087
1712255513845 7.0 1088
1712255523954 7.0 1089
1712255534067 7.1 1090
1712255544177 7.1 1091
1712255554286 6.9 1092
1712255564411 7.1 1093
1712255574523 8.9 1094
1712255584649 2.7 1095
1712255594763 3.9 1096
1712255604865 6.1 1097
1712255614979 7.5 1098
1712255625114 7.9 1099
1712255635244 8.3 1100
1712255645374 8.1 1101
1712255655497 8.1 1102
1712255665592 8.1 1103
1712255675698 8.0 1104
1712255685803 8.1 1105
1712255695929 8.2 1106
1712255706063 8.1 1107
1712255716173 8.2 1108
1712255726384 8.1 1109
1712255736494 8.8 1110
1712255746598 8.9 1111
1712255756736 8.4 1112
1712255766873 7.2 1113
1712255776992 6.6 1114
1712255787126 3.8 1115
1712255797257 8.1 1116
1712255807377 7.4 1117
1712255817511 7.2 1118
1712255827637 7.2 1119
1712255837758 7.2 1120
1712255847893 7.0 1121
1712255858022 6.9 1122
1712255868140 6.9 1123
1712255878250 6.8 1124
1712255888370 7.0 1125
1712255898497 6.9 1126
1712255908614 7.0 1127
1712255918726 6.9 1128
1712255928834 7.1 1129
1712255938963 6.8 1130
1712255949074 6.9 1131
1712255959180 7.0 1132
1712255969304 7.0 1133
1712255979439 6.7 1134
1712255989573 7.3 1135
1712255999686 6.9 1136
1712256009849 6.8 1137
1712256019974 7.0 1138
1712256030121 6.9 1139
1712256040285 6.8 1140
1712256050422 7.4 1141
1712256060532 7.5 1142
1712256070647 7.1 1143
1712256080776 7.3 1144
1712256090883 7.2 1145
1712256100984 6.9 1146
1712256111103 7.1 1147
1712256121230 7.0 1148
1712256131339 7.0 1149
1712256141484 7.0 1150
1712256151626 7.0 1151
1712256161745 7.5 1152
1712256171871 7.4 1153
1712256181988 7.0 1154
1712256192102 7.1 1155
1712256202215 7.1 1156
1712256212328 7.0 1157
1712256222454 7.0 1158
1712256232613 6.9 1159
1712256242753 7.0 1160
1712256252890 7.1 1161
1712256263063 7.5 1162
1712256273197 7.2 1163
1712256283358 7.0 1164
1712256293486 7.3 1165
1712256303624 7.1 1166
1712256313754 7.1 1167
1712256323885 7.1 1168
1712256334010 7.0 1169
1712256344155 6.9 1170
1712256354290 7.5 1171
1712256364429 6.9 1172
1712256374539 7.0 1173
1712256384652 7.0 1174
1712256394776 6.9 1175
1712256404909 6.9 1176
1712256415040 7.2 1177
1712256425156 7.1 1178
1712256435278 7.1 1179
1712256445419 7.0 1180
1712256455545 7.0 1181
1712256465664 7.0 1182
1712256475794 7.2 1183
1712256485915 6.9 1184
1712256496051 7.0 1185
1712256506169 7.2 1186
1712256516288 7.0 1187
1712256526506 7.0 1188
1712256536633 7.3 1189
1712256546747 7.0 1190
1712256556892 7.0 1191
1712256567017 7.0 1192
1712256577147 7.0 1193
1712256587271 7.3 1194
1712256597396 7.2 1195
1712256607560 7.1 1196
1712256617670 7.0 1197
1712256627777 7.1 1198
1712256637931 7.0 1199
1712256648055 9.9 1200
1712256658184 7.9 1201
1712256668314 7.0 1202
1712256678430 7.1 1203
1712256688556 7.1 1204
1712256698685 7.0 1205
1712256708811 7.0 1206
1712256718955 7.0 1207
1712256729089 7.1 1208
1712256739220 7.1 1209
1712256749345 7.1 1210
1712256759494 7.1 1211
1712256769622 7.2 1212
1712256779749 7.2 1213
1712256789860 7.2 1214
1712256799988 7.1 1215
1712256810103 7.1 1216
1712256820223 7.0 1217
1712256830335 7.0 1218
1712256840455 7.2 1219
1712256850580 7.2 1220
1712256860697 7.3 1221
1712256870836 7.2 1222
1712256880978 7.2 1223
1712256891089 10.4 1224
1712256901207 7.3 1225
1712256911338 7.0 1226
1712256921455 7.0 1227
1712256931579 7.0 1228
1712256941714 7.1 1229
1712256951842 7.9 1230
1712256961954 7.0 1231
1712256972066 7.7 1232
1712256982294 6.4 1233
1712256992464 4.7 1234
1712257002580 3.5 1235
1712257012705 7.1 1236
1712257022821 7.4 1237
1712257032960 8.0 1238
1712257043096 8.0 1239
1712257053230 8.3 1240
1712257063367 8.1 1241
1712257073506 8.2 1242
1712257083615 8.1 1243
1712257093736 8.0 1244
1712257103865 8.1 1245
1712257113983 8.0 1246
1712257124111 8.0 1247
1712257134240 8.0 1248
1712257144373 8.0 1249
1712257154536 8.2 1250
1712257164779 7.9 1251
1712257175474 7.3 1252
1712257185634 5.3 1253
1712257195791 5.7 1254
1712257205928 7.3 1255
1712257216049 7.2 1256
1712257226188 6.9 1257
1712257236317 6.9 1258
1712257246438 6.9 1259
1712257256571 8.3 1260
1712257266696 7.0 1261
1712257276814 6.9 1262
1712257286960 7.0 1263
1712257297073 6.8 1264
1712257307216 7.2 1265
1712257317358 6.9 1266
1712257327489 6.8 1267
1712257337612 6.8 1268
1712257347738 6.7 1269
1712257357855 7.0 1270
1712257367979 7.0 1271
1712257378102 6.9 1272
1712257388216 6.8 1273
1712257398364 6.8 1274
1712257408478 6.8 1275
1712257418612 6.7 1276
1712257428751 6.7 1277
1712257438884 6.9 1278
1712257449011 6.9 1279
1712257459122 6.9 1280
1712257469238 7.0 1281
1712257479358 6.7 1282
1712257489492 6.8 1283
1712257499620 6.9 1284
1712257509747 6.8 1285
1712257519886 6.6 1286
1712257530030 6.8 1287
1712257540258 6.8 1288
1712257550397 10.6 1289
1712257560546 7.4 1290
1712257570681 7.1 1291
1712257580823 7.1 1292
1712257590946 7.0 1293
1712257601092 7.0 1294
1712257611228 7.0 1295
1712257621362 7.1 1296
1712257631508 7.0 1297
1712257641632 6.8 1298
1712257651772 7.0 1299
1712257661910 7.1 1300
1712257672047 6.9 1301
1712257682191 7.1 1302
1712257692310 8.0 1303
1712257702426 7.5 1304
1712257712548 7.0 1305
1712257722675 7.0 1306
1712257732892 7.1 1307
1712257743020 7.0 1308
1712257753141 7.1 1309
1712257763265 7.3 1310
1712257773393 7.0 1311
1712257783506 6.9 1312
1712257793636 7.0 1313
1712257803748 7.0 1314
1712257813866 7.0 1315
1712257823986 7.1 1316
1712257834116 7.0 1317
1712257844243 6.9 1318
1712257854356 7.7 1319
1712257864475 7.3 1320
1712257874595 7.1 1321
1712257884729 6.9 1322
1712257894864 6.9 1323
1712257904995 6.9 1324
1712257915117 6.9 1325
1712257925239 7.1 1326
1712257935458 7.1 1327
1712257945601 7.2 1328
1712257955723 6.9 1329
1712257965856 6.9 1330
1712257975977 7.1 1331
1712257986097 6.9 1332
1712257996221 7.0 1333
1712258006364 6.8 1334
1712258016485 6.8 1335
1712258026614 7.0 1336
1712258036739 7.0 1337
1712258046870 6.8 1338
1712258056994 7.0 1339
1712258067122 7.0 1340
1712258077239 6.9 1341
1712258087367 7.1 1342
1712258097501 7.1 1343
1712258107621 6.9 1344
1712258117748 7.0 1345
1712258127873 7.5 1346
1712258137987 7.1 1347
1712258148109 7.0 1348
1712258158216 7.5 1349
1712258168327 6.9 1350
1712258178449 7.1 1351
1712258188574 6.9 1352
1712258198697 6.9 1353
1712258208844 7.0 1354
1712258218975 7.2 1355
1712258229122 7.0 1356
1712258239241 7.1 1357
1712258249363 7.1 1358
1712258259491 7.0 1359
1712258269623 7.0 1360
1712258279744 7.0 1361
1712258289856 7.0 1362
1712258300063 7.1 1363
1712258310187 7.1 1364
1712258320316 7.1 1365
1712258330438 7.1 1366
1712258340582 7.1 1367
1712258350706 7.0 1368
1712258360818 6.9 1369
1712258370964 6.9 1370
1712258381100 8.5 1371
1712258391211 3.3 1372
1712258401331 3.7 1373
1712258411446 6.6 1374
1712258421561 7.5 1375
1712258431671 7.9 1376
1712258441795 8.0 1377
1712258451932 9.7 1378
1712258462050 13.3 1379
1712258472168 13.1 1380
1712258482308 8.0 1381
1712258492431 7.9 1382
1712258502549 8.0 1383
1712258512678 8.1 1384
1712258522806 8.2 1385
1712258532926 8.1 1386
1712258543044 8.2 1387
1712258553162 8.2 1388
1712258563288 8.0 1389
1712258573447 7.5 1390
1712258583611 8.3 1391
1712258593778 3.8 1392
