1712244521413 55.3 0
1712244531491 58.1 1
1712244541558 59.3 2
1712244551641 60.9 3
1712244561751 61.2 4
1712244571791 61.2 5
1712244581874 61.2 6
1712244591906 61.2 7
1712244601974 61.2 8
1712244612044 61.2 9
1712244622112 61.2 10
1712244632177 61.2 11
1712244642250 61.2 12
1712244652314 61.2 13
1712244662413 61.2 14
1712244672483 61.2 15
1712244682561 61.2 16
1712244692637 61.2 17
1712244702713 61.2 18
1712244712829 61.2 19
1712244722895 61.2 20
1712244733007 61.2 21
1712244743092 61.2 22
1712244753175 61.2 23
1712244763254 61.2 24
1712244773340 61.2 25
1712244783411 61.2 26
1712244793488 61.2 27
1712244803552 61.2 28
1712244813643 61.2 29
1712244823719 61.2 30
1712244833801 61.2 31
1712244843870 61.2 32
1712244853957 61.2 33
1712244864030 61.2 34
1712244874111 61.2 35
1712244884181 61.2 36
1712244894254 61.2 37
1712244904328 61.2 38
1712244914367 61.2 39
1712244924454 61.2 40
1712244934504 61.2 41
1712244944587 61.2 42
1712244954680 61.2 43
1712244964706 61.2 44
1712244974736 61.2 45
1712244984840 61.2 46
1712244994887 61.2 47
1712245004927 61.2 48
1712245015009 61.2 49
1712245025043 61.2 50
1712245035082 61.2 51
1712245045166 61.2 52
1712245055201 61.2 53
1712245065232 61.2 54
1712245075320 61.2 55
1712245085389 61.2 56
1712245095469 61.2 57
1712245105542 61.2 58
1712245115620 61.2 59
1712245125659 61.2 60
1712245135736 61.2 61
1712245145834 61.2 62
1712245155920 61.2 63
1712245166021 61.2 64
1712245176090 61.2 65
1712245186123 61.2 66
1712245196190 61.2 67
1712245206265 61.2 68
1712245216353 61.2 69
1712245226430 61.2 70
1712245236511 61.2 71
1712245246550 61.2 72
1712245256635 61.2 73
1712245266708 61.2 74
1712245276803 61.2 75
1712245286882 61.2 76
1712245296962 61.2 77
1712245307010 61.2 78
1712245317086 61.2 79
1712245327166 61.2 80
1712245337247 61.2 81
1712245347343 61.2 82
1712245357442 61.2 83
1712245367485 61.2 84
1712245377559 61.2 85
1712245387658 61.2 86
1712245397766 61.2 87
1712245407868 61.2 88
1712245417898 61.2 89
1712245427968 61.2 90
1712245438059 61.2 91
1712245448129 61.2 92
1712245458220 61.2 93
1712245468303 61.2 94
1712245478350 61.2 95
1712245488432 61.2 96
1712245498511 61.2 97
1712245508592 61.2 98
1712245518661 61.2 99
1712245528748 61.2 100
1712245538783 61.2 101
1712245548858 61.2 102
1712245558940 61.2 103
1712245569025 61.2 104
1712245579114 61.2 105
1712245589201 61.2 106
1712245599231 61.2 107
1712245609303 61.2 108
1712245619371 61.2 109
1712245629460 61.2 110
1712245639543 61.2 111
1712245649613 61.2 112
1712245659638 61.2 113
1712245669707 61.2 114
1712245679787 61.2 115
1712245689880 61.2 116
1712245699968 61.2 117
1712245710050 61.2 118
1712245720080 61.2 119
1712245730153 61.2 120
1712245740241 61.2 121
1712245750329 57.0 122
1712245760419 58.4 123
1712245770492 59.6 124
1712245780526 59.6 125
1712245790559 59.6 126
1712245800594 59.6 127
1712245810679 59.6 128
1712245820719 59.6 129
1712245830753 59.6 130
1712245840785 59.6 131
1712245850813 59.6 132
1712245860893 59.6 133
1712245870979 59.6 134
1712245881058 59.6 135
1712245891137 59.6 136
1712245901167 59.6 137
1712245911249 59.6 138
1712245921346 59.6 139
1712245931470 58.3 140
1712245941596 60.3 141
1712245951675 61.1 142
1712245961716 61.5 143
1712245971811 62.1 144
1712245981903 62.1 145
1712245992004 62.1 146
1712246002094 62.1 147
1712246012181 62.1 148
1712246022223 62.1 149
1712246032302 62.1 150
1712246042382 62.1 151
1712246052463 62.1 152
1712246062546 62.1 153
1712246072632 62.1 154
1712246082669 62.1 155
1712246092753 62.1 156
1712246102830 62.1 157
1712246112907 62.1 158
1712246122991 62.1 159
1712246133081 62.1 160
1712246143117 62.1 161
1712246153196 62.1 162
1712246163306 62.1 163
1712246173383 62.1 164
1712246183463 62.1 165
1712246193551 62.1 166
1712246203586 62.1 167
1712246213668 62.1 168
1712246223756 62.1 169
1712246233827 62.1 170
1712246243911 62.1 171
1712246253998 62.1 172
1712246264030 62.1 173
1712246274108 62.1 174
1712246284189 62.1 175
1712246294284 62.1 176
1712246304376 62.1 177
1712246314447 62.1 178
1712246324488 62.1 179
1712246334576 62.1 180
1712246344661 62.1 181
1712246354741 62.1 182
1712246364818 62.1 183
1712246374897 62.1 184
1712246384934 62.1 185
1712246395004 62.1 186
1712246405082 62.1 187
1712246415157 62.1 188
1712246425249 62.1 189
1712246435339 62.1 190
1712246445372 62.1 191
1712246455468 62.1 192
1712246465557 62.1 193
1712246475637 62.1 194
1712246485710 62.1 195
1712246495800 62.1 196
1712246505838 62.1 197
1712246515938 62.1 198
1712246526028 62.1 199
1712246536116 62.1 200
1712246546219 62.1 201
1712246556308 62.1 202
1712246566355 62.1 203
1712246576438 62.1 204
1712246586522 62.1 205
1712246596618 62.1 206
1712246606706 62.1 207
1712246616802 62.1 208
1712246626840 62.1 209
1712246636913 62.1 210
1712246647001 62.1 211
1712246657104 62.1 212
1712246667196 62.1 213
1712246677279 62.1 214
1712246687312 62.1 215
1712246697397 62.1 216
1712246707487 62.1 217
1712246717585 62.1 218
1712246727629 62.1 219
1712246737896 62.1 220
1712246748000 62.1 221
1712246758080 62.1 222
1712246768181 62.1 223
1712246778281 62.1 224
1712246788367 62.1 225
1712246798455 62.1 226
1712246808553 62.1 227
1712246818656 62.1 228
1712246828784 62.1 229
1712246838872 62.1 230
1712246848951 62.1 231
1712246859054 62.1 232
1712246869157 62.1 233
1712246879243 62.1 234
1712246889338 62.1 235
1712246899427 62.1 236
1712246909504 62.1 237
1712246919587 62.1 238
1712246929693 62.1 239
1712246939805 62.1 240
1712246949898 62.1 241
1712246960023 62.1 242
1712246970125 62.1 243
1712246980220 62.1 244
1712246990321 62.1 245
1712247000422 62.1 246
1712247010507 62.1 247
1712247020614 62.1 248
1712247030703 62.1 249
1712247040810 62.1 250
1712247050897 62.1 251
1712247060988 62.1 252
1712247071084 62.1 253
1712247081173 62.1 254
1712247091276 62.1 255
1712247101391 62.1 256
1712247111497 62.1 257
1712247121575 62.1 258
1712247131664 62.1 259
1712247142010 62.1 260
1712247152127 57.6 261
1712247162208 57.7 262
1712247172307 59.8 263
1712247182387 59.8 264
1712247192468 59.8 265
1712247202555 59.8 266
1712247212646 59.8 267
1712247222723 59.8 268
1712247232836 59.8 269
1712247242920 59.8 270
1712247252997 59.8 271
1712247263087 59.8 272
1712247273169 59.8 273
1712247283250 59.8 274
1712247293356 59.8 275
1712247303435 59.8 276
1712247313532 59.8 277
1712247325052 59.8 278
1712247335154 57.7 279
1712247345275 59.5 280
1712247355395 61.1 281
1712247365497 62.1 282
1712247375590 62.1 283
1712247385682 62.1 284
1712247395780 62.1 285
1712247405875 62.1 286
1712247415995 62.1 287
1712247426097 62.1 288
1712247436199 62.1 289
1712247446292 62.1 290
1712247456392 62.1 291
1712247466489 62.1 292
1712247476575 62.1 293
1712247486684 62.1 294
1712247496783 62.1 295
1712247506886 62.1 296
1712247516971 62.1 297
1712247527058 62.1 298
1712247537142 62.1 299
1712247547227 62.1 300
1712247557324 62.1 301
1712247567416 62.1 302
1712247577517 62.1 303
1712247587602 62.1 304
1712247597696 62.1 305
1712247607796 62.1 306
1712247617904 62.1 307
1712247628001 62.1 308
1712247638084 62.1 309
1712247648205 62.1 310
1712247658302 62.1 311
1712247668409 62.1 312
1712247678512 62.1 313
1712247688593 62.1 314
1712247698677 62.1 315
1712247708770 62.1 316
1712247718847 62.1 317
1712247728928 62.1 318
1712247739038 62.1 319
1712247749128 62.1 320
1712247759229 62.1 321
1712247769329 62.1 322
1712247779423 62.1 323
1712247789514 62.1 324
1712247799599 62.1 325
1712247809722 62.1 326
1712247819819 62.1 327
1712247829924 62.1 328
1712247840040 62.1 329
1712247850141 62.1 330
1712247860227 62.1 331
1712247870326 62.1 332
1712247880414 62.1 333
1712247890505 62.1 334
1712247900607 62.1 335
1712247910695 62.1 336
1712247920797 62.1 337
1712247930884 62.1 338
1712247940973 62.1 339
1712247951061 62.1 340
1712247961155 62.1 341
1712247971249 62.1 342
1712247981336 62.1 343
1712247991426 62.1 344
1712248001506 62.1 345
1712248011604 62.1 346
1712248021699 62.1 347
1712248031785 62.1 348
1712248041872 62.1 349
1712248051975 62.1 350
1712248062055 62.1 351
1712248072151 62.1 352
1712248082246 62.1 353
1712248092331 62.1 354
1712248102434 62.1 355
1712248112529 62.1 356
1712248122628 62.1 357
1712248132730 62.1 358
1712248142815 62.1 359
1712248152894 62.1 360
1712248162999 62.1 361
1712248173095 62.1 362
1712248183205 62.1 363
1712248193303 62.1 364
1712248203390 62.1 365
1712248213486 62.1 366
1712248223573 62.1 367
1712248233661 62.1 368
1712248243761 62.1 369
1712248253852 62.1 370
1712248263930 62.1 371
1712248274020 62.1 372
1712248284101 62.1 373
1712248294189 62.1 374
1712248304279 62.1 375
1712248314364 62.1 376
1712248324471 62.1 377
1712248334593 62.1 378
1712248344695 62.1 379
1712248354797 62.1 380
1712248364900 62.1 381
1712248374998 62.1 382
1712248385083 62.1 383
1712248395172 62.1 384
1712248405280 62.1 385
1712248415370 62.1 386
1712248425460 62.1 387
1712248435553 62.1 388
1712248445638 62.1 389
1712248455746 62.1 390
1712248465838 62.1 391
1712248475921 62.1 392
1712248486007 62.1 393
1712248496104 62.1 394
1712248506183 62.1 395
1712248516274 62.1 396
1712248526365 62.1 397
1712248536465 62.1 398
1712248546573 62.1 399
1712248556676 57.6 400
1712248566760 58.6 401
1712248576864 59.8 402
1712248586955 59.8 403
1712248597041 59.8 404
1712248607138 59.8 405
1712248617230 59.8 406
1712248627312 59.8 407
1712248637404 59.8 408
1712248647511 59.8 409
1712248657596 59.8 410
1712248667706 59.8 411
1712248677791 59.8 412
1712248687876 59.8 413
1712248697963 59.8 414
1712248708040 59.8 415
1712248718120 59.8 416
1712248728234 59.8 417
1712248738579 58.3 418
1712248748692 60.6 419
1712248758812 61.4 420
1712248768899 62.1 421
1712248778990 62.1 422
1712248789077 62.1 423
1712248799160 62.1 424
1712248809262 62.1 425
1712248819354 62.1 426
1712248829447 62.1 427
1712248839541 62.1 428
1712248849629 62.1 429
1712248859751 62.1 430
1712248869865 62.1 431
1712248879968 62.1 432
1712248890085 62.1 433
1712248900202 62.1 434
1712248910318 62.1 435
1712248920426 62.1 436
1712248930541 62.1 437
1712248940651 62.1 438
1712248950766 62.1 439
1712248960891 62.1 440
1712248971008 62.1 441
1712248981128 62.1 442
1712248991233 62.1 443
1712249001366 62.1 444
1712249011473 62.1 445
1712249021592 62.1 446
1712249031699 62.1 447
1712249041821 62.1 448
1712249051948 62.1 449
1712249062066 62.1 450
1712249072174 62.1 451
1712249082287 62.1 452
1712249092398 62.1 453
1712249102511 62.1 454
1712249112631 62.1 455
1712249122745 62.1 456
1712249132851 62.1 457
1712249142957 62.1 458
1712249153066 62.1 459
1712249163173 62.1 460
1712249173278 62.1 461
1712249183392 62.1 462
1712249193507 62.1 463
1712249203622 62.1 464
1712249213724 62.1 465
1712249223846 62.1 466
1712249233962 62.1 467
1712249244079 62.1 468
1712249254196 62.1 469
1712249264314 62.1 470
1712249274442 62.1 471
1712249284548 62.1 472
1712249294662 62.1 473
1712249304750 62.1 474
1712249314848 62.1 475
1712249324950 62.1 476
1712249335046 62.1 477
1712249345153 62.1 478
1712249355244 62.1 479
1712249365324 62.1 480
1712249375424 62.1 481
1712249385515 62.1 482
1712249395603 62.1 483
1712249405694 62.1 484
1712249415793 62.1 485
1712249425886 62.1 486
1712249435970 62.1 487
1712249446061 62.1 488
1712249456158 62.1 489
1712249466264 62.1 490
1712249476361 62.1 491
1712249486581 62.1 492
1712249496682 62.1 493
1712249506781 62.1 494
1712249516873 62.1 495
1712249526967 62.1 496
1712249537063 62.1 497
1712249547159 62.1 498
1712249557263 62.1 499
1712249567361 62.1 500
1712249577459 62.1 501
1712249587562 62.1 502
1712249597649 62.1 503
1712249607731 62.1 504
1712249617830 62.1 505
1712249627932 62.1 506
1712249638026 62.1 507
1712249648128 62.1 508
1712249658236 62.1 509
1712249668332 62.1 510
1712249678427 62.1 511
1712249688519 62.1 512
1712249698605 62.1 513
1712249708727 62.1 514
1712249718831 62.1 515
1712249728944 62.1 516
1712249739040 62.1 517
1712249749126 62.1 518
1712249759219 62.1 519
1712249769306 62.1 520
1712249779391 62.1 521
1712249789478 62.1 522
1712249799568 62.1 523
1712249809662 62.1 524
1712249819760 62.1 525
1712249829876 62.1 526
1712249839990 62.1 527
1712249850090 62.1 528
1712249860201 62.1 529
1712249870296 62.1 530
1712249880383 62.1 531
1712249890485 62.1 532
1712249900576 62.1 533
1712249910665 62.1 534
1712249920754 62.1 535
1712249930849 62.1 536
1712249940962 62.1 537
1712249951070 62.1 538
1712249961168 58.0 539
1712249971266 58.0 540
1712249981350 59.8 541
1712249991434 59.8 542
1712250001522 59.8 543
1712250011618 59.8 544
1712250021708 59.8 545
1712250031796 59.8 546
1712250041901 59.8 547
1712250051995 59.8 548
1712250062081 59.8 549
1712250072165 59.8 550
1712250082283 59.8 551
1712250092367 59.8 552
1712250102456 59.8 553
1712250112543 59.8 554
1712250122650 59.8 555
1712250132769 59.8 556
1712250142930 58.3 557
1712250153076 60.6 558
1712250163209 61.4 559
1712250173318 62.1 560
1712250183421 62.1 561
1712250193513 62.1 562
1712250203632 62.1 563
1712250213758 62.1 564
1712250223895 62.1 565
1712250234013 62.1 566
1712250244135 62.1 567
1712250254259 62.1 568
1712250264362 62.1 569
1712250274492 62.1 570
1712250284587 62.1 571
1712250294684 62.1 572
1712250305266 62.1 573
1712250315353 62.1 574
1712250325444 62.1 575
1712250335541 62.1 576
1712250345650 62.1 577
1712250355747 62.1 578
1712250365863 62.1 579
1712250375954 62.1 580
1712250386038 62.1 581
1712250396121 62.1 582
1712250406209 62.1 583
1712250416308 62.1 584
1712250426406 62.1 585
1712250436516 62.1 586
1712250446601 62.1 587
1712250456702 62.1 588
1712250466802 62.1 589
1712250476928 62.1 590
1712250487041 62.1 591
1712250497139 62.1 592
1712250507244 62.1 593
1712250517339 62.1 594
1712250527448 62.1 595
1712250537549 62.1 596
1712250547644 62.1 597
1712250557744 62.1 598
1712250567836 62.1 599
1712250577929 62.1 600
1712250588020 62.1 601
1712250598119 62.1 602
1712250608202 62.1 603
1712250618290 62.1 604
1712250628383 62.1 605
1712250638483 62.1 606
1712250648582 62.1 607
1712250658697 62.1 608
1712250668783 62.1 609
1712250678880 62.1 610
1712250688979 62.1 611
1712250699074 62.1 612
1712250709198 62.1 613
1712250719324 62.1 614
1712250729407 62.1 615
1712250739502 62.1 616
1712250749610 62.1 617
1712250759710 62.1 618
1712250769804 62.1 619
1712250779896 62.1 620
1712250789995 62.1 621
1712250800084 62.1 622
1712250810188 62.1 623
1712250820289 62.1 624
1712250830374 62.1 625
1712250840478 62.1 626
1712250850605 62.1 627
1712250860723 62.1 628
1712250870822 62.1 629
1712250880915 62.1 630
1712250891015 62.1 631
1712250901112 62.1 632
1712250911216 62.1 633
1712250921308 62.1 634
1712250931405 62.1 635
1712250941516 62.1 636
1712250951614 62.1 637
1712250961710 62.1 638
1712250971819 62.1 639
1712250981911 62.1 640
1712250992014 62.1 641
1712251002121 62.1 642
1712251012212 62.1 643
1712251022318 62.1 644
1712251032443 62.1 645
1712251042539 62.1 646
1712251052641 62.1 647
1712251062754 62.1 648
1712251072872 62.1 649
1712251082966 62.1 650
1712251093064 62.1 651
1712251103181 62.1 652
1712251113280 62.1 653
1712251123376 62.1 654
1712251133504 62.1 655
1712251143598 62.1 656
1712251153688 62.1 657
1712251163790 62.1 658
1712251173888 62.1 659
1712251184004 62.1 660
1712251194098 62.1 661
1712251204185 62.1 662
1712251214294 62.1 663
1712251224401 62.1 664
1712251234491 62.1 665
1712251244591 62.1 666
1712251254710 62.1 667
1712251264811 62.1 668
1712251274904 62.1 669
1712251285024 62.1 670
1712251295120 62.1 671
1712251305216 62.1 672
1712251315320 62.1 673
1712251325420 62.1 674
1712251335544 62.1 675
1712251345639 62.1 676
1712251355769 62.1 677
1712251365877 57.6 678
1712251375982 58.6 679
1712251386092 59.8 680
1712251396188 59.8 681
1712251406303 59.8 682
1712251416405 59.8 683
1712251426503 59.8 684
1712251436590 59.8 685
1712251446700 59.8 686
1712251456798 59.8 687
1712251466912 59.8 688
1712251477006 59.8 689
1712251487103 59.8 690
1712251497212 59.8 691
1712251507315 59.8 692
1712251517417 59.8 693
1712251527508 59.8 694
1712251538168 59.8 695
1712251548296 59.1 696
1712251558396 61.0 697
1712251568523 61.6 698
1712251578631 62.1 699
1712251588731 62.1 700
1712251598828 62.1 701
1712251608933 62.1 702
1712251619037 62.1 703
1712251629146 62.1 704
1712251639245 62.1 705
1712251649348 62.1 706
1712251659466 62.1 707
1712251669565 62.1 708
1712251679680 62.1 709
1712251689784 62.1 710
1712251699888 62.1 711
1712251709994 62.1 712
1712251720109 62.1 713
1712251730207 62.1 714
1712251740302 62.1 715
1712251750412 62.1 716
1712251760533 62.1 717
1712251770655 62.1 718
1712251780766 62.1 719
1712251790866 62.1 720
1712251800953 62.1 721
1712251811062 62.1 722
1712251821669 62.1 723
1712251831808 62.1 724
1712251841903 62.1 725
1712251852008 62.1 726
1712251862124 62.1 727
1712251872252 62.1 728
1712251882363 62.1 729
1712251892463 62.1 730
1712251902559 62.1 731
1712251912671 62.1 732
1712251922769 62.1 733
1712251932875 62.1 734
1712251942982 62.1 735
1712251953086 62.1 736
1712251963183 62.1 737
1712251973295 62.1 738
1712251983398 62.1 739
1712251993504 62.1 740
1712252003598 62.1 741
1712252013701 62.1 742
1712252023793 62.1 743
1712252033883 62.1 744
1712252043994 62.1 745
1712252054098 62.1 746
1712252064191 62.1 747
1712252074288 62.1 748
1712252084400 62.1 749
1712252094494 62.1 750
1712252104606 62.1 751
1712252114706 62.1 752
1712252124804 62.1 753
1712252134918 62.1 754
1712252145024 62.1 755
1712252155126 62.1 756
1712252165226 62.1 757
1712252175327 62.1 758
1712252185422 62.1 759
1712252195513 62.1 760
1712252205647 62.1 761
1712252215758 62.1 762
1712252225882 62.1 763
1712252235983 62.1 764
1712252246085 62.1 765
1712252256199 62.1 766
1712252266302 62.1 767
1712252276408 62.1 768
1712252286529 62.1 769
1712252296637 62.1 770
1712252306741 62.1 771
1712252316863 62.1 772
1712252326957 62.1 773
1712252337047 62.1 774
1712252347135 62.1 775
1712252357243 62.1 776
1712252367355 62.1 777
1712252377449 62.1 778
1712252387546 62.1 779
1712252397654 62.1 780
1712252407759 62.1 781
1712252417866 62.1 782
1712252427966 62.1 783
1712252438064 62.1 784
1712252448172 62.1 785
1712252458273 62.1 786
1712252468381 62.1 787
1712252478492 62.1 788
1712252488593 62.1 789
1712252498695 62.1 790
1712252508797 62.1 791
1712252518911 62.1 792
1712252529040 62.1 793
1712252539141 62.1 794
1712252549246 62.1 795
1712252559339 62.1 796
1712252569458 62.1 797
1712252579554 62.1 798
1712252589646 62.1 799
1712252599749 62.1 800
1712252609842 62.1 801
1712252619951 62.1 802
1712252630053 62.1 803
1712252640170 62.1 804
1712252650278 62.1 805
1712252660402 62.1 806
1712252670519 62.1 807
1712252680618 62.1 808
1712252690732 62.1 809
1712252700832 62.1 810
1712252710935 62.1 811
1712252721063 62.1 812
1712252731169 62.1 813
1712252741261 62.1 814
1712252751360 62.1 815
1712252761485 57.7 816
1712252771612 57.7 817
1712252781711 59.8 818
1712252791815 59.8 819
1712252801936 59.8 820
1712252812055 59.8 821
1712252822171 59.8 822
1712252832272 59.8 823
1712252842377 59.8 824
1712252852489 59.8 825
1712252862608 59.8 826
1712252872717 59.8 827
1712252882847 59.8 828
1712252892944 59.8 829
1712252903056 59.8 830
1712252913161 59.8 831
1712252923256 59.8 832
1712252933378 59.8 833
1712252943492 57.9 834
1712252953885 60.3 835
1712252964022 61.1 836
1712252974157 62.1 837
1712252984271 62.1 838
1712252994375 62.1 839
1712253004473 62.1 840
1712253014571 62.1 841
1712253024669 62.1 842
1712253034763 62.1 843
1712253044871 62.1 844
1712253054978 62.1 845
1712253065077 62.1 846
1712253075174 62.1 847
1712253085272 62.1 848
1712253095378 62.1 849
1712253105487 62.1 850
1712253115587 62.1 851
1712253125686 62.1 852
1712253135786 62.1 853
1712253145878 62.1 854
1712253155985 62.1 855
1712253166100 62.1 856
1712253176223 62.1 857
1712253186345 62.1 858
1712253196476 62.1 859
1712253206589 62.1 860
1712253216696 62.1 861
1712253226817 62.1 862
1712253236921 62.1 863
1712253247034 62.1 864
1712253257146 62.1 865
1712253267280 62.1 866
1712253277411 62.1 867
1712253287524 62.1 868
1712253297640 62.1 869
1712253307764 62.1 870
1712253317877 62.1 871
1712253327994 62.1 872
1712253338113 62.1 873
1712253348216 62.1 874
1712253358312 62.1 875
1712253368409 62.1 876
1712253378511 62.1 877
1712253388628 62.1 878
1712253399486 62.1 879
1712253409594 62.1 880
1712253419698 62.1 881
1712253429809 62.1 882
1712253439913 62.1 883
1712253450015 62.1 884
1712253460122 62.1 885
1712253470215 62.1 886
1712253480309 62.1 887
1712253490403 62.1 888
1712253500507 62.1 889
1712253510609 62.1 890
1712253520719 62.1 891
1712253530837 62.1 892
1712253540942 62.1 893
1712253551040 62.1 894
1712253561143 62.1 895
1712253571240 62.1 896
1712253581346 62.1 897
1712253591453 62.1 898
1712253601572 62.1 899
1712253611677 62.1 900
1712253621788 62.1 901
1712253631901 62.1 902
1712253642002 62.1 903
1712253652112 62.1 904
1712253662210 62.1 905
1712253672346 62.1 906
1712253682559 62.1 907
1712253692662 62.1 908
1712253702773 62.1 909
1712253712875 62.1 910
1712253722974 62.1 911
1712253733084 62.1 912
1712253743190 62.1 913
1712253753306 62.1 914
1712253763415 62.1 915
1712253773532 62.1 916
1712253783655 62.1 917
1712253793750 62.1 918
1712253803851 62.1 919
1712253813951 62.1 920
1712253824052 62.1 921
1712253834164 62.1 922
1712253844279 62.1 923
1712253854382 62.1 924
1712253864476 62.1 925
1712253874570 62.1 926
1712253884675 62.1 927
1712253894794 62.1 928
1712253904906 62.1 929
1712253915026 62.1 930
1712253925131 62.1 931
1712253935240 62.1 932
1712253945368 62.1 933
1712253955486 62.1 934
1712253965608 62.1 935
1712253975713 62.1 936
1712253985846 62.1 937
1712253995970 62.1 938
1712254006074 62.1 939
1712254016174 62.1 940
1712254026289 62.1 941
1712254036399 62.1 942
1712254046500 62.1 943
1712254056613 62.1 944
1712254066708 62.1 945
1712254076834 62.1 946
1712254086937 62.1 947
1712254097055 62.1 948
1712254107168 62.1 949
1712254117284 62.1 950
1712254127381 62.1 951
1712254137476 62.1 952
1712254147681 62.1 953
1712254157808 62.1 954
1712254167916 57.5 955
1712254178032 57.5 956
1712254188136 59.3 957
1712254198252 60.1 958
1712254208357 60.1 959
1712254218466 60.1 960
1712254228568 60.1 961
1712254238660 60.1 962
1712254248758 60.1 963
1712254258880 60.1 964
1712254269001 60.1 965
1712254279112 60.1 966
1712254289228 60.1 967
1712254299391 60.1 968
1712254309502 60.1 969
1712254319599 60.1 970
1712254329717 60.1 971
1712254339818 60.1 972
1712254349963 60.1 973
1712254360120 59.6 974
1712254370372 61.2 975
1712254380506 61.6 976
1712254390622 62.2 977
1712254400734 62.2 978
1712254410839 62.2 979
1712254420950 62.2 980
1712254431047 62.2 981
1712254441160 62.2 982
1712254451284 62.2 983
1712254461413 62.2 984
1712254471518 62.2 985
1712254481632 62.2 986
1712254491737 62.2 987
1712254501845 62.2 988
1712254511965 62.2 989
1712254522064 62.2 990
1712254532161 62.2 991
1712254542835 62.2 992
1712254552951 62.2 993
1712254563079 62.2 994
1712254573193 62.2 995
1712254583297 62.2 996
1712254593405 62.2 997
1712254603513 62.2 998
1712254613633 62.2 999
1712254623741 62.2 1000
1712254633861 62.2 1001
1712254643990 62.2 1002
1712254654092 62.2 1003
1712254664193 62.2 1004
1712254674297 62.2 1005
1712254684399 62.2 1006
1712254694495 62.2 1007
1712254704608 62.2 1008
1712254714719 62.2 1009
1712254724824 62.2 1010
1712254734933 62.2 1011
1712254745056 62.2 1012
1712254755165 62.2 1013
1712254765275 62.2 1014
1712254775383 62.2 1015
1712254785508 62.2 1016
1712254795629 62.2 1017
1712254805751 62.2 1018
1712254815901 62.2 1019
1712254826051 62.2 1020
1712254836169 62.2 1021
1712254846284 62.2 1022
1712254856419 62.2 1023
1712254866521 62.2 1024
1712254876624 62.2 1025
1712254886835 62.2 1026
1712254896942 62.2 1027
1712254907052 62.2 1028
1712254917151 62.2 1029
1712254927253 62.2 1030
1712254937352 62.2 1031
1712254947461 62.2 1032
1712254957574 62.2 1033
1712254967699 62.2 1034
1712254977818 62.2 1035
1712254987928 62.2 1036
1712254998039 62.2 1037
1712255008179 62.2 1038
1712255018313 62.2 1039
1712255028439 62.2 1040
1712255038556 62.2 1041
1712255048665 62.2 1042
1712255058767 62.2 1043
1712255068880 62.2 1044
1712255078975 62.2 1045
1712255089082 62.2 1046
1712255099191 62.2 1047
1712255109287 62.2 1048
1712255119413 62.2 1049
1712255129512 62.2 1050
1712255139641 62.2 1051
1712255149744 62.2 1052
1712255159855 62.2 1053
1712255169975 62.2 1054
1712255180083 62.2 1055
1712255190181 62.2 1056
1712255200283 62.2 1057
1712255210402 62.2 1058
1712255220612 62.2 1059
1712255230733 62.2 1060
1712255240842 62.2 1061
1712255250945 62.2 1062
1712255261051 62.2 1063
1712255271157 62.2 1064
1712255281264 62.2 1065
1712255291371 62.2 1066
1712255301466 62.2 1067
1712255311566 62.2 1068
1712255321667 62.2 1069
1712255331783 62.2 1070
1712255341935 62.2 1071
1712255352060 62.2 1072
1712255362190 62.2 1073
1712255372325 62.2 1074
1712255382425 62.2 1075
1712255392546 62.2 1076
1712255402659 62.2 1077
1712255412786 62.2 1078
1712255422891 62.2 1079
1712255432990 62.2 1080
1712255443097 62.2 1081
1712255453215 62.2 1082
1712255463312 62.2 1083
1712255473413 62.2 1084
1712255483520 62.2 1085
1712255493623 62.2 1086
1712255503737 62.2 1087
1712255513845 62.2 1088
1712255523954 62.2 1089
1712255534067 62.2 1090
1712255544177 62.2 1091
1712255554286 62.2 1092
1712255564411 62.2 1093
1712255574523 62.2 1094
1712255584649 57.7 1095
1712255594763 59.1 1096
1712255604865 59.9 1097
1712255614979 59.9 1098
1712255625114 59.9 1099
1712255635244 59.9 1100
1712255645374 59.9 1101
1712255655497 59.9 1102
1712255665592 59.9 1103
1712255675698 59.9 1104
1712255685803 59.9 1105
1712255695929 59.9 1106
1712255706063 59.9 1107
1712255716173 59.9 1108
1712255726384 59.9 1109
1712255736494 59.9 1110
1712255746598 59.9 1111
1712255756736 59.9 1112
1712255766873 59.6 1113
1712255776992 61.2 1114
1712255787126 61.6 1115
1712255797257 62.2 1116
1712255807377 62.2 1117
1712255817511 62.2 1118
1712255827637 62.2 1119
1712255837758 62.2 1120
1712255847893 62.2 1121
1712255858022 62.2 1122
1712255868140 62.2 1123
1712255878250 62.2 1124
1712255888370 62.2 1125
1712255898497 62.2 1126
1712255908614 62.2 1127
1712255918726 62.2 1128
1712255928834 62.2 1129
1712255938963 62.2 1130
1712255949074 62.2 1131
1712255959180 62.2 1132
1712255969304 62.2 1133
1712255979439 62.2 1134
1712255989573 62.2 1135
1712255999686 62.2 1136
1712256009849 62.2 1137
1712256019974 62.2 1138
1712256030121 62.2 1139
1712256040285 62.2 1140
1712256050422 62.2 1141
1712256060532 62.2 1142
1712256070647 62.2 1143
1712256080776 62.2 1144
1712256090883 62.2 1145
1712256100984 62.2 1146
1712256111103 62.2 1147
1712256121230 62.2 1148
1712256131339 62.2 1149
1712256141484 62.2 1150
1712256151626 62.2 1151
1712256161745 62.2 1152
1712256171871 62.2 1153
1712256181988 62.2 1154
1712256192102 62.2 1155
1712256202215 62.2 1156
1712256212328 62.2 1157
1712256222454 62.2 1158
1712256232613 62.2 1159
1712256242753 62.2 1160
1712256252890 62.2 1161
1712256263063 62.2 1162
1712256273197 62.2 1163
1712256283358 62.2 1164
1712256293486 62.2 1165
1712256303624 62.2 1166
1712256313754 62.2 1167
1712256323885 62.2 1168
1712256334010 62.2 1169
1712256344155 62.2 1170
1712256354290 62.2 1171
1712256364429 62.2 1172
1712256374539 62.2 1173
1712256384652 62.2 1174
1712256394776 62.2 1175
1712256404909 62.2 1176
1712256415040 62.2 1177
1712256425156 62.2 1178
1712256435278 62.2 1179
1712256445419 62.2 1180
1712256455545 62.2 1181
1712256465664 62.2 1182
1712256475794 62.2 1183
1712256485915 62.2 1184
1712256496051 62.2 1185
1712256506169 62.2 1186
1712256516288 62.2 1187
1712256526506 62.2 1188
1712256536633 62.2 1189
1712256546747 62.2 1190
1712256556892 62.2 1191
1712256567017 62.2 1192
1712256577147 62.2 1193
1712256587271 62.2 1194
1712256597396 62.2 1195
1712256607560 62.2 1196
1712256617670 62.2 1197
1712256627777 62.2 1198
1712256637931 62.2 1199
1712256648055 62.2 1200
1712256658184 62.2 1201
1712256668314 62.2 1202
1712256678430 62.2 1203
1712256688556 62.2 1204
1712256698685 62.2 1205
1712256708811 62.2 1206
1712256718955 62.2 1207
1712256729089 62.2 1208
1712256739220 62.2 1209
1712256749345 62.2 1210
1712256759494 62.2 1211
1712256769622 62.2 1212
1712256779749 62.2 1213
1712256789860 62.2 1214
1712256799988 62.2 1215
1712256810103 62.2 1216
1712256820223 62.2 1217
1712256830335 62.2 1218
1712256840455 62.2 1219
1712256850580 62.2 1220
1712256860697 62.2 1221
1712256870836 62.2 1222
1712256880978 62.2 1223
1712256891089 62.2 1224
1712256901207 62.2 1225
1712256911338 62.2 1226
1712256921455 62.2 1227
1712256931579 62.2 1228
1712256941714 62.2 1229
1712256951842 62.2 1230
1712256961954 62.2 1231
1712256972066 62.2 1232
1712256982294 57.7 1233
1712256992464 58.3 1234
1712257002580 59.9 1235
1712257012705 59.9 1236
1712257022821 59.9 1237
1712257032960 59.9 1238
1712257043096 59.9 1239
1712257053230 59.9 1240
1712257063367 59.9 1241
1712257073506 59.9 1242
1712257083615 59.9 1243
1712257093736 59.9 1244
1712257103865 59.9 1245
1712257113983 59.9 1246
1712257124111 59.9 1247
1712257134240 59.9 1248
1712257144373 59.9 1249
1712257154536 59.9 1250
1712257164779 58.4 1251
1712257175474 60.4 1252
1712257185634 61.6 1253
1712257195791 62.2 1254
1712257205928 62.2 1255
1712257216049 62.2 1256
1712257226188 62.2 1257
1712257236317 62.2 1258
1712257246438 62.2 1259
1712257256571 62.2 1260
1712257266696 62.2 1261
1712257276814 62.2 1262
1712257286960 62.2 1263
1712257297073 62.2 1264
1712257307216 62.2 1265
1712257317358 62.2 1266
1712257327489 62.2 1267
1712257337612 62.2 1268
1712257347738 62.2 1269
1712257357855 62.2 1270
1712257367979 62.2 1271
1712257378102 62.2 1272
1712257388216 62.2 1273
1712257398364 62.2 1274
1712257408478 62.2 1275
1712257418612 62.2 1276
1712257428751 62.2 1277
1712257438884 62.2 1278
1712257449011 62.2 1279
1712257459122 62.2 1280
1712257469238 62.2 1281
1712257479358 62.2 1282
1712257489492 62.2 1283
1712257499620 62.2 1284
1712257509747 62.2 1285
1712257519886 62.2 1286
1712257530030 62.2 1287
1712257540258 62.2 1288
1712257550397 62.2 1289
1712257560546 62.2 1290
1712257570681 62.2 1291
1712257580823 62.2 1292
1712257590946 62.2 1293
1712257601092 62.2 1294
1712257611228 62.2 1295
1712257621362 62.2 1296
1712257631508 62.2 1297
1712257641632 62.2 1298
1712257651772 62.2 1299
1712257661910 62.2 1300
1712257672047 62.2 1301
1712257682191 62.2 1302
1712257692310 62.2 1303
1712257702426 62.2 1304
1712257712548 62.2 1305
1712257722675 62.2 1306
1712257732892 62.2 1307
1712257743020 62.2 1308
1712257753141 62.2 1309
1712257763265 62.2 1310
1712257773393 62.2 1311
1712257783506 62.2 1312
1712257793636 62.2 1313
1712257803748 62.2 1314
1712257813866 62.2 1315
1712257823986 62.2 1316
1712257834116 62.2 1317
1712257844243 62.2 1318
1712257854356 62.2 1319
1712257864475 62.2 1320
1712257874595 62.2 1321
1712257884729 62.2 1322
1712257894864 62.2 1323
1712257904995 62.2 1324
1712257915117 62.2 1325
1712257925239 62.2 1326
1712257935458 62.2 1327
1712257945601 62.2 1328
1712257955723 62.2 1329
1712257965856 62.2 1330
1712257975977 62.2 1331
1712257986097 62.2 1332
1712257996221 62.2 1333
1712258006364 62.2 1334
1712258016485 62.2 1335
1712258026614 62.2 1336
1712258036739 62.2 1337
1712258046870 62.2 1338
1712258056994 62.2 1339
1712258067122 62.2 1340
1712258077239 62.2 1341
1712258087367 62.2 1342
1712258097501 62.2 1343
1712258107621 62.2 1344
1712258117748 62.2 1345
1712258127873 62.2 1346
1712258137987 62.2 1347
1712258148109 62.2 1348
1712258158216 62.2 1349
1712258168327 62.2 1350
1712258178449 62.2 1351
1712258188574 62.2 1352
1712258198697 62.2 1353
1712258208844 62.2 1354
1712258218975 62.2 1355
1712258229122 62.2 1356
1712258239241 62.2 1357
1712258249363 62.2 1358
1712258259491 62.2 1359
1712258269623 62.2 1360
1712258279744 62.2 1361
1712258289856 62.2 1362
1712258300063 62.2 1363
1712258310187 62.2 1364
1712258320316 62.2 1365
1712258330438 62.2 1366
1712258340582 62.2 1367
1712258350706 62.2 1368
1712258360818 62.2 1369
1712258370964 62.2 1370
1712258381100 62.2 1371
1712258391211 57.7 1372
1712258401331 59.0 1373
1712258411446 59.8 1374
1712258421561 59.8 1375
1712258431671 59.8 1376
1712258441795 59.8 1377
1712258451932 59.8 1378
1712258462050 59.8 1379
1712258472168 59.8 1380
1712258482308 59.8 1381
1712258492431 59.8 1382
1712258502549 59.8 1383
1712258512678 59.8 1384
1712258522806 59.8 1385
1712258532926 59.8 1386
1712258543044 59.8 1387
1712258553162 59.8 1388
1712258563288 59.8 1389
1712258573447 59.3 1390
1712258583611 61.2 1391
1712258593778 61.6 1392
