1712244521413 152709.9 0
1712244531491 160447.4 1
1712244541558 163692.2 2
1712244551641 168036.6 3
1712244561751 169112.8 4
1712244571791 169112.8 5
1712244581874 169112.8 6
1712244591906 169112.8 7
1712244601974 169112.8 8
1712244612044 169112.8 9
1712244622112 169112.8 10
1712244632177 169112.8 11
1712244642250 169112.8 12
1712244652314 169112.8 13
1712244662413 169112.8 14
1712244672483 169112.8 15
1712244682561 169112.8 16
1712244692637 169112.8 17
1712244702713 169112.8 18
1712244712829 169112.8 19
1712244722895 169112.9 20
1712244733007 169112.9 21
1712244743092 169112.9 22
1712244753175 169112.9 23
1712244763254 169112.9 24
1712244773340 169112.9 25
1712244783411 169112.9 26
1712244793488 169112.9 27
1712244803552 169112.9 28
1712244813643 169112.9 29
1712244823719 169112.9 30
1712244833801 169112.9 31
1712244843870 169112.9 32
1712244853957 169112.9 33
1712244864030 169112.9 34
1712244874111 169112.9 35
1712244884181 169112.9 36
1712244894254 169112.9 37
1712244904328 169112.9 38
1712244914367 169112.9 39
1712244924454 169112.9 40
1712244934504 169112.9 41
1712244944587 169112.9 42
1712244954680 169112.9 43
1712244964706 169112.9 44
1712244974736 169112.9 45
1712244984840 169112.9 46
1712244994887 169112.9 47
1712245004927 169112.9 48
1712245015009 169112.9 49
1712245025043 169112.9 50
1712245035082 169112.9 51
1712245045166 169112.9 52
1712245055201 169112.9 53
1712245065232 169112.9 54
1712245075320 169112.9 55
1712245085389 169113.4 56
1712245095469 169113.4 57
1712245105542 169113.4 58
1712245115620 169113.4 59
1712245125659 169113.4 60
1712245135736 169113.4 61
1712245145834 169113.4 62
1712245155920 169113.4 63
1712245166021 169113.4 64
1712245176090 169113.4 65
1712245186123 169113.4 66
1712245196190 169113.4 67
1712245206265 169113.4 68
1712245216353 169113.4 69
1712245226430 169113.4 70
1712245236511 169113.4 71
1712245246550 169113.4 72
1712245256635 169113.4 73
1712245266708 169113.4 74
1712245276803 169113.4 75
1712245286882 169113.4 76
1712245296962 169113.4 77
1712245307010 169113.4 78
1712245317086 169113.4 79
1712245327166 169113.4 80
1712245337247 169113.4 81
1712245347343 169113.4 82
1712245357442 169113.4 83
1712245367485 169113.4 84
1712245377559 169113.4 85
1712245387658 169113.4 86
1712245397766 169113.4 87
1712245407868 169113.4 88
1712245417898 169113.4 89
1712245427968 169113.4 90
1712245438059 169113.4 91
1712245448129 169113.4 92
1712245458220 169113.4 93
1712245468303 169113.4 94
1712245478350 169113.4 95
1712245488432 169113.4 96
1712245498511 169113.4 97
1712245508592 169113.4 98
1712245518661 169113.4 99
1712245528748 169113.4 100
1712245538783 169113.4 101
1712245548858 169113.4 102
1712245558940 169113.4 103
1712245569025 169113.4 104
1712245579114 169113.4 105
1712245589201 169113.4 106
1712245599231 169113.4 107
1712245609303 169113.4 108
1712245619371 169113.4 109
1712245629460 169113.4 110
1712245639543 169113.5 111
1712245649613 169113.5 112
1712245659638 169113.5 113
1712245669707 169113.5 114
1712245679787 169113.5 115
1712245689880 169113.5 116
1712245699968 169113.5 117
1712245710050 169113.5 118
1712245720080 169113.5 119
1712245730153 169113.5 120
1712245740241 169113.5 121
1712245750329 157379.5 122
1712245760419 161211.3 123
1712245770492 164478.1 124
1712245780526 164478.1 125
1712245790559 164478.1 126
1712245800594 164478.1 127
1712245810679 164478.1 128
1712245820719 164478.1 129
1712245830753 164478.1 130
1712245840785 164478.1 131
1712245850813 164478.1 132
1712245860893 164478.1 133
1712245870979 164478.1 134
1712245881058 164478.1 135
1712245891137 164478.1 136
1712245901167 164478.1 137
1712245911249 164478.1 138
1712245921346 164478.1 139
1712245931470 161009.8 140
1712245941596 166452.1 141
1712245951675 168637.7 142
1712245961716 169891.5 143
1712245971811 171543.9 144
1712245981903 171543.9 145
1712245992004 171543.9 146
1712246002094 171543.9 147
1712246012181 171543.9 148
1712246022223 171543.9 149
1712246032302 171544.0 150
1712246042382 171544.0 151
1712246052463 171544.0 152
1712246062546 171544.0 153
1712246072632 171544.0 154
1712246082669 171544.0 155
1712246092753 171544.0 156
1712246102830 171544.0 157
1712246112907 171544.0 158
1712246122991 171544.5 159
1712246133081 171544.5 160
1712246143117 171544.5 161
1712246153196 171544.5 162
1712246163306 171544.5 163
1712246173383 171544.5 164
1712246183463 171544.5 165
1712246193551 171544.5 166
1712246203586 171544.5 167
1712246213668 171544.5 168
1712246223756 171544.5 169
1712246233827 171544.5 170
1712246243911 171544.5 171
1712246253998 171544.5 172
1712246264030 171544.5 173
1712246274108 171544.5 174
1712246284189 171544.5 175
1712246294284 171544.5 176
1712246304376 171544.5 177
1712246314447 171544.5 178
1712246324488 171544.5 179
1712246334576 171544.5 180
1712246344661 171544.5 181
1712246354741 171544.5 182
1712246364818 171544.5 183
1712246374897 171544.5 184
1712246384934 171544.5 185
1712246395004 171544.5 186
1712246405082 171544.5 187
1712246415157 171544.5 188
1712246425249 171544.5 189
1712246435339 171544.5 190
1712246445372 171544.5 191
1712246455468 171544.5 192
1712246465557 171544.5 193
1712246475637 171544.5 194
1712246485710 171544.5 195
1712246495800 171544.5 196
1712246505838 171544.5 197
1712246515938 171544.5 198
1712246526028 171544.5 199
1712246536116 171544.5 200
1712246546219 171544.5 201
1712246556308 171544.5 202
1712246566355 171544.5 203
1712246576438 171544.5 204
1712246586522 171544.5 205
1712246596618 171544.5 206
1712246606706 171544.5 207
1712246616802 171544.5 208
1712246626840 171544.5 209
1712246636913 171544.5 210
1712246647001 171544.5 211
1712246657104 171544.5 212
1712246667196 171544.5 213
1712246677279 171544.5 214
1712246687312 171544.5 215
1712246697397 171544.5 216
1712246707487 171544.5 217
1712246717585 171544.5 218
1712246727629 171544.5 219
1712246737896 171544.5 220
1712246748000 171544.6 221
1712246758080 171544.6 222
1712246768181 171544.6 223
1712246778281 171544.6 224
1712246788367 171544.6 225
1712246798455 171544.6 226
1712246808553 171544.6 227
1712246818656 171544.6 228
1712246828784 171544.6 229
1712246838872 171544.6 230
1712246848951 171544.6 231
1712246859054 171544.6 232
1712246869157 171544.6 233
1712246879243 171544.6 234
1712246889338 171544.6 235
1712246899427 171544.6 236
1712246909504 171544.6 237
1712246919587 171544.6 238
1712246929693 171544.6 239
1712246939805 171544.6 240
1712246949898 171544.6 241
1712246960023 171544.6 242
1712246970125 171544.6 243
1712246980220 171544.6 244
1712246990321 171544.6 245
1712247000422 171544.6 246
1712247010507 171544.6 247
1712247020614 171544.6 248
1712247030703 171544.6 249
1712247040810 171544.6 250
1712247050897 171544.6 251
1712247060988 171544.6 252
1712247071084 171544.6 253
1712247081173 171544.6 254
1712247091276 171544.6 255
1712247101391 171544.6 256
1712247111497 171544.6 257
1712247121575 171544.6 258
1712247131664 171544.6 259
1712247142010 171544.6 260
1712247152127 159198.9 261
1712247162208 159199.4 262
1712247172307 165212.6 263
1712247182387 165212.6 264
1712247192468 165212.6 265
1712247202555 165212.6 266
1712247212646 165212.6 267
1712247222723 165212.6 268
1712247232836 165212.6 269
1712247242920 165212.6 270
1712247252997 165212.6 271
1712247263087 165212.6 272
1712247273169 165212.6 273
1712247283250 165212.6 274
1712247293356 165212.6 275
1712247303435 165212.6 276
1712247313532 165212.6 277
1712247325052 165212.6 278
1712247335154 159423.4 279
1712247345275 164321.6 280
1712247355395 168692.5 281
1712247365497 171604.2 282
1712247375590 171604.2 283
1712247385682 171604.2 284
1712247395780 171604.2 285
1712247405875 171604.2 286
1712247415995 171604.2 287
1712247426097 171604.2 288
1712247436199 171604.2 289
1712247446292 171604.2 290
1712247456392 171604.2 291
1712247466489 171604.2 292
1712247476575 171604.2 293
1712247486684 171604.2 294
1712247496783 171604.2 295
1712247506886 171604.2 296
1712247516971 171604.2 297
1712247527058 171604.2 298
1712247537142 171604.2 299
1712247547227 171604.2 300
1712247557324 171604.2 301
1712247567416 171604.2 302
1712247577517 171604.2 303
1712247587602 171604.2 304
1712247597696 171604.2 305
1712247607796 171604.2 306
1712247617904 171604.2 307
1712247628001 171604.2 308
1712247638084 171604.2 309
1712247648205 171604.2 310
1712247658302 171604.2 311
1712247668409 171604.2 312
1712247678512 171604.2 313
1712247688593 171604.2 314
1712247698677 171604.2 315
1712247708770 171604.2 316
1712247718847 171604.2 317
1712247728928 171604.2 318
1712247739038 171604.2 319
1712247749128 171604.2 320
1712247759229 171604.2 321
1712247769329 171604.2 322
1712247779423 171604.2 323
1712247789514 171604.2 324
1712247799599 171604.2 325
1712247809722 171604.2 326
1712247819819 171604.2 327
1712247829924 171604.2 328
1712247840040 171604.2 329
1712247850141 171604.2 330
1712247860227 171604.2 331
1712247870326 171604.2 332
1712247880414 171604.2 333
1712247890505 171604.2 334
1712247900607 171604.2 335
1712247910695 171604.2 336
1712247920797 171604.2 337
1712247930884 171604.2 338
1712247940973 171604.2 339
1712247951061 171604.2 340
1712247961155 171604.2 341
1712247971249 171604.2 342
1712247981336 171604.2 343
1712247991426 171604.2 344
1712248001506 171604.2 345
1712248011604 171604.2 346
1712248021699 171604.2 347
1712248031785 171604.2 348
1712248041872 171604.2 349
1712248051975 171604.2 350
1712248062055 171604.2 351
1712248072151 171604.2 352
1712248082246 171604.2 353
1712248092331 171604.2 354
1712248102434 171604.2 355
1712248112529 171604.2 356
1712248122628 171604.2 357
1712248132730 171604.2 358
1712248142815 171604.2 359
1712248152894 171604.3 360
1712248162999 171604.3 361
1712248173095 171604.3 362
1712248183205 171604.3 363
1712248193303 171604.3 364
1712248203390 171604.8 365
1712248213486 171604.8 366
1712248223573 171604.8 367
1712248233661 171604.8 368
1712248243761 171604.8 369
1712248253852 171604.8 370
1712248263930 171604.8 371
1712248274020 171604.8 372
1712248284101 171604.8 373
1712248294189 171604.8 374
1712248304279 171604.8 375
1712248314364 171604.8 376
1712248324471 171604.8 377
1712248334593 171604.8 378
1712248344695 171604.8 379
1712248354797 171604.8 380
1712248364900 171604.8 381
1712248374998 171604.8 382
1712248385083 171604.8 383
1712248395172 171604.8 384
1712248405280 171604.8 385
1712248415370 171604.8 386
1712248425460 171604.8 387
1712248435553 171604.8 388
1712248445638 171604.8 389
1712248455746 171604.8 390
1712248465838 171604.8 391
1712248475921 171604.8 392
1712248486007 171604.8 393
1712248496104 171604.8 394
1712248506183 171604.8 395
1712248516274 171604.8 396
1712248526365 171604.8 397
1712248536465 171604.8 398
1712248546573 171604.8 399
1712248556676 159155.8 400
1712248566760 161870.0 401
1712248576864 165144.8 402
1712248586955 165144.8 403
1712248597041 165144.8 404
1712248607138 165144.8 405
1712248617230 165144.8 406
1712248627312 165144.8 407
1712248637404 165144.8 408
1712248647511 165144.8 409
1712248657596 165144.8 410
1712248667706 165144.8 411
1712248677791 165144.8 412
1712248687876 165144.8 413
1712248697963 165144.8 414
1712248708040 165144.8 415
1712248718120 165144.8 416
1712248728234 165144.8 417
1712248738579 160897.3 418
1712248748692 167413.8 419
1712248758812 169625.1 420
1712248768899 171577.4 421
1712248778990 171577.4 422
1712248789077 171577.4 423
1712248799160 171577.4 424
1712248809262 171577.4 425
1712248819354 171577.4 426
1712248829447 171577.4 427
1712248839541 171577.4 428
1712248849629 171577.4 429
1712248859751 171577.4 430
1712248869865 171577.4 431
1712248879968 171577.4 432
1712248890085 171577.4 433
1712248900202 171577.4 434
1712248910318 171577.4 435
1712248920426 171577.4 436
1712248930541 171577.4 437
1712248940651 171577.4 438
1712248950766 171577.4 439
1712248960891 171577.4 440
1712248971008 171577.4 441
1712248981128 171577.4 442
1712248991233 171577.5 443
1712249001366 171577.5 444
1712249011473 171577.5 445
1712249021592 171577.5 446
1712249031699 171577.5 447
1712249041821 171577.5 448
1712249051948 171577.5 449
1712249062066 171577.5 450
1712249072174 171577.5 451
1712249082287 171577.5 452
1712249092398 171577.5 453
1712249102511 171577.5 454
1712249112631 171577.5 455
1712249122745 171577.5 456
1712249132851 171577.5 457
1712249142957 171577.5 458
1712249153066 171577.5 459
1712249163173 171577.5 460
1712249173278 171577.5 461
1712249183392 171577.5 462
1712249193507 171577.5 463
1712249203622 171577.5 464
1712249213724 171577.5 465
1712249223846 171577.5 466
1712249233962 171577.5 467
1712249244079 171578.0 468
1712249254196 171578.0 469
1712249264314 171578.0 470
1712249274442 171578.0 471
1712249284548 171578.0 472
1712249294662 171578.0 473
1712249304750 171578.0 474
1712249314848 171578.0 475
1712249324950 171578.0 476
1712249335046 171578.0 477
1712249345153 171578.0 478
1712249355244 171578.0 479
1712249365324 171578.0 480
1712249375424 171578.0 481
1712249385515 171578.0 482
1712249395603 171578.0 483
1712249405694 171578.0 484
1712249415793 171578.0 485
1712249425886 171578.0 486
1712249435970 171578.0 487
1712249446061 171578.0 488
1712249456158 171578.0 489
1712249466264 171578.0 490
1712249476361 171578.0 491
1712249486581 171578.0 492
1712249496682 171578.0 493
1712249506781 171578.0 494
1712249516873 171578.0 495
1712249526967 171578.0 496
1712249537063 171578.0 497
1712249547159 171578.0 498
1712249557263 171578.0 499
1712249567361 171578.0 500
1712249577459 171578.0 501
1712249587562 171578.0 502
1712249597649 171578.0 503
1712249607731 171578.0 504
1712249617830 171578.0 505
1712249627932 171578.0 506
1712249638026 171578.0 507
1712249648128 171578.0 508
1712249658236 171578.0 509
1712249668332 171578.0 510
1712249678427 171578.0 511
1712249688519 171578.0 512
1712249698605 171578.0 513
1712249708727 171578.0 514
1712249718831 171578.0 515
1712249728944 171578.0 516
1712249739040 171578.0 517
1712249749126 171578.0 518
1712249759219 171578.0 519
1712249769306 171578.0 520
1712249779391 171578.0 521
1712249789478 171578.0 522
1712249799568 171578.0 523
1712249809662 171578.0 524
1712249819760 171578.0 525
1712249829876 171578.0 526
1712249839990 171578.0 527
1712249850090 171578.0 528
1712249860201 171578.0 529
1712249870296 171578.0 530
1712249880383 171578.0 531
1712249890485 171578.0 532
1712249900576 171578.0 533
1712249910665 171578.0 534
1712249920754 171578.0 535
1712249930849 171578.0 536
1712249940962 171578.0 537
1712249951070 171578.0 538
1712249961168 160062.6 539
1712249971266 160062.6 540
1712249981350 165001.6 541
1712249991434 165001.6 542
1712250001522 165001.6 543
1712250011618 165001.6 544
1712250021708 165001.6 545
1712250031796 165001.6 546
1712250041901 165001.6 547
1712250051995 165001.6 548
1712250062081 165001.6 549
1712250072165 165001.6 550
1712250082283 165001.6 551
1712250092367 165001.6 552
1712250102456 165001.6 553
1712250112543 165001.6 554
1712250122650 165001.6 555
1712250132769 165001.6 556
1712250142930 160901.0 557
1712250153076 167420.2 558
1712250163209 169594.8 559
1712250173318 171588.7 560
1712250183421 171588.7 561
1712250193513 171588.7 562
1712250203632 171588.7 563
1712250213758 171588.7 564
1712250223895 171588.7 565
1712250234013 171588.7 566
1712250244135 171588.7 567
1712250254259 171588.7 568
1712250264362 171588.7 569
1712250274492 171588.7 570
1712250284587 171588.7 571
1712250294684 171589.2 572
1712250305266 171589.2 573
1712250315353 171589.2 574
1712250325444 171589.2 575
1712250335541 171589.2 576
1712250345650 171589.2 577
1712250355747 171589.2 578
1712250365863 171589.2 579
1712250375954 171589.2 580
1712250386038 171589.2 581
1712250396121 171589.2 582
1712250406209 171589.2 583
1712250416308 171589.2 584
1712250426406 171589.2 585
1712250436516 171589.2 586
1712250446601 171589.2 587
1712250456702 171589.2 588
1712250466802 171589.2 589
1712250476928 171589.2 590
1712250487041 171589.2 591
1712250497139 171589.2 592
1712250507244 171589.2 593
1712250517339 171589.2 594
1712250527448 171589.2 595
1712250537549 171589.2 596
1712250547644 171589.2 597
1712250557744 171589.2 598
1712250567836 171589.2 599
1712250577929 171589.2 600
1712250588020 171589.2 601
1712250598119 171589.2 602
1712250608202 171589.2 603
1712250618290 171589.2 604
1712250628383 171589.2 605
1712250638483 171589.2 606
1712250648582 171589.2 607
1712250658697 171589.2 608
1712250668783 171589.2 609
1712250678880 171589.2 610
1712250688979 171589.2 611
1712250699074 171589.2 612
1712250709198 171589.2 613
1712250719324 171589.2 614
1712250729407 171589.2 615
1712250739502 171589.2 616
1712250749610 171589.2 617
1712250759710 171589.2 618
1712250769804 171589.2 619
1712250779896 171589.2 620
1712250789995 171589.2 621
1712250800084 171589.2 622
1712250810188 171589.2 623
1712250820289 171589.2 624
1712250830374 171589.2 625
1712250840478 171589.2 626
1712250850605 171589.2 627
1712250860723 171589.2 628
1712250870822 171589.2 629
1712250880915 171589.2 630
1712250891015 171589.2 631
1712250901112 171589.2 632
1712250911216 171589.2 633
1712250921308 171589.2 634
1712250931405 171589.2 635
1712250941516 171589.2 636
1712250951614 171589.2 637
1712250961710 171589.2 638
1712250971819 171589.2 639
1712250981911 171589.2 640
1712250992014 171589.2 641
1712251002121 171589.2 642
1712251012212 171589.2 643
1712251022318 171589.2 644
1712251032443 171589.2 645
1712251042539 171589.2 646
1712251052641 171589.2 647
1712251062754 171589.2 648
1712251072872 171589.2 649
1712251082966 171589.2 650
1712251093064 171589.2 651
1712251103181 171589.2 652
1712251113280 171589.2 653
1712251123376 171589.2 654
1712251133504 171589.2 655
1712251143598 171589.2 656
1712251153688 171589.2 657
1712251163790 171589.2 658
1712251173888 171589.2 659
1712251184004 171589.2 660
1712251194098 171589.2 661
1712251204185 171589.2 662
1712251214294 171589.2 663
1712251224401 171589.2 664
1712251234491 171589.2 665
1712251244591 171589.2 666
1712251254710 171589.2 667
1712251264811 171589.3 668
1712251274904 171589.3 669
1712251285024 171589.3 670
1712251295120 171589.3 671
1712251305216 171589.3 672
1712251315320 171589.3 673
1712251325420 171589.3 674
1712251335544 171589.8 675
1712251345639 171589.8 676
1712251355769 171589.8 677
1712251365877 159174.1 678
1712251375982 161879.2 679
1712251386092 165163.3 680
1712251396188 165163.3 681
1712251406303 165163.3 682
1712251416405 165163.3 683
1712251426503 165163.3 684
1712251436590 165163.3 685
1712251446700 165163.3 686
1712251456798 165163.3 687
1712251466912 165163.3 688
1712251477006 165163.3 689
1712251487103 165163.3 690
1712251497212 165163.3 691
1712251507315 165163.3 692
1712251517417 165163.3 693
1712251527508 165163.3 694
1712251538168 165163.3 695
1712251548296 163099.1 696
1712251558396 168551.1 697
1712251568523 170049.7 698
1712251578631 171606.4 699
1712251588731 171606.4 700
1712251598828 171606.4 701
1712251608933 171606.4 702
1712251619037 171606.4 703
1712251629146 171606.4 704
1712251639245 171606.4 705
1712251649348 171606.4 706
1712251659466 171606.4 707
1712251669565 171606.4 708
1712251679680 171606.4 709
1712251689784 171606.4 710
1712251699888 171606.4 711
1712251709994 171606.4 712
1712251720109 171606.4 713
1712251730207 171606.4 714
1712251740302 171606.5 715
1712251750412 171606.5 716
1712251760533 171606.5 717
1712251770655 171606.5 718
1712251780766 171606.5 719
1712251790866 171606.5 720
1712251800953 171606.5 721
1712251811062 171606.5 722
1712251821669 171606.5 723
1712251831808 171606.5 724
1712251841903 171606.5 725
1712251852008 171606.5 726
1712251862124 171606.5 727
1712251872252 171606.5 728
1712251882363 171606.5 729
1712251892463 171606.5 730
1712251902559 171606.5 731
1712251912671 171606.5 732
1712251922769 171606.5 733
1712251932875 171606.5 734
1712251942982 171606.5 735
1712251953086 171606.5 736
1712251963183 171606.5 737
1712251973295 171606.5 738
1712251983398 171606.5 739
1712251993504 171606.5 740
1712252003598 171606.5 741
1712252013701 171606.5 742
1712252023793 171606.5 743
1712252033883 171606.5 744
1712252043994 171606.5 745
1712252054098 171606.5 746
1712252064191 171606.5 747
1712252074288 171606.5 748
1712252084400 171606.5 749
1712252094494 171606.5 750
1712252104606 171606.5 751
1712252114706 171606.5 752
1712252124804 171606.5 753
1712252134918 171606.5 754
1712252145024 171606.5 755
1712252155126 171606.5 756
1712252165226 171606.5 757
1712252175327 171606.5 758
1712252185422 171606.5 759
1712252195513 171606.5 760
1712252205647 171606.5 761
1712252215758 171606.5 762
1712252225882 171606.5 763
1712252235983 171606.5 764
1712252246085 171606.5 765
1712252256199 171606.5 766
1712252266302 171606.5 767
1712252276408 171606.5 768
1712252286529 171606.5 769
1712252296637 171606.5 770
1712252306741 171606.5 771
1712252316863 171606.5 772
1712252326957 171606.5 773
1712252337047 171606.5 774
1712252347135 171606.5 775
1712252357243 171606.5 776
1712252367355 171606.5 777
1712252377449 171607.0 778
1712252387546 171607.0 779
1712252397654 171607.0 780
1712252407759 171607.0 781
1712252417866 171607.0 782
1712252427966 171607.0 783
1712252438064 171607.0 784
1712252448172 171607.0 785
1712252458273 171607.0 786
1712252468381 171607.0 787
1712252478492 171607.0 788
1712252488593 171607.0 789
1712252498695 171607.0 790
1712252508797 171607.0 791
1712252518911 171607.0 792
1712252529040 171607.0 793
1712252539141 171607.0 794
1712252549246 171607.0 795
1712252559339 171607.0 796
1712252569458 171607.0 797
1712252579554 171607.0 798
1712252589646 171607.0 799
1712252599749 171607.0 800
1712252609842 171607.0 801
1712252619951 171607.0 802
1712252630053 171607.0 803
1712252640170 171607.0 804
1712252650278 171607.0 805
1712252660402 171607.0 806
1712252670519 171607.0 807
1712252680618 171607.0 808
1712252690732 171607.0 809
1712252700832 171607.0 810
1712252710935 171607.0 811
1712252721063 171607.0 812
1712252731169 171607.0 813
1712252741261 171607.0 814
1712252751360 171607.0 815
1712252761485 159211.9 816
1712252771612 159211.9 817
1712252781711 165191.0 818
1712252791815 165191.0 819
1712252801936 165191.0 820
1712252812055 165191.0 821
1712252822171 165191.0 822
1712252832272 165191.0 823
1712252842377 165191.0 824
1712252852489 165191.0 825
1712252862608 165191.0 826
1712252872717 165191.0 827
1712252882847 165191.0 828
1712252892944 165191.0 829
1712252903056 165191.0 830
1712252913161 165191.0 831
1712252923256 165191.0 832
1712252933378 165191.0 833
1712252943492 159857.5 834
1712252953885 166394.4 835
1712252964022 168631.1 836
1712252974157 171607.8 837
1712252984271 171607.8 838
1712252994375 171607.8 839
1712253004473 171607.8 840
1712253014571 171607.8 841
1712253024669 171607.8 842
1712253034763 171607.8 843
1712253044871 171607.8 844
1712253054978 171607.8 845
1712253065077 171607.8 846
1712253075174 171607.8 847
1712253085272 171607.8 848
1712253095378 171607.8 849
1712253105487 171607.8 850
1712253115587 171607.8 851
1712253125686 171607.8 852
1712253135786 171607.8 853
1712253145878 171607.8 854
1712253155985 171607.8 855
1712253166100 171607.8 856
1712253176223 171607.8 857
1712253186345 171607.8 858
1712253196476 171607.8 859
1712253206589 171607.8 860
1712253216696 171607.8 861
1712253226817 171607.8 862
1712253236921 171607.8 863
1712253247034 171607.8 864
1712253257146 171607.8 865
1712253267280 171607.8 866
1712253277411 171607.8 867
1712253287524 171607.8 868
1712253297640 171607.8 869
1712253307764 171607.8 870
1712253317877 171607.8 871
1712253327994 171607.8 872
1712253338113 171607.8 873
1712253348216 171607.8 874
1712253358312 171607.8 875
1712253368409 171607.8 876
1712253378511 171607.8 877
1712253388628 171607.8 878
1712253399486 171607.8 879
1712253409594 171607.8 880
1712253419698 171608.3 881
1712253429809 171608.4 882
1712253439913 171608.4 883
1712253450015 171608.4 884
1712253460122 171608.4 885
1712253470215 171608.4 886
1712253480309 171608.4 887
1712253490403 171608.4 888
1712253500507 171608.4 889
1712253510609 171608.4 890
1712253520719 171608.4 891
1712253530837 171608.4 892
1712253540942 171608.4 893
1712253551040 171608.4 894
1712253561143 171608.4 895
1712253571240 171608.4 896
1712253581346 171608.4 897
1712253591453 171608.4 898
1712253601572 171608.4 899
1712253611677 171608.4 900
1712253621788 171608.4 901
1712253631901 171608.4 902
1712253642002 171608.4 903
1712253652112 171608.4 904
1712253662210 171608.4 905
1712253672346 171608.4 906
1712253682559 171608.4 907
1712253692662 171608.4 908
1712253702773 171608.4 909
1712253712875 171608.4 910
1712253722974 171608.4 911
1712253733084 171608.4 912
1712253743190 171608.4 913
1712253753306 171608.4 914
1712253763415 171608.4 915
1712253773532 171608.4 916
1712253783655 171608.4 917
1712253793750 171608.4 918
1712253803851 171608.4 919
1712253813951 171608.4 920
1712253824052 171608.4 921
1712253834164 171608.4 922
1712253844279 171608.4 923
1712253854382 171608.4 924
1712253864476 171608.4 925
1712253874570 171608.4 926
1712253884675 171608.4 927
1712253894794 171608.4 928
1712253904906 171608.4 929
1712253915026 171608.4 930
1712253925131 171608.4 931
1712253935240 171608.4 932
1712253945368 171608.4 933
1712253955486 171608.4 934
1712253965608 171608.4 935
1712253975713 171608.4 936
1712253985846 171608.4 937
1712253995970 171608.4 938
1712254006074 171608.4 939
1712254016174 171608.4 940
1712254026289 171608.4 941
1712254036399 171608.4 942
1712254046500 171608.4 943
1712254056613 171608.4 944
1712254066708 171608.4 945
1712254076834 171608.4 946
1712254086937 171608.4 947
1712254097055 171608.4 948
1712254107168 171608.4 949
1712254117284 171608.4 950
1712254127381 171608.4 951
1712254137476 171608.4 952
1712254147681 171608.4 953
1712254157808 171608.4 954
1712254167916 158856.8 955
1712254178032 158856.8 956
1712254188136 163841.3 957
1712254198252 166007.6 958
1712254208357 166007.6 959
1712254218466 166007.6 960
1712254228568 166007.6 961
1712254238660 166007.6 962
1712254248758 166007.6 963
1712254258880 166007.6 964
1712254269001 166007.6 965
1712254279112 166007.6 966
1712254289228 166007.6 967
1712254299391 166007.6 968
1712254309502 166007.6 969
1712254319599 166007.6 970
1712254329717 166007.6 971
1712254339818 166007.6 972
1712254349963 166007.6 973
1712254360120 164659.7 974
1712254370372 169000.0 975
1712254380506 170096.5 976
1712254390622 171683.6 977
1712254400734 171683.6 978
1712254410839 171683.6 979
1712254420950 171683.6 980
1712254431047 171683.6 981
1712254441160 171683.6 982
1712254451284 171683.6 983
1712254461413 171684.1 984
1712254471518 171684.1 985
1712254481632 171684.1 986
1712254491737 171684.1 987
1712254501845 171684.1 988
1712254511965 171684.1 989
1712254522064 171684.1 990
1712254532161 171684.1 991
1712254542835 171684.1 992
1712254552951 171684.1 993
1712254563079 171684.1 994
1712254573193 171684.1 995
1712254583297 171684.1 996
1712254593405 171684.1 997
1712254603513 171684.1 998
1712254613633 171684.1 999
1712254623741 171684.1 1000
1712254633861 171684.1 1001
1712254643990 171684.1 1002
1712254654092 171684.1 1003
1712254664193 171684.1 1004
1712254674297 171684.1 1005
1712254684399 171684.1 1006
1712254694495 171684.1 1007
1712254704608 171684.1 1008
1712254714719 171684.1 1009
1712254724824 171684.1 1010
1712254734933 171684.1 1011
1712254745056 171684.1 1012
1712254755165 171684.1 1013
1712254765275 171684.1 1014
1712254775383 171684.1 1015
1712254785508 171684.1 1016
1712254795629 171684.1 1017
1712254805751 171684.1 1018
1712254815901 171684.1 1019
1712254826051 171684.1 1020
1712254836169 171684.1 1021
1712254846284 171684.1 1022
1712254856419 171684.1 1023
1712254866521 171684.1 1024
1712254876624 171684.1 1025
1712254886835 171684.1 1026
1712254896942 171684.1 1027
1712254907052 171684.2 1028
1712254917151 171684.2 1029
1712254927253 171684.2 1030
1712254937352 171684.2 1031
1712254947461 171684.2 1032
1712254957574 171684.2 1033
1712254967699 171684.2 1034
1712254977818 171684.2 1035
1712254987928 171684.2 1036
1712254998039 171684.2 1037
1712255008179 171684.2 1038
1712255018313 171684.2 1039
1712255028439 171684.2 1040
1712255038556 171684.2 1041
1712255048665 171684.2 1042
1712255058767 171684.2 1043
1712255068880 171684.2 1044
1712255078975 171684.2 1045
1712255089082 171684.2 1046
1712255099191 171684.2 1047
1712255109287 171684.2 1048
1712255119413 171684.2 1049
1712255129512 171684.2 1050
1712255139641 171684.2 1051
1712255149744 171684.2 1052
1712255159855 171684.2 1053
1712255169975 171684.2 1054
1712255180083 171684.2 1055
1712255190181 171684.2 1056
1712255200283 171684.2 1057
1712255210402 171684.2 1058
1712255220612 171684.2 1059
1712255230733 171684.2 1060
1712255240842 171684.2 1061
1712255250945 171684.2 1062
1712255261051 171684.2 1063
1712255271157 171684.2 1064
1712255281264 171684.2 1065
1712255291371 171684.2 1066
1712255301466 171684.2 1067
1712255311566 171684.2 1068
1712255321667 171684.2 1069
1712255331783 171684.2 1070
1712255341935 171684.2 1071
1712255352060 171684.2 1072
1712255362190 171684.2 1073
1712255372325 171684.2 1074
1712255382425 171684.2 1075
1712255392546 171684.2 1076
1712255402659 171684.2 1077
1712255412786 171684.2 1078
1712255422891 171684.2 1079
1712255432990 171684.2 1080
1712255443097 171684.2 1081
1712255453215 171684.2 1082
1712255463312 171684.2 1083
1712255473413 171684.2 1084
1712255483520 171684.2 1085
1712255493623 171684.2 1086
1712255503737 171684.7 1087
1712255513845 171684.7 1088
1712255523954 171684.7 1089
1712255534067 171684.7 1090
1712255544177 171684.7 1091
1712255554286 171684.7 1092
1712255564411 171684.7 1093
1712255574523 171684.7 1094
1712255584649 159285.1 1095
1712255594763 163124.4 1096
1712255604865 165304.9 1097
1712255614979 165304.9 1098
1712255625114 165304.9 1099
1712255635244 165304.9 1100
1712255645374 165304.9 1101
1712255655497 165304.9 1102
1712255665592 165304.9 1103
1712255675698 165304.9 1104
1712255685803 165304.9 1105
1712255695929 165304.9 1106
1712255706063 165304.9 1107
1712255716173 165304.9 1108
1712255726384 165304.9 1109
1712255736494 165304.9 1110
1712255746598 165304.9 1111
1712255756736 165304.9 1112
1712255766873 164670.0 1113
1712255776992 169021.8 1114
1712255787126 170110.6 1115
1712255797257 171700.6 1116
1712255807377 171700.6 1117
1712255817511 171700.6 1118
1712255827637 171700.6 1119
1712255837758 171700.6 1120
1712255847893 171700.6 1121
1712255858022 171700.6 1122
1712255868140 171700.6 1123
1712255878250 171700.6 1124
1712255888370 171700.6 1125
1712255898497 171700.6 1126
1712255908614 171700.6 1127
1712255918726 171700.6 1128
1712255928834 171700.6 1129
1712255938963 171700.6 1130
1712255949074 171700.6 1131
1712255959180 171700.6 1132
1712255969304 171700.6 1133
1712255979439 171700.6 1134
1712255989573 171700.6 1135
1712255999686 171700.6 1136
1712256009849 171700.6 1137
1712256019974 171700.6 1138
1712256030121 171700.6 1139
1712256040285 171700.6 1140
1712256050422 171700.6 1141
1712256060532 171700.6 1142
1712256070647 171700.6 1143
1712256080776 171700.6 1144
1712256090883 171700.6 1145
1712256100984 171700.6 1146
1712256111103 171700.6 1147
1712256121230 171700.6 1148
1712256131339 171700.6 1149
1712256141484 171700.6 1150
1712256151626 171700.6 1151
1712256161745 171700.6 1152
1712256171871 171700.6 1153
1712256181988 171700.6 1154
1712256192102 171700.6 1155
1712256202215 171700.6 1156
1712256212328 171700.6 1157
1712256222454 171700.6 1158
1712256232613 171700.6 1159
1712256242753 171700.6 1160
1712256252890 171700.6 1161
1712256263063 171700.6 1162
1712256273197 171700.6 1163
1712256283358 171700.6 1164
1712256293486 171700.6 1165
1712256303624 171700.6 1166
1712256313754 171700.6 1167
1712256323885 171700.6 1168
1712256334010 171700.7 1169
1712256344155 171700.7 1170
1712256354290 171700.7 1171
1712256364429 171700.7 1172
1712256374539 171700.7 1173
1712256384652 171700.7 1174
1712256394776 171700.7 1175
1712256404909 171700.7 1176
1712256415040 171700.7 1177
1712256425156 171700.7 1178
1712256435278 171700.7 1179
1712256445419 171700.7 1180
1712256455545 171700.7 1181
1712256465664 171700.7 1182
1712256475794 171700.7 1183
1712256485915 171700.7 1184
1712256496051 171700.7 1185
1712256506169 171700.7 1186
1712256516288 171700.7 1187
1712256526506 171700.7 1188
1712256536633 171700.7 1189
1712256546747 171701.2 1190
1712256556892 171701.2 1191
1712256567017 171701.2 1192
1712256577147 171701.2 1193
1712256587271 171701.2 1194
1712256597396 171701.2 1195
1712256607560 171701.2 1196
1712256617670 171701.2 1197
1712256627777 171701.2 1198
1712256637931 171701.2 1199
1712256648055 171701.2 1200
1712256658184 171701.2 1201
1712256668314 171701.2 1202
1712256678430 171701.2 1203
1712256688556 171701.2 1204
1712256698685 171701.2 1205
1712256708811 171701.2 1206
1712256718955 171701.2 1207
1712256729089 171701.2 1208
1712256739220 171701.2 1209
1712256749345 171701.2 1210
1712256759494 171701.2 1211
1712256769622 171701.2 1212
1712256779749 171701.2 1213
1712256789860 171701.2 1214
1712256799988 171701.2 1215
1712256810103 171701.2 1216
1712256820223 171701.2 1217
1712256830335 171701.2 1218
1712256840455 171701.2 1219
1712256850580 171701.2 1220
1712256860697 171701.2 1221
1712256870836 171701.2 1222
1712256880978 171701.2 1223
1712256891089 171701.2 1224
1712256901207 171701.2 1225
1712256911338 171701.2 1226
1712256921455 171701.2 1227
1712256931579 171701.2 1228
1712256941714 171701.2 1229
1712256951842 171701.2 1230
1712256961954 171701.2 1231
1712256972066 171701.2 1232
1712256982294 159321.4 1233
1712256992464 160958.0 1234
1712257002580 165315.6 1235
1712257012705 165315.6 1236
1712257022821 165315.6 1237
1712257032960 165315.6 1238
1712257043096 165315.6 1239
1712257053230 165315.6 1240
1712257063367 165315.6 1241
1712257073506 165315.6 1242
1712257083615 165315.6 1243
1712257093736 165315.6 1244
1712257103865 165315.6 1245
1712257113983 165315.6 1246
1712257124111 165315.6 1247
1712257134240 165315.6 1248
1712257144373 165315.6 1249
1712257154536 165315.6 1250
1712257164779 161380.8 1251
1712257175474 166882.8 1252
1712257185634 170127.6 1253
1712257195791 171723.8 1254
1712257205928 171723.8 1255
1712257216049 171723.8 1256
1712257226188 171723.8 1257
1712257236317 171723.8 1258
1712257246438 171723.8 1259
1712257256571 171723.8 1260
1712257266696 171723.8 1261
1712257276814 171723.8 1262
1712257286960 171723.8 1263
1712257297073 171723.8 1264
1712257307216 171723.8 1265
1712257317358 171723.8 1266
1712257327489 171723.8 1267
1712257337612 171723.8 1268
1712257347738 171723.8 1269
1712257357855 171723.8 1270
1712257367979 171723.8 1271
1712257378102 171723.8 1272
1712257388216 171723.8 1273
1712257398364 171723.8 1274
1712257408478 171723.8 1275
1712257418612 171723.8 1276
1712257428751 171723.8 1277
1712257438884 171723.8 1278
1712257449011 171723.8 1279
1712257459122 171723.8 1280
1712257469238 171723.8 1281
1712257479358 171723.8 1282
1712257489492 171723.8 1283
1712257499620 171723.8 1284
1712257509747 171723.8 1285
1712257519886 171723.8 1286
1712257530030 171723.8 1287
1712257540258 171723.8 1288
1712257550397 171723.8 1289
1712257560546 171723.8 1290
1712257570681 171723.8 1291
1712257580823 171724.3 1292
1712257590946 171724.3 1293
1712257601092 171724.3 1294
1712257611228 171724.3 1295
1712257621362 171724.3 1296
1712257631508 171724.3 1297
1712257641632 171724.3 1298
1712257651772 171724.3 1299
1712257661910 171724.3 1300
1712257672047 171724.3 1301
1712257682191 171724.3 1302
1712257692310 171724.3 1303
1712257702426 171724.3 1304
1712257712548 171724.3 1305
1712257722675 171724.3 1306
1712257732892 171724.3 1307
1712257743020 171724.3 1308
1712257753141 171724.3 1309
1712257763265 171724.3 1310
1712257773393 171724.3 1311
1712257783506 171724.3 1312
1712257793636 171724.3 1313
1712257803748 171724.3 1314
1712257813866 171724.3 1315
1712257823986 171724.3 1316
1712257834116 171724.3 1317
1712257844243 171724.3 1318
1712257854356 171724.3 1319
1712257864475 171724.3 1320
1712257874595 171724.3 1321
1712257884729 171724.3 1322
1712257894864 171724.3 1323
1712257904995 171724.3 1324
1712257915117 171724.3 1325
1712257925239 171724.3 1326
1712257935458 171724.3 1327
1712257945601 171724.3 1328
1712257955723 171724.3 1329
1712257965856 171724.3 1330
1712257975977 171724.3 1331
1712257986097 171724.3 1332
1712257996221 171724.3 1333
1712258006364 171724.3 1334
1712258016485 171724.3 1335
1712258026614 171724.3 1336
1712258036739 171724.3 1337
1712258046870 171724.3 1338
1712258056994 171724.3 1339
1712258067122 171724.3 1340
1712258077239 171724.3 1341
1712258087367 171724.3 1342
1712258097501 171724.3 1343
1712258107621 171724.3 1344
1712258117748 171724.3 1345
1712258127873 171724.3 1346
1712258137987 171724.3 1347
1712258148109 171724.3 1348
1712258158216 171724.3 1349
1712258168327 171724.3 1350
1712258178449 171724.3 1351
1712258188574 171724.3 1352
1712258198697 171724.3 1353
1712258208844 171724.3 1354
1712258218975 171724.3 1355
1712258229122 171724.4 1356
1712258239241 171724.4 1357
1712258249363 171724.4 1358
1712258259491 171724.4 1359
1712258269623 171724.4 1360
1712258279744 171724.4 1361
1712258289856 171724.4 1362
1712258300063 171724.4 1363
1712258310187 171724.4 1364
1712258320316 171724.4 1365
1712258330438 171724.4 1366
1712258340582 171724.4 1367
1712258350706 171724.4 1368
1712258360818 171724.4 1369
1712258370964 171724.4 1370
1712258381100 171724.4 1371
1712258391211 159199.4 1372
1712258401331 163008.3 1373
1712258411446 165175.0 1374
1712258421561 165175.0 1375
1712258431671 165175.0 1376
1712258441795 165175.0 1377
1712258451932 165175.0 1378
1712258462050 165175.0 1379
1712258472168 165175.0 1380
1712258482308 165175.0 1381
1712258492431 165175.0 1382
1712258502549 165175.0 1383
1712258512678 165175.0 1384
1712258522806 165175.0 1385
1712258532926 165175.0 1386
1712258543044 165175.0 1387
1712258553162 165175.0 1388
1712258563288 165175.0 1389
1712258573447 163625.1 1390
1712258583611 169064.2 1391
1712258593778 170157.3 1392
