1712244521413 123437.8 0
1712244531491 115700.4 1
1712244541558 112455.5 2
1712244551641 108111.1 3
1712244561751 107034.9 4
1712244571791 107034.9 5
1712244581874 107034.9 6
1712244591906 107034.9 7
1712244601974 107034.9 8
1712244612044 107034.9 9
1712244622112 107034.9 10
1712244632177 107034.9 11
1712244642250 107034.9 12
1712244652314 107034.9 13
1712244662413 107034.9 14
1712244672483 107034.9 15
1712244682561 107034.9 16
1712244692637 107034.9 17
1712244702713 107034.9 18
1712244712829 107034.9 19
1712244722895 107034.9 20
1712244733007 107034.9 21
1712244743092 107034.9 22
1712244753175 107034.9 23
1712244763254 107034.9 24
1712244773340 107034.9 25
1712244783411 107034.9 26
1712244793488 107034.9 27
1712244803552 107034.8 28
1712244813643 107034.8 29
1712244823719 107034.8 30
1712244833801 107034.8 31
1712244843870 107034.8 32
1712244853957 107034.8 33
1712244864030 107034.8 34
1712244874111 107034.8 35
1712244884181 107034.8 36
1712244894254 107034.8 37
1712244904328 107034.8 38
1712244914367 107034.8 39
1712244924454 107034.8 40
1712244934504 107034.8 41
1712244944587 107034.8 42
1712244954680 107034.8 43
1712244964706 107034.8 44
1712244974736 107034.8 45
1712244984840 107034.8 46
1712244994887 107034.8 47
1712245004927 107034.8 48
1712245015009 107034.8 49
1712245025043 107034.8 50
1712245035082 107034.8 51
1712245045166 107034.8 52
1712245055201 107034.8 53
1712245065232 107034.8 54
1712245075320 107034.8 55
1712245085389 107034.3 56
1712245095469 107034.3 57
1712245105542 107034.3 58
1712245115620 107034.3 59
1712245125659 107034.3 60
1712245135736 107034.3 61
1712245145834 107034.3 62
1712245155920 107034.3 63
1712245166021 107034.3 64
1712245176090 107034.3 65
1712245186123 107034.3 66
1712245196190 107034.3 67
1712245206265 107034.3 68
1712245216353 107034.3 69
1712245226430 107034.3 70
1712245236511 107034.3 71
1712245246550 107034.3 72
1712245256635 107034.3 73
1712245266708 107034.3 74
1712245276803 107034.3 75
1712245286882 107034.3 76
1712245296962 107034.3 77
1712245307010 107034.3 78
1712245317086 107034.3 79
1712245327166 107034.3 80
1712245337247 107034.3 81
1712245347343 107034.3 82
1712245357442 107034.3 83
1712245367485 107034.3 84
1712245377559 107034.3 85
1712245387658 107034.3 86
1712245397766 107034.3 87
1712245407868 107034.3 88
1712245417898 107034.3 89
1712245427968 107034.3 90
1712245438059 107034.3 91
1712245448129 107034.3 92
1712245458220 107034.3 93
1712245468303 107034.3 94
1712245478350 107034.3 95
1712245488432 107034.3 96
1712245498511 107034.3 97
1712245508592 107034.3 98
1712245518661 107034.3 99
1712245528748 107034.3 100
1712245538783 107034.3 101
1712245548858 107034.3 102
1712245558940 107034.3 103
1712245569025 107034.3 104
1712245579114 107034.3 105
1712245589201 107034.3 106
1712245599231 107034.3 107
1712245609303 107034.3 108
1712245619371 107034.3 109
1712245629460 107034.3 110
1712245639543 107034.3 111
1712245649613 107034.3 112
1712245659638 107034.3 113
1712245669707 107034.3 114
1712245679787 107034.3 115
1712245689880 107034.3 116
1712245699968 107034.3 117
1712245710050 107034.3 118
1712245720080 107034.3 119
1712245730153 107034.3 120
1712245740241 107034.3 121
1712245750329 118768.2 122
1712245760419 114936.4 123
1712245770492 111669.6 124
1712245780526 111669.6 125
1712245790559 111669.6 126
1712245800594 111669.6 127
1712245810679 111669.6 128
1712245820719 111669.6 129
1712245830753 111669.6 130
1712245840785 111669.6 131
1712245850813 111669.6 132
1712245860893 111669.6 133
1712245870979 111669.6 134
1712245881058 111669.6 135
1712245891137 111669.6 136
1712245901167 111669.6 137
1712245911249 111669.6 138
1712245921346 111669.6 139
1712245931470 115137.9 140
1712245941596 109695.6 141
1712245951675 107510.0 142
1712245961716 106256.3 143
1712245971811 104603.8 144
1712245981903 104603.8 145
1712245992004 104603.8 146
1712246002094 104603.8 147
1712246012181 104603.8 148
1712246022223 104603.8 149
1712246032302 104603.8 150
1712246042382 104603.8 151
1712246052463 104603.8 152
1712246062546 104603.8 153
1712246072632 104603.8 154
1712246082669 104603.8 155
1712246092753 104603.8 156
1712246102830 104603.8 157
1712246112907 104603.8 158
1712246122991 104603.2 159
1712246133081 104603.2 160
1712246143117 104603.2 161
1712246153196 104603.2 162
1712246163306 104603.2 163
1712246173383 104603.2 164
1712246183463 104603.2 165
1712246193551 104603.2 166
1712246203586 104603.2 167
1712246213668 104603.2 168
1712246223756 104603.2 169
1712246233827 104603.2 170
1712246243911 104603.2 171
1712246253998 104603.2 172
1712246264030 104603.2 173
1712246274108 104603.2 174
1712246284189 104603.2 175
1712246294284 104603.2 176
1712246304376 104603.2 177
1712246314447 104603.2 178
1712246324488 104603.2 179
1712246334576 104603.2 180
1712246344661 104603.2 181
1712246354741 104603.2 182
1712246364818 104603.2 183
1712246374897 104603.2 184
1712246384934 104603.2 185
1712246395004 104603.2 186
1712246405082 104603.2 187
1712246415157 104603.2 188
1712246425249 104603.2 189
1712246435339 104603.2 190
1712246445372 104603.2 191
1712246455468 104603.2 192
1712246465557 104603.2 193
1712246475637 104603.2 194
1712246485710 104603.2 195
1712246495800 104603.2 196
1712246505838 104603.2 197
1712246515938 104603.2 198
1712246526028 104603.2 199
1712246536116 104603.2 200
1712246546219 104603.2 201
1712246556308 104603.2 202
1712246566355 104603.2 203
1712246576438 104603.2 204
1712246586522 104603.2 205
1712246596618 104603.2 206
1712246606706 104603.2 207
1712246616802 104603.2 208
1712246626840 104603.2 209
1712246636913 104603.2 210
1712246647001 104603.2 211
1712246657104 104603.2 212
1712246667196 104603.2 213
1712246677279 104603.2 214
1712246687312 104603.2 215
1712246697397 104603.2 216
1712246707487 104603.2 217
1712246717585 104603.2 218
1712246727629 104603.2 219
1712246737896 104603.2 220
1712246748000 104603.2 221
1712246758080 104603.2 222
1712246768181 104603.2 223
1712246778281 104603.2 224
1712246788367 104603.2 225
1712246798455 104603.2 226
1712246808553 104603.2 227
1712246818656 104603.2 228
1712246828784 104603.2 229
1712246838872 104603.2 230
1712246848951 104603.2 231
1712246859054 104603.2 232
1712246869157 104603.2 233
1712246879243 104603.2 234
1712246889338 104603.2 235
1712246899427 104603.2 236
1712246909504 104603.2 237
1712246919587 104603.2 238
1712246929693 104603.2 239
1712246939805 104603.2 240
1712246949898 104603.2 241
1712246960023 104603.2 242
1712246970125 104603.2 243
1712246980220 104603.2 244
1712246990321 104603.2 245
1712247000422 104603.2 246
1712247010507 104603.2 247
1712247020614 104603.2 248
1712247030703 104603.2 249
1712247040810 104603.2 250
1712247050897 104603.2 251
1712247060988 104603.2 252
1712247071084 104603.2 253
1712247081173 104603.2 254
1712247091276 104603.2 255
1712247101391 104603.2 256
1712247111497 104603.2 257
1712247121575 104603.2 258
1712247131664 104603.2 259
1712247142010 104603.2 260
1712247152127 116948.8 261
1712247162208 116948.3 262
1712247172307 110935.1 263
1712247182387 110935.1 264
1712247192468 110935.1 265
1712247202555 110935.1 266
1712247212646 110935.1 267
1712247222723 110935.1 268
1712247232836 110935.1 269
1712247242920 110935.1 270
1712247252997 110935.1 271
1712247263087 110935.1 272
1712247273169 110935.1 273
1712247283250 110935.1 274
1712247293356 110935.1 275
1712247303435 110935.1 276
1712247313532 110935.1 277
1712247325052 110935.1 278
1712247335154 116724.4 279
1712247345275 111826.2 280
1712247355395 107455.2 281
1712247365497 104543.6 282
1712247375590 104543.6 283
1712247385682 104543.6 284
1712247395780 104543.6 285
1712247405875 104543.6 286
1712247415995 104543.6 287
1712247426097 104543.6 288
1712247436199 104543.6 289
1712247446292 104543.6 290
1712247456392 104543.6 291
1712247466489 104543.6 292
1712247476575 104543.6 293
1712247486684 104543.6 294
1712247496783 104543.6 295
1712247506886 104543.6 296
1712247516971 104543.5 297
1712247527058 104543.5 298
1712247537142 104543.5 299
1712247547227 104543.5 300
1712247557324 104543.5 301
1712247567416 104543.5 302
1712247577517 104543.5 303
1712247587602 104543.5 304
1712247597696 104543.5 305
1712247607796 104543.5 306
1712247617904 104543.5 307
1712247628001 104543.5 308
1712247638084 104543.5 309
1712247648205 104543.5 310
1712247658302 104543.5 311
1712247668409 104543.5 312
1712247678512 104543.5 313
1712247688593 104543.5 314
1712247698677 104543.5 315
1712247708770 104543.5 316
1712247718847 104543.5 317
1712247728928 104543.5 318
1712247739038 104543.5 319
1712247749128 104543.5 320
1712247759229 104543.5 321
1712247769329 104543.5 322
1712247779423 104543.5 323
1712247789514 104543.5 324
1712247799599 104543.5 325
1712247809722 104543.5 326
1712247819819 104543.5 327
1712247829924 104543.5 328
1712247840040 104543.5 329
1712247850141 104543.5 330
1712247860227 104543.5 331
1712247870326 104543.5 332
1712247880414 104543.5 333
1712247890505 104543.5 334
1712247900607 104543.5 335
1712247910695 104543.5 336
1712247920797 104543.5 337
1712247930884 104543.5 338
1712247940973 104543.5 339
1712247951061 104543.5 340
1712247961155 104543.5 341
1712247971249 104543.5 342
1712247981336 104543.5 343
1712247991426 104543.5 344
1712248001506 104543.5 345
1712248011604 104543.5 346
1712248021699 104543.5 347
1712248031785 104543.5 348
1712248041872 104543.5 349
1712248051975 104543.5 350
1712248062055 104543.5 351
1712248072151 104543.5 352
1712248082246 104543.5 353
1712248092331 104543.5 354
1712248102434 104543.5 355
1712248112529 104543.5 356
1712248122628 104543.5 357
1712248132730 104543.5 358
1712248142815 104543.5 359
1712248152894 104543.5 360
1712248162999 104543.5 361
1712248173095 104543.5 362
1712248183205 104543.5 363
1712248193303 104543.5 364
1712248203390 104542.9 365
1712248213486 104542.9 366
1712248223573 104542.9 367
1712248233661 104542.9 368
1712248243761 104542.9 369
1712248253852 104542.9 370
1712248263930 104542.9 371
1712248274020 104542.9 372
1712248284101 104542.9 373
1712248294189 104542.9 374
1712248304279 104542.9 375
1712248314364 104542.9 376
1712248324471 104542.9 377
1712248334593 104542.9 378
1712248344695 104542.9 379
1712248354797 104542.9 380
1712248364900 104542.9 381
1712248374998 104542.9 382
1712248385083 104542.9 383
1712248395172 104542.9 384
1712248405280 104542.9 385
1712248415370 104542.9 386
1712248425460 104542.9 387
1712248435553 104542.9 388
1712248445638 104542.9 389
1712248455746 104542.9 390
1712248465838 104542.9 391
1712248475921 104542.9 392
1712248486007 104542.9 393
1712248496104 104542.9 394
1712248506183 104542.9 395
1712248516274 104542.9 396
1712248526365 104542.9 397
1712248536465 104542.9 398
1712248546573 104542.9 399
1712248556676 116991.9 400
1712248566760 114277.7 401
1712248576864 111002.9 402
1712248586955 111002.9 403
1712248597041 111002.9 404
1712248607138 111002.9 405
1712248617230 111002.9 406
1712248627312 111002.9 407
1712248637404 111002.9 408
1712248647511 111002.9 409
1712248657596 111002.9 410
1712248667706 111002.9 411
1712248677791 111002.9 412
1712248687876 111002.9 413
1712248697963 111002.9 414
1712248708040 111002.9 415
1712248718120 111002.9 416
1712248728234 111002.9 417
1712248738579 115250.5 418
1712248748692 108733.9 419
1712248758812 106522.6 420
1712248768899 104570.3 421
1712248778990 104570.3 422
1712248789077 104570.3 423
1712248799160 104570.3 424
1712248809262 104570.3 425
1712248819354 104570.3 426
1712248829447 104570.3 427
1712248839541 104570.3 428
1712248849629 104570.3 429
1712248859751 104570.3 430
1712248869865 104570.3 431
1712248879968 104570.3 432
1712248890085 104570.3 433
1712248900202 104570.3 434
1712248910318 104570.3 435
1712248920426 104570.3 436
1712248930541 104570.3 437
1712248940651 104570.3 438
1712248950766 104570.3 439
1712248960891 104570.3 440
1712248971008 104570.3 441
1712248981128 104570.3 442
1712248991233 104570.3 443
1712249001366 104570.3 444
1712249011473 104570.3 445
1712249021592 104570.3 446
1712249031699 104570.3 447
1712249041821 104570.3 448
1712249051948 104570.3 449
1712249062066 104570.3 450
1712249072174 104570.3 451
1712249082287 104570.3 452
1712249092398 104570.3 453
1712249102511 104570.3 454
1712249112631 104570.3 455
1712249122745 104570.3 456
1712249132851 104570.3 457
1712249142957 104570.3 458
1712249153066 104570.3 459
1712249163173 104570.3 460
1712249173278 104570.3 461
1712249183392 104570.3 462
1712249193507 104570.3 463
1712249203622 104570.3 464
1712249213724 104570.3 465
1712249223846 104570.3 466
1712249233962 104570.3 467
1712249244079 104569.7 468
1712249254196 104569.7 469
1712249264314 104569.7 470
1712249274442 104569.7 471
1712249284548 104569.7 472
1712249294662 104569.7 473
1712249304750 104569.7 474
1712249314848 104569.7 475
1712249324950 104569.7 476
1712249335046 104569.7 477
1712249345153 104569.7 478
1712249355244 104569.7 479
1712249365324 104569.7 480
1712249375424 104569.7 481
1712249385515 104569.7 482
1712249395603 104569.7 483
1712249405694 104569.7 484
1712249415793 104569.7 485
1712249425886 104569.7 486
1712249435970 104569.7 487
1712249446061 104569.7 488
1712249456158 104569.7 489
1712249466264 104569.7 490
1712249476361 104569.7 491
1712249486581 104569.7 492
1712249496682 104569.7 493
1712249506781 104569.7 494
1712249516873 104569.7 495
1712249526967 104569.7 496
1712249537063 104569.7 497
1712249547159 104569.7 498
1712249557263 104569.7 499
1712249567361 104569.7 500
1712249577459 104569.7 501
1712249587562 104569.7 502
1712249597649 104569.7 503
1712249607731 104569.7 504
1712249617830 104569.7 505
1712249627932 104569.7 506
1712249638026 104569.7 507
1712249648128 104569.7 508
1712249658236 104569.7 509
1712249668332 104569.7 510
1712249678427 104569.7 511
1712249688519 104569.7 512
1712249698605 104569.7 513
1712249708727 104569.7 514
1712249718831 104569.7 515
1712249728944 104569.7 516
1712249739040 104569.7 517
1712249749126 104569.7 518
1712249759219 104569.7 519
1712249769306 104569.7 520
1712249779391 104569.7 521
1712249789478 104569.7 522
1712249799568 104569.7 523
1712249809662 104569.7 524
1712249819760 104569.7 525
1712249829876 104569.7 526
1712249839990 104569.7 527
1712249850090 104569.7 528
1712249860201 104569.7 529
1712249870296 104569.7 530
1712249880383 104569.7 531
1712249890485 104569.7 532
1712249900576 104569.7 533
1712249910665 104569.7 534
1712249920754 104569.7 535
1712249930849 104569.7 536
1712249940962 104569.7 537
1712249951070 104569.7 538
1712249961168 116085.1 539
1712249971266 116085.1 540
1712249981350 111146.1 541
1712249991434 111146.1 542
1712250001522 111146.1 543
1712250011618 111146.1 544
1712250021708 111146.1 545
1712250031796 111146.1 546
1712250041901 111146.1 547
1712250051995 111146.1 548
1712250062081 111146.1 549
1712250072165 111146.1 550
1712250082283 111146.1 551
1712250092367 111146.1 552
1712250102456 111146.1 553
1712250112543 111146.1 554
1712250122650 111146.1 555
1712250132769 111146.1 556
1712250142930 115246.8 557
1712250153076 108727.5 558
1712250163209 106552.9 559
1712250173318 104559.1 560
1712250183421 104559.1 561
1712250193513 104559.1 562
1712250203632 104559.1 563
1712250213758 104559.1 564
1712250223895 104559.1 565
1712250234013 104559.1 566
1712250244135 104559.1 567
1712250254259 104559.1 568
1712250264362 104559.1 569
1712250274492 104559.1 570
1712250284587 104559.1 571
1712250294684 104558.5 572
1712250305266 104558.5 573
1712250315353 104558.5 574
1712250325444 104558.5 575
1712250335541 104558.5 576
1712250345650 104558.5 577
1712250355747 104558.5 578
1712250365863 104558.5 579
1712250375954 104558.5 580
1712250386038 104558.5 581
1712250396121 104558.5 582
1712250406209 104558.5 583
1712250416308 104558.5 584
1712250426406 104558.5 585
1712250436516 104558.5 586
1712250446601 104558.5 587
1712250456702 104558.5 588
1712250466802 104558.5 589
1712250476928 104558.5 590
1712250487041 104558.5 591
1712250497139 104558.5 592
1712250507244 104558.5 593
1712250517339 104558.5 594
1712250527448 104558.5 595
1712250537549 104558.5 596
1712250547644 104558.5 597
1712250557744 104558.5 598
1712250567836 104558.5 599
1712250577929 104558.5 600
1712250588020 104558.5 601
1712250598119 104558.5 602
1712250608202 104558.5 603
1712250618290 104558.5 604
1712250628383 104558.5 605
1712250638483 104558.5 606
1712250648582 104558.5 607
1712250658697 104558.5 608
1712250668783 104558.5 609
1712250678880 104558.5 610
1712250688979 104558.5 611
1712250699074 104558.5 612
1712250709198 104558.5 613
1712250719324 104558.5 614
1712250729407 104558.5 615
1712250739502 104558.5 616
1712250749610 104558.5 617
1712250759710 104558.5 618
1712250769804 104558.5 619
1712250779896 104558.5 620
1712250789995 104558.5 621
1712250800084 104558.5 622
1712250810188 104558.5 623
1712250820289 104558.5 624
1712250830374 104558.5 625
1712250840478 104558.5 626
1712250850605 104558.5 627
1712250860723 104558.5 628
1712250870822 104558.5 629
1712250880915 104558.5 630
1712250891015 104558.5 631
1712250901112 104558.5 632
1712250911216 104558.5 633
1712250921308 104558.5 634
1712250931405 104558.5 635
1712250941516 104558.5 636
1712250951614 104558.5 637
1712250961710 104558.5 638
1712250971819 104558.5 639
1712250981911 104558.5 640
1712250992014 104558.5 641
1712251002121 104558.5 642
1712251012212 104558.5 643
1712251022318 104558.5 644
1712251032443 104558.5 645
1712251042539 104558.5 646
1712251052641 104558.5 647
1712251062754 104558.5 648
1712251072872 104558.5 649
1712251082966 104558.5 650
1712251093064 104558.5 651
1712251103181 104558.5 652
1712251113280 104558.5 653
1712251123376 104558.5 654
1712251133504 104558.5 655
1712251143598 104558.5 656
1712251153688 104558.5 657
1712251163790 104558.5 658
1712251173888 104558.5 659
1712251184004 104558.5 660
1712251194098 104558.5 661
1712251204185 104558.5 662
1712251214294 104558.5 663
1712251224401 104558.5 664
1712251234491 104558.5 665
1712251244591 104558.5 666
1712251254710 104558.5 667
1712251264811 104558.5 668
1712251274904 104558.5 669
1712251285024 104558.5 670
1712251295120 104558.5 671
1712251305216 104558.5 672
1712251315320 104558.5 673
1712251325420 104558.5 674
1712251335544 104557.9 675
1712251345639 104557.9 676
1712251355769 104557.9 677
1712251365877 116973.6 678
1712251375982 114268.6 679
1712251386092 110984.5 680
1712251396188 110984.5 681
1712251406303 110984.5 682
1712251416405 110984.5 683
1712251426503 110984.5 684
1712251436590 110984.5 685
1712251446700 110984.5 686
1712251456798 110984.5 687
1712251466912 110984.4 688
1712251477006 110984.4 689
1712251487103 110984.4 690
1712251497212 110984.4 691
1712251507315 110984.4 692
1712251517417 110984.4 693
1712251527508 110984.4 694
1712251538168 110984.4 695
1712251548296 113048.6 696
1712251558396 107596.6 697
1712251568523 106098.1 698
1712251578631 104541.3 699
1712251588731 104541.3 700
1712251598828 104541.3 701
1712251608933 104541.3 702
1712251619037 104541.3 703
1712251629146 104541.3 704
1712251639245 104541.3 705
1712251649348 104541.3 706
1712251659466 104541.3 707
1712251669565 104541.3 708
1712251679680 104541.3 709
1712251689784 104541.3 710
1712251699888 104541.3 711
1712251709994 104541.3 712
1712251720109 104541.3 713
1712251730207 104541.3 714
1712251740302 104541.3 715
1712251750412 104541.3 716
1712251760533 104541.3 717
1712251770655 104541.3 718
1712251780766 104541.3 719
1712251790866 104541.3 720
1712251800953 104541.3 721
1712251811062 104541.3 722
1712251821669 104541.3 723
1712251831808 104541.3 724
1712251841903 104541.3 725
1712251852008 104541.3 726
1712251862124 104541.3 727
1712251872252 104541.3 728
1712251882363 104541.3 729
1712251892463 104541.3 730
1712251902559 104541.3 731
1712251912671 104541.3 732
1712251922769 104541.3 733
1712251932875 104541.3 734
1712251942982 104541.3 735
1712251953086 104541.3 736
1712251963183 104541.3 737
1712251973295 104541.3 738
1712251983398 104541.3 739
1712251993504 104541.3 740
1712252003598 104541.3 741
1712252013701 104541.3 742
1712252023793 104541.3 743
1712252033883 104541.3 744
1712252043994 104541.3 745
1712252054098 104541.3 746
1712252064191 104541.3 747
1712252074288 104541.3 748
1712252084400 104541.3 749
1712252094494 104541.3 750
1712252104606 104541.3 751
1712252114706 104541.3 752
1712252124804 104541.3 753
1712252134918 104541.3 754
1712252145024 104541.3 755
1712252155126 104541.3 756
1712252165226 104541.3 757
1712252175327 104541.3 758
1712252185422 104541.3 759
1712252195513 104541.3 760
1712252205647 104541.3 761
1712252215758 104541.3 762
1712252225882 104541.2 763
1712252235983 104541.2 764
1712252246085 104541.2 765
1712252256199 104541.2 766
1712252266302 104541.2 767
1712252276408 104541.2 768
1712252286529 104541.2 769
1712252296637 104541.2 770
1712252306741 104541.2 771
1712252316863 104541.2 772
1712252326957 104541.2 773
1712252337047 104541.2 774
1712252347135 104541.2 775
1712252357243 104541.2 776
1712252367355 104541.2 777
1712252377449 104540.7 778
1712252387546 104540.7 779
1712252397654 104540.7 780
1712252407759 104540.7 781
1712252417866 104540.7 782
1712252427966 104540.7 783
1712252438064 104540.7 784
1712252448172 104540.7 785
1712252458273 104540.7 786
1712252468381 104540.7 787
1712252478492 104540.7 788
1712252488593 104540.7 789
1712252498695 104540.7 790
1712252508797 104540.7 791
1712252518911 104540.7 792
1712252529040 104540.7 793
1712252539141 104540.7 794
1712252549246 104540.7 795
1712252559339 104540.7 796
1712252569458 104540.7 797
1712252579554 104540.7 798
1712252589646 104540.7 799
1712252599749 104540.7 800
1712252609842 104540.7 801
1712252619951 104540.7 802
1712252630053 104540.7 803
1712252640170 104540.7 804
1712252650278 104540.7 805
1712252660402 104540.7 806
1712252670519 104540.7 807
1712252680618 104540.7 808
1712252690732 104540.7 809
1712252700832 104540.7 810
1712252710935 104540.7 811
1712252721063 104540.7 812
1712252731169 104540.7 813
1712252741261 104540.7 814
1712252751360 104540.7 815
1712252761485 116935.9 816
1712252771612 116935.9 817
1712252781711 110956.7 818
1712252791815 110956.7 819
1712252801936 110956.7 820
1712252812055 110956.7 821
1712252822171 110956.7 822
1712252832272 110956.7 823
1712252842377 110956.7 824
1712252852489 110956.7 825
1712252862608 110956.7 826
1712252872717 110956.7 827
1712252882847 110956.7 828
1712252892944 110956.7 829
1712252903056 110956.7 830
1712252913161 110956.7 831
1712252923256 110956.7 832
1712252933378 110956.7 833
1712252943492 116290.2 834
1712252953885 109753.4 835
1712252964022 107516.6 836
1712252974157 104539.9 837
1712252984271 104539.9 838
1712252994375 104539.9 839
1712253004473 104539.9 840
1712253014571 104539.9 841
1712253024669 104539.9 842
1712253034763 104539.9 843
1712253044871 104539.9 844
1712253054978 104539.9 845
1712253065077 104539.9 846
1712253075174 104539.9 847
1712253085272 104539.9 848
1712253095378 104539.9 849
1712253105487 104539.9 850
1712253115587 104539.9 851
1712253125686 104539.9 852
1712253135786 104539.9 853
1712253145878 104539.9 854
1712253155985 104539.9 855
1712253166100 104539.9 856
1712253176223 104539.9 857
1712253186345 104539.9 858
1712253196476 104539.9 859
1712253206589 104539.9 860
1712253216696 104539.9 861
1712253226817 104539.9 862
1712253236921 104539.9 863
1712253247034 104539.9 864
1712253257146 104539.9 865
1712253267280 104539.9 866
1712253277411 104539.9 867
1712253287524 104539.9 868
1712253297640 104539.9 869
1712253307764 104539.9 870
1712253317877 104539.9 871
1712253327994 104539.9 872
1712253338113 104539.9 873
1712253348216 104539.9 874
1712253358312 104539.9 875
1712253368409 104539.9 876
1712253378511 104539.9 877
1712253388628 104539.9 878
1712253399486 104539.9 879
1712253409594 104539.9 880
1712253419698 104539.4 881
1712253429809 104539.4 882
1712253439913 104539.4 883
1712253450015 104539.4 884
1712253460122 104539.4 885
1712253470215 104539.4 886
1712253480309 104539.4 887
1712253490403 104539.4 888
1712253500507 104539.4 889
1712253510609 104539.4 890
1712253520719 104539.4 891
1712253530837 104539.4 892
1712253540942 104539.3 893
1712253551040 104539.3 894
1712253561143 104539.3 895
1712253571240 104539.3 896
1712253581346 104539.3 897
1712253591453 104539.3 898
1712253601572 104539.3 899
1712253611677 104539.3 900
1712253621788 104539.3 901
1712253631901 104539.3 902
1712253642002 104539.3 903
1712253652112 104539.3 904
1712253662210 104539.3 905
1712253672346 104539.3 906
1712253682559 104539.3 907
1712253692662 104539.3 908
1712253702773 104539.3 909
1712253712875 104539.3 910
1712253722974 104539.3 911
1712253733084 104539.3 912
1712253743190 104539.3 913
1712253753306 104539.3 914
1712253763415 104539.3 915
1712253773532 104539.3 916
1712253783655 104539.3 917
1712253793750 104539.3 918
1712253803851 104539.3 919
1712253813951 104539.3 920
1712253824052 104539.3 921
1712253834164 104539.3 922
1712253844279 104539.3 923
1712253854382 104539.3 924
1712253864476 104539.3 925
1712253874570 104539.3 926
1712253884675 104539.3 927
1712253894794 104539.3 928
1712253904906 104539.3 929
1712253915026 104539.3 930
1712253925131 104539.3 931
1712253935240 104539.3 932
1712253945368 104539.3 933
1712253955486 104539.3 934
1712253965608 104539.3 935
1712253975713 104539.3 936
1712253985846 104539.3 937
1712253995970 104539.3 938
1712254006074 104539.3 939
1712254016174 104539.3 940
1712254026289 104539.3 941
1712254036399 104539.3 942
1712254046500 104539.3 943
1712254056613 104539.3 944
1712254066708 104539.3 945
1712254076834 104539.3 946
1712254086937 104539.3 947
1712254097055 104539.3 948
1712254107168 104539.3 949
1712254117284 104539.3 950
1712254127381 104539.3 951
1712254137476 104539.3 952
1712254147681 104539.3 953
1712254157808 104539.3 954
1712254167916 117290.9 955
1712254178032 117290.9 956
1712254188136 112306.5 957
1712254198252 110140.2 958
1712254208357 110140.2 959
1712254218466 110140.2 960
1712254228568 110140.2 961
1712254238660 110140.2 962
1712254248758 110140.2 963
1712254258880 110140.2 964
1712254269001 110140.2 965
1712254279112 110140.2 966
1712254289228 110140.2 967
1712254299391 110140.2 968
1712254309502 110140.2 969
1712254319599 110140.2 970
1712254329717 110140.2 971
1712254339818 110140.2 972
1712254349963 110140.2 973
1712254360120 111488.0 974
1712254370372 107147.7 975
1712254380506 106051.2 976
1712254390622 104464.2 977
1712254400734 104464.2 978
1712254410839 104464.2 979
1712254420950 104464.2 980
1712254431047 104464.2 981
1712254441160 104464.2 982
1712254451284 104464.2 983
1712254461413 104463.6 984
1712254471518 104463.6 985
1712254481632 104463.6 986
1712254491737 104463.6 987
1712254501845 104463.6 988
1712254511965 104463.6 989
1712254522064 104463.6 990
1712254532161 104463.6 991
1712254542835 104463.6 992
1712254552951 104463.6 993
1712254563079 104463.6 994
1712254573193 104463.6 995
1712254583297 104463.6 996
1712254593405 104463.6 997
1712254603513 104463.6 998
1712254613633 104463.6 999
1712254623741 104463.6 1000
1712254633861 104463.6 1001
1712254643990 104463.6 1002
1712254654092 104463.6 1003
1712254664193 104463.6 1004
1712254674297 104463.6 1005
1712254684399 104463.6 1006
1712254694495 104463.6 1007
1712254704608 104463.6 1008
1712254714719 104463.6 1009
1712254724824 104463.6 1010
1712254734933 104463.6 1011
1712254745056 104463.6 1012
1712254755165 104463.6 1013
1712254765275 104463.6 1014
1712254775383 104463.6 1015
1712254785508 104463.6 1016
1712254795629 104463.6 1017
1712254805751 104463.6 1018
1712254815901 104463.6 1019
1712254826051 104463.6 1020
1712254836169 104463.6 1021
1712254846284 104463.6 1022
1712254856419 104463.6 1023
1712254866521 104463.6 1024
1712254876624 104463.6 1025
1712254886835 104463.6 1026
1712254896942 104463.6 1027
1712254907052 104463.6 1028
1712254917151 104463.6 1029
1712254927253 104463.6 1030
1712254937352 104463.6 1031
1712254947461 104463.6 1032
1712254957574 104463.6 1033
1712254967699 104463.6 1034
1712254977818 104463.6 1035
1712254987928 104463.6 1036
1712254998039 104463.6 1037
1712255008179 104463.6 1038
1712255018313 104463.6 1039
1712255028439 104463.6 1040
1712255038556 104463.6 1041
1712255048665 104463.6 1042
1712255058767 104463.6 1043
1712255068880 104463.6 1044
1712255078975 104463.6 1045
1712255089082 104463.6 1046
1712255099191 104463.6 1047
1712255109287 104463.6 1048
1712255119413 104463.6 1049
1712255129512 104463.6 1050
1712255139641 104463.6 1051
1712255149744 104463.6 1052
1712255159855 104463.6 1053
1712255169975 104463.6 1054
1712255180083 104463.6 1055
1712255190181 104463.6 1056
1712255200283 104463.6 1057
1712255210402 104463.6 1058
1712255220612 104463.6 1059
1712255230733 104463.6 1060
1712255240842 104463.6 1061
1712255250945 104463.6 1062
1712255261051 104463.6 1063
1712255271157 104463.6 1064
1712255281264 104463.6 1065
1712255291371 104463.6 1066
1712255301466 104463.6 1067
1712255311566 104463.6 1068
1712255321667 104463.6 1069
1712255331783 104463.6 1070
1712255341935 104463.6 1071
1712255352060 104463.6 1072
1712255362190 104463.6 1073
1712255372325 104463.6 1074
1712255382425 104463.6 1075
1712255392546 104463.6 1076
1712255402659 104463.6 1077
1712255412786 104463.6 1078
1712255422891 104463.6 1079
1712255432990 104463.6 1080
1712255443097 104463.6 1081
1712255453215 104463.6 1082
1712255463312 104463.6 1083
1712255473413 104463.6 1084
1712255483520 104463.6 1085
1712255493623 104463.6 1086
1712255503737 104463.0 1087
1712255513845 104463.0 1088
1712255523954 104463.0 1089
1712255534067 104463.0 1090
1712255544177 104463.0 1091
1712255554286 104463.0 1092
1712255564411 104463.0 1093
1712255574523 104463.0 1094
1712255584649 116862.7 1095
1712255594763 113023.4 1096
1712255604865 110842.8 1097
1712255614979 110842.8 1098
1712255625114 110842.8 1099
1712255635244 110842.8 1100
1712255645374 110842.8 1101
1712255655497 110842.8 1102
1712255665592 110842.8 1103
1712255675698 110842.8 1104
1712255685803 110842.8 1105
1712255695929 110842.8 1106
1712255706063 110842.8 1107
1712255716173 110842.8 1108
1712255726384 110842.8 1109
1712255736494 110842.8 1110
1712255746598 110842.8 1111
1712255756736 110842.8 1112
1712255766873 111477.8 1113
1712255776992 107125.9 1114
1712255787126 106037.1 1115
1712255797257 104447.1 1116
1712255807377 104447.1 1117
1712255817511 104447.1 1118
1712255827637 104447.1 1119
1712255837758 104447.1 1120
1712255847893 104447.1 1121
1712255858022 104447.1 1122
1712255868140 104447.1 1123
1712255878250 104447.1 1124
1712255888370 104447.1 1125
1712255898497 104447.1 1126
1712255908614 104447.1 1127
1712255918726 104447.1 1128
1712255928834 104447.1 1129
1712255938963 104447.1 1130
1712255949074 104447.1 1131
1712255959180 104447.1 1132
1712255969304 104447.1 1133
1712255979439 104447.1 1134
1712255989573 104447.1 1135
1712255999686 104447.1 1136
1712256009849 104447.1 1137
1712256019974 104447.1 1138
1712256030121 104447.1 1139
1712256040285 104447.1 1140
1712256050422 104447.1 1141
1712256060532 104447.1 1142
1712256070647 104447.1 1143
1712256080776 104447.1 1144
1712256090883 104447.1 1145
1712256100984 104447.1 1146
1712256111103 104447.1 1147
1712256121230 104447.1 1148
1712256131339 104447.1 1149
1712256141484 104447.1 1150
1712256151626 104447.1 1151
1712256161745 104447.1 1152
1712256171871 104447.1 1153
1712256181988 104447.1 1154
1712256192102 104447.1 1155
1712256202215 104447.1 1156
1712256212328 104447.1 1157
1712256222454 104447.1 1158
1712256232613 104447.1 1159
1712256242753 104447.1 1160
1712256252890 104447.1 1161
1712256263063 104447.1 1162
1712256273197 104447.1 1163
1712256283358 104447.1 1164
1712256293486 104447.1 1165
1712256303624 104447.1 1166
1712256313754 104447.1 1167
1712256323885 104447.1 1168
1712256334010 104447.1 1169
1712256344155 104447.1 1170
1712256354290 104447.1 1171
1712256364429 104447.1 1172
1712256374539 104447.1 1173
1712256384652 104447.1 1174
1712256394776 104447.1 1175
1712256404909 104447.1 1176
1712256415040 104447.1 1177
1712256425156 104447.1 1178
1712256435278 104447.1 1179
1712256445419 104447.1 1180
1712256455545 104447.1 1181
1712256465664 104447.1 1182
1712256475794 104447.1 1183
1712256485915 104447.1 1184
1712256496051 104447.1 1185
1712256506169 104447.1 1186
1712256516288 104447.1 1187
1712256526506 104447.1 1188
1712256536633 104447.1 1189
1712256546747 104446.5 1190
1712256556892 104446.5 1191
1712256567017 104446.5 1192
1712256577147 104446.5 1193
1712256587271 104446.5 1194
1712256597396 104446.5 1195
1712256607560 104446.5 1196
1712256617670 104446.5 1197
1712256627777 104446.5 1198
1712256637931 104446.5 1199
1712256648055 104446.5 1200
1712256658184 104446.5 1201
1712256668314 104446.5 1202
1712256678430 104446.5 1203
1712256688556 104446.5 1204
1712256698685 104446.5 1205
1712256708811 104446.5 1206
1712256718955 104446.5 1207
1712256729089 104446.5 1208
1712256739220 104446.5 1209
1712256749345 104446.5 1210
1712256759494 104446.5 1211
1712256769622 104446.5 1212
1712256779749 104446.5 1213
1712256789860 104446.5 1214
1712256799988 104446.5 1215
1712256810103 104446.5 1216
1712256820223 104446.5 1217
1712256830335 104446.5 1218
1712256840455 104446.5 1219
1712256850580 104446.5 1220
1712256860697 104446.5 1221
1712256870836 104446.5 1222
1712256880978 104446.5 1223
1712256891089 104446.5 1224
1712256901207 104446.5 1225
1712256911338 104446.5 1226
1712256921455 104446.5 1227
1712256931579 104446.5 1228
1712256941714 104446.5 1229
1712256951842 104446.5 1230
1712256961954 104446.5 1231
1712256972066 104446.5 1232
1712256982294 116826.4 1233
1712256992464 115189.7 1234
1712257002580 110832.1 1235
1712257012705 110832.1 1236
1712257022821 110832.1 1237
1712257032960 110832.1 1238
1712257043096 110832.1 1239
1712257053230 110832.1 1240
1712257063367 110832.1 1241
1712257073506 110832.1 1242
1712257083615 110832.1 1243
1712257093736 110832.1 1244
1712257103865 110832.1 1245
1712257113983 110832.1 1246
1712257124111 110832.1 1247
1712257134240 110832.1 1248
1712257144373 110832.1 1249
1712257154536 110832.1 1250
1712257164779 114767.0 1251
1712257175474 109264.9 1252
1712257185634 106020.1 1253
1712257195791 104424.0 1254
1712257205928 104424.0 1255
1712257216049 104424.0 1256
1712257226188 104424.0 1257
1712257236317 104424.0 1258
1712257246438 104424.0 1259
1712257256571 104424.0 1260
1712257266696 104424.0 1261
1712257276814 104424.0 1262
1712257286960 104424.0 1263
1712257297073 104424.0 1264
1712257307216 104424.0 1265
1712257317358 104424.0 1266
1712257327489 104424.0 1267
1712257337612 104424.0 1268
1712257347738 104424.0 1269
1712257357855 104424.0 1270
1712257367979 104424.0 1271
1712257378102 104424.0 1272
1712257388216 104424.0 1273
1712257398364 104424.0 1274
1712257408478 104424.0 1275
1712257418612 104424.0 1276
1712257428751 104424.0 1277
1712257438884 104424.0 1278
1712257449011 104424.0 1279
1712257459122 104424.0 1280
1712257469238 104424.0 1281
1712257479358 104424.0 1282
1712257489492 104424.0 1283
1712257499620 104424.0 1284
1712257509747 104424.0 1285
1712257519886 104424.0 1286
1712257530030 104424.0 1287
1712257540258 104424.0 1288
1712257550397 104424.0 1289
1712257560546 104424.0 1290
1712257570681 104424.0 1291
1712257580823 104423.4 1292
1712257590946 104423.4 1293
1712257601092 104423.4 1294
1712257611228 104423.4 1295
1712257621362 104423.4 1296
1712257631508 104423.4 1297
1712257641632 104423.4 1298
1712257651772 104423.4 1299
1712257661910 104423.4 1300
1712257672047 104423.4 1301
1712257682191 104423.4 1302
1712257692310 104423.4 1303
1712257702426 104423.4 1304
1712257712548 104423.4 1305
1712257722675 104423.4 1306
1712257732892 104423.4 1307
1712257743020 104423.4 1308
1712257753141 104423.4 1309
1712257763265 104423.4 1310
1712257773393 104423.4 1311
1712257783506 104423.4 1312
1712257793636 104423.4 1313
1712257803748 104423.4 1314
1712257813866 104423.4 1315
1712257823986 104423.4 1316
1712257834116 104423.4 1317
1712257844243 104423.4 1318
1712257854356 104423.4 1319
1712257864475 104423.4 1320
1712257874595 104423.4 1321
1712257884729 104423.4 1322
1712257894864 104423.4 1323
1712257904995 104423.4 1324
1712257915117 104423.4 1325
1712257925239 104423.4 1326
1712257935458 104423.4 1327
1712257945601 104423.4 1328
1712257955723 104423.4 1329
1712257965856 104423.4 1330
1712257975977 104423.4 1331
1712257986097 104423.4 1332
1712257996221 104423.4 1333
1712258006364 104423.4 1334
1712258016485 104423.4 1335
1712258026614 104423.4 1336
1712258036739 104423.4 1337
1712258046870 104423.4 1338
1712258056994 104423.4 1339
1712258067122 104423.4 1340
1712258077239 104423.4 1341
1712258087367 104423.4 1342
1712258097501 104423.4 1343
1712258107621 104423.4 1344
1712258117748 104423.4 1345
1712258127873 104423.4 1346
1712258137987 104423.4 1347
1712258148109 104423.4 1348
1712258158216 104423.4 1349
1712258168327 104423.4 1350
1712258178449 104423.4 1351
1712258188574 104423.4 1352
1712258198697 104423.4 1353
1712258208844 104423.4 1354
1712258218975 104423.4 1355
1712258229122 104423.4 1356
1712258239241 104423.4 1357
1712258249363 104423.4 1358
1712258259491 104423.4 1359
1712258269623 104423.4 1360
1712258279744 104423.4 1361
1712258289856 104423.4 1362
1712258300063 104423.4 1363
1712258310187 104423.4 1364
1712258320316 104423.4 1365
1712258330438 104423.4 1366
1712258340582 104423.4 1367
1712258350706 104423.4 1368
1712258360818 104423.4 1369
1712258370964 104423.4 1370
1712258381100 104423.4 1371
1712258391211 116948.3 1372
1712258401331 113139.4 1373
1712258411446 110972.7 1374
1712258421561 110972.7 1375
1712258431671 110972.7 1376
1712258441795 110972.7 1377
1712258451932 110972.7 1378
1712258462050 110972.7 1379
1712258472168 110972.7 1380
1712258482308 110972.7 1381
1712258492431 110972.7 1382
1712258502549 110972.7 1383
1712258512678 110972.7 1384
1712258522806 110972.7 1385
1712258532926 110972.7 1386
1712258543044 110972.7 1387
1712258553162 110972.7 1388
1712258563288 110972.7 1389
1712258573447 112522.7 1390
1712258583611 107083.5 1391
1712258593778 105990.4 1392
