1712244521413 284.7 0
1712244531491 284.7 1
1712244541558 284.7 2
1712244551641 284.7 3
1712244561751 2365.1 4
1712244571791 2365.1 5
1712244581874 2365.1 6
1712244591906 2365.1 7
1712244601974 2365.1 8
1712244612044 2365.1 9
1712244622112 2365.1 10
1712244632177 2365.1 11
1712244642250 2365.1 12
1712244652314 2365.1 13
1712244662413 2365.1 14
1712244672483 2365.1 15
1712244682561 2365.1 16
1712244692637 2365.1 17
1712244702713 2365.1 18
1712244712829 2365.1 19
1712244722895 2365.1 20
1712244733007 2365.1 21
1712244743092 2365.1 22
1712244753175 2365.1 23
1712244763254 2365.1 24
1712244773340 2365.1 25
1712244783411 2365.1 26
1712244793488 2365.1 27
1712244803552 2365.1 28
1712244813643 2365.1 29
1712244823719 2365.1 30
1712244833801 2365.1 31
1712244843870 2365.1 32
1712244853957 2365.1 33
1712244864030 2365.1 34
1712244874111 2365.1 35
1712244884181 2365.1 36
1712244894254 2365.1 37
1712244904328 2365.1 38
1712244914367 2365.1 39
1712244924454 2365.1 40
1712244934504 2365.1 41
1712244944587 2365.1 42
1712244954680 2365.1 43
1712244964706 2365.1 44
1712244974736 2365.1 45
1712244984840 2365.1 46
1712244994887 2365.1 47
1712245004927 2365.1 48
1712245015009 2365.1 49
1712245025043 2365.1 50
1712245035082 2365.1 51
1712245045166 2365.1 52
1712245055201 2365.1 53
1712245065232 2365.1 54
1712245075320 2365.1 55
1712245085389 2365.1 56
1712245095469 2365.1 57
1712245105542 2365.1 58
1712245115620 2365.1 59
1712245125659 2365.1 60
1712245135736 2365.1 61
1712245145834 2365.1 62
1712245155920 2365.1 63
1712245166021 2365.1 64
1712245176090 2365.1 65
1712245186123 2365.1 66
1712245196190 2365.1 67
1712245206265 2365.1 68
1712245216353 2365.1 69
1712245226430 2365.1 70
1712245236511 2365.1 71
1712245246550 2365.1 72
1712245256635 2365.1 73
1712245266708 2365.1 74
1712245276803 2365.1 75
1712245286882 2365.1 76
1712245296962 2365.1 77
1712245307010 2365.1 78
1712245317086 2365.1 79
1712245327166 2365.1 80
1712245337247 2365.1 81
1712245347343 2365.1 82
1712245357442 2365.1 83
1712245367485 2365.1 84
1712245377559 2365.1 85
1712245387658 2365.1 86
1712245397766 2365.1 87
1712245407868 2365.1 88
1712245417898 2365.1 89
1712245427968 2365.1 90
1712245438059 2365.1 91
1712245448129 2365.1 92
1712245458220 2365.1 93
1712245468303 2365.1 94
1712245478350 2365.1 95
1712245488432 2365.1 96
1712245498511 2365.1 97
1712245508592 2365.1 98
1712245518661 2365.1 99
1712245528748 2365.1 100
1712245538783 2365.1 101
1712245548858 2365.1 102
1712245558940 2365.1 103
1712245569025 2365.1 104
1712245579114 2365.1 105
1712245589201 2365.1 106
1712245599231 2365.1 107
1712245609303 2365.1 108
1712245619371 2365.1 109
1712245629460 2365.1 110
1712245639543 2365.1 111
1712245649613 2365.1 112
1712245659638 2365.1 113
1712245669707 2365.1 114
1712245679787 2365.1 115
1712245689880 2365.1 116
1712245699968 2365.1 117
1712245710050 2365.1 118
1712245720080 2365.1 119
1712245730153 2365.1 120
1712245740241 2365.1 121
1712245750329 2365.1 122
1712245760419 2365.1 123
1712245770492 2983.7 124
1712245780526 2983.7 125
1712245790559 2983.7 126
1712245800594 2983.7 127
1712245810679 2983.7 128
1712245820719 2983.7 129
1712245830753 2983.7 130
1712245840785 2983.7 131
1712245850813 2983.7 132
1712245860893 2983.7 133
1712245870979 2983.7 134
1712245881058 2983.7 135
1712245891137 2983.7 136
1712245901167 2983.7 137
1712245911249 2983.7 138
1712245921346 2983.7 139
1712245931470 2987.9 140
1712245941596 2987.9 141
1712245951675 2987.9 142
1712245961716 2987.9 143
1712245971811 2987.9 144
1712245981903 2987.9 145
1712245992004 2987.9 146
1712246002094 2987.9 147
1712246012181 2987.9 148
1712246022223 2987.9 149
1712246032302 2987.9 150
1712246042382 2987.9 151
1712246052463 2987.9 152
1712246062546 2987.9 153
1712246072632 2987.9 154
1712246082669 2987.9 155
1712246092753 2987.9 156
1712246102830 2987.9 157
1712246112907 2987.9 158
1712246122991 2987.9 159
1712246133081 2987.9 160
1712246143117 2987.9 161
1712246153196 2987.9 162
1712246163306 2987.9 163
1712246173383 2987.9 164
1712246183463 2987.9 165
1712246193551 2987.9 166
1712246203586 2987.9 167
1712246213668 2987.9 168
1712246223756 2987.9 169
1712246233827 2987.9 170
1712246243911 2987.9 171
1712246253998 2987.9 172
1712246264030 2987.9 173
1712246274108 2987.9 174
1712246284189 2987.9 175
1712246294284 2987.9 176
1712246304376 2987.9 177
1712246314447 2987.9 178
1712246324488 2987.9 179
1712246334576 2987.9 180
1712246344661 2987.9 181
1712246354741 2987.9 182
1712246364818 2987.9 183
1712246374897 2987.9 184
1712246384934 2987.9 185
1712246395004 2987.9 186
1712246405082 2987.9 187
1712246415157 2987.9 188
1712246425249 2987.9 189
1712246435339 2987.9 190
1712246445372 2987.9 191
1712246455468 2987.9 192
1712246465557 2987.9 193
1712246475637 2987.9 194
1712246485710 2987.9 195
1712246495800 2987.9 196
1712246505838 2987.9 197
1712246515938 2987.9 198
1712246526028 2987.9 199
1712246536116 2987.9 200
1712246546219 2987.9 201
1712246556308 2987.9 202
1712246566355 2987.9 203
1712246576438 2987.9 204
1712246586522 2987.9 205
1712246596618 2987.9 206
1712246606706 2987.9 207
1712246616802 2987.9 208
1712246626840 2987.9 209
1712246636913 2987.9 210
1712246647001 2987.9 211
1712246657104 2987.9 212
1712246667196 2987.9 213
1712246677279 2987.9 214
1712246687312 2987.9 215
1712246697397 2987.9 216
1712246707487 2987.9 217
1712246717585 2987.9 218
1712246727629 2987.9 219
1712246737896 2987.9 220
1712246748000 2987.9 221
1712246758080 2987.9 222
1712246768181 2987.9 223
1712246778281 2987.9 224
1712246788367 2987.9 225
1712246798455 2987.9 226
1712246808553 2987.9 227
1712246818656 2987.9 228
1712246828784 2987.9 229
1712246838872 2987.9 230
1712246848951 2987.9 231
1712246859054 2987.9 232
1712246869157 2987.9 233
1712246879243 2987.9 234
1712246889338 2987.9 235
1712246899427 2987.9 236
1712246909504 2987.9 237
1712246919587 2987.9 238
1712246929693 2987.9 239
1712246939805 2987.9 240
1712246949898 2987.9 241
1712246960023 2987.9 242
1712246970125 2987.9 243
1712246980220 2987.9 244
1712246990321 2987.9 245
1712247000422 2987.9 246
1712247010507 2987.9 247
1712247020614 2987.9 248
1712247030703 2987.9 249
1712247040810 2987.9 250
1712247050897 2987.9 251
1712247060988 2987.9 252
1712247071084 2987.9 253
1712247081173 2987.9 254
1712247091276 2987.9 255
1712247101391 2987.9 256
1712247111497 2987.9 257
1712247121575 2987.9 258
1712247131664 2987.9 259
1712247142010 2987.9 260
1712247152127 2987.9 261
1712247162208 2987.9 262
1712247172307 2987.9 263
1712247182387 2987.9 264
1712247192468 2987.9 265
1712247202555 2987.9 266
1712247212646 2987.9 267
1712247222723 2987.9 268
1712247232836 2987.9 269
1712247242920 2987.9 270
1712247252997 2987.9 271
1712247263087 2987.9 272
1712247273169 2987.9 273
1712247283250 2987.9 274
1712247293356 2987.9 275
1712247303435 2987.9 276
1712247313532 2987.9 277
1712247325052 2987.9 278
1712247335154 2987.9 279
1712247345275 2987.9 280
1712247355395 2987.9 281
1712247365497 2987.9 282
1712247375590 2987.9 283
1712247385682 2987.9 284
1712247395780 2987.9 285
1712247405875 2987.9 286
1712247415995 2987.9 287
1712247426097 2987.9 288
1712247436199 2987.9 289
1712247446292 2987.9 290
1712247456392 2987.9 291
1712247466489 2987.9 292
1712247476575 2987.9 293
1712247486684 2987.9 294
1712247496783 2987.9 295
1712247506886 2987.9 296
1712247516971 2987.9 297
1712247527058 2987.9 298
1712247537142 2987.9 299
1712247547227 2987.9 300
1712247557324 2987.9 301
1712247567416 2987.9 302
1712247577517 2987.9 303
1712247587602 2987.9 304
1712247597696 2987.9 305
1712247607796 2987.9 306
1712247617904 2987.9 307
1712247628001 2987.9 308
1712247638084 2987.9 309
1712247648205 2987.9 310
1712247658302 2987.9 311
1712247668409 2987.9 312
1712247678512 2987.9 313
1712247688593 2987.9 314
1712247698677 2987.9 315
1712247708770 2987.9 316
1712247718847 2987.9 317
1712247728928 2987.9 318
1712247739038 2987.9 319
1712247749128 2987.9 320
1712247759229 2987.9 321
1712247769329 2987.9 322
1712247779423 2987.9 323
1712247789514 2987.9 324
1712247799599 2987.9 325
1712247809722 2987.9 326
1712247819819 2987.9 327
1712247829924 2987.9 328
1712247840040 2987.9 329
1712247850141 2987.9 330
1712247860227 2987.9 331
1712247870326 2987.9 332
1712247880414 2987.9 333
1712247890505 2987.9 334
1712247900607 2987.9 335
1712247910695 2987.9 336
1712247920797 2987.9 337
1712247930884 2987.9 338
1712247940973 2987.9 339
1712247951061 2987.9 340
1712247961155 2987.9 341
1712247971249 2987.9 342
1712247981336 2987.9 343
1712247991426 2987.9 344
1712248001506 2987.9 345
1712248011604 2987.9 346
1712248021699 2987.9 347
1712248031785 2987.9 348
1712248041872 2987.9 349
1712248051975 2987.9 350
1712248062055 2987.9 351
1712248072151 2987.9 352
1712248082246 2987.9 353
1712248092331 2987.9 354
1712248102434 2987.9 355
1712248112529 2987.9 356
1712248122628 2987.9 357
1712248132730 2987.9 358
1712248142815 2987.9 359
1712248152894 2987.9 360
1712248162999 2987.9 361
1712248173095 2987.9 362
1712248183205 2987.9 363
1712248193303 2987.9 364
1712248203390 2987.9 365
1712248213486 2987.9 366
1712248223573 2987.9 367
1712248233661 2987.9 368
1712248243761 2987.9 369
1712248253852 2987.9 370
1712248263930 2987.9 371
1712248274020 2987.9 372
1712248284101 2987.9 373
1712248294189 2987.9 374
1712248304279 2987.9 375
1712248314364 2987.9 376
1712248324471 2987.9 377
1712248334593 2987.9 378
1712248344695 2987.9 379
1712248354797 2987.9 380
1712248364900 2987.9 381
1712248374998 2987.9 382
1712248385083 2987.9 383
1712248395172 2987.9 384
1712248405280 2987.9 385
1712248415370 2987.9 386
1712248425460 2987.9 387
1712248435553 2987.9 388
1712248445638 2987.9 389
1712248455746 2987.9 390
1712248465838 2987.9 391
1712248475921 2987.9 392
1712248486007 2987.9 393
1712248496104 2987.9 394
1712248506183 2987.9 395
1712248516274 2987.9 396
1712248526365 2987.9 397
1712248536465 2987.9 398
1712248546573 2987.9 399
1712248556676 2987.9 400
1712248566760 2987.9 401
1712248576864 2987.9 402
1712248586955 2987.9 403
1712248597041 2987.9 404
1712248607138 2987.9 405
1712248617230 2987.9 406
1712248627312 2987.9 407
1712248637404 2987.9 408
1712248647511 2987.9 409
1712248657596 2987.9 410
1712248667706 2987.9 411
1712248677791 2987.9 412
1712248687876 2987.9 413
1712248697963 2987.9 414
1712248708040 2987.9 415
1712248718120 2987.9 416
1712248728234 2987.9 417
1712248738579 2987.9 418
1712248748692 2987.9 419
1712248758812 2987.9 420
1712248768899 2987.9 421
1712248778990 2987.9 422
1712248789077 2987.9 423
1712248799160 2987.9 424
1712248809262 2987.9 425
1712248819354 2987.9 426
1712248829447 2987.9 427
1712248839541 2987.9 428
1712248849629 2987.9 429
1712248859751 2987.9 430
1712248869865 2987.9 431
1712248879968 2987.9 432
1712248890085 2987.9 433
1712248900202 2987.9 434
1712248910318 2987.9 435
1712248920426 2987.9 436
1712248930541 2987.9 437
1712248940651 2987.9 438
1712248950766 2987.9 439
1712248960891 2987.9 440
1712248971008 2987.9 441
1712248981128 2987.9 442
1712248991233 2987.9 443
1712249001366 2987.9 444
1712249011473 2987.9 445
1712249021592 2987.9 446
1712249031699 2987.9 447
1712249041821 2987.9 448
1712249051948 2987.9 449
1712249062066 2987.9 450
1712249072174 2987.9 451
1712249082287 2987.9 452
1712249092398 2987.9 453
1712249102511 2987.9 454
1712249112631 2987.9 455
1712249122745 2987.9 456
1712249132851 2987.9 457
1712249142957 2987.9 458
1712249153066 2987.9 459
1712249163173 2987.9 460
1712249173278 2987.9 461
1712249183392 2987.9 462
1712249193507 2987.9 463
1712249203622 2987.9 464
1712249213724 2987.9 465
1712249223846 2987.9 466
1712249233962 2987.9 467
1712249244079 2987.9 468
1712249254196 2987.9 469
1712249264314 2987.9 470
1712249274442 2987.9 471
1712249284548 2987.9 472
1712249294662 2987.9 473
1712249304750 2987.9 474
1712249314848 2987.9 475
1712249324950 2987.9 476
1712249335046 2987.9 477
1712249345153 2987.9 478
1712249355244 2987.9 479
1712249365324 2987.9 480
1712249375424 2987.9 481
1712249385515 2987.9 482
1712249395603 2987.9 483
1712249405694 2987.9 484
1712249415793 2987.9 485
1712249425886 2987.9 486
1712249435970 2987.9 487
1712249446061 2987.9 488
1712249456158 2987.9 489
1712249466264 2987.9 490
1712249476361 2987.9 491
1712249486581 2987.9 492
1712249496682 2987.9 493
1712249506781 2987.9 494
1712249516873 2987.9 495
1712249526967 2987.9 496
1712249537063 2987.9 497
1712249547159 2987.9 498
1712249557263 2987.9 499
1712249567361 2987.9 500
1712249577459 2987.9 501
1712249587562 2987.9 502
1712249597649 2987.9 503
1712249607731 2987.9 504
1712249617830 2987.9 505
1712249627932 2987.9 506
1712249638026 2987.9 507
1712249648128 2987.9 508
1712249658236 2987.9 509
1712249668332 2987.9 510
1712249678427 2987.9 511
1712249688519 2987.9 512
1712249698605 2987.9 513
1712249708727 2987.9 514
1712249718831 2987.9 515
1712249728944 2987.9 516
1712249739040 2987.9 517
1712249749126 2987.9 518
1712249759219 2987.9 519
1712249769306 2987.9 520
1712249779391 2987.9 521
1712249789478 2987.9 522
1712249799568 2987.9 523
1712249809662 2987.9 524
1712249819760 2987.9 525
1712249829876 2987.9 526
1712249839990 2987.9 527
1712249850090 2987.9 528
1712249860201 2987.9 529
1712249870296 2987.9 530
1712249880383 2987.9 531
1712249890485 2987.9 532
1712249900576 2987.9 533
1712249910665 2987.9 534
1712249920754 2987.9 535
1712249930849 2987.9 536
1712249940962 2987.9 537
1712249951070 2987.9 538
1712249961168 2987.9 539
1712249971266 2987.9 540
1712249981350 2987.9 541
1712249991434 2987.9 542
1712250001522 2987.9 543
1712250011618 2987.9 544
1712250021708 2987.9 545
1712250031796 2987.9 546
1712250041901 2987.9 547
1712250051995 2987.9 548
1712250062081 2987.9 549
1712250072165 2987.9 550
1712250082283 2987.9 551
1712250092367 2987.9 552
1712250102456 2987.9 553
1712250112543 2987.9 554
1712250122650 2987.9 555
1712250132769 2987.9 556
1712250142930 2987.9 557
1712250153076 2987.9 558
1712250163209 2987.9 559
1712250173318 2987.9 560
1712250183421 2987.9 561
1712250193513 2987.9 562
1712250203632 2987.9 563
1712250213758 2987.9 564
1712250223895 2987.9 565
1712250234013 2987.9 566
1712250244135 2987.9 567
1712250254259 2987.9 568
1712250264362 2987.9 569
1712250274492 2987.9 570
1712250284587 2987.9 571
1712250294684 2987.9 572
1712250305266 2987.9 573
1712250315353 2987.9 574
1712250325444 2987.9 575
1712250335541 2987.9 576
1712250345650 2987.9 577
1712250355747 2987.9 578
1712250365863 2987.9 579
1712250375954 2987.9 580
1712250386038 2987.9 581
1712250396121 2987.9 582
1712250406209 2987.9 583
1712250416308 2987.9 584
1712250426406 2987.9 585
1712250436516 2987.9 586
1712250446601 2987.9 587
1712250456702 2987.9 588
1712250466802 2987.9 589
1712250476928 2987.9 590
1712250487041 2987.9 591
1712250497139 2987.9 592
1712250507244 2987.9 593
1712250517339 2987.9 594
1712250527448 2987.9 595
1712250537549 2987.9 596
1712250547644 2987.9 597
1712250557744 2987.9 598
1712250567836 2987.9 599
1712250577929 2987.9 600
1712250588020 2987.9 601
1712250598119 2987.9 602
1712250608202 2987.9 603
1712250618290 2987.9 604
1712250628383 2987.9 605
1712250638483 2987.9 606
1712250648582 2987.9 607
1712250658697 2987.9 608
1712250668783 2987.9 609
1712250678880 2987.9 610
1712250688979 2987.9 611
1712250699074 2987.9 612
1712250709198 2987.9 613
1712250719324 2987.9 614
1712250729407 2987.9 615
1712250739502 2987.9 616
1712250749610 2987.9 617
1712250759710 2987.9 618
1712250769804 2987.9 619
1712250779896 2987.9 620
1712250789995 2987.9 621
1712250800084 2987.9 622
1712250810188 2987.9 623
1712250820289 2987.9 624
1712250830374 2987.9 625
1712250840478 2987.9 626
1712250850605 2987.9 627
1712250860723 2987.9 628
1712250870822 2987.9 629
1712250880915 2987.9 630
1712250891015 2987.9 631
1712250901112 2987.9 632
1712250911216 2987.9 633
1712250921308 2987.9 634
1712250931405 2987.9 635
1712250941516 2987.9 636
1712250951614 2987.9 637
1712250961710 2987.9 638
1712250971819 2987.9 639
1712250981911 2987.9 640
1712250992014 2987.9 641
1712251002121 2987.9 642
1712251012212 2987.9 643
1712251022318 2987.9 644
1712251032443 2987.9 645
1712251042539 2987.9 646
1712251052641 2987.9 647
1712251062754 2987.9 648
1712251072872 2987.9 649
1712251082966 2987.9 650
1712251093064 2987.9 651
1712251103181 2987.9 652
1712251113280 2987.9 653
1712251123376 2987.9 654
1712251133504 2987.9 655
1712251143598 2987.9 656
1712251153688 2987.9 657
1712251163790 2987.9 658
1712251173888 2987.9 659
1712251184004 2987.9 660
1712251194098 2987.9 661
1712251204185 2987.9 662
1712251214294 2987.9 663
1712251224401 2987.9 664
1712251234491 2987.9 665
1712251244591 2987.9 666
1712251254710 2987.9 667
1712251264811 2987.9 668
1712251274904 2987.9 669
1712251285024 2987.9 670
1712251295120 2987.9 671
1712251305216 2987.9 672
1712251315320 2987.9 673
1712251325420 2987.9 674
1712251335544 2987.9 675
1712251345639 2987.9 676
1712251355769 2987.9 677
1712251365877 2987.9 678
1712251375982 2987.9 679
1712251386092 2987.9 680
1712251396188 2987.9 681
1712251406303 2987.9 682
1712251416405 2987.9 683
1712251426503 2987.9 684
1712251436590 2987.9 685
1712251446700 2987.9 686
1712251456798 2987.9 687
1712251466912 2987.9 688
1712251477006 2987.9 689
1712251487103 2987.9 690
1712251497212 2987.9 691
1712251507315 2987.9 692
1712251517417 2987.9 693
1712251527508 2987.9 694
1712251538168 2987.9 695
1712251548296 2987.9 696
1712251558396 2987.9 697
1712251568523 2987.9 698
1712251578631 2987.9 699
1712251588731 2987.9 700
1712251598828 2987.9 701
1712251608933 2987.9 702
1712251619037 2987.9 703
1712251629146 2987.9 704
1712251639245 2987.9 705
1712251649348 2987.9 706
1712251659466 2987.9 707
1712251669565 2987.9 708
1712251679680 2987.9 709
1712251689784 2987.9 710
1712251699888 2987.9 711
1712251709994 2987.9 712
1712251720109 2987.9 713
1712251730207 2987.9 714
1712251740302 2987.9 715
1712251750412 2987.9 716
1712251760533 2987.9 717
1712251770655 2987.9 718
1712251780766 2987.9 719
1712251790866 2987.9 720
1712251800953 2987.9 721
1712251811062 2987.9 722
1712251821669 2987.9 723
1712251831808 2987.9 724
1712251841903 2987.9 725
1712251852008 2987.9 726
1712251862124 2987.9 727
1712251872252 2987.9 728
1712251882363 2987.9 729
1712251892463 2987.9 730
1712251902559 2987.9 731
1712251912671 2987.9 732
1712251922769 2987.9 733
1712251932875 2987.9 734
1712251942982 2987.9 735
1712251953086 2987.9 736
1712251963183 2987.9 737
1712251973295 2987.9 738
1712251983398 2987.9 739
1712251993504 2987.9 740
1712252003598 2987.9 741
1712252013701 2987.9 742
1712252023793 2987.9 743
1712252033883 2987.9 744
1712252043994 2987.9 745
1712252054098 2987.9 746
1712252064191 2987.9 747
1712252074288 2987.9 748
1712252084400 2987.9 749
1712252094494 2987.9 750
1712252104606 2987.9 751
1712252114706 2987.9 752
1712252124804 2987.9 753
1712252134918 2987.9 754
1712252145024 2987.9 755
1712252155126 2987.9 756
1712252165226 2987.9 757
1712252175327 2987.9 758
1712252185422 2987.9 759
1712252195513 2987.9 760
1712252205647 2987.9 761
1712252215758 2987.9 762
1712252225882 2987.9 763
1712252235983 2987.9 764
1712252246085 2987.9 765
1712252256199 2987.9 766
1712252266302 2987.9 767
1712252276408 2987.9 768
1712252286529 2987.9 769
1712252296637 2987.9 770
1712252306741 2987.9 771
1712252316863 2987.9 772
1712252326957 2987.9 773
1712252337047 2987.9 774
1712252347135 2987.9 775
1712252357243 2987.9 776
1712252367355 2987.9 777
1712252377449 2987.9 778
1712252387546 2987.9 779
1712252397654 2987.9 780
1712252407759 2987.9 781
1712252417866 2987.9 782
1712252427966 2987.9 783
1712252438064 2987.9 784
1712252448172 2987.9 785
1712252458273 2987.9 786
1712252468381 2987.9 787
1712252478492 2987.9 788
1712252488593 2987.9 789
1712252498695 2987.9 790
1712252508797 2987.9 791
1712252518911 2987.9 792
1712252529040 2987.9 793
1712252539141 2987.9 794
1712252549246 2987.9 795
1712252559339 2987.9 796
1712252569458 2987.9 797
1712252579554 2987.9 798
1712252589646 2987.9 799
1712252599749 2987.9 800
1712252609842 2987.9 801
1712252619951 2987.9 802
1712252630053 2987.9 803
1712252640170 2987.9 804
1712252650278 2987.9 805
1712252660402 2987.9 806
1712252670519 2987.9 807
1712252680618 2987.9 808
1712252690732 2987.9 809
1712252700832 2987.9 810
1712252710935 2987.9 811
1712252721063 2987.9 812
1712252731169 2987.9 813
1712252741261 2987.9 814
1712252751360 2987.9 815
1712252761485 2987.9 816
1712252771612 2987.9 817
1712252781711 2987.9 818
1712252791815 2987.9 819
1712252801936 2987.9 820
1712252812055 2987.9 821
1712252822171 2987.9 822
1712252832272 2987.9 823
1712252842377 2987.9 824
1712252852489 2987.9 825
1712252862608 2987.9 826
1712252872717 2987.9 827
1712252882847 2987.9 828
1712252892944 2987.9 829
1712252903056 2987.9 830
1712252913161 2987.9 831
1712252923256 2987.9 832
1712252933378 2987.9 833
1712252943492 2987.9 834
1712252953885 2987.9 835
1712252964022 2987.9 836
1712252974157 2987.9 837
1712252984271 2987.9 838
1712252994375 2987.9 839
1712253004473 2987.9 840
1712253014571 2987.9 841
1712253024669 2987.9 842
1712253034763 2987.9 843
1712253044871 2987.9 844
1712253054978 2987.9 845
1712253065077 2987.9 846
1712253075174 2987.9 847
1712253085272 2987.9 848
1712253095378 2987.9 849
1712253105487 2987.9 850
1712253115587 2987.9 851
1712253125686 2987.9 852
1712253135786 2987.9 853
1712253145878 2987.9 854
1712253155985 2987.9 855
1712253166100 2987.9 856
1712253176223 2987.9 857
1712253186345 2987.9 858
1712253196476 2987.9 859
1712253206589 2987.9 860
1712253216696 2987.9 861
1712253226817 2987.9 862
1712253236921 2987.9 863
1712253247034 2987.9 864
1712253257146 2987.9 865
1712253267280 2987.9 866
1712253277411 2987.9 867
1712253287524 2987.9 868
1712253297640 2987.9 869
1712253307764 2987.9 870
1712253317877 2987.9 871
1712253327994 2987.9 872
1712253338113 2987.9 873
1712253348216 2987.9 874
1712253358312 2987.9 875
1712253368409 2987.9 876
1712253378511 2987.9 877
1712253388628 2987.9 878
1712253399486 2987.9 879
1712253409594 2987.9 880
1712253419698 2987.9 881
1712253429809 2987.9 882
1712253439913 2987.9 883
1712253450015 2987.9 884
1712253460122 2987.9 885
1712253470215 2987.9 886
1712253480309 2987.9 887
1712253490403 2987.9 888
1712253500507 2987.9 889
1712253510609 2987.9 890
1712253520719 2987.9 891
1712253530837 2987.9 892
1712253540942 2987.9 893
1712253551040 2987.9 894
1712253561143 2987.9 895
1712253571240 2987.9 896
1712253581346 2987.9 897
1712253591453 2987.9 898
1712253601572 2987.9 899
1712253611677 2987.9 900
1712253621788 2987.9 901
1712253631901 2987.9 902
1712253642002 2987.9 903
1712253652112 2987.9 904
1712253662210 2987.9 905
1712253672346 2987.9 906
1712253682559 2987.9 907
1712253692662 2987.9 908
1712253702773 2987.9 909
1712253712875 2987.9 910
1712253722974 2987.9 911
1712253733084 2987.9 912
1712253743190 2987.9 913
1712253753306 2987.9 914
1712253763415 2987.9 915
1712253773532 2987.9 916
1712253783655 2987.9 917
1712253793750 2987.9 918
1712253803851 2987.9 919
1712253813951 2987.9 920
1712253824052 2987.9 921
1712253834164 2987.9 922
1712253844279 2987.9 923
1712253854382 2987.9 924
1712253864476 2987.9 925
1712253874570 2987.9 926
1712253884675 2987.9 927
1712253894794 2987.9 928
1712253904906 2987.9 929
1712253915026 2987.9 930
1712253925131 2987.9 931
1712253935240 2987.9 932
1712253945368 2987.9 933
1712253955486 2987.9 934
1712253965608 2987.9 935
1712253975713 2987.9 936
1712253985846 2987.9 937
1712253995970 2987.9 938
1712254006074 2987.9 939
1712254016174 2987.9 940
1712254026289 2987.9 941
1712254036399 2987.9 942
1712254046500 2987.9 943
1712254056613 2987.9 944
1712254066708 2987.9 945
1712254076834 2987.9 946
1712254086937 2987.9 947
1712254097055 2987.9 948
1712254107168 2987.9 949
1712254117284 2987.9 950
1712254127381 2987.9 951
1712254137476 2987.9 952
1712254147681 2987.9 953
1712254157808 2987.9 954
1712254167916 2987.9 955
1712254178032 2987.9 956
1712254188136 2987.9 957
1712254198252 2987.9 958
1712254208357 2987.9 959
1712254218466 2987.9 960
1712254228568 2987.9 961
1712254238660 2987.9 962
1712254248758 2987.9 963
1712254258880 2987.9 964
1712254269001 2987.9 965
1712254279112 2987.9 966
1712254289228 2987.9 967
1712254299391 2987.9 968
1712254309502 2987.9 969
1712254319599 2987.9 970
1712254329717 2987.9 971
1712254339818 2987.9 972
1712254349963 2987.9 973
1712254360120 2987.9 974
1712254370372 2987.9 975
1712254380506 2987.9 976
1712254390622 2987.9 977
1712254400734 2987.9 978
1712254410839 2987.9 979
1712254420950 2987.9 980
1712254431047 2987.9 981
1712254441160 2987.9 982
1712254451284 2987.9 983
1712254461413 2987.9 984
1712254471518 2987.9 985
1712254481632 2987.9 986
1712254491737 2987.9 987
1712254501845 2987.9 988
1712254511965 2987.9 989
1712254522064 2987.9 990
1712254532161 2987.9 991
1712254542835 2987.9 992
1712254552951 2987.9 993
1712254563079 2987.9 994
1712254573193 2987.9 995
1712254583297 2987.9 996
1712254593405 2987.9 997
1712254603513 2987.9 998
1712254613633 2987.9 999
1712254623741 2987.9 1000
1712254633861 2987.9 1001
1712254643990 2987.9 1002
1712254654092 2987.9 1003
1712254664193 2987.9 1004
1712254674297 2987.9 1005
1712254684399 2987.9 1006
1712254694495 2987.9 1007
1712254704608 2987.9 1008
1712254714719 2987.9 1009
1712254724824 2987.9 1010
1712254734933 2987.9 1011
1712254745056 2987.9 1012
1712254755165 2987.9 1013
1712254765275 2987.9 1014
1712254775383 2987.9 1015
1712254785508 2987.9 1016
1712254795629 2987.9 1017
1712254805751 2987.9 1018
1712254815901 2987.9 1019
1712254826051 2987.9 1020
1712254836169 2987.9 1021
1712254846284 2987.9 1022
1712254856419 2987.9 1023
1712254866521 2987.9 1024
1712254876624 2987.9 1025
1712254886835 2987.9 1026
1712254896942 2987.9 1027
1712254907052 2987.9 1028
1712254917151 2987.9 1029
1712254927253 2987.9 1030
1712254937352 2987.9 1031
1712254947461 2987.9 1032
1712254957574 2987.9 1033
1712254967699 2987.9 1034
1712254977818 2987.9 1035
1712254987928 2987.9 1036
1712254998039 2987.9 1037
1712255008179 2987.9 1038
1712255018313 2987.9 1039
1712255028439 2987.9 1040
1712255038556 2987.9 1041
1712255048665 2987.9 1042
1712255058767 2987.9 1043
1712255068880 2987.9 1044
1712255078975 2987.9 1045
1712255089082 2987.9 1046
1712255099191 2987.9 1047
1712255109287 2987.9 1048
1712255119413 2987.9 1049
1712255129512 2987.9 1050
1712255139641 2987.9 1051
1712255149744 2987.9 1052
1712255159855 2987.9 1053
1712255169975 2987.9 1054
1712255180083 2987.9 1055
1712255190181 2987.9 1056
1712255200283 2987.9 1057
1712255210402 2987.9 1058
1712255220612 2987.9 1059
1712255230733 2987.9 1060
1712255240842 2987.9 1061
1712255250945 2987.9 1062
1712255261051 2987.9 1063
1712255271157 2987.9 1064
1712255281264 2987.9 1065
1712255291371 2987.9 1066
1712255301466 2987.9 1067
1712255311566 2987.9 1068
1712255321667 2987.9 1069
1712255331783 2987.9 1070
1712255341935 2987.9 1071
1712255352060 2987.9 1072
1712255362190 2987.9 1073
1712255372325 2987.9 1074
1712255382425 2987.9 1075
1712255392546 2987.9 1076
1712255402659 2987.9 1077
1712255412786 2987.9 1078
1712255422891 2987.9 1079
1712255432990 2987.9 1080
1712255443097 2987.9 1081
1712255453215 2987.9 1082
1712255463312 2987.9 1083
1712255473413 2987.9 1084
1712255483520 2987.9 1085
1712255493623 2987.9 1086
1712255503737 2987.9 1087
1712255513845 2987.9 1088
1712255523954 2987.9 1089
1712255534067 2987.9 1090
1712255544177 2987.9 1091
1712255554286 2987.9 1092
1712255564411 2987.9 1093
1712255574523 2987.9 1094
1712255584649 2987.9 1095
1712255594763 2987.9 1096
1712255604865 2987.9 1097
1712255614979 2987.9 1098
1712255625114 2987.9 1099
1712255635244 2987.9 1100
1712255645374 2987.9 1101
1712255655497 2987.9 1102
1712255665592 2987.9 1103
1712255675698 2987.9 1104
1712255685803 2987.9 1105
1712255695929 2987.9 1106
1712255706063 2987.9 1107
1712255716173 2987.9 1108
1712255726384 2987.9 1109
1712255736494 2987.9 1110
1712255746598 2987.9 1111
1712255756736 2987.9 1112
1712255766873 2987.9 1113
1712255776992 2987.9 1114
1712255787126 2987.9 1115
1712255797257 2987.9 1116
1712255807377 2987.9 1117
1712255817511 2987.9 1118
1712255827637 2987.9 1119
1712255837758 2987.9 1120
1712255847893 2987.9 1121
1712255858022 2987.9 1122
1712255868140 2987.9 1123
1712255878250 2987.9 1124
1712255888370 2987.9 1125
1712255898497 2987.9 1126
1712255908614 2987.9 1127
1712255918726 2987.9 1128
1712255928834 2987.9 1129
1712255938963 2987.9 1130
1712255949074 2987.9 1131
1712255959180 2987.9 1132
1712255969304 2987.9 1133
1712255979439 2987.9 1134
1712255989573 2987.9 1135
1712255999686 2987.9 1136
1712256009849 2987.9 1137
1712256019974 2987.9 1138
1712256030121 2987.9 1139
1712256040285 2987.9 1140
1712256050422 2987.9 1141
1712256060532 2987.9 1142
1712256070647 2987.9 1143
1712256080776 2987.9 1144
1712256090883 2987.9 1145
1712256100984 2987.9 1146
1712256111103 2987.9 1147
1712256121230 2987.9 1148
1712256131339 2987.9 1149
1712256141484 2987.9 1150
1712256151626 2987.9 1151
1712256161745 2987.9 1152
1712256171871 2987.9 1153
1712256181988 2987.9 1154
1712256192102 2987.9 1155
1712256202215 2987.9 1156
1712256212328 2987.9 1157
1712256222454 2987.9 1158
1712256232613 2987.9 1159
1712256242753 2987.9 1160
1712256252890 2987.9 1161
1712256263063 2987.9 1162
1712256273197 2987.9 1163
1712256283358 2987.9 1164
1712256293486 2987.9 1165
1712256303624 2987.9 1166
1712256313754 2987.9 1167
1712256323885 2987.9 1168
1712256334010 2987.9 1169
1712256344155 2987.9 1170
1712256354290 2987.9 1171
1712256364429 2987.9 1172
1712256374539 2987.9 1173
1712256384652 2987.9 1174
1712256394776 2987.9 1175
1712256404909 2987.9 1176
1712256415040 2987.9 1177
1712256425156 2987.9 1178
1712256435278 2987.9 1179
1712256445419 2987.9 1180
1712256455545 2987.9 1181
1712256465664 2987.9 1182
1712256475794 2987.9 1183
1712256485915 2987.9 1184
1712256496051 2987.9 1185
1712256506169 2987.9 1186
1712256516288 2987.9 1187
1712256526506 2987.9 1188
1712256536633 2987.9 1189
1712256546747 2987.9 1190
1712256556892 2987.9 1191
1712256567017 2987.9 1192
1712256577147 2987.9 1193
1712256587271 2987.9 1194
1712256597396 2987.9 1195
1712256607560 2987.9 1196
1712256617670 2987.9 1197
1712256627777 2987.9 1198
1712256637931 2987.9 1199
1712256648055 2987.9 1200
1712256658184 2987.9 1201
1712256668314 2987.9 1202
1712256678430 2987.9 1203
1712256688556 2987.9 1204
1712256698685 2987.9 1205
1712256708811 2987.9 1206
1712256718955 2987.9 1207
1712256729089 2987.9 1208
1712256739220 2987.9 1209
1712256749345 2987.9 1210
1712256759494 2987.9 1211
1712256769622 2987.9 1212
1712256779749 2987.9 1213
1712256789860 2987.9 1214
1712256799988 2987.9 1215
1712256810103 2987.9 1216
1712256820223 2987.9 1217
1712256830335 2987.9 1218
1712256840455 2987.9 1219
1712256850580 2987.9 1220
1712256860697 2987.9 1221
1712256870836 2987.9 1222
1712256880978 2987.9 1223
1712256891089 2987.9 1224
1712256901207 2987.9 1225
1712256911338 2987.9 1226
1712256921455 2987.9 1227
1712256931579 2987.9 1228
1712256941714 2987.9 1229
1712256951842 2987.9 1230
1712256961954 2987.9 1231
1712256972066 2987.9 1232
1712256982294 2987.9 1233
1712256992464 2987.9 1234
1712257002580 2987.9 1235
1712257012705 2987.9 1236
1712257022821 2987.9 1237
1712257032960 2987.9 1238
1712257043096 2987.9 1239
1712257053230 2987.9 1240
1712257063367 2987.9 1241
1712257073506 2987.9 1242
1712257083615 2987.9 1243
1712257093736 2987.9 1244
1712257103865 2987.9 1245
1712257113983 2987.9 1246
1712257124111 2987.9 1247
1712257134240 2987.9 1248
1712257144373 2987.9 1249
1712257154536 2987.9 1250
1712257164779 2987.9 1251
1712257175474 2987.9 1252
1712257185634 2987.9 1253
1712257195791 2987.9 1254
1712257205928 2987.9 1255
1712257216049 2987.9 1256
1712257226188 2987.9 1257
1712257236317 2987.9 1258
1712257246438 2987.9 1259
1712257256571 2987.9 1260
1712257266696 2987.9 1261
1712257276814 2987.9 1262
1712257286960 2987.9 1263
1712257297073 2987.9 1264
1712257307216 2987.9 1265
1712257317358 2987.9 1266
1712257327489 2987.9 1267
1712257337612 2987.9 1268
1712257347738 2987.9 1269
1712257357855 2987.9 1270
1712257367979 2987.9 1271
1712257378102 2987.9 1272
1712257388216 2987.9 1273
1712257398364 2987.9 1274
1712257408478 2987.9 1275
1712257418612 2987.9 1276
1712257428751 2987.9 1277
1712257438884 2987.9 1278
1712257449011 2987.9 1279
1712257459122 2987.9 1280
1712257469238 2987.9 1281
1712257479358 2987.9 1282
1712257489492 2987.9 1283
1712257499620 2987.9 1284
1712257509747 2987.9 1285
1712257519886 2987.9 1286
1712257530030 2987.9 1287
1712257540258 2987.9 1288
1712257550397 2987.9 1289
1712257560546 2987.9 1290
1712257570681 2987.9 1291
1712257580823 2987.9 1292
1712257590946 2987.9 1293
1712257601092 2987.9 1294
1712257611228 2987.9 1295
1712257621362 2987.9 1296
1712257631508 2987.9 1297
1712257641632 2987.9 1298
1712257651772 2987.9 1299
1712257661910 2987.9 1300
1712257672047 2987.9 1301
1712257682191 2987.9 1302
1712257692310 2987.9 1303
1712257702426 2987.9 1304
1712257712548 2987.9 1305
1712257722675 2987.9 1306
1712257732892 2987.9 1307
1712257743020 2987.9 1308
1712257753141 2987.9 1309
1712257763265 2987.9 1310
1712257773393 2987.9 1311
1712257783506 2987.9 1312
1712257793636 2987.9 1313
1712257803748 2987.9 1314
1712257813866 2987.9 1315
1712257823986 2987.9 1316
1712257834116 2987.9 1317
1712257844243 2987.9 1318
1712257854356 2987.9 1319
1712257864475 2987.9 1320
1712257874595 2987.9 1321
1712257884729 2987.9 1322
1712257894864 2987.9 1323
1712257904995 2987.9 1324
1712257915117 2987.9 1325
1712257925239 2987.9 1326
1712257935458 2987.9 1327
1712257945601 2987.9 1328
1712257955723 2987.9 1329
1712257965856 2987.9 1330
1712257975977 2987.9 1331
1712257986097 2987.9 1332
1712257996221 2987.9 1333
1712258006364 2987.9 1334
1712258016485 2987.9 1335
1712258026614 2987.9 1336
1712258036739 2987.9 1337
1712258046870 2987.9 1338
1712258056994 2987.9 1339
1712258067122 2987.9 1340
1712258077239 2987.9 1341
1712258087367 2987.9 1342
1712258097501 2987.9 1343
1712258107621 2987.9 1344
1712258117748 2987.9 1345
1712258127873 2987.9 1346
1712258137987 2987.9 1347
1712258148109 2987.9 1348
1712258158216 2987.9 1349
1712258168327 2987.9 1350
1712258178449 2987.9 1351
1712258188574 2987.9 1352
1712258198697 2987.9 1353
1712258208844 2987.9 1354
1712258218975 2987.9 1355
1712258229122 2987.9 1356
1712258239241 2987.9 1357
1712258249363 2987.9 1358
1712258259491 2987.9 1359
1712258269623 2987.9 1360
1712258279744 2987.9 1361
1712258289856 2987.9 1362
1712258300063 2987.9 1363
1712258310187 2987.9 1364
1712258320316 2987.9 1365
1712258330438 2987.9 1366
1712258340582 2987.9 1367
1712258350706 2987.9 1368
1712258360818 2987.9 1369
1712258370964 2987.9 1370
1712258381100 2987.9 1371
1712258391211 2987.9 1372
1712258401331 2987.9 1373
1712258411446 2987.9 1374
1712258421561 2987.9 1375
1712258431671 2987.9 1376
1712258441795 2987.9 1377
1712258451932 2987.9 1378
1712258462050 2987.9 1379
1712258472168 2987.9 1380
1712258482308 2987.9 1381
1712258492431 2987.9 1382
1712258502549 2987.9 1383
1712258512678 2987.9 1384
1712258522806 2987.9 1385
1712258532926 2987.9 1386
1712258543044 2987.9 1387
1712258553162 2987.9 1388
1712258563288 2987.9 1389
1712258573447 2987.9 1390
1712258583611 2987.9 1391
1712258593778 2987.9 1392
