1712244521413 9.0 0
1712244531491 0.0 1
1712244541558 0.0 2
1712244551641 0.0 3
1712244561751 100.0 4
1712244571791 100.0 5
1712244581874 99.0 6
1712244591906 100.0 7
1712244601974 99.0 8
1712244612044 99.0 9
1712244622112 100.0 10
1712244632177 99.0 11
1712244642250 100.0 12
1712244652314 99.0 13
1712244662413 100.0 14
1712244672483 100.0 15
1712244682561 100.0 16
1712244692637 100.0 17
1712244702713 99.0 18
1712244712829 99.0 19
1712244722895 100.0 20
1712244733007 100.0 21
1712244743092 99.0 22
1712244753175 100.0 23
1712244763254 100.0 24
1712244773340 100.0 25
1712244783411 99.0 26
1712244793488 99.0 27
1712244803552 100.0 28
1712244813643 99.0 29
1712244823719 100.0 30
1712244833801 100.0 31
1712244843870 99.0 32
1712244853957 99.0 33
1712244864030 100.0 34
1712244874111 100.0 35
1712244884181 99.0 36
1712244894254 100.0 37
1712244904328 100.0 38
1712244914367 99.0 39
1712244924454 100.0 40
1712244934504 99.0 41
1712244944587 99.0 42
1712244954680 99.0 43
1712244964706 100.0 44
1712244974736 100.0 45
1712244984840 98.0 46
1712244994887 99.0 47
1712245004927 100.0 48
1712245015009 100.0 49
1712245025043 100.0 50
1712245035082 99.0 51
1712245045166 100.0 52
1712245055201 100.0 53
1712245065232 99.0 54
1712245075320 100.0 55
1712245085389 100.0 56
1712245095469 100.0 57
1712245105542 99.0 58
1712245115620 100.0 59
1712245125659 100.0 60
1712245135736 99.0 61
1712245145834 99.0 62
1712245155920 100.0 63
1712245166021 100.0 64
1712245176090 99.0 65
1712245186123 99.0 66
1712245196190 99.0 67
1712245206265 100.0 68
1712245216353 100.0 69
1712245226430 99.0 70
1712245236511 100.0 71
1712245246550 100.0 72
1712245256635 99.0 73
1712245266708 100.0 74
1712245276803 100.0 75
1712245286882 99.0 76
1712245296962 100.0 77
1712245307010 100.0 78
1712245317086 99.0 79
1712245327166 99.0 80
1712245337247 100.0 81
1712245347343 100.0 82
1712245357442 99.0 83
1712245367485 100.0 84
1712245377559 100.0 85
1712245387658 99.0 86
1712245397766 100.0 87
1712245407868 100.0 88
1712245417898 100.0 89
1712245427968 99.0 90
1712245438059 100.0 91
1712245448129 99.0 92
1712245458220 100.0 93
1712245468303 99.0 94
1712245478350 99.0 95
1712245488432 100.0 96
1712245498511 100.0 97
1712245508592 99.0 98
1712245518661 100.0 99
1712245528748 100.0 100
1712245538783 99.0 101
1712245548858 100.0 102
1712245558940 100.0 103
1712245569025 100.0 104
1712245579114 100.0 105
1712245589201 100.0 106
1712245599231 99.0 107
1712245609303 100.0 108
1712245619371 99.0 109
1712245629460 99.0 110
1712245639543 100.0 111
1712245649613 99.0 112
1712245659638 99.0 113
1712245669707 100.0 114
1712245679787 99.0 115
1712245689880 100.0 116
1712245699968 100.0 117
1712245710050 99.0 118
1712245720080 100.0 119
1712245730153 100.0 120
1712245740241 99.0 121
1712245750329 0.0 122
1712245760419 0.0 123
1712245770492 0.0 124
1712245780526 100.0 125
1712245790559 100.0 126
1712245800594 100.0 127
1712245810679 100.0 128
1712245820719 100.0 129
1712245830753 100.0 130
1712245840785 100.0 131
1712245850813 100.0 132
1712245860893 100.0 133
1712245870979 100.0 134
1712245881058 100.0 135
1712245891137 100.0 136
1712245901167 100.0 137
1712245911249 99.0 138
1712245921346 100.0 139
1712245931470 0.0 140
1712245941596 0.0 141
1712245951675 0.0 142
1712245961716 0.0 143
1712245971811 99.0 144
1712245981903 100.0 145
1712245992004 99.0 146
1712246002094 100.0 147
1712246012181 100.0 148
1712246022223 100.0 149
1712246032302 100.0 150
1712246042382 99.0 151
1712246052463 99.0 152
1712246062546 100.0 153
1712246072632 99.0 154
1712246082669 100.0 155
1712246092753 99.0 156
1712246102830 100.0 157
1712246112907 99.0 158
1712246122991 99.0 159
1712246133081 100.0 160
1712246143117 100.0 161
1712246153196 100.0 162
1712246163306 99.0 163
1712246173383 99.0 164
1712246183463 100.0 165
1712246193551 99.0 166
1712246203586 99.0 167
1712246213668 100.0 168
1712246223756 100.0 169
1712246233827 99.0 170
1712246243911 100.0 171
1712246253998 100.0 172
1712246264030 100.0 173
1712246274108 100.0 174
1712246284189 100.0 175
1712246294284 100.0 176
1712246304376 100.0 177
1712246314447 99.0 178
1712246324488 99.0 179
1712246334576 100.0 180
1712246344661 99.0 181
1712246354741 100.0 182
1712246364818 100.0 183
1712246374897 99.0 184
1712246384934 100.0 185
1712246395004 99.0 186
1712246405082 100.0 187
1712246415157 100.0 188
1712246425249 100.0 189
1712246435339 99.0 190
1712246445372 100.0 191
1712246455468 99.0 192
1712246465557 100.0 193
1712246475637 100.0 194
1712246485710 100.0 195
1712246495800 100.0 196
1712246505838 99.0 197
1712246515938 99.0 198
1712246526028 100.0 199
1712246536116 100.0 200
1712246546219 100.0 201
1712246556308 100.0 202
1712246566355 100.0 203
1712246576438 99.0 204
1712246586522 100.0 205
1712246596618 99.0 206
1712246606706 100.0 207
1712246616802 100.0 208
1712246626840 100.0 209
1712246636913 100.0 210
1712246647001 100.0 211
1712246657104 99.0 212
1712246667196 100.0 213
1712246677279 100.0 214
1712246687312 99.0 215
1712246697397 100.0 216
1712246707487 100.0 217
1712246717585 100.0 218
1712246727629 100.0 219
1712246737896 99.0 220
1712246748000 100.0 221
1712246758080 99.0 222
1712246768181 100.0 223
1712246778281 99.0 224
1712246788367 100.0 225
1712246798455 100.0 226
1712246808553 100.0 227
1712246818656 100.0 228
1712246828784 100.0 229
1712246838872 99.0 230
1712246848951 99.0 231
1712246859054 100.0 232
1712246869157 100.0 233
1712246879243 99.0 234
1712246889338 100.0 235
1712246899427 100.0 236
1712246909504 100.0 237
1712246919587 99.0 238
1712246929693 100.0 239
1712246939805 100.0 240
1712246949898 100.0 241
1712246960023 100.0 242
1712246970125 100.0 243
1712246980220 100.0 244
1712246990321 99.0 245
1712247000422 100.0 246
1712247010507 100.0 247
1712247020614 99.0 248
1712247030703 99.0 249
1712247040810 100.0 250
1712247050897 99.0 251
1712247060988 100.0 252
1712247071084 100.0 253
1712247081173 100.0 254
1712247091276 100.0 255
1712247101391 100.0 256
1712247111497 100.0 257
1712247121575 99.0 258
1712247131664 100.0 259
1712247142010 100.0 260
1712247152127 0.0 261
1712247162208 0.0 262
1712247172307 0.0 263
1712247182387 100.0 264
1712247192468 99.0 265
1712247202555 99.0 266
1712247212646 100.0 267
1712247222723 100.0 268
1712247232836 100.0 269
1712247242920 100.0 270
1712247252997 99.0 271
1712247263087 100.0 272
1712247273169 100.0 273
1712247283250 100.0 274
1712247293356 100.0 275
1712247303435 100.0 276
1712247313532 99.0 277
1712247325052 100.0 278
1712247335154 0.0 279
1712247345275 0.0 280
1712247355395 0.0 281
1712247365497 0.0 282
1712247375590 100.0 283
1712247385682 100.0 284
1712247395780 99.0 285
1712247405875 99.0 286
1712247415995 99.0 287
1712247426097 92.0 288
1712247436199 99.0 289
1712247446292 99.0 290
1712247456392 100.0 291
1712247466489 100.0 292
1712247476575 100.0 293
1712247486684 99.0 294
1712247496783 99.0 295
1712247506886 100.0 296
1712247516971 99.0 297
1712247527058 100.0 298
1712247537142 100.0 299
1712247547227 99.0 300
1712247557324 100.0 301
1712247567416 100.0 302
1712247577517 100.0 303
1712247587602 100.0 304
1712247597696 100.0 305
1712247607796 100.0 306
1712247617904 99.0 307
1712247628001 100.0 308
1712247638084 100.0 309
1712247648205 100.0 310
1712247658302 100.0 311
1712247668409 100.0 312
1712247678512 100.0 313
1712247688593 99.0 314
1712247698677 99.0 315
1712247708770 100.0 316
1712247718847 99.0 317
1712247728928 100.0 318
1712247739038 100.0 319
1712247749128 100.0 320
1712247759229 100.0 321
1712247769329 99.0 322
1712247779423 99.0 323
1712247789514 100.0 324
1712247799599 99.0 325
1712247809722 100.0 326
1712247819819 100.0 327
1712247829924 100.0 328
1712247840040 99.0 329
1712247850141 99.0 330
1712247860227 99.0 331
1712247870326 100.0 332
1712247880414 99.0 333
1712247890505 100.0 334
1712247900607 100.0 335
1712247910695 99.0 336
1712247920797 100.0 337
1712247930884 100.0 338
1712247940973 99.0 339
1712247951061 100.0 340
1712247961155 100.0 341
1712247971249 100.0 342
1712247981336 100.0 343
1712247991426 100.0 344
1712248001506 99.0 345
1712248011604 100.0 346
1712248021699 99.0 347
1712248031785 99.0 348
1712248041872 100.0 349
1712248051975 100.0 350
1712248062055 100.0 351
1712248072151 100.0 352
1712248082246 99.0 353
1712248092331 99.0 354
1712248102434 100.0 355
1712248112529 100.0 356
1712248122628 100.0 357
1712248132730 100.0 358
1712248142815 100.0 359
1712248152894 99.0 360
1712248162999 100.0 361
1712248173095 99.0 362
1712248183205 99.0 363
1712248193303 100.0 364
1712248203390 100.0 365
1712248213486 100.0 366
1712248223573 100.0 367
1712248233661 100.0 368
1712248243761 99.0 369
1712248253852 100.0 370
1712248263930 100.0 371
1712248274020 99.0 372
1712248284101 100.0 373
1712248294189 100.0 374
1712248304279 99.0 375
1712248314364 100.0 376
1712248324471 100.0 377
1712248334593 100.0 378
1712248344695 100.0 379
1712248354797 100.0 380
1712248364900 99.0 381
1712248374998 99.0 382
1712248385083 100.0 383
1712248395172 99.0 384
1712248405280 100.0 385
1712248415370 99.0 386
1712248425460 100.0 387
1712248435553 100.0 388
1712248445638 100.0 389
1712248455746 99.0 390
1712248465838 99.0 391
1712248475921 100.0 392
1712248486007 100.0 393
1712248496104 99.0 394
1712248506183 100.0 395
1712248516274 99.0 396
1712248526365 99.0 397
1712248536465 100.0 398
1712248546573 100.0 399
1712248556676 0.0 400
1712248566760 0.0 401
1712248576864 100.0 402
1712248586955 100.0 403
1712248597041 100.0 404
1712248607138 100.0 405
1712248617230 100.0 406
1712248627312 100.0 407
1712248637404 100.0 408
1712248647511 99.0 409
1712248657596 100.0 410
1712248667706 100.0 411
1712248677791 100.0 412
1712248687876 99.0 413
1712248697963 100.0 414
1712248708040 100.0 415
1712248718120 99.0 416
1712248728234 100.0 417
1712248738579 0.0 418
1712248748692 0.0 419
1712248758812 0.0 420
1712248768899 99.0 421
1712248778990 100.0 422
1712248789077 99.0 423
1712248799160 99.0 424
1712248809262 100.0 425
1712248819354 99.0 426
1712248829447 100.0 427
1712248839541 100.0 428
1712248849629 100.0 429
1712248859751 100.0 430
1712248869865 99.0 431
1712248879968 99.0 432
1712248890085 99.0 433
1712248900202 100.0 434
1712248910318 99.0 435
1712248920426 99.0 436
1712248930541 99.0 437
1712248940651 99.0 438
1712248950766 100.0 439
1712248960891 100.0 440
1712248971008 100.0 441
1712248981128 99.0 442
1712248991233 99.0 443
1712249001366 99.0 444
1712249011473 100.0 445
1712249021592 100.0 446
1712249031699 100.0 447
1712249041821 99.0 448
1712249051948 99.0 449
1712249062066 99.0 450
1712249072174 99.0 451
1712249082287 99.0 452
1712249092398 99.0 453
1712249102511 99.0 454
1712249112631 99.0 455
1712249122745 99.0 456
1712249132851 99.0 457
1712249142957 99.0 458
1712249153066 99.0 459
1712249163173 99.0 460
1712249173278 99.0 461
1712249183392 99.0 462
1712249193507 100.0 463
1712249203622 100.0 464
1712249213724 100.0 465
1712249223846 99.0 466
1712249233962 99.0 467
1712249244079 100.0 468
1712249254196 99.0 469
1712249264314 100.0 470
1712249274442 100.0 471
1712249284548 99.0 472
1712249294662 100.0 473
1712249304750 100.0 474
1712249314848 100.0 475
1712249324950 100.0 476
1712249335046 99.0 477
1712249345153 100.0 478
1712249355244 100.0 479
1712249365324 100.0 480
1712249375424 100.0 481
1712249385515 100.0 482
1712249395603 99.0 483
1712249405694 99.0 484
1712249415793 100.0 485
1712249425886 99.0 486
1712249435970 99.0 487
1712249446061 100.0 488
1712249456158 100.0 489
1712249466264 100.0 490
1712249476361 99.0 491
1712249486581 100.0 492
1712249496682 0.0 493
1712249506781 99.0 494
1712249516873 100.0 495
1712249526967 100.0 496
1712249537063 100.0 497
1712249547159 99.0 498
1712249557263 100.0 499
1712249567361 100.0 500
1712249577459 100.0 501
1712249587562 99.0 502
1712249597649 100.0 503
1712249607731 100.0 504
1712249617830 100.0 505
1712249627932 100.0 506
1712249638026 100.0 507
1712249648128 99.0 508
1712249658236 99.0 509
1712249668332 100.0 510
1712249678427 100.0 511
1712249688519 99.0 512
1712249698605 99.0 513
1712249708727 100.0 514
1712249718831 99.0 515
1712249728944 99.0 516
1712249739040 99.0 517
1712249749126 100.0 518
1712249759219 100.0 519
1712249769306 99.0 520
1712249779391 100.0 521
1712249789478 100.0 522
1712249799568 99.0 523
1712249809662 100.0 524
1712249819760 100.0 525
1712249829876 100.0 526
1712249839990 100.0 527
1712249850090 100.0 528
1712249860201 100.0 529
1712249870296 99.0 530
1712249880383 99.0 531
1712249890485 99.0 532
1712249900576 99.0 533
1712249910665 99.0 534
1712249920754 99.0 535
1712249930849 100.0 536
1712249940962 100.0 537
1712249951070 99.0 538
1712249961168 0.0 539
1712249971266 0.0 540
1712249981350 0.0 541
1712249991434 100.0 542
1712250001522 100.0 543
1712250011618 100.0 544
1712250021708 100.0 545
1712250031796 100.0 546
1712250041901 100.0 547
1712250051995 100.0 548
1712250062081 100.0 549
1712250072165 100.0 550
1712250082283 100.0 551
1712250092367 100.0 552
1712250102456 100.0 553
1712250112543 100.0 554
1712250122650 100.0 555
1712250132769 100.0 556
1712250142930 0.0 557
1712250153076 0.0 558
1712250163209 0.0 559
1712250173318 0.0 560
1712250183421 99.0 561
1712250193513 100.0 562
1712250203632 100.0 563
1712250213758 99.0 564
1712250223895 99.0 565
1712250234013 100.0 566
1712250244135 100.0 567
1712250254259 99.0 568
1712250264362 99.0 569
1712250274492 99.0 570
1712250284587 100.0 571
1712250294684 100.0 572
1712250305266 100.0 573
1712250315353 0.0 574
1712250325444 100.0 575
1712250335541 100.0 576
1712250345650 99.0 577
1712250355747 100.0 578
1712250365863 100.0 579
1712250375954 99.0 580
1712250386038 100.0 581
1712250396121 100.0 582
1712250406209 100.0 583
1712250416308 99.0 584
1712250426406 100.0 585
1712250436516 100.0 586
1712250446601 99.0 587
1712250456702 100.0 588
1712250466802 99.0 589
1712250476928 99.0 590
1712250487041 100.0 591
1712250497139 100.0 592
1712250507244 99.0 593
1712250517339 100.0 594
1712250527448 99.0 595
1712250537549 100.0 596
1712250547644 100.0 597
1712250557744 100.0 598
1712250567836 99.0 599
1712250577929 100.0 600
1712250588020 100.0 601
1712250598119 99.0 602
1712250608202 100.0 603
1712250618290 100.0 604
1712250628383 99.0 605
1712250638483 100.0 606
1712250648582 100.0 607
1712250658697 100.0 608
1712250668783 99.0 609
1712250678880 100.0 610
1712250688979 99.0 611
1712250699074 100.0 612
1712250709198 100.0 613
1712250719324 100.0 614
1712250729407 100.0 615
1712250739502 100.0 616
1712250749610 99.0 617
1712250759710 100.0 618
1712250769804 100.0 619
1712250779896 100.0 620
1712250789995 100.0 621
1712250800084 100.0 622
1712250810188 99.0 623
1712250820289 99.0 624
1712250830374 100.0 625
1712250840478 100.0 626
1712250850605 100.0 627
1712250860723 100.0 628
1712250870822 99.0 629
1712250880915 99.0 630
1712250891015 100.0 631
1712250901112 100.0 632
1712250911216 100.0 633
1712250921308 100.0 634
1712250931405 99.0 635
1712250941516 100.0 636
1712250951614 100.0 637
1712250961710 100.0 638
1712250971819 99.0 639
1712250981911 100.0 640
1712250992014 99.0 641
1712251002121 100.0 642
1712251012212 100.0 643
1712251022318 99.0 644
1712251032443 100.0 645
1712251042539 99.0 646
1712251052641 100.0 647
1712251062754 100.0 648
1712251072872 100.0 649
1712251082966 100.0 650
1712251093064 100.0 651
1712251103181 100.0 652
1712251113280 100.0 653
1712251123376 100.0 654
1712251133504 99.0 655
1712251143598 100.0 656
1712251153688 100.0 657
1712251163790 99.0 658
1712251173888 100.0 659
1712251184004 99.0 660
1712251194098 100.0 661
1712251204185 100.0 662
1712251214294 99.0 663
1712251224401 99.0 664
1712251234491 100.0 665
1712251244591 100.0 666
1712251254710 100.0 667
1712251264811 100.0 668
1712251274904 100.0 669
1712251285024 99.0 670
1712251295120 100.0 671
1712251305216 100.0 672
1712251315320 99.0 673
1712251325420 100.0 674
1712251335544 99.0 675
1712251345639 99.0 676
1712251355769 100.0 677
1712251365877 0.0 678
1712251375982 0.0 679
1712251386092 100.0 680
1712251396188 100.0 681
1712251406303 100.0 682
1712251416405 100.0 683
1712251426503 100.0 684
1712251436590 100.0 685
1712251446700 100.0 686
1712251456798 100.0 687
1712251466912 99.0 688
1712251477006 100.0 689
1712251487103 100.0 690
1712251497212 100.0 691
1712251507315 99.0 692
1712251517417 100.0 693
1712251527508 100.0 694
1712251538168 100.0 695
1712251548296 0.0 696
1712251558396 0.0 697
1712251568523 0.0 698
1712251578631 100.0 699
1712251588731 100.0 700
1712251598828 99.0 701
1712251608933 100.0 702
1712251619037 100.0 703
1712251629146 99.0 704
1712251639245 100.0 705
1712251649348 100.0 706
1712251659466 99.0 707
1712251669565 100.0 708
1712251679680 99.0 709
1712251689784 99.0 710
1712251699888 100.0 711
1712251709994 100.0 712
1712251720109 99.0 713
1712251730207 100.0 714
1712251740302 100.0 715
1712251750412 100.0 716
1712251760533 99.0 717
1712251770655 99.0 718
1712251780766 100.0 719
1712251790866 100.0 720
1712251800953 99.0 721
1712251811062 99.0 722
1712251821669 100.0 723
1712251831808 0.0 724
1712251841903 100.0 725
1712251852008 100.0 726
1712251862124 100.0 727
1712251872252 99.0 728
1712251882363 100.0 729
1712251892463 100.0 730
1712251902559 99.0 731
1712251912671 99.0 732
1712251922769 100.0 733
1712251932875 100.0 734
1712251942982 100.0 735
1712251953086 100.0 736
1712251963183 99.0 737
1712251973295 99.0 738
1712251983398 100.0 739
1712251993504 100.0 740
1712252003598 99.0 741
1712252013701 100.0 742
1712252023793 99.0 743
1712252033883 99.0 744
1712252043994 100.0 745
1712252054098 100.0 746
1712252064191 99.0 747
1712252074288 100.0 748
1712252084400 99.0 749
1712252094494 99.0 750
1712252104606 100.0 751
1712252114706 100.0 752
1712252124804 99.0 753
1712252134918 100.0 754
1712252145024 100.0 755
1712252155126 99.0 756
1712252165226 100.0 757
1712252175327 100.0 758
1712252185422 99.0 759
1712252195513 99.0 760
1712252205647 100.0 761
1712252215758 99.0 762
1712252225882 99.0 763
1712252235983 100.0 764
1712252246085 100.0 765
1712252256199 99.0 766
1712252266302 99.0 767
1712252276408 100.0 768
1712252286529 100.0 769
1712252296637 100.0 770
1712252306741 100.0 771
1712252316863 99.0 772
1712252326957 99.0 773
1712252337047 100.0 774
1712252347135 100.0 775
1712252357243 100.0 776
1712252367355 100.0 777
1712252377449 99.0 778
1712252387546 99.0 779
1712252397654 100.0 780
1712252407759 100.0 781
1712252417866 99.0 782
1712252427966 100.0 783
1712252438064 100.0 784
1712252448172 99.0 785
1712252458273 99.0 786
1712252468381 100.0 787
1712252478492 100.0 788
1712252488593 100.0 789
1712252498695 100.0 790
1712252508797 99.0 791
1712252518911 99.0 792
1712252529040 100.0 793
1712252539141 100.0 794
1712252549246 100.0 795
1712252559339 100.0 796
1712252569458 100.0 797
1712252579554 99.0 798
1712252589646 99.0 799
1712252599749 100.0 800
1712252609842 100.0 801
1712252619951 100.0 802
1712252630053 100.0 803
1712252640170 99.0 804
1712252650278 99.0 805
1712252660402 100.0 806
1712252670519 100.0 807
1712252680618 99.0 808
1712252690732 99.0 809
1712252700832 100.0 810
1712252710935 99.0 811
1712252721063 100.0 812
1712252731169 100.0 813
1712252741261 99.0 814
1712252751360 100.0 815
1712252761485 0.0 816
1712252771612 0.0 817
1712252781711 0.0 818
1712252791815 100.0 819
1712252801936 100.0 820
1712252812055 100.0 821
1712252822171 100.0 822
1712252832272 100.0 823
1712252842377 100.0 824
1712252852489 100.0 825
1712252862608 100.0 826
1712252872717 100.0 827
1712252882847 100.0 828
1712252892944 100.0 829
1712252903056 99.0 830
1712252913161 100.0 831
1712252923256 100.0 832
1712252933378 100.0 833
1712252943492 0.0 834
1712252953885 0.0 835
1712252964022 0.0 836
1712252974157 0.0 837
1712252984271 99.0 838
1712252994375 100.0 839
1712253004473 99.0 840
1712253014571 100.0 841
1712253024669 99.0 842
1712253034763 100.0 843
1712253044871 99.0 844
1712253054978 99.0 845
1712253065077 100.0 846
1712253075174 100.0 847
1712253085272 100.0 848
1712253095378 99.0 849
1712253105487 100.0 850
1712253115587 100.0 851
1712253125686 99.0 852
1712253135786 99.0 853
1712253145878 100.0 854
1712253155985 99.0 855
1712253166100 100.0 856
1712253176223 100.0 857
1712253186345 99.0 858
1712253196476 99.0 859
1712253206589 100.0 860
1712253216696 99.0 861
1712253226817 100.0 862
1712253236921 99.0 863
1712253247034 99.0 864
1712253257146 99.0 865
1712253267280 99.0 866
1712253277411 99.0 867
1712253287524 99.0 868
1712253297640 100.0 869
1712253307764 99.0 870
1712253317877 100.0 871
1712253327994 100.0 872
1712253338113 99.0 873
1712253348216 99.0 874
1712253358312 100.0 875
1712253368409 100.0 876
1712253378511 99.0 877
1712253388628 100.0 878
1712253399486 100.0 879
1712253409594 0.0 880
1712253419698 100.0 881
1712253429809 100.0 882
1712253439913 100.0 883
1712253450015 100.0 884
1712253460122 99.0 885
1712253470215 100.0 886
1712253480309 100.0 887
1712253490403 100.0 888
1712253500507 100.0 889
1712253510609 100.0 890
1712253520719 99.0 891
1712253530837 99.0 892
1712253540942 100.0 893
1712253551040 99.0 894
1712253561143 99.0 895
1712253571240 100.0 896
1712253581346 100.0 897
1712253591453 100.0 898
1712253601572 100.0 899
1712253611677 99.0 900
1712253621788 100.0 901
1712253631901 99.0 902
1712253642002 98.0 903
1712253652112 100.0 904
1712253662210 100.0 905
1712253672346 99.0 906
1712253682559 99.0 907
1712253692662 100.0 908
1712253702773 100.0 909
1712253712875 100.0 910
1712253722974 99.0 911
1712253733084 100.0 912
1712253743190 100.0 913
1712253753306 99.0 914
1712253763415 99.0 915
1712253773532 99.0 916
1712253783655 100.0 917
1712253793750 100.0 918
1712253803851 99.0 919
1712253813951 100.0 920
1712253824052 100.0 921
1712253834164 100.0 922
1712253844279 100.0 923
1712253854382 100.0 924
1712253864476 99.0 925
1712253874570 99.0 926
1712253884675 100.0 927
1712253894794 100.0 928
1712253904906 99.0 929
1712253915026 99.0 930
1712253925131 99.0 931
1712253935240 100.0 932
1712253945368 99.0 933
1712253955486 99.0 934
1712253965608 99.0 935
1712253975713 100.0 936
1712253985846 100.0 937
1712253995970 100.0 938
1712254006074 99.0 939
1712254016174 100.0 940
1712254026289 100.0 941
1712254036399 100.0 942
1712254046500 100.0 943
1712254056613 100.0 944
1712254066708 100.0 945
1712254076834 99.0 946
1712254086937 99.0 947
1712254097055 100.0 948
1712254107168 100.0 949
1712254117284 100.0 950
1712254127381 99.0 951
1712254137476 100.0 952
1712254147681 100.0 953
1712254157808 100.0 954
1712254167916 0.0 955
1712254178032 0.0 956
1712254188136 0.0 957
1712254198252 100.0 958
1712254208357 100.0 959
1712254218466 100.0 960
1712254228568 99.0 961
1712254238660 100.0 962
1712254248758 99.0 963
1712254258880 100.0 964
1712254269001 100.0 965
1712254279112 100.0 966
1712254289228 99.0 967
1712254299391 100.0 968
1712254309502 100.0 969
1712254319599 100.0 970
1712254329717 100.0 971
1712254339818 100.0 972
1712254349963 100.0 973
1712254360120 0.0 974
1712254370372 0.0 975
1712254380506 0.0 976
1712254390622 100.0 977
1712254400734 99.0 978
1712254410839 97.0 979
1712254420950 100.0 980
1712254431047 100.0 981
1712254441160 100.0 982
1712254451284 100.0 983
1712254461413 100.0 984
1712254471518 100.0 985
1712254481632 100.0 986
1712254491737 99.0 987
1712254501845 99.0 988
1712254511965 99.0 989
1712254522064 99.0 990
1712254532161 100.0 991
1712254542835 100.0 992
1712254552951 22.0 993
1712254563079 100.0 994
1712254573193 100.0 995
1712254583297 100.0 996
1712254593405 99.0 997
1712254603513 100.0 998
1712254613633 100.0 999
1712254623741 99.0 1000
1712254633861 100.0 1001
1712254643990 100.0 1002
1712254654092 100.0 1003
1712254664193 99.0 1004
1712254674297 98.0 1005
1712254684399 99.0 1006
1712254694495 99.0 1007
1712254704608 99.0 1008
1712254714719 99.0 1009
1712254724824 100.0 1010
1712254734933 99.0 1011
1712254745056 100.0 1012
1712254755165 100.0 1013
1712254765275 100.0 1014
1712254775383 99.0 1015
1712254785508 99.0 1016
1712254795629 100.0 1017
1712254805751 100.0 1018
1712254815901 99.0 1019
1712254826051 99.0 1020
1712254836169 100.0 1021
1712254846284 100.0 1022
1712254856419 100.0 1023
1712254866521 99.0 1024
1712254876624 100.0 1025
1712254886835 100.0 1026
1712254896942 99.0 1027
1712254907052 100.0 1028
1712254917151 99.0 1029
1712254927253 100.0 1030
1712254937352 100.0 1031
1712254947461 100.0 1032
1712254957574 96.0 1033
1712254967699 100.0 1034
1712254977818 100.0 1035
1712254987928 99.0 1036
1712254998039 99.0 1037
1712255008179 100.0 1038
1712255018313 100.0 1039
1712255028439 100.0 1040
1712255038556 99.0 1041
1712255048665 99.0 1042
1712255058767 100.0 1043
1712255068880 100.0 1044
1712255078975 100.0 1045
1712255089082 100.0 1046
1712255099191 100.0 1047
1712255109287 100.0 1048
1712255119413 99.0 1049
1712255129512 100.0 1050
1712255139641 100.0 1051
1712255149744 99.0 1052
1712255159855 99.0 1053
1712255169975 100.0 1054
1712255180083 100.0 1055
1712255190181 100.0 1056
1712255200283 100.0 1057
1712255210402 100.0 1058
1712255220612 99.0 1059
1712255230733 99.0 1060
1712255240842 99.0 1061
1712255250945 99.0 1062
1712255261051 100.0 1063
1712255271157 100.0 1064
1712255281264 100.0 1065
1712255291371 100.0 1066
1712255301466 100.0 1067
1712255311566 99.0 1068
1712255321667 100.0 1069
1712255331783 100.0 1070
1712255341935 99.0 1071
1712255352060 99.0 1072
1712255362190 99.0 1073
1712255372325 100.0 1074
1712255382425 100.0 1075
1712255392546 100.0 1076
1712255402659 100.0 1077
1712255412786 100.0 1078
1712255422891 99.0 1079
1712255432990 99.0 1080
1712255443097 100.0 1081
1712255453215 100.0 1082
1712255463312 100.0 1083
1712255473413 100.0 1084
1712255483520 100.0 1085
1712255493623 100.0 1086
1712255503737 99.0 1087
1712255513845 100.0 1088
1712255523954 100.0 1089
1712255534067 99.0 1090
1712255544177 99.0 1091
1712255554286 100.0 1092
1712255564411 100.0 1093
1712255574523 0.0 1094
1712255584649 0.0 1095
1712255594763 0.0 1096
1712255604865 100.0 1097
1712255614979 100.0 1098
1712255625114 100.0 1099
1712255635244 100.0 1100
1712255645374 100.0 1101
1712255655497 100.0 1102
1712255665592 100.0 1103
1712255675698 99.0 1104
1712255685803 100.0 1105
1712255695929 100.0 1106
1712255706063 100.0 1107
1712255716173 100.0 1108
1712255726384 100.0 1109
1712255736494 100.0 1110
1712255746598 100.0 1111
1712255756736 100.0 1112
1712255766873 0.0 1113
1712255776992 0.0 1114
1712255787126 0.0 1115
1712255797257 99.0 1116
1712255807377 99.0 1117
1712255817511 100.0 1118
1712255827637 99.0 1119
1712255837758 100.0 1120
1712255847893 99.0 1121
1712255858022 100.0 1122
1712255868140 100.0 1123
1712255878250 100.0 1124
1712255888370 99.0 1125
1712255898497 100.0 1126
1712255908614 100.0 1127
1712255918726 99.0 1128
1712255928834 100.0 1129
1712255938963 100.0 1130
1712255949074 100.0 1131
1712255959180 100.0 1132
1712255969304 99.0 1133
1712255979439 99.0 1134
1712255989573 100.0 1135
1712255999686 99.0 1136
1712256009849 99.0 1137
1712256019974 100.0 1138
1712256030121 100.0 1139
1712256040285 99.0 1140
1712256050422 99.0 1141
1712256060532 100.0 1142
1712256070647 99.0 1143
1712256080776 99.0 1144
1712256090883 99.0 1145
1712256100984 100.0 1146
1712256111103 100.0 1147
1712256121230 99.0 1148
1712256131339 100.0 1149
1712256141484 100.0 1150
1712256151626 100.0 1151
1712256161745 100.0 1152
1712256171871 100.0 1153
1712256181988 99.0 1154
1712256192102 99.0 1155
1712256202215 100.0 1156
1712256212328 100.0 1157
1712256222454 100.0 1158
1712256232613 100.0 1159
1712256242753 100.0 1160
1712256252890 100.0 1161
1712256263063 100.0 1162
1712256273197 100.0 1163
1712256283358 100.0 1164
1712256293486 100.0 1165
1712256303624 100.0 1166
1712256313754 100.0 1167
1712256323885 100.0 1168
1712256334010 100.0 1169
1712256344155 99.0 1170
1712256354290 99.0 1171
1712256364429 100.0 1172
1712256374539 99.0 1173
1712256384652 99.0 1174
1712256394776 100.0 1175
1712256404909 100.0 1176
1712256415040 100.0 1177
1712256425156 99.0 1178
1712256435278 100.0 1179
1712256445419 100.0 1180
1712256455545 100.0 1181
1712256465664 100.0 1182
1712256475794 100.0 1183
1712256485915 99.0 1184
1712256496051 99.0 1185
1712256506169 100.0 1186
1712256516288 100.0 1187
1712256526506 99.0 1188
1712256536633 99.0 1189
1712256546747 99.0 1190
1712256556892 100.0 1191
1712256567017 99.0 1192
1712256577147 99.0 1193
1712256587271 100.0 1194
1712256597396 100.0 1195
1712256607560 99.0 1196
1712256617670 100.0 1197
1712256627777 100.0 1198
1712256637931 100.0 1199
1712256648055 100.0 1200
1712256658184 99.0 1201
1712256668314 100.0 1202
1712256678430 99.0 1203
1712256688556 100.0 1204
1712256698685 100.0 1205
1712256708811 100.0 1206
1712256718955 99.0 1207
1712256729089 100.0 1208
1712256739220 100.0 1209
1712256749345 100.0 1210
1712256759494 99.0 1211
1712256769622 100.0 1212
1712256779749 100.0 1213
1712256789860 100.0 1214
1712256799988 100.0 1215
1712256810103 100.0 1216
1712256820223 100.0 1217
1712256830335 99.0 1218
1712256840455 100.0 1219
1712256850580 100.0 1220
1712256860697 99.0 1221
1712256870836 99.0 1222
1712256880978 100.0 1223
1712256891089 100.0 1224
1712256901207 100.0 1225
1712256911338 100.0 1226
1712256921455 100.0 1227
1712256931579 99.0 1228
1712256941714 99.0 1229
1712256951842 99.0 1230
1712256961954 100.0 1231
1712256972066 100.0 1232
1712256982294 0.0 1233
1712256992464 0.0 1234
1712257002580 0.0 1235
1712257012705 100.0 1236
1712257022821 100.0 1237
1712257032960 100.0 1238
1712257043096 99.0 1239
1712257053230 100.0 1240
1712257063367 100.0 1241
1712257073506 100.0 1242
1712257083615 100.0 1243
1712257093736 100.0 1244
1712257103865 100.0 1245
1712257113983 100.0 1246
1712257124111 100.0 1247
1712257134240 100.0 1248
1712257144373 100.0 1249
1712257154536 100.0 1250
1712257164779 0.0 1251
1712257175474 0.0 1252
1712257185634 0.0 1253
1712257195791 99.0 1254
1712257205928 100.0 1255
1712257216049 100.0 1256
1712257226188 100.0 1257
1712257236317 99.0 1258
1712257246438 99.0 1259
1712257256571 100.0 1260
1712257266696 99.0 1261
1712257276814 100.0 1262
1712257286960 100.0 1263
1712257297073 99.0 1264
1712257307216 100.0 1265
1712257317358 100.0 1266
1712257327489 100.0 1267
1712257337612 99.0 1268
1712257347738 99.0 1269
1712257357855 100.0 1270
1712257367979 100.0 1271
1712257378102 99.0 1272
1712257388216 98.0 1273
1712257398364 100.0 1274
1712257408478 100.0 1275
1712257418612 99.0 1276
1712257428751 100.0 1277
1712257438884 100.0 1278
1712257449011 99.0 1279
1712257459122 99.0 1280
1712257469238 99.0 1281
1712257479358 100.0 1282
1712257489492 100.0 1283
1712257499620 99.0 1284
1712257509747 99.0 1285
1712257519886 100.0 1286
1712257530030 99.0 1287
1712257540258 99.0 1288
1712257550397 85.0 1289
1712257560546 99.0 1290
1712257570681 99.0 1291
1712257580823 99.0 1292
1712257590946 100.0 1293
1712257601092 100.0 1294
1712257611228 100.0 1295
1712257621362 98.0 1296
1712257631508 100.0 1297
1712257641632 100.0 1298
1712257651772 94.0 1299
1712257661910 99.0 1300
1712257672047 100.0 1301
1712257682191 100.0 1302
1712257692310 99.0 1303
1712257702426 98.0 1304
1712257712548 98.0 1305
1712257722675 100.0 1306
1712257732892 99.0 1307
1712257743020 99.0 1308
1712257753141 100.0 1309
1712257763265 99.0 1310
1712257773393 100.0 1311
1712257783506 99.0 1312
1712257793636 100.0 1313
1712257803748 90.0 1314
1712257813866 95.0 1315
1712257823986 100.0 1316
1712257834116 99.0 1317
1712257844243 99.0 1318
1712257854356 99.0 1319
1712257864475 100.0 1320
1712257874595 100.0 1321
1712257884729 99.0 1322
1712257894864 99.0 1323
1712257904995 100.0 1324
1712257915117 100.0 1325
1712257925239 100.0 1326
1712257935458 100.0 1327
1712257945601 97.0 1328
1712257955723 100.0 1329
1712257965856 100.0 1330
1712257975977 99.0 1331
1712257986097 99.0 1332
1712257996221 99.0 1333
1712258006364 99.0 1334
1712258016485 99.0 1335
1712258026614 99.0 1336
1712258036739 100.0 1337
1712258046870 100.0 1338
1712258056994 100.0 1339
1712258067122 100.0 1340
1712258077239 100.0 1341
1712258087367 100.0 1342
1712258097501 99.0 1343
1712258107621 99.0 1344
1712258117748 100.0 1345
1712258127873 100.0 1346
1712258137987 99.0 1347
1712258148109 99.0 1348
1712258158216 100.0 1349
1712258168327 100.0 1350
1712258178449 100.0 1351
1712258188574 98.0 1352
1712258198697 100.0 1353
1712258208844 100.0 1354
1712258218975 99.0 1355
1712258229122 99.0 1356
1712258239241 100.0 1357
1712258249363 100.0 1358
1712258259491 100.0 1359
1712258269623 99.0 1360
1712258279744 100.0 1361
1712258289856 100.0 1362
1712258300063 100.0 1363
1712258310187 99.0 1364
1712258320316 100.0 1365
1712258330438 100.0 1366
1712258340582 99.0 1367
1712258350706 99.0 1368
1712258360818 99.0 1369
1712258370964 99.0 1370
1712258381100 0.0 1371
1712258391211 0.0 1372
1712258401331 0.0 1373
1712258411446 99.0 1374
1712258421561 99.0 1375
1712258431671 100.0 1376
1712258441795 99.0 1377
1712258451932 100.0 1378
1712258462050 100.0 1379
1712258472168 100.0 1380
1712258482308 99.0 1381
1712258492431 99.0 1382
1712258502549 100.0 1383
1712258512678 100.0 1384
1712258522806 100.0 1385
1712258532926 100.0 1386
1712258543044 100.0 1387
1712258553162 100.0 1388
1712258563288 100.0 1389
1712258573447 0.0 1390
1712258583611 0.0 1391
1712258593778 0.0 1392
