1712244521413 6.6 0
1712244531491 6.6 1
1712244541558 6.6 2
1712244551641 6.6 3
1712244561751 55.1 4
1712244571791 55.1 5
1712244581874 55.1 6
1712244591906 55.1 7
1712244601974 55.1 8
1712244612044 55.1 9
1712244622112 55.1 10
1712244632177 55.1 11
1712244642250 55.1 12
1712244652314 55.1 13
1712244662413 55.1 14
1712244672483 55.1 15
1712244682561 55.1 16
1712244692637 55.1 17
1712244702713 55.1 18
1712244712829 55.1 19
1712244722895 55.1 20
1712244733007 55.1 21
1712244743092 55.1 22
1712244753175 55.1 23
1712244763254 55.1 24
1712244773340 55.1 25
1712244783411 55.1 26
1712244793488 55.1 27
1712244803552 55.1 28
1712244813643 55.1 29
1712244823719 55.1 30
1712244833801 55.1 31
1712244843870 55.1 32
1712244853957 55.1 33
1712244864030 55.1 34
1712244874111 55.1 35
1712244884181 55.1 36
1712244894254 55.1 37
1712244904328 55.1 38
1712244914367 55.1 39
1712244924454 55.1 40
1712244934504 55.1 41
1712244944587 55.1 42
1712244954680 55.1 43
1712244964706 55.1 44
1712244974736 55.1 45
1712244984840 55.1 46
1712244994887 55.1 47
1712245004927 55.1 48
1712245015009 55.1 49
1712245025043 55.1 50
1712245035082 55.1 51
1712245045166 55.1 52
1712245055201 55.1 53
1712245065232 55.1 54
1712245075320 55.1 55
1712245085389 55.1 56
1712245095469 55.1 57
1712245105542 55.1 58
1712245115620 55.1 59
1712245125659 55.1 60
1712245135736 55.1 61
1712245145834 55.1 62
1712245155920 55.1 63
1712245166021 55.1 64
1712245176090 55.1 65
1712245186123 55.1 66
1712245196190 55.1 67
1712245206265 55.1 68
1712245216353 55.1 69
1712245226430 55.1 70
1712245236511 55.1 71
1712245246550 55.1 72
1712245256635 55.1 73
1712245266708 55.1 74
1712245276803 55.1 75
1712245286882 55.1 76
1712245296962 55.1 77
1712245307010 55.1 78
1712245317086 55.1 79
1712245327166 55.1 80
1712245337247 55.1 81
1712245347343 55.1 82
1712245357442 55.1 83
1712245367485 55.1 84
1712245377559 55.1 85
1712245387658 55.1 86
1712245397766 55.1 87
1712245407868 55.1 88
1712245417898 55.1 89
1712245427968 55.1 90
1712245438059 55.1 91
1712245448129 55.1 92
1712245458220 55.1 93
1712245468303 55.1 94
1712245478350 55.1 95
1712245488432 55.1 96
1712245498511 55.1 97
1712245508592 55.1 98
1712245518661 55.1 99
1712245528748 55.1 100
1712245538783 55.1 101
1712245548858 55.1 102
1712245558940 55.1 103
1712245569025 55.1 104
1712245579114 55.1 105
1712245589201 55.1 106
1712245599231 55.1 107
1712245609303 55.1 108
1712245619371 55.1 109
1712245629460 55.1 110
1712245639543 55.1 111
1712245649613 55.1 112
1712245659638 55.1 113
1712245669707 55.1 114
1712245679787 55.1 115
1712245689880 55.1 116
1712245699968 55.1 117
1712245710050 55.1 118
1712245720080 55.1 119
1712245730153 55.1 120
1712245740241 55.1 121
1712245750329 55.1 122
1712245760419 55.1 123
1712245770492 69.5 124
1712245780526 69.5 125
1712245790559 69.5 126
1712245800594 69.5 127
1712245810679 69.5 128
1712245820719 69.5 129
1712245830753 69.5 130
1712245840785 69.5 131
1712245850813 69.5 132
1712245860893 69.5 133
1712245870979 69.5 134
1712245881058 69.5 135
1712245891137 69.5 136
1712245901167 69.5 137
1712245911249 69.5 138
1712245921346 69.5 139
1712245931470 69.6 140
1712245941596 69.6 141
1712245951675 69.6 142
1712245961716 69.6 143
1712245971811 69.6 144
1712245981903 69.6 145
1712245992004 69.6 146
1712246002094 69.6 147
1712246012181 69.6 148
1712246022223 69.6 149
1712246032302 69.6 150
1712246042382 69.6 151
1712246052463 69.6 152
1712246062546 69.6 153
1712246072632 69.6 154
1712246082669 69.6 155
1712246092753 69.6 156
1712246102830 69.6 157
1712246112907 69.6 158
1712246122991 69.6 159
1712246133081 69.6 160
1712246143117 69.6 161
1712246153196 69.6 162
1712246163306 69.6 163
1712246173383 69.6 164
1712246183463 69.6 165
1712246193551 69.6 166
1712246203586 69.6 167
1712246213668 69.6 168
1712246223756 69.6 169
1712246233827 69.6 170
1712246243911 69.6 171
1712246253998 69.6 172
1712246264030 69.6 173
1712246274108 69.6 174
1712246284189 69.6 175
1712246294284 69.6 176
1712246304376 69.6 177
1712246314447 69.6 178
1712246324488 69.6 179
1712246334576 69.6 180
1712246344661 69.6 181
1712246354741 69.6 182
1712246364818 69.6 183
1712246374897 69.6 184
1712246384934 69.6 185
1712246395004 69.6 186
1712246405082 69.6 187
1712246415157 69.6 188
1712246425249 69.6 189
1712246435339 69.6 190
1712246445372 69.6 191
1712246455468 69.6 192
1712246465557 69.6 193
1712246475637 69.6 194
1712246485710 69.6 195
1712246495800 69.6 196
1712246505838 69.6 197
1712246515938 69.6 198
1712246526028 69.6 199
1712246536116 69.6 200
1712246546219 69.6 201
1712246556308 69.6 202
1712246566355 69.6 203
1712246576438 69.6 204
1712246586522 69.6 205
1712246596618 69.6 206
1712246606706 69.6 207
1712246616802 69.6 208
1712246626840 69.6 209
1712246636913 69.6 210
1712246647001 69.6 211
1712246657104 69.6 212
1712246667196 69.6 213
1712246677279 69.6 214
1712246687312 69.6 215
1712246697397 69.6 216
1712246707487 69.6 217
1712246717585 69.6 218
1712246727629 69.6 219
1712246737896 69.6 220
1712246748000 69.6 221
1712246758080 69.6 222
1712246768181 69.6 223
1712246778281 69.6 224
1712246788367 69.6 225
1712246798455 69.6 226
1712246808553 69.6 227
1712246818656 69.6 228
1712246828784 69.6 229
1712246838872 69.6 230
1712246848951 69.6 231
1712246859054 69.6 232
1712246869157 69.6 233
1712246879243 69.6 234
1712246889338 69.6 235
1712246899427 69.6 236
1712246909504 69.6 237
1712246919587 69.6 238
1712246929693 69.6 239
1712246939805 69.6 240
1712246949898 69.6 241
1712246960023 69.6 242
1712246970125 69.6 243
1712246980220 69.6 244
1712246990321 69.6 245
1712247000422 69.6 246
1712247010507 69.6 247
1712247020614 69.6 248
1712247030703 69.6 249
1712247040810 69.6 250
1712247050897 69.6 251
1712247060988 69.6 252
1712247071084 69.6 253
1712247081173 69.6 254
1712247091276 69.6 255
1712247101391 69.6 256
1712247111497 69.6 257
1712247121575 69.6 258
1712247131664 69.6 259
1712247142010 69.6 260
1712247152127 69.6 261
1712247162208 69.6 262
1712247172307 69.6 263
1712247182387 69.6 264
1712247192468 69.6 265
1712247202555 69.6 266
1712247212646 69.6 267
1712247222723 69.6 268
1712247232836 69.6 269
1712247242920 69.6 270
1712247252997 69.6 271
1712247263087 69.6 272
1712247273169 69.6 273
1712247283250 69.6 274
1712247293356 69.6 275
1712247303435 69.6 276
1712247313532 69.6 277
1712247325052 69.6 278
1712247335154 69.6 279
1712247345275 69.6 280
1712247355395 69.6 281
1712247365497 69.6 282
1712247375590 69.6 283
1712247385682 69.6 284
1712247395780 69.6 285
1712247405875 69.6 286
1712247415995 69.6 287
1712247426097 69.6 288
1712247436199 69.6 289
1712247446292 69.6 290
1712247456392 69.6 291
1712247466489 69.6 292
1712247476575 69.6 293
1712247486684 69.6 294
1712247496783 69.6 295
1712247506886 69.6 296
1712247516971 69.6 297
1712247527058 69.6 298
1712247537142 69.6 299
1712247547227 69.6 300
1712247557324 69.6 301
1712247567416 69.6 302
1712247577517 69.6 303
1712247587602 69.6 304
1712247597696 69.6 305
1712247607796 69.6 306
1712247617904 69.6 307
1712247628001 69.6 308
1712247638084 69.6 309
1712247648205 69.6 310
1712247658302 69.6 311
1712247668409 69.6 312
1712247678512 69.6 313
1712247688593 69.6 314
1712247698677 69.6 315
1712247708770 69.6 316
1712247718847 69.6 317
1712247728928 69.6 318
1712247739038 69.6 319
1712247749128 69.6 320
1712247759229 69.6 321
1712247769329 69.6 322
1712247779423 69.6 323
1712247789514 69.6 324
1712247799599 69.6 325
1712247809722 69.6 326
1712247819819 69.6 327
1712247829924 69.6 328
1712247840040 69.6 329
1712247850141 69.6 330
1712247860227 69.6 331
1712247870326 69.6 332
1712247880414 69.6 333
1712247890505 69.6 334
1712247900607 69.6 335
1712247910695 69.6 336
1712247920797 69.6 337
1712247930884 69.6 338
1712247940973 69.6 339
1712247951061 69.6 340
1712247961155 69.6 341
1712247971249 69.6 342
1712247981336 69.6 343
1712247991426 69.6 344
1712248001506 69.6 345
1712248011604 69.6 346
1712248021699 69.6 347
1712248031785 69.6 348
1712248041872 69.6 349
1712248051975 69.6 350
1712248062055 69.6 351
1712248072151 69.6 352
1712248082246 69.6 353
1712248092331 69.6 354
1712248102434 69.6 355
1712248112529 69.6 356
1712248122628 69.6 357
1712248132730 69.6 358
1712248142815 69.6 359
1712248152894 69.6 360
1712248162999 69.6 361
1712248173095 69.6 362
1712248183205 69.6 363
1712248193303 69.6 364
1712248203390 69.6 365
1712248213486 69.6 366
1712248223573 69.6 367
1712248233661 69.6 368
1712248243761 69.6 369
1712248253852 69.6 370
1712248263930 69.6 371
1712248274020 69.6 372
1712248284101 69.6 373
1712248294189 69.6 374
1712248304279 69.6 375
1712248314364 69.6 376
1712248324471 69.6 377
1712248334593 69.6 378
1712248344695 69.6 379
1712248354797 69.6 380
1712248364900 69.6 381
1712248374998 69.6 382
1712248385083 69.6 383
1712248395172 69.6 384
1712248405280 69.6 385
1712248415370 69.6 386
1712248425460 69.6 387
1712248435553 69.6 388
1712248445638 69.6 389
1712248455746 69.6 390
1712248465838 69.6 391
1712248475921 69.6 392
1712248486007 69.6 393
1712248496104 69.6 394
1712248506183 69.6 395
1712248516274 69.6 396
1712248526365 69.6 397
1712248536465 69.6 398
1712248546573 69.6 399
1712248556676 69.6 400
1712248566760 69.6 401
1712248576864 69.6 402
1712248586955 69.6 403
1712248597041 69.6 404
1712248607138 69.6 405
1712248617230 69.6 406
1712248627312 69.6 407
1712248637404 69.6 408
1712248647511 69.6 409
1712248657596 69.6 410
1712248667706 69.6 411
1712248677791 69.6 412
1712248687876 69.6 413
1712248697963 69.6 414
1712248708040 69.6 415
1712248718120 69.6 416
1712248728234 69.6 417
1712248738579 69.6 418
1712248748692 69.6 419
1712248758812 69.6 420
1712248768899 69.6 421
1712248778990 69.6 422
1712248789077 69.6 423
1712248799160 69.6 424
1712248809262 69.6 425
1712248819354 69.6 426
1712248829447 69.6 427
1712248839541 69.6 428
1712248849629 69.6 429
1712248859751 69.6 430
1712248869865 69.6 431
1712248879968 69.6 432
1712248890085 69.6 433
1712248900202 69.6 434
1712248910318 69.6 435
1712248920426 69.6 436
1712248930541 69.6 437
1712248940651 69.6 438
1712248950766 69.6 439
1712248960891 69.6 440
1712248971008 69.6 441
1712248981128 69.6 442
1712248991233 69.6 443
1712249001366 69.6 444
1712249011473 69.6 445
1712249021592 69.6 446
1712249031699 69.6 447
1712249041821 69.6 448
1712249051948 69.6 449
1712249062066 69.6 450
1712249072174 69.6 451
1712249082287 69.6 452
1712249092398 69.6 453
1712249102511 69.6 454
1712249112631 69.6 455
1712249122745 69.6 456
1712249132851 69.6 457
1712249142957 69.6 458
1712249153066 69.6 459
1712249163173 69.6 460
1712249173278 69.6 461
1712249183392 69.6 462
1712249193507 69.6 463
1712249203622 69.6 464
1712249213724 69.6 465
1712249223846 69.6 466
1712249233962 69.6 467
1712249244079 69.6 468
1712249254196 69.6 469
1712249264314 69.6 470
1712249274442 69.6 471
1712249284548 69.6 472
1712249294662 69.6 473
1712249304750 69.6 474
1712249314848 69.6 475
1712249324950 69.6 476
1712249335046 69.6 477
1712249345153 69.6 478
1712249355244 69.6 479
1712249365324 69.6 480
1712249375424 69.6 481
1712249385515 69.6 482
1712249395603 69.6 483
1712249405694 69.6 484
1712249415793 69.6 485
1712249425886 69.6 486
1712249435970 69.6 487
1712249446061 69.6 488
1712249456158 69.6 489
1712249466264 69.6 490
1712249476361 69.6 491
1712249486581 69.6 492
1712249496682 69.6 493
1712249506781 69.6 494
1712249516873 69.6 495
1712249526967 69.6 496
1712249537063 69.6 497
1712249547159 69.6 498
1712249557263 69.6 499
1712249567361 69.6 500
1712249577459 69.6 501
1712249587562 69.6 502
1712249597649 69.6 503
1712249607731 69.6 504
1712249617830 69.6 505
1712249627932 69.6 506
1712249638026 69.6 507
1712249648128 69.6 508
1712249658236 69.6 509
1712249668332 69.6 510
1712249678427 69.6 511
1712249688519 69.6 512
1712249698605 69.6 513
1712249708727 69.6 514
1712249718831 69.6 515
1712249728944 69.6 516
1712249739040 69.6 517
1712249749126 69.6 518
1712249759219 69.6 519
1712249769306 69.6 520
1712249779391 69.6 521
1712249789478 69.6 522
1712249799568 69.6 523
1712249809662 69.6 524
1712249819760 69.6 525
1712249829876 69.6 526
1712249839990 69.6 527
1712249850090 69.6 528
1712249860201 69.6 529
1712249870296 69.6 530
1712249880383 69.6 531
1712249890485 69.6 532
1712249900576 69.6 533
1712249910665 69.6 534
1712249920754 69.6 535
1712249930849 69.6 536
1712249940962 69.6 537
1712249951070 69.6 538
1712249961168 69.6 539
1712249971266 69.6 540
1712249981350 69.6 541
1712249991434 69.6 542
1712250001522 69.6 543
1712250011618 69.6 544
1712250021708 69.6 545
1712250031796 69.6 546
1712250041901 69.6 547
1712250051995 69.6 548
1712250062081 69.6 549
1712250072165 69.6 550
1712250082283 69.6 551
1712250092367 69.6 552
1712250102456 69.6 553
1712250112543 69.6 554
1712250122650 69.6 555
1712250132769 69.6 556
1712250142930 69.6 557
1712250153076 69.6 558
1712250163209 69.6 559
1712250173318 69.6 560
1712250183421 69.6 561
1712250193513 69.6 562
1712250203632 69.6 563
1712250213758 69.6 564
1712250223895 69.6 565
1712250234013 69.6 566
1712250244135 69.6 567
1712250254259 69.6 568
1712250264362 69.6 569
1712250274492 69.6 570
1712250284587 69.6 571
1712250294684 69.6 572
1712250305266 69.6 573
1712250315353 69.6 574
1712250325444 69.6 575
1712250335541 69.6 576
1712250345650 69.6 577
1712250355747 69.6 578
1712250365863 69.6 579
1712250375954 69.6 580
1712250386038 69.6 581
1712250396121 69.6 582
1712250406209 69.6 583
1712250416308 69.6 584
1712250426406 69.6 585
1712250436516 69.6 586
1712250446601 69.6 587
1712250456702 69.6 588
1712250466802 69.6 589
1712250476928 69.6 590
1712250487041 69.6 591
1712250497139 69.6 592
1712250507244 69.6 593
1712250517339 69.6 594
1712250527448 69.6 595
1712250537549 69.6 596
1712250547644 69.6 597
1712250557744 69.6 598
1712250567836 69.6 599
1712250577929 69.6 600
1712250588020 69.6 601
1712250598119 69.6 602
1712250608202 69.6 603
1712250618290 69.6 604
1712250628383 69.6 605
1712250638483 69.6 606
1712250648582 69.6 607
1712250658697 69.6 608
1712250668783 69.6 609
1712250678880 69.6 610
1712250688979 69.6 611
1712250699074 69.6 612
1712250709198 69.6 613
1712250719324 69.6 614
1712250729407 69.6 615
1712250739502 69.6 616
1712250749610 69.6 617
1712250759710 69.6 618
1712250769804 69.6 619
1712250779896 69.6 620
1712250789995 69.6 621
1712250800084 69.6 622
1712250810188 69.6 623
1712250820289 69.6 624
1712250830374 69.6 625
1712250840478 69.6 626
1712250850605 69.6 627
1712250860723 69.6 628
1712250870822 69.6 629
1712250880915 69.6 630
1712250891015 69.6 631
1712250901112 69.6 632
1712250911216 69.6 633
1712250921308 69.6 634
1712250931405 69.6 635
1712250941516 69.6 636
1712250951614 69.6 637
1712250961710 69.6 638
1712250971819 69.6 639
1712250981911 69.6 640
1712250992014 69.6 641
1712251002121 69.6 642
1712251012212 69.6 643
1712251022318 69.6 644
1712251032443 69.6 645
1712251042539 69.6 646
1712251052641 69.6 647
1712251062754 69.6 648
1712251072872 69.6 649
1712251082966 69.6 650
1712251093064 69.6 651
1712251103181 69.6 652
1712251113280 69.6 653
1712251123376 69.6 654
1712251133504 69.6 655
1712251143598 69.6 656
1712251153688 69.6 657
1712251163790 69.6 658
1712251173888 69.6 659
1712251184004 69.6 660
1712251194098 69.6 661
1712251204185 69.6 662
1712251214294 69.6 663
1712251224401 69.6 664
1712251234491 69.6 665
1712251244591 69.6 666
1712251254710 69.6 667
1712251264811 69.6 668
1712251274904 69.6 669
1712251285024 69.6 670
1712251295120 69.6 671
1712251305216 69.6 672
1712251315320 69.6 673
1712251325420 69.6 674
1712251335544 69.6 675
1712251345639 69.6 676
1712251355769 69.6 677
1712251365877 69.6 678
1712251375982 69.6 679
1712251386092 69.6 680
1712251396188 69.6 681
1712251406303 69.6 682
1712251416405 69.6 683
1712251426503 69.6 684
1712251436590 69.6 685
1712251446700 69.6 686
1712251456798 69.6 687
1712251466912 69.6 688
1712251477006 69.6 689
1712251487103 69.6 690
1712251497212 69.6 691
1712251507315 69.6 692
1712251517417 69.6 693
1712251527508 69.6 694
1712251538168 69.6 695
1712251548296 69.6 696
1712251558396 69.6 697
1712251568523 69.6 698
1712251578631 69.6 699
1712251588731 69.6 700
1712251598828 69.6 701
1712251608933 69.6 702
1712251619037 69.6 703
1712251629146 69.6 704
1712251639245 69.6 705
1712251649348 69.6 706
1712251659466 69.6 707
1712251669565 69.6 708
1712251679680 69.6 709
1712251689784 69.6 710
1712251699888 69.6 711
1712251709994 69.6 712
1712251720109 69.6 713
1712251730207 69.6 714
1712251740302 69.6 715
1712251750412 69.6 716
1712251760533 69.6 717
1712251770655 69.6 718
1712251780766 69.6 719
1712251790866 69.6 720
1712251800953 69.6 721
1712251811062 69.6 722
1712251821669 69.6 723
1712251831808 69.6 724
1712251841903 69.6 725
1712251852008 69.6 726
1712251862124 69.6 727
1712251872252 69.6 728
1712251882363 69.6 729
1712251892463 69.6 730
1712251902559 69.6 731
1712251912671 69.6 732
1712251922769 69.6 733
1712251932875 69.6 734
1712251942982 69.6 735
1712251953086 69.6 736
1712251963183 69.6 737
1712251973295 69.6 738
1712251983398 69.6 739
1712251993504 69.6 740
1712252003598 69.6 741
1712252013701 69.6 742
1712252023793 69.6 743
1712252033883 69.6 744
1712252043994 69.6 745
1712252054098 69.6 746
1712252064191 69.6 747
1712252074288 69.6 748
1712252084400 69.6 749
1712252094494 69.6 750
1712252104606 69.6 751
1712252114706 69.6 752
1712252124804 69.6 753
1712252134918 69.6 754
1712252145024 69.6 755
1712252155126 69.6 756
1712252165226 69.6 757
1712252175327 69.6 758
1712252185422 69.6 759
1712252195513 69.6 760
1712252205647 69.6 761
1712252215758 69.6 762
1712252225882 69.6 763
1712252235983 69.6 764
1712252246085 69.6 765
1712252256199 69.6 766
1712252266302 69.6 767
1712252276408 69.6 768
1712252286529 69.6 769
1712252296637 69.6 770
1712252306741 69.6 771
1712252316863 69.6 772
1712252326957 69.6 773
1712252337047 69.6 774
1712252347135 69.6 775
1712252357243 69.6 776
1712252367355 69.6 777
1712252377449 69.6 778
1712252387546 69.6 779
1712252397654 69.6 780
1712252407759 69.6 781
1712252417866 69.6 782
1712252427966 69.6 783
1712252438064 69.6 784
1712252448172 69.6 785
1712252458273 69.6 786
1712252468381 69.6 787
1712252478492 69.6 788
1712252488593 69.6 789
1712252498695 69.6 790
1712252508797 69.6 791
1712252518911 69.6 792
1712252529040 69.6 793
1712252539141 69.6 794
1712252549246 69.6 795
1712252559339 69.6 796
1712252569458 69.6 797
1712252579554 69.6 798
1712252589646 69.6 799
1712252599749 69.6 800
1712252609842 69.6 801
1712252619951 69.6 802
1712252630053 69.6 803
1712252640170 69.6 804
1712252650278 69.6 805
1712252660402 69.6 806
1712252670519 69.6 807
1712252680618 69.6 808
1712252690732 69.6 809
1712252700832 69.6 810
1712252710935 69.6 811
1712252721063 69.6 812
1712252731169 69.6 813
1712252741261 69.6 814
1712252751360 69.6 815
1712252761485 69.6 816
1712252771612 69.6 817
1712252781711 69.6 818
1712252791815 69.6 819
1712252801936 69.6 820
1712252812055 69.6 821
1712252822171 69.6 822
1712252832272 69.6 823
1712252842377 69.6 824
1712252852489 69.6 825
1712252862608 69.6 826
1712252872717 69.6 827
1712252882847 69.6 828
1712252892944 69.6 829
1712252903056 69.6 830
1712252913161 69.6 831
1712252923256 69.6 832
1712252933378 69.6 833
1712252943492 69.6 834
1712252953885 69.6 835
1712252964022 69.6 836
1712252974157 69.6 837
1712252984271 69.6 838
1712252994375 69.6 839
1712253004473 69.6 840
1712253014571 69.6 841
1712253024669 69.6 842
1712253034763 69.6 843
1712253044871 69.6 844
1712253054978 69.6 845
1712253065077 69.6 846
1712253075174 69.6 847
1712253085272 69.6 848
1712253095378 69.6 849
1712253105487 69.6 850
1712253115587 69.6 851
1712253125686 69.6 852
1712253135786 69.6 853
1712253145878 69.6 854
1712253155985 69.6 855
1712253166100 69.6 856
1712253176223 69.6 857
1712253186345 69.6 858
1712253196476 69.6 859
1712253206589 69.6 860
1712253216696 69.6 861
1712253226817 69.6 862
1712253236921 69.6 863
1712253247034 69.6 864
1712253257146 69.6 865
1712253267280 69.6 866
1712253277411 69.6 867
1712253287524 69.6 868
1712253297640 69.6 869
1712253307764 69.6 870
1712253317877 69.6 871
1712253327994 69.6 872
1712253338113 69.6 873
1712253348216 69.6 874
1712253358312 69.6 875
1712253368409 69.6 876
1712253378511 69.6 877
1712253388628 69.6 878
1712253399486 69.6 879
1712253409594 69.6 880
1712253419698 69.6 881
1712253429809 69.6 882
1712253439913 69.6 883
1712253450015 69.6 884
1712253460122 69.6 885
1712253470215 69.6 886
1712253480309 69.6 887
1712253490403 69.6 888
1712253500507 69.6 889
1712253510609 69.6 890
1712253520719 69.6 891
1712253530837 69.6 892
1712253540942 69.6 893
1712253551040 69.6 894
1712253561143 69.6 895
1712253571240 69.6 896
1712253581346 69.6 897
1712253591453 69.6 898
1712253601572 69.6 899
1712253611677 69.6 900
1712253621788 69.6 901
1712253631901 69.6 902
1712253642002 69.6 903
1712253652112 69.6 904
1712253662210 69.6 905
1712253672346 69.6 906
1712253682559 69.6 907
1712253692662 69.6 908
1712253702773 69.6 909
1712253712875 69.6 910
1712253722974 69.6 911
1712253733084 69.6 912
1712253743190 69.6 913
1712253753306 69.6 914
1712253763415 69.6 915
1712253773532 69.6 916
1712253783655 69.6 917
1712253793750 69.6 918
1712253803851 69.6 919
1712253813951 69.6 920
1712253824052 69.6 921
1712253834164 69.6 922
1712253844279 69.6 923
1712253854382 69.6 924
1712253864476 69.6 925
1712253874570 69.6 926
1712253884675 69.6 927
1712253894794 69.6 928
1712253904906 69.6 929
1712253915026 69.6 930
1712253925131 69.6 931
1712253935240 69.6 932
1712253945368 69.6 933
1712253955486 69.6 934
1712253965608 69.6 935
1712253975713 69.6 936
1712253985846 69.6 937
1712253995970 69.6 938
1712254006074 69.6 939
1712254016174 69.6 940
1712254026289 69.6 941
1712254036399 69.6 942
1712254046500 69.6 943
1712254056613 69.6 944
1712254066708 69.6 945
1712254076834 69.6 946
1712254086937 69.6 947
1712254097055 69.6 948
1712254107168 69.6 949
1712254117284 69.6 950
1712254127381 69.6 951
1712254137476 69.6 952
1712254147681 69.6 953
1712254157808 69.6 954
1712254167916 69.6 955
1712254178032 69.6 956
1712254188136 69.6 957
1712254198252 69.6 958
1712254208357 69.6 959
1712254218466 69.6 960
1712254228568 69.6 961
1712254238660 69.6 962
1712254248758 69.6 963
1712254258880 69.6 964
1712254269001 69.6 965
1712254279112 69.6 966
1712254289228 69.6 967
1712254299391 69.6 968
1712254309502 69.6 969
1712254319599 69.6 970
1712254329717 69.6 971
1712254339818 69.6 972
1712254349963 69.6 973
1712254360120 69.6 974
1712254370372 69.6 975
1712254380506 69.6 976
1712254390622 69.6 977
1712254400734 69.6 978
1712254410839 69.6 979
1712254420950 69.6 980
1712254431047 69.6 981
1712254441160 69.6 982
1712254451284 69.6 983
1712254461413 69.6 984
1712254471518 69.6 985
1712254481632 69.6 986
1712254491737 69.6 987
1712254501845 69.6 988
1712254511965 69.6 989
1712254522064 69.6 990
1712254532161 69.6 991
1712254542835 69.6 992
1712254552951 69.6 993
1712254563079 69.6 994
1712254573193 69.6 995
1712254583297 69.6 996
1712254593405 69.6 997
1712254603513 69.6 998
1712254613633 69.6 999
1712254623741 69.6 1000
1712254633861 69.6 1001
1712254643990 69.6 1002
1712254654092 69.6 1003
1712254664193 69.6 1004
1712254674297 69.6 1005
1712254684399 69.6 1006
1712254694495 69.6 1007
1712254704608 69.6 1008
1712254714719 69.6 1009
1712254724824 69.6 1010
1712254734933 69.6 1011
1712254745056 69.6 1012
1712254755165 69.6 1013
1712254765275 69.6 1014
1712254775383 69.6 1015
1712254785508 69.6 1016
1712254795629 69.6 1017
1712254805751 69.6 1018
1712254815901 69.6 1019
1712254826051 69.6 1020
1712254836169 69.6 1021
1712254846284 69.6 1022
1712254856419 69.6 1023
1712254866521 69.6 1024
1712254876624 69.6 1025
1712254886835 69.6 1026
1712254896942 69.6 1027
1712254907052 69.6 1028
1712254917151 69.6 1029
1712254927253 69.6 1030
1712254937352 69.6 1031
1712254947461 69.6 1032
1712254957574 69.6 1033
1712254967699 69.6 1034
1712254977818 69.6 1035
1712254987928 69.6 1036
1712254998039 69.6 1037
1712255008179 69.6 1038
1712255018313 69.6 1039
1712255028439 69.6 1040
1712255038556 69.6 1041
1712255048665 69.6 1042
1712255058767 69.6 1043
1712255068880 69.6 1044
1712255078975 69.6 1045
1712255089082 69.6 1046
1712255099191 69.6 1047
1712255109287 69.6 1048
1712255119413 69.6 1049
1712255129512 69.6 1050
1712255139641 69.6 1051
1712255149744 69.6 1052
1712255159855 69.6 1053
1712255169975 69.6 1054
1712255180083 69.6 1055
1712255190181 69.6 1056
1712255200283 69.6 1057
1712255210402 69.6 1058
1712255220612 69.6 1059
1712255230733 69.6 1060
1712255240842 69.6 1061
1712255250945 69.6 1062
1712255261051 69.6 1063
1712255271157 69.6 1064
1712255281264 69.6 1065
1712255291371 69.6 1066
1712255301466 69.6 1067
1712255311566 69.6 1068
1712255321667 69.6 1069
1712255331783 69.6 1070
1712255341935 69.6 1071
1712255352060 69.6 1072
1712255362190 69.6 1073
1712255372325 69.6 1074
1712255382425 69.6 1075
1712255392546 69.6 1076
1712255402659 69.6 1077
1712255412786 69.6 1078
1712255422891 69.6 1079
1712255432990 69.6 1080
1712255443097 69.6 1081
1712255453215 69.6 1082
1712255463312 69.6 1083
1712255473413 69.6 1084
1712255483520 69.6 1085
1712255493623 69.6 1086
1712255503737 69.6 1087
1712255513845 69.6 1088
1712255523954 69.6 1089
1712255534067 69.6 1090
1712255544177 69.6 1091
1712255554286 69.6 1092
1712255564411 69.6 1093
1712255574523 69.6 1094
1712255584649 69.6 1095
1712255594763 69.6 1096
1712255604865 69.6 1097
1712255614979 69.6 1098
1712255625114 69.6 1099
1712255635244 69.6 1100
1712255645374 69.6 1101
1712255655497 69.6 1102
1712255665592 69.6 1103
1712255675698 69.6 1104
1712255685803 69.6 1105
1712255695929 69.6 1106
1712255706063 69.6 1107
1712255716173 69.6 1108
1712255726384 69.6 1109
1712255736494 69.6 1110
1712255746598 69.6 1111
1712255756736 69.6 1112
1712255766873 69.6 1113
1712255776992 69.6 1114
1712255787126 69.6 1115
1712255797257 69.6 1116
1712255807377 69.6 1117
1712255817511 69.6 1118
1712255827637 69.6 1119
1712255837758 69.6 1120
1712255847893 69.6 1121
1712255858022 69.6 1122
1712255868140 69.6 1123
1712255878250 69.6 1124
1712255888370 69.6 1125
1712255898497 69.6 1126
1712255908614 69.6 1127
1712255918726 69.6 1128
1712255928834 69.6 1129
1712255938963 69.6 1130
1712255949074 69.6 1131
1712255959180 69.6 1132
1712255969304 69.6 1133
1712255979439 69.6 1134
1712255989573 69.6 1135
1712255999686 69.6 1136
1712256009849 69.6 1137
1712256019974 69.6 1138
1712256030121 69.6 1139
1712256040285 69.6 1140
1712256050422 69.6 1141
1712256060532 69.6 1142
1712256070647 69.6 1143
1712256080776 69.6 1144
1712256090883 69.6 1145
1712256100984 69.6 1146
1712256111103 69.6 1147
1712256121230 69.6 1148
1712256131339 69.6 1149
1712256141484 69.6 1150
1712256151626 69.6 1151
1712256161745 69.6 1152
1712256171871 69.6 1153
1712256181988 69.6 1154
1712256192102 69.6 1155
1712256202215 69.6 1156
1712256212328 69.6 1157
1712256222454 69.6 1158
1712256232613 69.6 1159
1712256242753 69.6 1160
1712256252890 69.6 1161
1712256263063 69.6 1162
1712256273197 69.6 1163
1712256283358 69.6 1164
1712256293486 69.6 1165
1712256303624 69.6 1166
1712256313754 69.6 1167
1712256323885 69.6 1168
1712256334010 69.6 1169
1712256344155 69.6 1170
1712256354290 69.6 1171
1712256364429 69.6 1172
1712256374539 69.6 1173
1712256384652 69.6 1174
1712256394776 69.6 1175
1712256404909 69.6 1176
1712256415040 69.6 1177
1712256425156 69.6 1178
1712256435278 69.6 1179
1712256445419 69.6 1180
1712256455545 69.6 1181
1712256465664 69.6 1182
1712256475794 69.6 1183
1712256485915 69.6 1184
1712256496051 69.6 1185
1712256506169 69.6 1186
1712256516288 69.6 1187
1712256526506 69.6 1188
1712256536633 69.6 1189
1712256546747 69.6 1190
1712256556892 69.6 1191
1712256567017 69.6 1192
1712256577147 69.6 1193
1712256587271 69.6 1194
1712256597396 69.6 1195
1712256607560 69.6 1196
1712256617670 69.6 1197
1712256627777 69.6 1198
1712256637931 69.6 1199
1712256648055 69.6 1200
1712256658184 69.6 1201
1712256668314 69.6 1202
1712256678430 69.6 1203
1712256688556 69.6 1204
1712256698685 69.6 1205
1712256708811 69.6 1206
1712256718955 69.6 1207
1712256729089 69.6 1208
1712256739220 69.6 1209
1712256749345 69.6 1210
1712256759494 69.6 1211
1712256769622 69.6 1212
1712256779749 69.6 1213
1712256789860 69.6 1214
1712256799988 69.6 1215
1712256810103 69.6 1216
1712256820223 69.6 1217
1712256830335 69.6 1218
1712256840455 69.6 1219
1712256850580 69.6 1220
1712256860697 69.6 1221
1712256870836 69.6 1222
1712256880978 69.6 1223
1712256891089 69.6 1224
1712256901207 69.6 1225
1712256911338 69.6 1226
1712256921455 69.6 1227
1712256931579 69.6 1228
1712256941714 69.6 1229
1712256951842 69.6 1230
1712256961954 69.6 1231
1712256972066 69.6 1232
1712256982294 69.6 1233
1712256992464 69.6 1234
1712257002580 69.6 1235
1712257012705 69.6 1236
1712257022821 69.6 1237
1712257032960 69.6 1238
1712257043096 69.6 1239
1712257053230 69.6 1240
1712257063367 69.6 1241
1712257073506 69.6 1242
1712257083615 69.6 1243
1712257093736 69.6 1244
1712257103865 69.6 1245
1712257113983 69.6 1246
1712257124111 69.6 1247
1712257134240 69.6 1248
1712257144373 69.6 1249
1712257154536 69.6 1250
1712257164779 69.6 1251
1712257175474 69.6 1252
1712257185634 69.6 1253
1712257195791 69.6 1254
1712257205928 69.6 1255
1712257216049 69.6 1256
1712257226188 69.6 1257
1712257236317 69.6 1258
1712257246438 69.6 1259
1712257256571 69.6 1260
1712257266696 69.6 1261
1712257276814 69.6 1262
1712257286960 69.6 1263
1712257297073 69.6 1264
1712257307216 69.6 1265
1712257317358 69.6 1266
1712257327489 69.6 1267
1712257337612 69.6 1268
1712257347738 69.6 1269
1712257357855 69.6 1270
1712257367979 69.6 1271
1712257378102 69.6 1272
1712257388216 69.6 1273
1712257398364 69.6 1274
1712257408478 69.6 1275
1712257418612 69.6 1276
1712257428751 69.6 1277
1712257438884 69.6 1278
1712257449011 69.6 1279
1712257459122 69.6 1280
1712257469238 69.6 1281
1712257479358 69.6 1282
1712257489492 69.6 1283
1712257499620 69.6 1284
1712257509747 69.6 1285
1712257519886 69.6 1286
1712257530030 69.6 1287
1712257540258 69.6 1288
1712257550397 69.6 1289
1712257560546 69.6 1290
1712257570681 69.6 1291
1712257580823 69.6 1292
1712257590946 69.6 1293
1712257601092 69.6 1294
1712257611228 69.6 1295
1712257621362 69.6 1296
1712257631508 69.6 1297
1712257641632 69.6 1298
1712257651772 69.6 1299
1712257661910 69.6 1300
1712257672047 69.6 1301
1712257682191 69.6 1302
1712257692310 69.6 1303
1712257702426 69.6 1304
1712257712548 69.6 1305
1712257722675 69.6 1306
1712257732892 69.6 1307
1712257743020 69.6 1308
1712257753141 69.6 1309
1712257763265 69.6 1310
1712257773393 69.6 1311
1712257783506 69.6 1312
1712257793636 69.6 1313
1712257803748 69.6 1314
1712257813866 69.6 1315
1712257823986 69.6 1316
1712257834116 69.6 1317
1712257844243 69.6 1318
1712257854356 69.6 1319
1712257864475 69.6 1320
1712257874595 69.6 1321
1712257884729 69.6 1322
1712257894864 69.6 1323
1712257904995 69.6 1324
1712257915117 69.6 1325
1712257925239 69.6 1326
1712257935458 69.6 1327
1712257945601 69.6 1328
1712257955723 69.6 1329
1712257965856 69.6 1330
1712257975977 69.6 1331
1712257986097 69.6 1332
1712257996221 69.6 1333
1712258006364 69.6 1334
1712258016485 69.6 1335
1712258026614 69.6 1336
1712258036739 69.6 1337
1712258046870 69.6 1338
1712258056994 69.6 1339
1712258067122 69.6 1340
1712258077239 69.6 1341
1712258087367 69.6 1342
1712258097501 69.6 1343
1712258107621 69.6 1344
1712258117748 69.6 1345
1712258127873 69.6 1346
1712258137987 69.6 1347
1712258148109 69.6 1348
1712258158216 69.6 1349
1712258168327 69.6 1350
1712258178449 69.6 1351
1712258188574 69.6 1352
1712258198697 69.6 1353
1712258208844 69.6 1354
1712258218975 69.6 1355
1712258229122 69.6 1356
1712258239241 69.6 1357
1712258249363 69.6 1358
1712258259491 69.6 1359
1712258269623 69.6 1360
1712258279744 69.6 1361
1712258289856 69.6 1362
1712258300063 69.6 1363
1712258310187 69.6 1364
1712258320316 69.6 1365
1712258330438 69.6 1366
1712258340582 69.6 1367
1712258350706 69.6 1368
1712258360818 69.6 1369
1712258370964 69.6 1370
1712258381100 69.6 1371
1712258391211 69.6 1372
1712258401331 69.6 1373
1712258411446 69.6 1374
1712258421561 69.6 1375
1712258431671 69.6 1376
1712258441795 69.6 1377
1712258451932 69.6 1378
1712258462050 69.6 1379
1712258472168 69.6 1380
1712258482308 69.6 1381
1712258492431 69.6 1382
1712258502549 69.6 1383
1712258512678 69.6 1384
1712258522806 69.6 1385
1712258532926 69.6 1386
1712258543044 69.6 1387
1712258553162 69.6 1388
1712258563288 69.6 1389
1712258573447 69.6 1390
1712258583611 69.6 1391
1712258593778 69.6 1392
