1712244521413 0.0002679999997781124 0
1712244531491 0.1473149999983434 1
1712244541558 0.3143049999998766 2
1712244551641 0.4688189999978931 3
1712244561751 0.6112939999984519 4
1712244571791 0.693106999999145 5
1712244581874 0.7887430000009772 6
1712244591906 0.9357659999986936 7
1712244601974 1.0384139999987383 8
1712244612044 1.1393209999987448 9
1712244622112 1.2644089999994321 10
1712244632177 1.4293829999987793 11
1712244642250 1.5761700000002747 12
1712244652314 1.75013399999807 13
1712244662413 1.921965999998065 14
1712244672483 2.1056639999987965 15
1712244682561 2.2829519999977492 16
1712244692637 2.4270959999994375 17
1712244702713 2.581491000000824 18
1712244712829 2.7717720000000554 19
1712244722895 2.9274740000000747 20
1712244733007 3.195436999998492 21
1712244743092 3.3171589999983553 22
1712244753175 3.5031049999997776 23
1712244763254 3.6640079999997397 24
1712244773340 3.831696000001102 25
1712244783411 4.000432000000728 26
1712244793488 4.1704179999978805 27
1712244803552 4.360587999999552 28
1712244813643 4.424297999998089 29
1712244823719 4.628177999999025 30
1712244833801 4.673359000000346 31
1712244843870 4.780337000000145 32
1712244853957 4.896586999999272 33
1712244864030 8.616183999998611 34
1712244874111 8.64709700000094 35
1712244884181 8.653461999998399 36
1712244894254 8.748916000000463 37
1712244904328 9.885193999998592 38
1712244914367 15.107223999999405 39
1712244924454 15.248638000000938 40
1712244934504 15.296868999997969 41
1712244944587 15.310728000000381 42
1712244954680 15.327180000000226 43
1712244964706 15.332362000001012 44
1712244974736 15.41695400000026 45
1712244984840 15.45104100000026 46
1712244994887 15.510588999997708 47
1712245004927 15.523817999997846 48
1712245015009 15.526021999998193 49
1712245025043 16.555945000000065 50
1712245035082 16.697431000000506 51
1712245045166 17.108282000001054 52
1712245055201 17.983775000000605 53
1712245065232 35.92229700000098 54
1712245075320 41.759846000000834 55
1712245085389 45.309573999998975 56
1712245095469 46.06358999999793 57
1712245105542 46.06945600000108 58
1712245115620 46.08435499999905 59
1712245125659 46.12191099999836 60
1712245135736 46.13277999999991 61
1712245145834 46.171448000000964 62
1712245155920 46.64584900000045 63
1712245166021 47.335157999998046 64
1712245176090 47.96635400000014 65
1712245186123 52.48753899999792 66
1712245196190 64.34570600000006 67
1712245206265 66.46894400000019 68
1712245216353 66.47678499999893 69
1712245226430 66.49086999999781 70
1712245236511 66.49475800000073 71
1712245246550 66.55497900000046 72
1712245256635 76.70128199999817 73
1712245266708 91.24538399999801 74
1712245276803 99.75566299999991 75
1712245286882 100.33035599999857 76
1712245296962 103.73744599999918 77
1712245307010 104.79376200000115 78
1712245317086 106.75005999999848 79
1712245327166 112.8976760000005 80
1712245337247 113.35809399999926 81
1712245347343 117.13551999999981 82
1712245357442 118.07619100000011 83
1712245367485 122.88745800000106 84
1712245377559 131.95970099999977 85
1712245387658 137.82556599999953 86
1712245397766 141.79487599999993 87
1712245407868 143.58885100000043 88
1712245417898 143.97295999999915 89
1712245427968 143.9920749999983 90
1712245438059 151.98956299999918 91
1712245448129 163.65999300000112 92
1712245458220 173.2143240000005 93
1712245468303 176.94158400000015 94
1712245478350 177.36379500000112 95
1712245488432 177.7263610000009 96
1712245498511 178.03565199999866 97
1712245508592 178.50855799999772 98
1712245518661 183.1763600000013 99
1712245528748 190.39448899999843 100
1712245538783 192.02217100000053 101
1712245548858 193.7398229999999 102
1712245558940 194.76694700000007 103
1712245569025 195.68947499999922 104
1712245579114 196.57388400000127 105
1712245589201 197.6682789999977 106
1712245599231 198.55583800000022 107
1712245609303 199.75135199999932 108
1712245619371 200.41733499999827 109
1712245629460 201.14192900000126 110
1712245639543 201.80625800000053 111
1712245649613 202.6890429999985 112
1712245659638 203.98253599999953 113
1712245669707 204.51257500000065 114
1712245679787 204.5458030000009 115
1712245689880 204.54775199999858 116
1712245699968 204.5866079999978 117
1712245710050 204.58698200000072 118
1712245720080 205.11942999999883 119
1712245730153 208.77803700000004 120
1712245740241 209.99057099999845 121
1712245750329 210.29478499999823 122
1712245760419 210.8585239999993 123
1712245770492 211.3120229999986 124
1712245780526 211.76983499999915 125
1712245790559 212.24139500000092 126
1712245800594 212.80266699999993 127
1712245810679 213.2786390000001 128
1712245820719 214.43815099999847 129
1712245830753 214.71843699999954 130
1712245840785 214.78364900000088 131
1712245850813 215.10705700000108 132
1712245860893 215.12510199999815 133
1712245870979 215.12836199999947 134
1712245881058 215.13483199999973 135
1712245891137 215.1380629999985 136
1712245901167 215.14038199999777 137
1712245911249 215.14356899999984 138
1712245921346 215.30876799999896 139
1712245931470 219.63333299999795 140
1712245941596 222.3373819999979 141
1712245951675 225.6516589999992 142
1712245961716 225.7117870000002 143
1712245971811 225.98343300000124 144
1712245981903 226.00575000000026 145
1712245992004 226.02231499999834 146
1712246002094 226.03438399999868 147
1712246012181 226.03515200000038 148
1712246022223 229.4066039999998 149
1712246032302 231.10766499999954 150
1712246042382 231.4642739999981 151
1712246052463 231.5746020000006 152
1712246062546 237.98785800000041 153
1712246072632 241.3741119999977 154
1712246082669 243.94439799999964 155
1712246092753 252.90975400000025 156
1712246102830 252.93934900000022 157
1712246112907 252.96338699999978 158
1712246122991 253.39220800000112 159
1712246133081 253.63144000000102 160
1712246143117 259.5689199999979 161
1712246153196 259.60407399999895 162
1712246163306 259.63622699999905 163
1712246173383 260.2760280000002 164
1712246183463 268.8211850000007 165
1712246193551 278.4857830000001 166
1712246203586 283.9563019999987 167
1712246213668 283.96097999999984 168
1712246223756 283.96186699999816 169
1712246233827 283.9624330000006 170
1712246243911 283.98201300000073 171
1712246253998 283.99118199999793 172
1712246264030 283.99181699999826 173
1712246274108 283.99967900000047 174
1712246284189 284.01732300000003 175
1712246294284 284.029939 176
1712246304376 285.17541100000017 177
1712246314447 286.06196799999816 178
1712246324488 286.0649779999985 179
1712246334576 289.62647300000026 180
1712246344661 291.03096599999844 181
1712246354741 291.03185099999973 182
1712246364818 291.2274870000001 183
1712246374897 291.31005300000106 184
1712246384934 291.34083499999906 185
1712246395004 291.34248899999875 186
1712246405082 292.43724999999904 187
1712246415157 295.1317549999985 188
1712246425249 295.1429719999978 189
1712246435339 295.1434010000012 190
1712246445372 300.62945799999943 191
1712246455468 301.38680399999794 192
1712246465557 301.63064400000076 193
1712246475637 301.93637599999784 194
1712246485710 303.21810099999857 195
1712246495800 308.93385000000126 196
1712246505838 308.9344659999988 197
1712246515938 311.4892140000011 198
1712246526028 313.201814 199
1712246536116 317.9900369999996 200
1712246546219 327.3424249999989 201
1712246556308 337.133934999998 202
1712246566355 344.2912980000001 203
1712246576438 348.5611179999978 204
1712246586522 348.56980900000053 205
1712246596618 350.27777699999933 206
1712246606706 351.8544120000006 207
1712246616802 358.6954049999986 208
1712246626840 360.1771359999984 209
1712246636913 360.44760099999985 210
1712246647001 360.7675789999994 211
1712246657104 361.1660179999999 212
1712246667196 361.5425460000006 213
1712246677279 361.811733999999 214
1712246687312 362.09092099999907 215
1712246697397 362.368774999999 216
1712246707487 362.6461070000005 217
1712246717585 363.58989999999903 218
1712246727629 364.48463099999935 219
1712246737896 364.97084600000017 220
1712246748000 370.79578200000105 221
1712246758080 378.1045180000001 222
1712246768181 386.56273800000054 223
1712246778281 388.36162599999807 224
1712246788367 388.3790509999999 225
1712246798455 390.8241119999984 226
1712246808553 392.3875740000003 227
1712246818656 392.39831299999787 228
1712246828784 392.41919399999824 229
1712246838872 392.75394400000005 230
1712246848951 395.6578769999978 231
1712246859054 397.0326959999984 232
1712246869157 400.1103589999984 233
1712246879243 409.4038990000008 234
1712246889338 414.23023399999875 235
1712246899427 414.4682099999991 236
1712246909504 415.21627499999886 237
1712246919587 415.2871669999986 238
1712246929693 415.298444 239
1712246939805 416.2488779999985 240
1712246949898 416.91075699999783 241
1712246960023 416.9165470000007 242
1712246970125 418.72691699999996 243
1712246980220 422.5346580000005 244
1712246990321 430.2544310000012 245
1712247000422 442.4694759999984 246
1712247010507 447.2380310000008 247
1712247020614 448.3048209999979 248
1712247030703 448.3086379999986 249
1712247040810 449.2727709999999 250
1712247050897 453.6750179999981 251
1712247060988 456.67294799999945 252
1712247071084 457.6441479999994 253
1712247081173 460.2101359999979 254
1712247091276 460.7412069999991 255
1712247101391 460.7607989999997 256
1712247111497 464.5531149999988 257
1712247121575 464.56551899999977 258
1712247131664 464.5692600000002 259
1712247142010 470.5266609999999 260
1712247152127 481.344466999999 261
1712247162208 486.2014859999981 262
1712247172307 487.8756659999999 263
1712247182387 492.70122400000037 264
1712247192468 493.9503020000011 265
1712247202555 495.14305799999784 266
1712247212646 496.1941960000004 267
1712247222723 497.4630350000007 268
1712247232836 498.8728599999995 269
1712247242920 499.9733530000012 270
1712247252997 501.5266330000013 271
1712247263087 502.7825530000009 272
1712247273169 504.29630499999985 273
1712247283250 506.0557120000012 274
1712247293356 507.8666630000007 275
1712247303435 509.2687049999986 276
1712247313532 510.3974269999999 277
1712247325052 511.6453419999998 278
1712247335154 513.257486999999 279
1712247345275 514.4414309999993 280
1712247355395 515.0673239999996 281
1712247365497 515.0682029999989 282
1712247375590 515.1103340000009 283
1712247385682 515.1123579999985 284
1712247395780 515.1161580000007 285
1712247405875 515.1232659999987 286
1712247415995 515.1378100000002 287
1712247426097 515.138630999998 288
1712247436199 515.139518 289
1712247446292 515.157822000001 290
1712247456392 516.8546590000005 291
1712247466489 526.2375920000013 292
1712247476575 530.1272370000006 293
1712247486684 530.8519620000006 294
1712247496783 533.1121080000012 295
1712247506886 542.6912430000011 296
1712247516971 548.7011949999978 297
1712247527058 549.2585069999986 298
1712247537142 549.7977800000008 299
1712247547227 550.3133899999993 300
1712247557324 550.8872489999994 301
1712247567416 551.427595000001 302
1712247577517 552.0723240000007 303
1712247587602 552.5439509999997 304
1712247597696 553.0378009999986 305
1712247607796 553.5010939999993 306
1712247617904 553.9882799999978 307
1712247628001 554.501819000001 308
1712247638084 554.9440699999977 309
1712247648205 555.4480990000011 310
1712247658302 555.7152869999991 311
1712247668409 556.248692000001 312
1712247678512 556.2677409999997 313
1712247688593 556.3074960000013 314
1712247698677 556.3146620000007 315
1712247708770 556.3245139999999 316
1712247718847 556.3559539999987 317
1712247728928 556.3678110000001 318
1712247739038 556.3830080000007 319
1712247749128 556.399308 320
1712247759229 556.406708999999 321
1712247769329 561.5509549999988 322
1712247779423 568.9619270000003 323
1712247789514 572.6270860000004 324
1712247799599 574.8432399999983 325
1712247809722 577.7600969999985 326
1712247819819 577.8308709999983 327
1712247829924 580.2399289999994 328
1712247840040 587.709304 329
1712247850141 591.6712939999998 330
1712247860227 592.677413999998 331
1712247870326 593.5628299999989 332
1712247880414 594.7468019999978 333
1712247890505 595.506304999999 334
1712247900607 596.6321619999981 335
1712247910695 597.6502509999991 336
1712247920797 598.2399239999977 337
1712247930884 599.4445129999986 338
1712247940973 600.4423580000002 339
1712247951061 601.3585639999983 340
1712247961155 602.7596449999983 341
1712247971249 603.5232079999987 342
1712247981336 604.868438999998 343
1712247991426 605.7945550000004 344
1712248001506 606.5685989999984 345
1712248011604 607.3197949999994 346
1712248021699 607.9971609999993 347
1712248031785 608.4798349999983 348
1712248041872 609.2027699999999 349
1712248051975 609.9706779999979 350
1712248062055 610.8005889999986 351
1712248072151 611.683259999998 352
1712248082246 612.8125790000013 353
1712248092331 613.554458999999 354
1712248102434 614.6312499999985 355
1712248112529 615.4606270000004 356
1712248122628 622.0629459999982 357
1712248132730 624.3355179999999 358
1712248142815 626.5154670000011 359
1712248152894 629.640704999998 360
1712248162999 629.919837999998 361
1712248173095 630.1897729999982 362
1712248183205 630.3101419999985 363
1712248193303 630.6599590000005 364
1712248203390 631.1831930000008 365
1712248213486 631.4553119999982 366
1712248223573 631.8066130000007 367
1712248233661 632.1451710000001 368
1712248243761 633.2960649999986 369
1712248253852 633.8612880000001 370
1712248263930 633.9441960000004 371
1712248274020 634.2377730000007 372
1712248284101 634.5271059999977 373
1712248294189 634.7956139999987 374
1712248304279 635.1135869999998 375
1712248314364 635.3846169999997 376
1712248324471 635.6740189999982 377
1712248334593 635.9649069999978 378
1712248344695 636.0634399999981 379
1712248354797 636.0914649999977 380
1712248364900 636.104005000001 381
1712248374998 636.1172320000005 382
1712248385083 636.140335 383
1712248395172 636.1545310000001 384
1712248405280 636.1572779999988 385
1712248415370 636.1854170000006 386
1712248425460 636.2004749999978 387
1712248435553 637.9176239999979 388
1712248445638 638.3638979999996 389
1712248455746 638.4116869999998 390
1712248465838 638.4768189999995 391
1712248475921 639.5397809999995 392
1712248486007 639.5991109999995 393
1712248496104 639.6127820000002 394
1712248506183 639.68721 395
1712248516274 642.6040659999999 396
1712248526365 642.8952600000011 397
1712248536465 643.1865010000001 398
1712248546573 643.1977559999978 399
1712248556676 643.2280879999998 400
1712248566760 643.6798209999979 401
1712248576864 644.2790129999994 402
1712248586955 644.2976789999993 403
1712248597041 644.3850449999991 404
1712248607138 645.0062209999996 405
1712248617230 645.4324710000001 406
1712248627312 645.8310889999993 407
1712248637404 646.5040809999991 408
1712248647511 646.8189979999988 409
1712248657596 647.128263999999 410
1712248667706 647.3623599999992 411
1712248677791 647.4619459999994 412
1712248687876 647.4682270000012 413
1712248697963 647.4753749999982 414
1712248708040 647.496955999999 415
1712248718120 647.522614999998 416
1712248728234 647.559401999999 417
1712248738579 648.5967710000004 418
1712248748692 649.6944089999997 419
1712248758812 649.7298459999984 420
1712248768899 653.5314839999992 421
1712248778990 653.8482750000003 422
1712248789077 654.5450830000009 423
1712248799160 654.9382049999986 424
1712248809262 655.5324699999983 425
1712248819354 656.3271229999991 426
1712248829447 656.9883379999992 427
1712248839541 657.5291230000003 428
1712248849629 657.8477249999996 429
1712248859751 658.126526 430
1712248869865 658.4680310000003 431
1712248879968 659.1786140000004 432
1712248890085 660.0986200000007 433
1712248900202 661.0671799999982 434
1712248910318 662.9903449999983 435
1712248920426 663.4095820000002 436
1712248930541 663.4293689999977 437
1712248940651 663.6463149999981 438
1712248950766 663.6962779999994 439
1712248960891 664.8426799999979 440
1712248971008 665.3310679999995 441
1712248981128 665.4305759999988 442
1712248991233 675.1719159999993 443
1712249001366 677.7546220000004 444
1712249011473 680.7795259999984 445
1712249021592 681.3926849999989 446
1712249031699 681.502837 447
1712249041821 681.5248050000009 448
1712249051948 681.5351300000002 449
1712249062066 681.5451910000011 450
1712249072174 681.5478230000008 451
1712249082287 681.5619709999992 452
1712249092398 681.5860509999984 453
1712249102511 681.6236649999992 454
1712249112631 681.6569280000003 455
1712249122745 681.6582529999978 456
1712249132851 681.6840019999981 457
1712249142957 681.6949099999983 458
1712249153066 681.7158380000001 459
1712249163173 681.7542539999995 460
1712249173278 681.7568089999986 461
1712249183392 681.7602139999981 462
1712249193507 681.8252690000008 463
1712249203622 681.8380369999977 464
1712249213724 681.8829560000013 465
1712249223846 681.8854319999991 466
1712249233962 681.9026219999978 467
1712249244079 681.9073989999997 468
1712249254196 681.9102070000008 469
1712249264314 681.9316849999996 470
1712249274442 681.9439039999997 471
1712249284548 682.013343999999 472
1712249294662 682.0258849999991 473
1712249304750 683.1513569999988 474
1712249314848 683.5878999999986 475
1712249324950 684.940416999998 476
1712249335046 685.1849419999999 477
1712249345153 685.2127729999993 478
1712249355244 685.2814049999979 479
1712249365324 687.6898130000009 480
1712249375424 690.2772609999993 481
1712249385515 690.7556330000007 482
1712249395603 690.8076010000004 483
1712249405694 690.8124669999997 484
1712249415793 690.8331660000003 485
1712249425886 691.7476930000012 486
1712249435970 691.7605929999991 487
1712249446061 691.7790569999997 488
1712249456158 693.1944540000004 489
1712249466264 693.4836969999997 490
1712249476361 693.8587139999981 491
1712249486581 693.8936959999992 492
1712249496682 694.4271870000011 493
1712249506781 694.7540719999997 494
1712249516873 694.7816879999991 495
1712249526967 695.1137459999991 496
1712249537063 695.2576840000002 497
1712249547159 695.2630449999997 498
1712249557263 695.2739000000001 499
1712249567361 695.3041830000002 500
1712249577459 696.715956 501
1712249587562 697.234840000001 502
1712249597649 699.3691959999996 503
1712249607731 700.0655220000008 504
1712249617830 700.0794690000002 505
1712249627932 700.398591000001 506
1712249638026 700.4585970000007 507
1712249648128 700.7785079999994 508
1712249658236 701.3140729999977 509
1712249668332 701.3716710000008 510
1712249678427 701.6347859999987 511
1712249688519 702.4323049999985 512
1712249698605 702.5477480000009 513
1712249708727 702.5810620000011 514
1712249718831 702.7233799999995 515
1712249728944 702.744276999998 516
1712249739040 702.7711830000007 517
1712249749126 702.8191960000004 518
1712249759219 702.8257210000011 519
1712249769306 703.2845840000009 520
1712249779391 704.1980330000006 521
1712249789478 704.224890999998 522
1712249799568 706.028069 523
1712249809662 706.039628999999 524
1712249819760 706.103278999999 525
1712249829876 706.1040240000002 526
1712249839990 706.1262349999997 527
1712249850090 706.1559359999992 528
1712249860201 706.1577350000007 529
1712249870296 706.1940099999993 530
1712249880383 706.2100769999997 531
1712249890485 707.3747459999977 532
1712249900576 707.3783829999993 533
1712249910665 707.3798580000002 534
1712249920754 707.3864629999989 535
1712249930849 707.4108210000013 536
1712249940962 707.4363919999996 537
1712249951070 708.3500299999978 538
1712249961168 708.3716449999993 539
1712249971266 708.6584299999995 540
1712249981350 708.6713459999992 541
1712249991434 708.6882939999996 542
1712250001522 709.3057410000001 543
1712250011618 709.8785790000002 544
1712250021708 710.4881810000006 545
1712250031796 715.2658459999984 546
1712250041901 715.2721119999987 547
1712250051995 715.288611 548
1712250062081 715.3002549999983 549
1712250072165 715.3238229999988 550
1712250082283 715.3242389999978 551
1712250092367 715.3417330000011 552
1712250102456 715.3423489999986 553
1712250112543 715.3494890000002 554
1712250122650 715.368946999999 555
1712250132769 715.3693759999987 556
1712250142930 715.3756109999995 557
1712250153076 715.4249539999983 558
1712250163209 715.4432589999997 559
1712250173318 715.5292730000001 560
1712250183421 715.5461829999986 561
1712250193513 715.549536999999 562
1712250203632 715.5529099999985 563
1712250213758 715.5534129999978 564
1712250223895 715.5577620000004 565
1712250234013 715.564921000001 566
1712250244135 715.5775680000006 567
1712250254259 715.5851110000003 568
1712250264362 715.5874760000006 569
1712250274492 715.606237 570
1712250284587 715.6179799999991 571
1712250294684 715.6236250000002 572
1712250305266 715.6291859999983 573
1712250315353 715.6299179999987 574
1712250325444 715.6518709999982 575
1712250335541 715.6628840000012 576
1712250345650 715.6665709999979 577
1712250355747 715.6906959999978 578
1712250365863 715.6942610000006 579
1712250375954 715.699529999998 580
1712250386038 715.7010599999994 581
1712250396121 715.7384910000001 582
1712250406209 715.7754199999981 583
1712250416308 715.8127910000003 584
1712250426406 715.8338709999989 585
1712250436516 715.8346129999991 586
1712250446601 715.8413099999998 587
1712250456702 715.8460019999984 588
1712250466802 715.8565310000013 589
1712250476928 715.8835289999988 590
1712250487041 715.8954139999987 591
1712250497139 715.9018890000007 592
1712250507244 715.9027859999987 593
1712250517339 715.9047129999999 594
1712250527448 715.9303599999985 595
1712250537549 715.9376129999982 596
1712250547644 715.957735 597
1712250557744 715.9583349999994 598
1712250567836 715.9600470000005 599
1712250577929 715.9641439999978 600
1712250588020 715.9979510000012 601
1712250598119 716.0031479999998 602
1712250608202 716.0051999999996 603
1712250618290 716.0311819999988 604
1712250628383 716.154642999998 605
1712250638483 716.1555609999996 606
1712250648582 716.1764489999987 607
1712250658697 716.2399519999999 608
1712250668783 716.2537110000012 609
1712250678880 716.2556399999994 610
1712250688979 716.2609039999988 611
1712250699074 716.2629379999998 612
1712250709198 716.2706379999981 613
1712250719324 716.2751129999997 614
1712250729407 716.2767490000006 615
1712250739502 716.281715000001 616
1712250749610 716.4428110000008 617
1712250759710 716.5426589999988 618
1712250769804 716.551016999998 619
1712250779896 716.5574070000002 620
1712250789995 716.5585529999989 621
1712250800084 716.5612149999979 622
1712250810188 716.5648579999979 623
1712250820289 716.566899999998 624
1712250830374 716.5739609999982 625
1712250840478 716.5750909999988 626
1712250850605 716.5860460000004 627
1712250860723 716.5985010000004 628
1712250870822 716.601885 629
1712250880915 716.6164289999979 630
1712250891015 716.6248479999995 631
1712250901112 716.6333510000004 632
1712250911216 716.6350789999997 633
1712250921308 716.6371719999988 634
1712250931405 716.648283999999 635
1712250941516 716.6489189999993 636
1712250951614 716.6744059999983 637
1712250961710 716.6781179999998 638
1712250971819 716.680518000001 639
1712250981911 716.684455999999 640
1712250992014 716.686096999998 641
1712251002121 716.6885570000013 642
1712251012212 716.6967389999991 643
1712251022318 716.697497000001 644
1712251032443 716.7010119999977 645
1712251042539 716.703128000001 646
1712251052641 716.7056499999999 647
1712251062754 716.7064920000012 648
1712251072872 716.7223809999996 649
1712251082966 716.7464130000008 650
1712251093064 716.7490780000007 651
1712251103181 716.7530159999988 652
1712251113280 716.7551569999996 653
1712251123376 716.7574290000011 654
1712251133504 716.7757229999988 655
1712251143598 716.777557999998 656
1712251153688 716.7789630000007 657
1712251163790 716.7810009999994 658
1712251173888 716.7821670000012 659
1712251184004 716.7882739999986 660
1712251194098 716.8523419999983 661
1712251204185 716.8529369999997 662
1712251214294 716.8559810000006 663
1712251224401 716.8596089999992 664
1712251234491 716.887745 665
1712251244591 716.8900719999983 666
1712251254710 716.9250399999983 667
1712251264811 716.9358350000002 668
1712251274904 716.9365670000007 669
1712251285024 717.516638000001 670
1712251295120 717.5310849999987 671
1712251305216 717.5316459999995 672
1712251315320 717.5452579999983 673
1712251325420 717.5460569999996 674
1712251335544 717.551324 675
1712251345639 717.5577830000002 676
1712251355769 717.5583989999977 677
1712251365877 717.5607579999996 678
1712251375982 717.5694289999992 679
1712251386092 717.5774109999984 680
1712251396188 717.5778590000009 681
1712251406303 717.5801030000002 682
1712251416405 717.5808479999978 683
1712251426503 717.5817569999999 684
1712251436590 717.5889299999981 685
1712251446700 717.590748999999 686
1712251456798 717.599302999999 687
1712251466912 717.6020900000003 688
1712251477006 717.6119799999979 689
1712251487103 717.6218469999985 690
1712251497212 717.6357669999998 691
1712251507315 717.6633990000009 692
1712251517417 717.6643169999988 693
1712251527508 717.6713739999977 694
1712251538168 717.6865099999995 695
1712251548296 717.7035560000004 696
1712251558396 717.7139299999981 697
1712251568523 717.7249589999992 698
1712251578631 717.7272970000013 699
1712251588731 717.7304599999989 700
1712251598828 717.7324960000005 701
1712251608933 717.7475210000011 702
1712251619037 717.7481819999994 703
1712251629146 717.7488439999979 704
1712251639245 717.7493340000001 705
1712251649348 717.789205000001 706
1712251659466 717.7901009999987 707
1712251669565 717.8069660000001 708
1712251679680 717.8089739999996 709
1712251689784 717.8187890000008 710
1712251699888 717.8212500000009 711
1712251709994 717.8236260000012 712
1712251720109 717.8256279999987 713
1712251730207 717.8334299999988 714
1712251740302 717.8389319999987 715
1712251750412 717.8440740000005 716
1712251760533 717.8445030000003 717
1712251770655 717.94009 718
1712251780766 718.043063000001 719
1712251790866 718.0610859999979 720
1712251800953 718.0661570000011 721
1712251811062 718.0666869999986 722
1712251821669 718.0690919999979 723
1712251831808 718.0710689999978 724
1712251841903 718.0752329999996 725
1712251852008 718.1023859999987 726
1712251862124 718.1189400000003 727
1712251872252 718.1313289999998 728
1712251882363 718.1317579999995 729
1712251892463 718.1575009999979 730
1712251902559 718.1599629999982 731
1712251912671 718.1682789999977 732
1712251922769 718.1689699999988 733
1712251932875 718.1729779999987 734
1712251942982 718.1753480000007 735
1712251953086 718.1757770000004 736
1712251963183 718.1796409999988 737
1712251973295 718.1918889999979 738
1712251983398 718.2052860000003 739
1712251993504 718.2064470000005 740
1712252003598 718.2074289999982 741
1712252013701 718.2170330000008 742
1712252023793 718.2192040000009 743
1712252033883 718.228833000001 744
1712252043994 718.2293229999996 745
1712252054098 718.2314740000002 746
1712252064191 718.2351159999998 747
1712252074288 718.6830069999996 748
1712252084400 719.033625 749
1712252094494 719.0365459999994 750
1712252104606 719.0385399999977 751
1712252114706 719.0404390000003 752
1712252124804 719.040868 753
1712252134918 719.0446169999996 754
1712252145024 719.0468419999997 755
1712252155126 719.0630390000006 756
1712252165226 719.0820679999997 757
1712252175327 719.0841360000013 758
1712252185422 719.0862349999989 759
1712252195513 719.1017109999993 760
1712252205647 719.1093079999991 761
1712252215758 719.1297630000008 762
1712252225882 719.138372999998 763
1712252235983 719.1389129999989 764
1712252246085 719.1414069999992 765
1712252256199 719.1432249999998 766
1712252266302 719.1494239999993 767
1712252276408 719.157908000001 768
1712252286529 719.1731289999989 769
1712252296637 719.1764999999978 770
1712252306741 719.1781080000001 771
1712252316863 719.1796959999992 772
1712252326957 719.1852330000002 773
1712252337047 719.1941389999993 774
1712252347135 719.1952569999994 775
1712252357243 719.1958479999994 776
1712252367355 719.1967330000007 777
1712252377449 719.2166959999995 778
1712252387546 719.2241079999985 779
1712252397654 719.2269850000012 780
1712252407759 719.2305290000004 781
1712252417866 719.2535810000008 782
1712252427966 719.2672249999996 783
1712252438064 719.274512 784
1712252448172 719.3070540000008 785
1712252458273 719.3141589999977 786
1712252468381 719.3148629999996 787
1712252478492 719.3171880000009 788
1712252488593 719.3177140000007 789
1712252498695 719.318804999999 790
1712252508797 719.3338089999997 791
1712252518911 719.3373939999983 792
1712252529040 719.3389749999988 793
1712252539141 719.3417069999996 794
1712252549246 719.388762999999 795
1712252559339 719.3933479999978 796
1712252569458 719.4071760000006 797
1712252579554 719.4109669999998 798
1712252589646 719.4369149999984 799
1712252599749 719.4375189999992 800
1712252609842 719.4385719999991 801
1712252619951 719.4411629999995 802
1712252630053 719.4479229999997 803
1712252640170 719.4501309999978 804
1712252650278 719.4639959999986 805
1712252660402 719.4693709999992 806
1712252670519 719.4710630000009 807
1712252680618 719.4741890000005 808
1712252690732 719.4882690000013 809
1712252700832 719.4903979999981 810
1712252710935 719.4919740000005 811
1712252721063 719.4984409999997 812
1712252731169 719.5107370000005 813
1712252741261 719.5134279999984 814
1712252751360 719.5346060000011 815
1712252761485 719.5368239999989 816
1712252771612 719.5394449999985 817
1712252781711 719.5418329999993 818
1712252791815 720.1430189999992 819
1712252801936 720.3957059999993 820
1712252812055 720.4175030000006 821
1712252822171 720.4395579999982 822
1712252832272 720.4441589999988 823
1712252842377 720.4446800000005 824
1712252852489 720.4582359999986 825
1712252862608 720.4596759999986 826
1712252872717 720.4661940000005 827
1712252882847 720.4882550000002 828
1712252892944 720.5099520000003 829
1712252903056 720.5124140000007 830
1712252913161 720.5148829999998 831
1712252923256 720.5171129999981 832
1712252933378 720.527263 833
1712252943492 720.5293610000008 834
1712252953885 720.5330319999994 835
1712252964022 720.5351540000011 836
1712252974157 720.538152000001 837
1712252984271 720.539592000001 838
1712252994375 720.549959 839
1712253004473 720.5545149999998 840
1712253014571 720.5586240000011 841
1712253024669 720.5607080000009 842
1712253034763 720.582362000001 843
1712253044871 720.586256999999 844
1712253054978 720.5954689999999 845
1712253065077 720.6131309999982 846
1712253075174 720.6152799999982 847
1712253085272 720.6169689999988 848
1712253095378 720.6354859999992 849
1712253105487 720.6499899999981 850
1712253115587 720.6691939999982 851
1712253125686 720.6698529999994 852
1712253135786 720.6772309999978 853
1712253145878 720.6819130000003 854
1712253155985 720.6830100000006 855
1712253166100 720.6866320000008 856
1712253176223 720.700761 857
1712253186345 720.7177759999977 858
1712253196476 720.7214309999981 859
1712253206589 720.7334659999979 860
1712253216696 720.73632 861
1712253226817 720.7377869999982 862
1712253236921 720.7437280000013 863
1712253247034 720.7857220000005 864
1712253257146 720.7946569999986 865
1712253267280 720.8285890000006 866
1712253277411 720.8774059999996 867
1712253287524 721.1234369999984 868
1712253297640 721.1460249999982 869
1712253307764 721.1566759999987 870
1712253317877 721.1743189999979 871
1712253327994 721.1973719999987 872
1712253338113 721.2044399999977 873
1712253348216 721.2611880000004 874
1712253358312 721.2661540000008 875
1712253368409 721.2669920000008 876
1712253378511 721.2726000000002 877
1712253388628 721.2746049999987 878
1712253399486 721.275189 879
1712253409594 721.287733000001 880
1712253419698 721.2883899999979 881
1712253429809 721.288873999998 882
1712253439913 721.2910899999988 883
1712253450015 721.3233169999985 884
1712253460122 721.3282719999988 885
1712253470215 721.3501089999991 886
1712253480309 721.350728999998 887
1712253490403 721.3567259999982 888
1712253500507 721.3608060000006 889
1712253510609 721.3659489999991 890
1712253520719 721.3677009999992 891
1712253530837 721.3783569999978 892
1712253540942 721.3789179999985 893
1712253551040 721.3870820000011 894
1712253561143 721.4052879999981 895
1712253571240 721.4060050000007 896
1712253581346 721.4346269999987 897
1712253591453 721.4465700000001 898
1712253601572 721.4472119999991 899
1712253611677 721.4478280000003 900
1712253621788 721.4520620000003 901
1712253631901 721.4526440000009 902
1712253642002 721.454826000001 903
1712253652112 721.4712560000007 904
1712253662210 721.4904619999979 905
1712253672346 721.4909520000001 906
1712253682559 721.5100490000004 907
1712253692662 721.5720469999978 908
1712253702773 721.5731930000002 909
1712253712875 721.5791449999997 910
1712253722974 721.6101300000009 911
1712253733084 721.6127669999987 912
1712253743190 721.6169829999999 913
1712253753306 721.6184109999995 914
1712253763415 721.6239129999994 915
1712253773532 721.6464439999982 916
1712253783655 721.6537050000006 917
1712253793750 721.6550079999979 918
1712253803851 721.6569359999994 919
1712253813951 721.6591200000003 920
1712253824052 721.6608349999988 921
1712253834164 721.667010000001 922
1712253844279 721.6685379999981 923
1712253854382 721.6708529999996 924
1712253864476 721.6759620000012 925
1712253874570 721.6784719999996 926
1712253884675 721.6819629999991 927
1712253894794 721.7100129999999 928
1712253904906 721.711636 929
1712253915026 721.7134929999993 930
1712253925131 721.7151489999997 931
1712253935240 721.7278239999978 932
1712253945368 721.740342000001 933
1712253955486 721.7590759999985 934
1712253965608 721.7642339999984 935
1712253975713 721.7657450000006 936
1712253985846 721.7758360000007 937
1712253995970 721.7866959999992 938
1712254006074 721.7989070000003 939
1712254016174 721.8160449999996 940
1712254026289 721.8188090000003 941
1712254036399 721.8229150000006 942
1712254046500 721.823629999999 943
1712254056613 721.8258019999994 944
1712254066708 721.8265920000013 945
1712254076834 721.8439150000013 946
1712254086937 721.8618600000009 947
1712254097055 721.8657600000006 948
1712254107168 721.8667910000004 949
1712254117284 721.8689210000011 950
1712254127381 721.8772219999992 951
1712254137476 721.8830109999981 952
1712254147681 721.8834399999978 953
1712254157808 721.8839850000004 954
1712254167916 722.6421010000013 955
1712254178032 722.776385000001 956
1712254188136 722.7908349999998 957
1712254198252 722.7926799999987 958
1712254208357 722.7933569999987 959
1712254218466 722.795653000001 960
1712254228568 722.7961890000006 961
1712254238660 722.7988949999999 962
1712254248758 722.8182469999992 963
1712254258880 722.823164999998 964
1712254269001 722.835704000001 965
1712254279112 722.8525750000008 966
1712254289228 722.8532919999998 967
1712254299391 722.8547900000012 968
1712254309502 722.866242 969
1712254319599 722.8706600000005 970
1712254329717 722.8714279999986 971
1712254339818 722.8737789999977 972
1712254349963 722.9155089999986 973
1712254360120 722.9198770000003 974
1712254370372 722.9369559999977 975
1712254380506 722.9377969999987 976
1712254390622 723.0815870000006 977
1712254400734 723.0825409999998 978
1712254410839 723.1500290000004 979
1712254420950 723.1607309999999 980
1712254431047 723.1751909999984 981
1712254441160 723.1762529999978 982
1712254451284 723.1834579999995 983
1712254461413 723.1951399999998 984
1712254471518 723.1957770000008 985
1712254481632 723.2022499999985 986
1712254491737 723.2122649999983 987
1712254501845 723.2131950000003 988
1712254511965 723.213753 989
1712254522064 723.2143340000002 990
1712254532161 723.2151579999991 991
1712254542835 723.2163959999998 992
1712254552951 723.2286329999988 993
1712254563079 723.2312720000009 994
1712254573193 723.2489910000004 995
1712254583297 723.2511549999981 996
1712254593405 723.2517459999981 997
1712254603513 723.2542179999982 998
1712254613633 723.2722649999996 999
1712254623741 723.273710999998 1000
1712254633861 723.274268000001 1001
1712254643990 723.2763899999991 1002
1712254654092 723.2798010000006 1003
1712254664193 723.2808909999985 1004
1712254674297 723.288486999998 1005
1712254684399 723.3124519999983 1006
1712254694495 723.3143429999982 1007
1712254704608 723.3162609999999 1008
1712254714719 723.3176779999994 1009
1712254724824 723.3205639999978 1010
1712254734933 723.3385290000006 1011
1712254745056 723.3389029999998 1012
1712254755165 723.3393509999987 1013
1712254765275 723.3479850000003 1014
1712254775383 723.3487019999993 1015
1712254785508 723.3498749999999 1016
1712254795629 723.3573939999987 1017
1712254805751 723.3594989999983 1018
1712254815901 723.3623640000005 1019
1712254826051 723.3638040000005 1020
1712254836169 723.4657139999981 1021
1712254846284 723.4688749999987 1022
1712254856419 723.4811399999999 1023
1712254866521 723.4815689999996 1024
1712254876624 723.5373159999981 1025
1712254886835 723.5382669999999 1026
1712254896942 723.5397110000013 1027
1712254907052 723.5448260000012 1028
1712254917151 723.5617009999987 1029
1712254927253 723.5639650000012 1030
1712254937352 723.7004459999989 1031
1712254947461 723.7076029999989 1032
1712254957574 723.7292930000003 1033
1712254967699 723.7452730000005 1034
1712254977818 723.7475400000003 1035
1712254987928 723.7542079999985 1036
1712254998039 723.7566129999977 1037
1712255008179 723.7572839999993 1038
1712255018313 723.773709000001 1039
1712255028439 723.7797089999985 1040
1712255038556 723.7816510000011 1041
1712255048665 723.7834970000004 1042
1712255058767 723.7978179999991 1043
1712255068880 723.798777 1044
1712255078975 723.8002530000012 1045
1712255089082 723.8083249999981 1046
1712255099191 723.8282069999987 1047
1712255109287 723.8286359999984 1048
1712255119413 723.8303059999998 1049
1712255129512 723.830922000001 1050
1712255139641 723.8417320000008 1051
1712255149744 723.8541939999996 1052
1712255159855 723.8735579999993 1053
1712255169975 723.8789429999997 1054
1712255180083 723.8896739999982 1055
1712255190181 723.8923030000005 1056
1712255200283 723.8951669999988 1057
1712255210402 723.9028870000002 1058
1712255220612 723.9093399999983 1059
1712255230733 723.9420559999999 1060
1712255240842 724.104460999999 1061
1712255250945 724.1483189999999 1062
1712255261051 724.1519750000007 1063
1712255271157 724.168225999998 1064
1712255281264 724.174880999999 1065
1712255291371 724.1841810000005 1066
1712255301466 724.1876069999998 1067
1712255311566 724.1880549999987 1068
1712255321667 724.1909039999991 1069
1712255331783 724.2218360000006 1070
1712255341935 724.2259799999993 1071
1712255352060 724.2364999999991 1072
1712255362190 724.2393769999981 1073
1712255372325 724.2401030000001 1074
1712255382425 724.2426749999977 1075
1712255392546 724.2837360000012 1076
1712255402659 724.3130549999987 1077
1712255412786 724.4025299999994 1078
1712255422891 724.4052759999977 1079
1712255432990 724.4062520000007 1080
1712255443097 724.4099009999991 1081
1712255453215 724.4294630000004 1082
1712255463312 724.4460919999983 1083
1712255473413 724.4470140000012 1084
1712255483520 724.4600580000006 1085
1712255493623 724.4607159999978 1086
1712255503737 724.4618929999997 1087
1712255513845 724.4692389999982 1088
1712255523954 724.4738690000013 1089
1712255534067 724.4765899999984 1090
1712255544177 724.480223999999 1091
1712255554286 724.4806529999987 1092
1712255564411 724.4831159999994 1093
1712255574523 724.4926339999984 1094
1712255584649 724.4983229999998 1095
1712255594763 724.5139159999999 1096
1712255604865 724.5152400000006 1097
1712255614979 724.5158559999982 1098
1712255625114 724.5164379999987 1099
1712255635244 724.5231290000011 1100
1712255645374 724.524985 1101
1712255655497 724.5347369999981 1102
1712255665592 724.5639489999994 1103
1712255675698 724.5868929999997 1104
1712255685803 724.5923479999983 1105
1712255695929 724.6102449999998 1106
1712255706063 724.6106189999991 1107
1712255716173 724.6131759999989 1108
1712255726384 724.6292979999998 1109
1712255736494 724.6533579999996 1110
1712255746598 724.6908489999987 1111
1712255756736 724.7022340000003 1112
1712255766873 724.7429269999993 1113
1712255776992 724.7469149999997 1114
1712255787126 724.7481559999978 1115
1712255797257 724.7491979999977 1116
1712255807377 724.7548409999981 1117
1712255817511 724.7813619999979 1118
1712255827637 724.7817910000012 1119
1712255837758 724.7968189999992 1120
1712255847893 724.7974219999996 1121
1712255858022 724.7983319999985 1122
1712255868140 724.8044719999998 1123
1712255878250 724.810293999999 1124
1712255888370 724.8221229999981 1125
1712255898497 724.8284419999982 1126
1712255908614 724.829353000001 1127
1712255918726 724.8304189999981 1128
1712255928834 724.847131999999 1129
1712255938963 724.8530170000013 1130
1712255949074 724.853446000001 1131
1712255959180 724.8563350000004 1132
1712255969304 724.8569509999979 1133
1712255979439 724.8578610000004 1134
1712255989573 724.8654060000008 1135
1712255999686 724.866231 1136
1712256009849 724.8840749999981 1137
1712256019974 724.8877519999987 1138
1712256030121 724.8900869999998 1139
1712256040285 724.8925630000012 1140
1712256050422 724.9103399999985 1141
1712256060532 724.9263099999989 1142
1712256070647 724.9276199999986 1143
1712256080776 724.9329870000001 1144
1712256090883 724.9360319999978 1145
1712256100984 724.942203999999 1146
1712256111103 724.9495150000002 1147
1712256121230 724.9502040000007 1148
1712256131339 724.9508619999979 1149
1712256141484 724.9547259999999 1150
1712256151626 724.983228000001 1151
1712256161745 724.9967649999999 1152
1712256171871 725.0068969999993 1153
1712256181988 725.0077869999986 1154
1712256192102 725.0131020000008 1155
1712256202215 725.0169160000005 1156
1712256212328 725.0295729999998 1157
1712256222454 725.0301179999988 1158
1712256232613 725.036884000001 1159
1712256242753 725.039292999998 1160
1712256252890 725.0421559999995 1161
1712256263063 725.0485230000013 1162
1712256273197 725.0490680000003 1163
1712256283358 725.0518029999985 1164
1712256293486 725.0608240000001 1165
1712256303624 725.0734540000012 1166
1712256313754 725.0739570000005 1167
1712256323885 725.0763750000006 1168
1712256334010 725.0870990000003 1169
1712256344155 725.0875889999988 1170
1712256354290 725.1009599999998 1171
1712256364429 725.1029510000008 1172
1712256374539 725.1037770000003 1173
1712256384652 725.107262999998 1174
1712256394776 725.1215479999992 1175
1712256404909 725.1251349999984 1176
1712256415040 725.1313069999997 1177
1712256425156 725.131781 1178
1712256435278 725.1324160000004 1179
1712256445419 725.1347930000011 1180
1712256455545 725.1360309999982 1181
1712256465664 725.1364790000007 1182
1712256475794 725.152062000001 1183
1712256485915 725.1627100000005 1184
1712256496051 725.1645019999996 1185
1712256506169 725.1679609999992 1186
1712256516288 725.211883 1187
1712256526506 725.2169350000004 1188
1712256536633 725.2257009999994 1189
1712256546747 725.2261299999991 1190
1712256556892 725.2268990000011 1191
1712256567017 725.2292620000007 1192
1712256577147 725.2311740000005 1193
1712256587271 725.2333389999985 1194
1712256597396 725.2420170000005 1195
1712256607560 725.2427070000012 1196
1712256617670 725.2448159999985 1197
1712256627777 725.2468870000012 1198
1712256637931 725.2478279999996 1199
1712256648055 725.2740129999984 1200
1712256658184 725.2919249999977 1201
1712256668314 725.319445000001 1202
1712256678430 725.320122000001 1203
1712256688556 725.3240409999999 1204
1712256698685 725.3245439999992 1205
1712256708811 725.3420609999994 1206
1712256718955 725.3430479999988 1207
1712256729089 725.3492210000004 1208
1712256739220 725.3707939999986 1209
1712256749345 725.3741779999982 1210
1712256759494 725.3765099999982 1211
1712256769622 725.3853799999997 1212
1712256779749 725.3962399999982 1213
1712256789860 725.4079979999988 1214
1712256799988 725.414420000001 1215
1712256810103 725.4172529999996 1216
1712256820223 725.4182829999991 1217
1712256830335 725.4256679999999 1218
1712256840455 725.4266700000007 1219
1712256850580 725.4476560000003 1220
1712256860697 725.4543479999993 1221
1712256870836 725.4569950000005 1222
1712256880978 725.5321379999987 1223
1712256891089 725.7631890000011 1224
1712256901207 725.8272819999984 1225
1712256911338 725.8480630000013 1226
1712256921455 725.8573140000008 1227
1712256931579 725.8735259999994 1228
1712256941714 725.9059879999986 1229
1712256951842 725.931235 1230
1712256961954 725.9358759999996 1231
1712256972066 725.9363379999995 1232
1712256982294 725.9389579999988 1233
1712256992464 725.940752999999 1234
1712257002580 725.9431430000004 1235
1712257012705 725.9515079999983 1236
1712257022821 725.9530669999986 1237
1712257032960 725.953845 1238
1712257043096 725.9544060000007 1239
1712257053230 726.0257239999992 1240
1712257063367 726.0295379999989 1241
1712257073506 726.0410569999985 1242
1712257083615 726.0418299999983 1243
1712257093736 726.0533869999999 1244
1712257103865 726.056110999998 1245
1712257113983 726.0581969999985 1246
1712257124111 726.0616829999999 1247
1712257134240 726.0700250000009 1248
1712257144373 726.0722920000007 1249
1712257154536 726.0729729999985 1250
1712257164779 726.0822540000008 1251
1712257175474 726.0836309999977 1252
1712257185634 726.0971769999996 1253
1712257195791 726.1132809999981 1254
1712257205928 726.1859459999978 1255
1712257216049 726.1872569999978 1256
1712257226188 726.1887869999991 1257
1712257236317 726.189445 1258
1712257246438 726.1935679999988 1259
1712257256571 726.2072879999978 1260
1712257266696 726.220573999999 1261
1712257276814 726.2213100000008 1262
1712257286960 726.2216840000001 1263
1712257297073 726.2245949999997 1264
1712257307216 726.2313919999979 1265
1712257317358 726.2400349999989 1266
1712257327489 726.2407180000009 1267
1712257337612 726.2426169999999 1268
1712257347738 726.244028000001 1269
1712257357855 726.2446309999978 1270
1712257367979 726.2593820000002 1271
1712257378102 726.2691080000004 1272
1712257388216 726.2748260000008 1273
1712257398364 726.2758009999998 1274
1712257408478 726.2766809999994 1275
1712257418612 726.2772389999991 1276
1712257428751 726.2889819999982 1277
1712257438884 726.289714999999 1278
1712257449011 726.2902969999996 1279
1712257459122 726.2955320000001 1280
1712257469238 726.2961670000004 1281
1712257479358 726.298233999998 1282
1712257489492 726.3208279999999 1283
1712257499620 726.3302210000002 1284
1712257509747 726.3310369999999 1285
1712257519886 726.3317600000009 1286
1712257530030 726.3325269999987 1287
1712257540258 726.4129599999978 1288
1712257550397 726.435515000001 1289
1712257560546 726.4405330000009 1290
1712257570681 726.4437880000005 1291
1712257580823 726.4508229999992 1292
1712257590946 726.451986 1293
1712257601092 726.4580569999998 1294
1712257611228 726.4781249999978 1295
1712257621362 726.6107940000002 1296
1712257631508 726.7341149999993 1297
1712257641632 726.7475310000009 1298
1712257651772 726.7479600000006 1299
1712257661910 726.7501009999978 1300
1712257672047 726.7612789999985 1301
1712257682191 726.8186529999984 1302
1712257692310 726.8226880000002 1303
1712257702426 726.8254899999993 1304
1712257712548 726.8262219999997 1305
1712257722675 726.8274639999981 1306
1712257732892 726.8521639999999 1307
1712257743020 726.8528330000008 1308
1712257753141 726.8535869999978 1309
1712257763265 726.8681560000005 1310
1712257773393 726.8686400000006 1311
1712257783506 726.882321000001 1312
1712257793636 726.8919349999996 1313
1712257803748 726.8923829999985 1314
1712257813866 726.8929370000005 1315
1712257823986 726.8952879999997 1316
1712257834116 726.9054570000008 1317
1712257844243 727.0490439999994 1318
1712257854356 727.0725949999978 1319
1712257864475 727.0944679999993 1320
1712257874595 727.0974380000007 1321
1712257884729 727.0979220000008 1322
1712257894864 727.0986929999999 1323
1712257904995 727.0995799999982 1324
1712257915117 727.1107909999992 1325
1712257925239 727.1119919999983 1326
1712257935458 727.1309199999996 1327
1712257945601 727.1446959999994 1328
1712257955723 727.183137 1329
1712257965856 727.1852470000013 1330
1712257975977 727.1934409999994 1331
1712257986097 727.1938149999987 1332
1712257996221 727.1995559999996 1333
1712258006364 727.2007200000007 1334
1712258016485 727.2027449999987 1335
1712258026614 727.2034349999994 1336
1712258036739 727.2119659999989 1337
1712258046870 727.2124689999982 1338
1712258056994 727.224846000001 1339
1712258067122 727.2261059999983 1340
1712258077239 727.2275440000012 1341
1712258087367 727.2390319999977 1342
1712258097501 727.2456229999989 1343
1712258107621 727.3045559999991 1344
1712258117748 727.3402509999978 1345
1712258127873 727.353826999999 1346
1712258137987 727.3703290000012 1347
1712258148109 727.3818319999991 1348
1712258158216 727.388719999999 1349
1712258168327 727.3893659999994 1350
1712258178449 727.391854999998 1351
1712258188574 727.3938229999985 1352
1712258198697 727.3957029999983 1353
1712258208844 727.4166669999977 1354
1712258218975 727.4190979999985 1355
1712258229122 727.4197139999997 1356
1712258239241 727.4204299999983 1357
1712258249363 727.420858999998 1358
1712258259491 727.4215489999988 1359
1712258269623 727.4353579999988 1360
1712258279744 727.4373960000012 1361
1712258289856 727.4474760000012 1362
1712258300063 727.450452000001 1363
1712258310187 727.4523459999982 1364
1712258320316 727.4532059999983 1365
1712258330438 727.4753979999987 1366
1712258340582 727.4776610000008 1367
1712258350706 727.5017120000011 1368
1712258360818 727.5022979999994 1369
1712258370964 727.5027819999996 1370
1712258381100 727.5049780000008 1371
1712258391211 727.5144949999994 1372
1712258401331 727.5148689999987 1373
1712258411446 727.5170230000003 1374
1712258421561 727.5195119999989 1375
1712258431671 727.5220719999998 1376
1712258441795 727.5229350000009 1377
1712258451932 727.5379869999997 1378
1712258462050 727.5648069999988 1379
1712258472168 727.5669909999997 1380
1712258482308 727.5676739999981 1381
1712258492431 727.568589999999 1382
1712258502549 727.5690929999982 1383
1712258512678 727.5849009999984 1384
1712258522806 727.585575000001 1385
1712258532926 727.5911290000004 1386
1712258543044 727.6000309999981 1387
1712258553162 727.6024219999999 1388
1712258563288 727.6051279999992 1389
1712258573447 727.6124039999995 1390
1712258583611 727.6135050000012 1391
1712258593778 727.6610389999987 1392
