1712244521413 0.0002679999997781124 0
1712244531491 0.1593159999974887 1
1712244541558 0.34310399999958463 2
1712244551641 0.5164919999988342 3
1712244561751 0.6812140000001818 4
1712244571791 0.7909949999993842 5
1712244581874 0.9598819999991974 6
1712244591906 1.864557999997487 7
1712244601974 2.4795349999985774 8
1712244612044 3.330341999997472 9
1712244622112 3.993332999998529 10
1712244632177 4.862046999998711 11
1712244642250 5.349868999997852 12
1712244652314 5.6407559999970545 13
1712244662413 5.8824910000003 14
1712244672483 6.105385999999271 15
1712244682561 6.297582999999577 16
1712244692637 6.450568999996904 17
1712244702713 6.638693999997486 18
1712244712829 6.83802999999898 19
1712244722895 7.096979999998439 20
1712244733007 8.813920000000508 21
1712244743092 9.459596999997302 22
1712244753175 10.14738799999759 23
1712244763254 10.829372000000149 24
1712244773340 11.475009999998292 25
1712244783411 12.129593999998178 26
1712244793488 12.785793999999441 27
1712244803552 13.113999999997759 28
1712244813643 13.190005999997084 29
1712244823719 13.416893999998138 30
1712244833801 13.472420999998576 31
1712244843870 13.593931999999768 32
1712244853957 13.72606999999698 33
1712244864030 17.47922699999981 34
1712244874111 17.534041999999317 35
1712244884181 17.56271099999867 36
1712244894254 18.353777000000264 37
1712244904328 20.10586599999806 38
1712244914367 25.614856000000145 39
1712244924454 26.633226999998442 40
1712244934504 27.204187999999704 41
1712244944587 27.45933899999727 42
1712244954680 27.66840599999705 43
1712244964706 27.68993000000046 44
1712244974736 27.79823000000033 45
1712244984840 27.876727999999275 46
1712244994887 27.955058999999892 47
1712245004927 27.98802799999976 48
1712245015009 28.038172999997187 49
1712245025043 29.10551999999734 50
1712245035082 29.281066999999894 51
1712245045166 29.720331000000442 52
1712245055201 30.638535999998567 53
1712245065232 48.59176200000002 54
1712245075320 54.461702000000514 55
1712245085389 58.02647199999774 56
1712245095469 58.82408799999757 57
1712245105542 58.85586299999704 58
1712245115620 58.89174300000013 59
1712245125659 58.94336800000019 60
1712245135736 58.97572599999694 61
1712245145834 59.034881999999925 62
1712245155920 59.53145999999833 63
1712245166021 60.2448779999977 64
1712245176090 60.89299199999732 65
1712245186123 65.51539799999955 66
1712245196190 77.30895199999941 67
1712245206265 79.45430699999997 68
1712245216353 79.4880009999979 69
1712245226430 79.5245759999998 70
1712245236511 79.54473499999949 71
1712245246550 79.62460199999987 72
1712245256635 89.80021999999735 73
1712245266708 104.4015279999985 74
1712245276803 112.9062649999978 75
1712245286882 113.50252399999954 76
1712245296962 116.92476700000043 77
1712245307010 117.9989949999981 78
1712245317086 119.97237799999857 79
1712245327166 126.13713899999857 80
1712245337247 126.61681999999928 81
1712245347343 130.41473399999813 82
1712245357442 131.37576499999705 83
1712245367485 136.2330409999995 84
1712245377559 145.3478959999993 85
1712245387658 151.25480999999854 86
1712245397766 155.25050099999862 87
1712245407868 157.06796399999803 88
1712245417898 157.47928899999897 89
1712245427968 157.5284479999973 90
1712245438059 165.55432999999903 91
1712245448129 177.24523000000045 92
1712245458220 186.8343050000003 93
1712245468303 190.57808999999907 94
1712245478350 191.01442899999893 95
1712245488432 191.39530599999853 96
1712245498511 191.7259699999995 97
1712245508592 192.21457699999883 98
1712245518661 196.9167529999977 99
1712245528748 204.14877200000046 100
1712245538783 205.7948469999974 101
1712245548858 207.5269449999978 102
1712245558940 208.573336999998 103
1712245569025 209.50849299999754 104
1712245579114 210.4075249999987 105
1712245589201 211.55804499999795 106
1712245599231 212.47813799999858 107
1712245609303 213.7018680000001 108
1712245619371 214.39315599999827 109
1712245629460 215.13628699999754 110
1712245639543 215.8343399999976 111
1712245649613 216.7509659999996 112
1712245659638 218.0648549999969 113
1712245669707 218.61829500000022 114
1712245679787 218.66135999999824 115
1712245689880 218.6909749999977 116
1712245699968 218.7552779999969 117
1712245710050 218.7716079999991 118
1712245720080 219.31142099999852 119
1712245730153 222.98139199999787 120
1712245740241 224.20799999999872 121
1712245750329 224.56044399999882 122
1712245760419 225.1474479999997 123
1712245770492 225.59193799999775 124
1712245780526 226.07424399999945 125
1712245790559 226.5654719999984 126
1712245800594 227.14176099999895 127
1712245810679 227.74596499999825 128
1712245820719 228.92243299999973 129
1712245830753 229.2496429999992 130
1712245840785 229.3377879999971 131
1712245850813 229.68101599999864 132
1712245860893 229.71676899999875 133
1712245870979 229.7375319999992 134
1712245881058 229.75562299999729 135
1712245891137 229.77625099999932 136
1712245901167 229.7872049999969 137
1712245911249 229.80641399999877 138
1712245921346 229.9824840000001 139
1712245931470 234.3312769999975 140
1712245941596 237.05870499999946 141
1712245951675 240.4056270000001 142
1712245961716 240.4801129999978 143
1712245971811 240.77064699999755 144
1712245981903 240.83213499999692 145
1712245992004 240.90954399999828 146
1712246002094 240.96802899999966 147
1712246012181 240.9847719999998 148
1712246022223 244.39478400000007 149
1712246032302 246.10588199999984 150
1712246042382 246.48021700000027 151
1712246052463 246.61593100000027 152
1712246062546 253.0486669999991 153
1712246072632 256.4609280000004 154
1712246082669 260.53235199999835 155
1712246092753 269.9088589999992 156
1712246102830 269.96526999999696 157
1712246112907 270.015328999998 158
1712246122991 270.48491399999693 159
1712246133081 270.73757099999784 160
1712246143117 276.6977139999981 161
1712246153196 276.75940099999934 162
1712246163306 276.798437999998 163
1712246173383 277.4631410000002 164
1712246183463 286.0230109999975 165
1712246193551 295.70504699999947 166
1712246203586 301.18443599999955 167
1712246213668 301.20776099999784 168
1712246223756 301.23375099999976 169
1712246233827 301.253725999999 170
1712246243911 301.3005419999972 171
1712246253998 301.3212879999992 172
1712246264030 301.33958399999756 173
1712246274108 301.37138499999855 174
1712246284189 301.40114600000015 175
1712246294284 301.43678100000034 176
1712246304376 302.5991499999982 177
1712246314447 303.4995369999997 178
1712246324488 303.507791 179
1712246334576 307.0909709999978 180
1712246344661 308.5168339999982 181
1712246354741 308.5295960000003 182
1712246364818 308.7897439999979 183
1712246374897 308.88889500000005 184
1712246384934 308.9626339999995 185
1712246395004 308.9744929999979 186
1712246405082 310.0806749999974 187
1712246415157 312.79060799999934 188
1712246425249 312.8158139999978 189
1712246435339 312.82989799999996 190
1712246445372 318.32342699999936 191
1712246455468 319.100398999999 192
1712246465557 319.3603789999979 193
1712246475637 319.6765239999986 194
1712246485710 320.9751759999999 195
1712246495800 326.73446299999705 196
1712246505838 326.7537579999989 197
1712246515938 329.32428900000014 198
1712246526028 331.07269499999893 199
1712246536116 335.8904339999972 200
1712246546219 345.2584889999998 201
1712246556308 355.11985300000015 202
1712246566355 362.2390919999998 203
1712246576438 366.53275799999756 204
1712246586522 366.5582340000001 205
1712246596618 368.2788989999972 206
1712246606706 369.8828990000002 207
1712246616802 376.7383459999983 208
1712246626840 378.2351490000001 209
1712246636913 378.52131799999916 210
1712246647001 378.8524619999989 211
1712246657104 379.2749019999974 212
1712246667196 379.6899859999976 213
1712246677279 379.98916299999837 214
1712246687312 380.30996199999936 215
1712246697397 380.62099699999817 216
1712246707487 380.97379999999976 217
1712246717585 381.9500429999971 218
1712246727629 382.8940540000003 219
1712246737896 384.7168759999986 220
1712246748000 391.00655299999926 221
1712246758080 398.33005299999786 222
1712246768181 406.7992299999969 223
1712246778281 408.6108349999995 224
1712246788367 408.64603999999963 225
1712246798455 411.13042199999836 226
1712246808553 412.7047649999986 227
1712246818656 412.7412989999975 228
1712246828784 412.7857640000002 229
1712246838872 413.1407369999979 230
1712246848951 416.06463599999915 231
1712246859054 417.4510429999973 232
1712246869157 420.82107299999916 233
1712246879243 429.8585409999978 234
1712246889338 434.6982169999974 235
1712246899427 434.9571259999975 236
1712246909504 435.7124449999974 237
1712246919587 435.7928659999998 238
1712246929693 435.8121109999993 239
1712246939805 436.79225099999894 240
1712246949898 437.46400899999935 241
1712246960023 437.4913979999983 242
1712246970125 439.31571899999835 243
1712246980220 443.13603499999954 244
1712246990321 450.9077980000002 245
1712247000422 463.09749699999884 246
1712247010507 467.8961589999999 247
1712247020614 468.9588119999971 248
1712247030703 468.97830599999725 249
1712247040810 469.95966399999816 250
1712247050897 474.3727379999982 251
1712247060988 477.3917419999998 252
1712247071084 478.3816169999991 253
1712247081173 480.9644929999995 254
1712247091276 481.50830399999904 255
1712247101391 481.53969700000016 256
1712247111497 485.3415759999989 257
1712247121575 485.36439999999857 258
1712247131664 485.37947899999926 259
1712247142010 491.35600299999714 260
1712247152127 502.22676299999875 261
1712247162208 507.0803229999983 262
1712247172307 509.3205519999974 263
1712247182387 514.1798249999993 264
1712247192468 515.4374219999991 265
1712247202555 516.6451459999989 266
1712247212646 517.7167279999994 267
1712247222723 519.0044139999991 268
1712247232836 520.4273529999991 269
1712247242920 521.5367769999975 270
1712247252997 523.1394359999977 271
1712247263087 524.4165759999996 272
1712247273169 525.9457989999974 273
1712247283250 528.6667379999999 274
1712247293356 530.8781109999982 275
1712247303435 532.2981789999976 276
1712247313532 533.4411669999972 277
1712247325052 534.7138290000003 278
1712247335154 536.3505449999975 279
1712247345275 537.5587839999971 280
1712247355395 538.2093539999987 281
1712247365497 538.2308720000001 282
1712247375590 538.2900349999982 283
1712247385682 538.3063199999997 284
1712247395780 538.3327169999975 285
1712247405875 538.3562270000002 286
1712247415995 538.3942639999987 287
1712247426097 538.4188289999984 288
1712247436199 538.4327099999973 289
1712247446292 538.4710419999974 290
1712247456392 540.194908999998 291
1712247466489 549.5982499999991 292
1712247476575 553.5147609999985 293
1712247486684 554.2570229999983 294
1712247496783 556.5369790000004 295
1712247506886 566.1296199999997 296
1712247516971 572.163059999999 297
1712247527058 572.7320519999994 298
1712247537142 573.2902379999978 299
1712247547227 573.820889999999 300
1712247557324 574.4102129999992 301
1712247567416 574.968869999997 302
1712247577517 575.6283269999985 303
1712247587602 576.1137429999981 304
1712247597696 576.6194779999969 305
1712247607796 577.0972479999982 306
1712247617904 577.6030069999979 307
1712247628001 578.141008999999 308
1712247638084 578.5996519999971 309
1712247648205 579.1111579999997 310
1712247658302 579.4144839999972 311
1712247668409 579.9650839999995 312
1712247678512 579.9980849999993 313
1712247688593 580.0655079999997 314
1712247698677 580.0955999999969 315
1712247708770 580.1261919999997 316
1712247718847 580.1766489999973 317
1712247728928 580.1991189999972 318
1712247739038 580.2376939999995 319
1712247749128 580.2720279999994 320
1712247759229 580.2921069999975 321
1712247769329 585.4381140000005 322
1712247779423 592.8785580000003 323
1712247789514 596.5604119999989 324
1712247799599 598.8160869999992 325
1712247809722 601.7261770000005 326
1712247819819 601.8144369999973 327
1712247829924 604.2298779999983 328
1712247840040 611.7109399999972 329
1712247850141 615.6857649999984 330
1712247860227 616.7068089999993 331
1712247870326 617.616866999997 332
1712247880414 618.8153849999981 333
1712247890505 619.5779299999995 334
1712247900607 620.7335700000003 335
1712247910695 621.7878299999975 336
1712247920797 622.3955260000002 337
1712247930884 623.6228049999991 338
1712247940973 624.6305319999992 339
1712247951061 625.561737 340
1712247961155 626.9774120000002 341
1712247971249 627.7603529999978 342
1712247981336 629.1151549999995 343
1712247991426 630.0544349999982 344
1712248001506 630.8479499999994 345
1712248011604 631.6805869999989 346
1712248021699 632.3402409999981 347
1712248031785 632.8376769999995 348
1712248041872 633.5741979999984 349
1712248051975 634.361617999999 350
1712248062055 635.2128319999974 351
1712248072151 636.1105900000002 352
1712248082246 637.2690829999992 353
1712248092331 638.0384449999983 354
1712248102434 639.1296919999986 355
1712248112529 639.975531 356
1712248122628 646.5938309999983 357
1712248132730 648.8937789999982 358
1712248142815 651.1229490000005 359
1712248152894 654.2725099999989 360
1712248162999 654.5757529999973 361
1712248173095 654.8614500000003 362
1712248183205 654.9955090000003 363
1712248193303 655.3587509999998 364
1712248203390 655.8924699999989 365
1712248213486 656.1785329999984 366
1712248223573 656.5481729999992 367
1712248233661 656.900491999997 368
1712248243761 658.0653839999977 369
1712248253852 658.6694069999976 370
1712248263930 658.8332300000002 371
1712248274020 659.1506649999974 372
1712248284101 659.470702999999 373
1712248294189 659.7579310000001 374
1712248304279 660.0980119999986 375
1712248314364 660.3825099999995 376
1712248324471 660.6841659999991 377
1712248334593 660.9963349999998 378
1712248344695 661.1128929999977 379
1712248354797 661.1545809999989 380
1712248364900 661.1722789999985 381
1712248374998 661.1951529999969 382
1712248385083 661.2487579999979 383
1712248395172 661.2763610000002 384
1712248405280 661.2933799999992 385
1712248415370 661.3336609999969 386
1712248425460 661.3591859999979 387
1712248435553 663.083155999997 388
1712248445638 663.5437429999984 389
1712248455746 663.6102919999976 390
1712248465838 663.6906439999984 391
1712248475921 664.7716589999982 392
1712248486007 664.8545809999996 393
1712248496104 664.8855689999982 394
1712248506183 664.9761789999975 395
1712248516274 667.9130029999978 396
1712248526365 668.2179199999991 397
1712248536465 668.5233950000002 398
1712248546573 668.5412589999978 399
1712248556676 668.5963599999995 400
1712248566760 669.1262599999973 401
1712248576864 669.670392 402
1712248586955 669.6949029999996 403
1712248597041 669.7909529999997 404
1712248607138 670.4276399999981 405
1712248617230 670.8724289999991 406
1712248627312 671.2940909999998 407
1712248637404 671.9852719999981 408
1712248647511 672.3128369999977 409
1712248657596 672.6339829999997 410
1712248667706 672.8770119999972 411
1712248677791 673.0028719999973 412
1712248687876 673.0248780000002 413
1712248697963 673.053742 414
1712248708040 673.0839119999982 415
1712248718120 673.1221269999987 416
1712248728234 673.169625999999 417
1712248738579 674.2232059999988 418
1712248748692 675.3412769999995 419
1712248758812 675.393924 420
1712248768899 679.2153279999984 421
1712248778990 679.5461749999995 422
1712248789077 680.2704689999991 423
1712248799160 680.6748200000002 424
1712248809262 681.2801159999981 425
1712248819354 682.086894 426
1712248829447 682.7627339999999 427
1712248839541 683.3149639999974 428
1712248849629 683.6519029999981 429
1712248859751 683.9583779999994 430
1712248869865 684.313983 431
1712248879968 685.0390139999981 432
1712248890085 685.9769290000004 433
1712248900202 686.9500619999999 434
1712248910318 688.8812179999986 435
1712248920426 689.3053409999993 436
1712248930541 689.335834999998 437
1712248940651 689.5741390000003 438
1712248950766 689.6455719999976 439
1712248960891 690.797176 440
1712248971008 691.2916019999975 441
1712248981128 691.4335059999976 442
1712248991233 701.1892249999983 443
1712249001366 703.7820089999987 444
1712249011473 706.8213849999993 445
1712249021592 707.4432119999983 446
1712249031699 707.5627429999986 447
1712249041821 707.5923259999981 448
1712249051948 707.6128239999998 449
1712249062066 707.6350419999981 450
1712249072174 707.6464639999976 451
1712249082287 707.6860749999978 452
1712249092398 707.7215569999971 453
1712249102511 707.7761859999991 454
1712249112631 707.8249770000002 455
1712249122745 707.8365279999998 456
1712249132851 707.8781459999991 457
1712249142957 707.8965339999995 458
1712249153066 707.9388650000001 459
1712249163173 707.9916409999969 460
1712249173278 708.004568999997 461
1712249183392 708.0203829999991 462
1712249193507 708.1075639999981 463
1712249203622 708.1373649999987 464
1712249213724 708.1951339999978 465
1712249223846 708.2189770000005 466
1712249233962 708.2567449999988 467
1712249244079 708.2765139999974 468
1712249254196 708.3134229999996 469
1712249264314 708.3453609999997 470
1712249274442 708.3656709999996 471
1712249284548 708.455367999999 472
1712249294662 708.4856319999999 473
1712249304750 709.6225269999995 474
1712249314848 710.074826 475
1712249324950 711.4428189999999 476
1712249335046 711.7110539999994 477
1712249345153 711.7591329999996 478
1712249355244 711.8619259999978 479
1712249365324 714.2830350000004 480
1712249375424 716.8812249999974 481
1712249385515 717.3703499999974 482
1712249395603 717.4503640000003 483
1712249405694 717.4644879999978 484
1712249415793 717.4974599999987 485
1712249425886 718.4196400000001 486
1712249435970 718.4447919999984 487
1712249446061 718.4821479999991 488
1712249456158 719.9183929999999 489
1712249466264 720.2373210000005 490
1712249476361 720.6364869999998 491
1712249486581 720.6814089999971 492
1712249496682 721.2331190000004 493
1712249506781 721.5764039999995 494
1712249516873 721.6130839999969 495
1712249526967 721.9639769999994 496
1712249537063 722.1305119999997 497
1712249547159 722.1479199999994 498
1712249557263 722.1757319999997 499
1712249567361 722.2185790000003 500
1712249577459 723.6539089999969 501
1712249587562 724.186695999997 502
1712249597649 726.4661820000001 503
1712249607731 727.0454539999992 504
1712249617830 727.0734759999978 505
1712249627932 727.4034209999991 506
1712249638026 727.472522 507
1712249648128 727.8094569999994 508
1712249658236 728.3575969999983 509
1712249668332 728.429960999998 510
1712249678427 728.7633150000001 511
1712249688519 731.4531529999986 512
1712249698605 731.5826469999993 513
1712249708727 731.6454709999998 514
1712249718831 731.8041809999995 515
1712249728944 731.8620439999977 516
1712249739040 731.900400999999 517
1712249749126 731.9544089999981 518
1712249759219 731.9804769999973 519
1712249769306 732.4519220000002 520
1712249779391 733.3847309999983 521
1712249789478 733.4245349999983 522
1712249799568 735.247081999998 523
1712249809662 735.2652969999981 524
1712249819760 735.3472019999972 525
1712249829876 735.363100999999 526
1712249839990 735.3994119999988 527
1712249850090 735.4462319999984 528
1712249860201 735.4560810000003 529
1712249870296 735.5143959999987 530
1712249880383 735.5490769999997 531
1712249890485 736.7271860000001 532
1712249900576 736.7451399999991 533
1712249910665 736.7619400000003 534
1712249920754 736.7796289999969 535
1712249930849 736.813425999997 536
1712249940962 736.8562119999988 537
1712249951070 737.7850489999983 538
1712249961168 737.8622679999971 539
1712249971266 738.1649819999984 540
1712249981350 738.2317789999979 541
1712249991434 738.2702509999981 542
1712250001522 738.9063019999994 543
1712250011618 739.4952279999998 544
1712250021708 740.1682249999976 545
1712250031796 744.9444430000003 546
1712250041901 744.9660689999982 547
1712250051995 744.9935289999994 548
1712250062081 745.0311399999991 549
1712250072165 745.0695390000001 550
1712250082283 745.0875509999969 551
1712250092367 745.1174519999986 552
1712250102456 745.1361709999983 553
1712250112543 745.1580049999975 554
1712250122650 745.2106459999995 555
1712250132769 745.2329389999977 556
1712250142930 745.2558819999977 557
1712250153076 745.3186209999985 558
1712250163209 745.3579739999986 559
1712250173318 745.469890999997 560
1712250183421 745.5445169999985 561
1712250193513 745.5670339999997 562
1712250203632 745.5950929999999 563
1712250213758 745.6079849999987 564
1712250223895 745.6213629999984 565
1712250234013 745.6396389999973 566
1712250244135 745.670016 567
1712250254259 745.6886190000005 568
1712250264362 745.6988659999988 569
1712250274492 745.7290929999981 570
1712250284587 745.7519609999981 571
1712250294684 745.7738339999996 572
1712250305266 745.8150590000005 573
1712250315353 745.8512459999984 574
1712250325444 745.8972259999973 575
1712250335541 745.9273049999974 576
1712250345650 745.9430759999996 577
1712250355747 745.9932349999981 578
1712250365863 746.0199499999981 579
1712250375954 746.0385459999998 580
1712250386038 746.0500609999981 581
1712250396121 746.1014340000002 582
1712250406209 746.1527499999975 583
1712250416308 746.2224129999995 584
1712250426406 746.2735089999987 585
1712250436516 746.3017099999997 586
1712250446601 746.3317229999993 587
1712250456702 746.357004999998 588
1712250466802 746.3861990000005 589
1712250476928 746.4464359999984 590
1712250487041 746.4937309999987 591
1712250497139 746.518254999999 592
1712250507244 746.5263559999985 593
1712250517339 746.542727 594
1712250527448 746.5650910000004 595
1712250537549 746.5942809999979 596
1712250547644 746.6419439999991 597
1712250557744 746.6684119999991 598
1712250567836 746.6825449999997 599
1712250577929 746.6997159999992 600
1712250588020 746.7435409999998 601
1712250598119 746.7621669999971 602
1712250608202 746.7802459999984 603
1712250618290 746.8228899999995 604
1712250628383 746.9627699999983 605
1712250638483 746.9848259999999 606
1712250648582 747.0168830000002 607
1712250658697 747.1047259999978 608
1712250668783 747.1402979999984 609
1712250678880 747.1589969999986 610
1712250688979 747.1809649999996 611
1712250699074 747.1982279999975 612
1712250709198 747.2173079999993 613
1712250719324 747.2359479999977 614
1712250729407 747.2521099999976 615
1712250739502 747.2749399999993 616
1712250749610 747.4461449999981 617
1712250759710 747.560089999999 618
1712250769804 747.5779110000003 619
1712250779896 747.6170439999987 620
1712250789995 747.6340339999988 621
1712250800084 747.6542119999976 622
1712250810188 747.6759329999986 623
1712250820289 747.6870549999985 624
1712250830374 747.7053699999997 625
1712250840478 747.7175449999995 626
1712250850605 747.7432420000005 627
1712250860723 747.8512009999977 628
1712250870822 747.8645759999999 629
1712250880915 747.9544910000004 630
1712250891015 747.9824039999985 631
1712250901112 748.0049639999997 632
1712250911216 748.0181999999986 633
1712250921308 748.0354189999998 634
1712250931405 748.0589059999984 635
1712250941516 748.0683900000004 636
1712250951614 748.1096039999975 637
1712250961710 748.128768999999 638
1712250971819 748.1415889999989 639
1712250981911 748.1586209999987 640
1712250992014 748.170009999998 641
1712251002121 748.1862569999976 642
1712251012212 748.2003750000003 643
1712251022318 748.2148559999987 644
1712251032443 748.2299429999985 645
1712251042539 748.2501709999997 646
1712251052641 748.2626439999985 647
1712251062754 748.2734839999976 648
1712251072872 748.2986490000003 649
1712251082966 748.3391329999977 650
1712251093064 748.3514729999988 651
1712251103181 748.3711249999978 652
1712251113280 748.3865559999977 653
1712251123376 748.3992409999992 654
1712251133504 748.4336669999975 655
1712251143598 748.4510009999976 656
1712251153688 748.4634210000004 657
1712251163790 748.4875749999992 658
1712251173888 748.5226369999982 659
1712251184004 748.5434599999971 660
1712251194098 748.6182979999976 661
1712251204185 748.6289059999981 662
1712251214294 748.6401049999986 663
1712251224401 748.6521329999996 664
1712251234491 748.6945820000001 665
1712251244591 748.7124459999977 666
1712251254710 748.7694909999991 667
1712251264811 748.8036649999995 668
1712251274904 748.816992 669
1712251285024 749.415982999999 670
1712251295120 749.438807999999 671
1712251305216 749.4468559999987 672
1712251315320 749.4727429999984 673
1712251325420 749.4820889999974 674
1712251335544 749.5010719999991 675
1712251345639 749.5238819999977 676
1712251355769 749.532519999997 677
1712251365877 749.5417290000005 678
1712251375982 749.5593090000002 679
1712251386092 749.5884069999993 680
1712251396188 749.6063809999978 681
1712251406303 749.6230959999994 682
1712251416405 749.632491999997 683
1712251426503 749.6416589999972 684
1712251436590 749.6614479999989 685
1712251446700 749.6722069999996 686
1712251456798 749.6888519999993 687
1712251466912 749.7021939999977 688
1712251477006 749.7224559999995 689
1712251487103 749.742199999997 690
1712251497212 749.7640329999995 691
1712251507315 749.8120189999972 692
1712251517417 749.836078999997 693
1712251527508 749.863524999997 694
1712251538168 749.8941940000004 695
1712251548296 749.9298199999976 696
1712251558396 749.976709999999 697
1712251568523 750.0096109999977 698
1712251578631 750.0225759999994 699
1712251588731 750.0443349999987 700
1712251598828 750.0587659999983 701
1712251608933 750.1046910000005 702
1712251619037 750.1224419999999 703
1712251629146 750.1403769999997 704
1712251639245 750.1597359999978 705
1712251649348 750.220696999997 706
1712251659466 750.2359759999999 707
1712251669565 750.2907799999994 708
1712251679680 750.3075339999996 709
1712251689784 750.3594009999979 710
1712251699888 750.3759929999978 711
1712251709994 750.3930819999987 712
1712251720109 750.4114709999994 713
1712251730207 750.4393189999973 714
1712251740302 750.4629459999996 715
1712251750412 750.4883609999997 716
1712251760533 750.5091939999984 717
1712251770655 750.6264599999995 718
1712251780766 750.7565089999989 719
1712251790866 750.797047 720
1712251800953 750.828555 721
1712251811062 750.8436809999985 722
1712251821669 750.855937999997 723
1712251831808 750.8700269999972 724
1712251841903 750.8903369999971 725
1712251852008 750.9487099999969 726
1712251862124 751.0297529999989 727
1712251872252 751.0597249999992 728
1712251882363 751.0765649999994 729
1712251892463 751.1101920000001 730
1712251902559 751.128220999999 731
1712251912671 751.1587159999981 732
1712251922769 751.1711759999998 733
1712251932875 751.2084539999996 734
1712251942982 751.2273199999981 735
1712251953086 751.2442159999991 736
1712251963183 751.2680970000001 737
1712251973295 751.2916509999995 738
1712251983398 751.3473239999985 739
1712251993504 751.3630709999998 740
1712252003598 751.3856569999989 741
1712252013701 751.4019530000005 742
1712252023793 751.4197559999993 743
1712252033883 751.4434079999992 744
1712252043994 751.462059999998 745
1712252054098 751.4845029999997 746
1712252064191 751.5032460000002 747
1712252074288 751.9637669999975 748
1712252084400 752.3404319999972 749
1712252094494 752.3518799999983 750
1712252104606 752.3681749999996 751
1712252114706 752.3877780000003 752
1712252124804 752.4019200000002 753
1712252134918 752.4187600000005 754
1712252145024 752.4367050000001 755
1712252155126 752.4869949999993 756
1712252165226 752.5331729999998 757
1712252175327 752.5555039999999 758
1712252185422 752.5738889999993 759
1712252195513 752.6032869999981 760
1712252205647 752.626430999997 761
1712252215758 752.6667679999991 762
1712252225882 752.6906029999991 763
1712252235983 752.7144100000005 764
1712252246085 752.733956 765
1712252256199 752.7445169999992 766
1712252266302 752.7649519999977 767
1712252276408 752.7823159999971 768
1712252286529 752.8192519999975 769
1712252296637 752.8345749999971 770
1712252306741 752.849503999998 771
1712252316863 752.8650949999974 772
1712252326957 752.874273999998 773
1712252337047 752.8945160000003 774
1712252347135 752.9073439999993 775
1712252357243 752.9217629999985 776
1712252367355 752.9329529999995 777
1712252377449 752.9644809999991 778
1712252387546 752.9794989999973 779
1712252397654 753.0140109999993 780
1712252407759 753.0307439999997 781
1712252417866 753.0655349999979 782
1712252427966 753.0884420000002 783
1712252438064 753.1114699999998 784
1712252448172 753.1837429999978 785
1712252458273 753.2239349999982 786
1712252468381 753.2469309999979 787
1712252478492 753.26512 788
1712252488593 753.282769999998 789
1712252498695 753.2909550000004 790
1712252508797 753.3249939999987 791
1712252518911 753.3377980000005 792
1712252529040 753.3488809999981 793
1712252539141 753.3716739999982 794
1712252549246 753.4583050000001 795
1712252559339 753.4764639999994 796
1712252569458 753.5077259999998 797
1712252579554 753.526719999998 798
1712252589646 753.590569 799
1712252599749 753.605822999998 800
1712252609842 753.6162899999981 801
1712252619951 753.6268219999984 802
1712252630053 753.6452159999972 803
1712252640170 753.6628789999995 804
1712252650278 753.6898939999992 805
1712252660402 753.7090869999993 806
1712252670519 753.7246989999985 807
1712252680618 753.7374929999969 808
1712252690732 753.7705679999999 809
1712252700832 753.7871909999994 810
1712252710935 753.8041290000001 811
1712252721063 753.826094 812
1712252731169 753.8459640000001 813
1712252741261 753.8619440000002 814
1712252751360 753.9144369999995 815
1712252761485 753.9283739999992 816
1712252771612 753.9483589999982 817
1712252781711 753.9580679999999 818
1712252791815 754.5721669999984 819
1712252801936 754.8352849999974 820
1712252812055 754.8773939999992 821
1712252822171 754.9100770000005 822
1712252832272 754.9296289999984 823
1712252842377 754.9461159999992 824
1712252852489 754.9657699999989 825
1712252862608 754.9786879999992 826
1712252872717 754.9950729999982 827
1712252882847 755.0303009999989 828
1712252892944 755.072021 829
1712252903056 755.0850189999983 830
1712252913161 755.1017699999975 831
1712252923256 755.1167349999996 832
1712252933378 755.1453549999969 833
1712252943492 755.1594609999993 834
1712252953885 755.1858299999985 835
1712252964022 755.2027119999984 836
1712252974157 755.2159460000003 837
1712252984271 755.2287369999976 838
1712252994375 755.2596709999998 839
1712253004473 755.2696849999993 840
1712253014571 755.2915049999974 841
1712253024669 755.301485 842
1712253034763 755.3372569999992 843
1712253044871 755.3499410000004 844
1712253054978 755.3709049999998 845
1712253065077 755.4056889999993 846
1712253075174 755.4282499999972 847
1712253085272 755.4439199999979 848
1712253095378 755.4732110000004 849
1712253105487 755.4994740000002 850
1712253115587 755.5381259999995 851
1712253125686 755.5541849999972 852
1712253135786 755.5833459999994 853
1712253145878 755.5993119999985 854
1712253155985 755.6140569999989 855
1712253166100 755.6275349999996 856
1712253176223 755.6536429999978 857
1712253186345 755.7007190000004 858
1712253196476 755.721666999998 859
1712253206589 755.7556540000005 860
1712253216696 755.7930979999983 861
1712253226817 755.8076889999975 862
1712253236921 755.8221599999997 863
1712253247034 755.8783599999988 864
1712253257146 755.9009729999998 865
1712253267280 755.9571789999973 866
1712253277411 756.0177709999989 867
1712253287524 757.3337839999986 868
1712253297640 757.3691149999977 869
1712253307764 757.3887350000005 870
1712253317877 757.4291080000003 871
1712253327994 757.4703039999986 872
1712253338113 757.4794309999997 873
1712253348216 757.5674239999971 874
1712253358312 757.5923089999997 875
1712253368409 757.6062999999995 876
1712253378511 757.6234860000004 877
1712253388628 757.6387340000001 878
1712253399486 757.6516579999989 879
1712253409594 757.6694639999987 880
1712253419698 757.6808979999987 881
1712253429809 757.6941359999983 882
1712253439913 757.7109019999989 883
1712253450015 757.7538609999974 884
1712253460122 757.7699289999982 885
1712253470215 757.818632999999 886
1712253480309 757.8293959999974 887
1712253490403 757.8606939999991 888
1712253500507 757.8762900000002 889
1712253510609 757.8927220000005 890
1712253520719 757.9046579999995 891
1712253530837 757.9201269999976 892
1712253540942 757.936351999997 893
1712253551040 757.9609309999978 894
1712253561143 758.044501999997 895
1712253571240 758.0546890000005 896
1712253581346 758.097601999998 897
1712253591453 758.1204179999986 898
1712253601572 758.1328009999997 899
1712253611677 758.1450539999969 900
1712253621788 758.1601009999977 901
1712253631901 758.1738949999999 902
1712253642002 758.1880259999998 903
1712253652112 758.2229229999975 904
1712253662210 758.274856 905
1712253672346 758.2904669999989 906
1712253682559 758.3306109999976 907
1712253692662 758.4025509999992 908
1712253702773 758.4181119999994 909
1712253712875 758.4383139999991 910
1712253722974 758.4864439999983 911
1712253733084 758.5025370000003 912
1712253743190 758.5193299999992 913
1712253753306 758.5402560000002 914
1712253763415 758.5681459999978 915
1712253773532 758.6122579999974 916
1712253783655 758.6487390000002 917
1712253793750 758.6669000000002 918
1712253803851 758.6827479999993 919
1712253813951 758.6994649999979 920
1712253824052 758.7191419999981 921
1712253834164 758.734161999997 922
1712253844279 758.7469549999987 923
1712253854382 758.7590390000005 924
1712253864476 758.7776830000003 925
1712253874570 758.7987570000005 926
1712253884675 758.813224999998 927
1712253894794 758.8447699999997 928
1712253904906 758.856109999997 929
1712253915026 758.8776159999979 930
1712253925131 758.889224999999 931
1712253935240 758.9134979999981 932
1712253945368 758.960321999999 933
1712253955486 759.0167339999971 934
1712253965608 759.034765999997 935
1712253975713 759.0519669999994 936
1712253985846 759.0808560000005 937
1712253995970 759.1115499999978 938
1712254006074 759.1376739999978 939
1712254016174 759.1769319999985 940
1712254026289 759.1906549999985 941
1712254036399 759.2071450000003 942
1712254046500 759.219001999998 943
1712254056613 759.2330330000004 944
1712254066708 759.2474919999986 945
1712254076834 759.2962530000004 946
1712254086937 759.353106999999 947
1712254097055 759.3765679999997 948
1712254107168 759.3900189999986 949
1712254117284 759.4142379999976 950
1712254127381 759.4357049999999 951
1712254137476 759.4638559999985 952
1712254147681 759.4747499999976 953
1712254157808 759.4900659999985 954
1712254167916 760.2596319999975 955
1712254178032 760.4049039999991 956
1712254188136 760.4482859999989 957
1712254198252 760.4566029999987 958
1712254208357 760.4643779999969 959
1712254218466 760.4718189999985 960
1712254228568 760.4809419999983 961
1712254238660 760.4980660000001 962
1712254248758 760.5308229999973 963
1712254258880 760.5538099999976 964
1712254269001 760.5803469999992 965
1712254279112 760.6188309999998 966
1712254289228 760.6356539999979 967
1712254299391 760.6443919999983 968
1712254309502 760.666742999998 969
1712254319599 760.6775189999971 970
1712254329717 760.6873049999995 971
1712254339818 760.6982529999987 972
1712254349963 760.7693149999977 973
1712254360120 760.7828079999999 974
1712254370372 760.8217719999993 975
1712254380506 760.8386309999987 976
1712254390622 761.0192629999983 977
1712254400734 761.0301650000001 978
1712254410839 761.1093760000003 979
1712254420950 761.131602999998 980
1712254431047 761.1746099999982 981
1712254441160 761.1872640000001 982
1712254451284 761.2188079999978 983
1712254461413 761.3249230000001 984
1712254471518 761.3384979999973 985
1712254481632 761.5235489999977 986
1712254491737 761.5580339999979 987
1712254501845 761.5778189999983 988
1712254511965 761.5921959999978 989
1712254522064 761.6039710000005 990
1712254532161 761.6116299999994 991
1712254542835 761.6215049999992 992
1712254552951 761.6501790000002 993
1712254563079 761.6785199999977 994
1712254573193 761.709853999997 995
1712254583297 761.7176789999976 996
1712254593405 761.7372049999976 997
1712254603513 761.7472359999992 998
1712254613633 761.7894939999969 999
1712254623741 761.802582999997 1000
1712254633861 761.819819999997 1001
1712254643990 761.8344059999981 1002
1712254654092 761.8467879999989 1003
1712254664193 761.859081999999 1004
1712254674297 761.8745879999988 1005
1712254684399 761.9164369999999 1006
1712254694495 761.934535999997 1007
1712254704608 761.9430369999973 1008
1712254714719 761.9546379999992 1009
1712254724824 761.9645949999976 1010
1712254734933 761.9982899999995 1011
1712254745056 762.0144629999995 1012
1712254755165 762.0287879999996 1013
1712254765275 762.0521889999982 1014
1712254775383 762.0639469999987 1015
1712254785508 762.0749969999997 1016
1712254795629 762.0948129999997 1017
1712254805751 762.1055779999988 1018
1712254815901 762.1269199999988 1019
1712254826051 762.1397959999995 1020
1712254836169 762.2552369999976 1021
1712254846284 762.2657199999994 1022
1712254856419 762.2963820000004 1023
1712254866521 762.3110039999992 1024
1712254876624 762.3911169999992 1025
1712254886835 762.4082799999996 1026
1712254896942 762.422333999999 1027
1712254907052 762.4437849999995 1028
1712254917151 762.4860249999983 1029
1712254927253 762.5002819999972 1030
1712254937352 762.6487349999989 1031
1712254947461 762.6712979999975 1032
1712254957574 762.7306140000001 1033
1712254967699 762.7502690000001 1034
1712254977818 762.7644999999975 1035
1712254987928 762.7975069999993 1036
1712254998039 762.8141609999984 1037
1712255008179 762.8280699999996 1038
1712255018313 762.853820999997 1039
1712255028439 762.8678039999977 1040
1712255038556 762.8798419999985 1041
1712255048665 762.8891860000003 1042
1712255058767 762.9108669999987 1043
1712255068880 762.9228549999971 1044
1712255078975 762.9326269999983 1045
1712255089082 762.9451969999973 1046
1712255099191 762.9877459999989 1047
1712255109287 762.9957119999999 1048
1712255119413 763.0086520000004 1049
1712255129512 763.0180999999975 1050
1712255139641 763.0348149999991 1051
1712255149744 763.0558229999988 1052
1712255159855 763.0971309999986 1053
1712255169975 763.1131969999988 1054
1712255180083 763.1317689999996 1055
1712255190181 763.1439869999995 1056
1712255200283 763.1515929999987 1057
1712255210402 763.1633949999996 1058
1712255220612 763.183227999998 1059
1712255230733 763.2283279999974 1060
1712255240842 771.2090029999999 1061
1712255250945 771.2695059999969 1062
1712255261051 771.2846219999992 1063
1712255271157 771.3336369999997 1064
1712255281264 771.3591329999981 1065
1712255291371 771.4009069999993 1066
1712255301466 771.412508999998 1067
1712255311566 771.4241330000004 1068
1712255321667 771.4336739999999 1069
1712255331783 771.4709739999998 1070
1712255341935 771.5028050000001 1071
1712255352060 771.528155 1072
1712255362190 771.5447509999976 1073
1712255372325 771.557507999998 1074
1712255382425 771.5703909999975 1075
1712255392546 771.6234640000002 1076
1712255402659 771.6689899999983 1077
1712255412786 771.7750959999976 1078
1712255422891 771.7885539999988 1079
1712255432990 771.7990360000003 1080
1712255443097 771.8124690000004 1081
1712255453215 771.8521239999973 1082
1712255463312 771.9397659999995 1083
1712255473413 771.9520679999987 1084
1712255483520 771.977343999999 1085
1712255493623 771.9892679999975 1086
1712255503737 772.004654999997 1087
1712255513845 772.0179759999992 1088
1712255523954 772.0372790000001 1089
1712255534067 772.066176999997 1090
1712255544177 772.0778859999991 1091
1712255554286 772.0923199999997 1092
1712255564411 772.1029909999997 1093
1712255574523 772.1203119999991 1094
1712255584649 772.1515459999973 1095
1712255594763 772.1853169999995 1096
1712255604865 772.1968419999976 1097
1712255614979 772.2044289999976 1098
1712255625114 772.2183640000003 1099
1712255635244 772.2324429999971 1100
1712255645374 772.2447309999989 1101
1712255655497 772.2675029999991 1102
1712255665592 772.3041789999988 1103
1712255675698 772.3405329999987 1104
1712255685803 772.3552459999992 1105
1712255695929 772.3919189999979 1106
1712255706063 772.4035430000004 1107
1712255716173 772.422720999999 1108
1712255726384 772.9983869999996 1109
1712255736494 773.0300199999983 1110
1712255746598 773.0760979999977 1111
1712255756736 773.1009789999989 1112
1712255766873 773.147356999998 1113
1712255776992 773.1648580000001 1114
1712255787126 773.1756389999973 1115
1712255797257 773.1879389999995 1116
1712255807377 773.2033429999974 1117
1712255817511 773.2764609999977 1118
1712255827637 773.2894049999995 1119
1712255837758 773.321047999998 1120
1712255847893 773.3319139999985 1121
1712255858022 773.3391459999984 1122
1712255868140 773.3532589999995 1123
1712255878250 773.365340999997 1124
1712255888370 773.4102389999971 1125
1712255898497 773.440338999997 1126
1712255908614 773.4491649999982 1127
1712255918726 773.4587949999986 1128
1712255928834 773.4859889999971 1129
1712255938963 773.506433999999 1130
1712255949074 773.5219419999994 1131
1712255959180 773.5384999999987 1132
1712255969304 773.5472539999973 1133
1712255979439 773.556354999997 1134
1712255989573 773.581686999998 1135
1712255999686 773.587854999998 1136
1712256009849 773.6398950000003 1137
1712256019974 773.6539009999979 1138
1712256030121 773.6691059999976 1139
1712256040285 773.6823000000004 1140
1712256050422 773.7076679999991 1141
1712256060532 773.7420409999977 1142
1712256070647 773.7565749999994 1143
1712256080776 773.7794269999977 1144
1712256090883 773.7902939999985 1145
1712256100984 773.8086279999989 1146
1712256111103 773.8244749999976 1147
1712256121230 773.8345869999976 1148
1712256131339 773.848447999997 1149
1712256141484 773.8689290000002 1150
1712256151626 773.9146419999997 1151
1712256161745 773.9553070000002 1152
1712256171871 773.9719499999992 1153
1712256181988 773.9819199999984 1154
1712256192102 774.0130969999991 1155
1712256202215 774.0357960000001 1156
1712256212328 774.0569999999971 1157
1712256222454 774.0658409999996 1158
1712256232613 774.0810029999993 1159
1712256242753 774.0932339999999 1160
1712256252890 774.109085 1161
1712256263063 774.1248839999971 1162
1712256273197 774.1383260000002 1163
1712256283358 774.1490699999995 1164
1712256293486 774.175432 1165
1712256303624 774.2238230000003 1166
1712256313754 774.2376979999972 1167
1712256323885 774.2535709999975 1168
1712256334010 774.2708639999983 1169
1712256344155 774.2835439999981 1170
1712256354290 774.3096399999995 1171
1712256364429 774.3245529999986 1172
1712256374539 774.3356139999996 1173
1712256384652 774.348364999998 1174
1712256394776 774.3757979999973 1175
1712256404909 774.395580999997 1176
1712256415040 774.4160499999998 1177
1712256425156 774.4297139999981 1178
1712256435278 774.4444269999985 1179
1712256445419 774.4600429999991 1180
1712256455545 774.4722769999971 1181
1712256465664 774.4843629999996 1182
1712256475794 774.5270390000005 1183
1712256485915 774.5774170000004 1184
1712256496051 774.5923729999995 1185
1712256506169 774.6092239999998 1186
1712256516288 774.663321 1187
1712256526506 774.6751999999979 1188
1712256536633 774.7014939999972 1189
1712256546747 774.7142999999996 1190
1712256556892 774.7286639999984 1191
1712256567017 774.7485699999997 1192
1712256577147 774.7607949999983 1193
1712256587271 774.7718019999993 1194
1712256597396 774.7986619999974 1195
1712256607560 774.808936999998 1196
1712256617670 774.8179839999975 1197
1712256627777 774.8366659999992 1198
1712256637931 774.8473489999997 1199
1712256648055 774.886381999997 1200
1712256658184 774.9232679999986 1201
1712256668314 774.9671529999978 1202
1712256678430 774.9827769999974 1203
1712256688556 775.0044219999982 1204
1712256698685 775.0156529999986 1205
1712256708811 775.0497859999996 1206
1712256718955 775.060674999997 1207
1712256729089 775.0732599999974 1208
1712256739220 775.107638999998 1209
1712256749345 775.1222739999976 1210
1712256759494 775.1328479999975 1211
1712256769622 775.1450729999997 1212
1712256779749 775.1643640000002 1213
1712256789860 775.2165389999973 1214
1712256799988 775.2360019999978 1215
1712256810103 775.2530319999969 1216
1712256820223 775.2618009999969 1217
1712256830335 775.2748939999983 1218
1712256840455 775.2848349999986 1219
1712256850580 775.3175109999975 1220
1712256860697 775.3330719999976 1221
1712256870836 775.3507949999985 1222
1712256880978 775.6048069999997 1223
1712256891089 777.7582299999995 1224
1712256901207 777.818930999998 1225
1712256911338 777.8790809999991 1226
1712256921455 777.8973799999985 1227
1712256931579 777.9326209999999 1228
1712256941714 777.9670449999976 1229
1712256951842 778.0150159999976 1230
1712256961954 778.037591999997 1231
1712256972066 778.0491279999987 1232
1712256982294 778.0606479999988 1233
1712256992464 778.0689380000003 1234
1712257002580 778.0833599999969 1235
1712257012705 778.1019979999983 1236
1712257022821 778.1145829999987 1237
1712257032960 778.1280009999973 1238
1712257043096 778.1427379999986 1239
1712257053230 778.225656999999 1240
1712257063367 778.247712999997 1241
1712257073506 778.2732349999969 1242
1712257083615 778.2829959999981 1243
1712257093736 778.3323619999974 1244
1712257103865 778.342225999997 1245
1712257113983 778.351333999999 1246
1712257124111 778.3639339999972 1247
1712257134240 778.3855519999997 1248
1712257144373 778.3994719999973 1249
1712257154536 778.4149409999991 1250
1712257164779 778.4779359999993 1251
1712257175474 778.4936089999974 1252
1712257185634 778.5425770000002 1253
1712257195791 778.5662319999974 1254
1712257205928 778.6470079999999 1255
1712257216049 778.661366999997 1256
1712257226188 778.6705569999976 1257
1712257236317 778.6799619999983 1258
1712257246438 778.6945070000002 1259
1712257256571 778.7258619999993 1260
1712257266696 778.7605750000002 1261
1712257276814 778.7874919999995 1262
1712257286960 778.8026959999988 1263
1712257297073 778.8212739999981 1264
1712257307216 778.8446589999985 1265
1712257317358 778.8746269999974 1266
1712257327489 778.8928059999998 1267
1712257337612 778.9057460000004 1268
1712257347738 778.9176279999992 1269
1712257357855 778.9302809999972 1270
1712257367979 778.9606649999987 1271
1712257378102 778.9721140000001 1272
1712257388216 778.9965869999978 1273
1712257398364 779.0083419999974 1274
1712257408478 779.0165459999989 1275
1712257418612 779.0225969999992 1276
1712257428751 779.0479849999974 1277
1712257438884 779.057461999997 1278
1712257449011 779.065674999998 1279
1712257459122 779.079483999998 1280
1712257469238 779.0893579999974 1281
1712257479358 779.1010979999992 1282
1712257489492 779.1286719999989 1283
1712257499620 779.1625819999972 1284
1712257509747 779.1760589999976 1285
1712257519886 779.1880609999971 1286
1712257530030 779.2036279999993 1287
1712257540258 779.2942049999983 1288
1712257550397 779.3423629999998 1289
1712257560546 779.3763870000002 1290
1712257570681 779.3902509999971 1291
1712257580823 779.4094339999974 1292
1712257590946 779.4234919999981 1293
1712257601092 779.4430149999971 1294
1712257611228 779.4803079999983 1295
1712257621362 779.628009 1296
1712257631508 779.7662439999986 1297
1712257641632 779.7949950000002 1298
1712257651772 779.8028749999976 1299
1712257661910 779.8132310000001 1300
1712257672047 779.8350159999973 1301
1712257682191 779.9135910000005 1302
1712257692310 779.9400489999971 1303
1712257702426 779.9528829999981 1304
1712257712548 779.9636350000001 1305
1712257722675 779.9720839999973 1306
1712257732892 780.0228459999998 1307
1712257743020 780.0331179999994 1308
1712257753141 780.0448739999993 1309
1712257763265 780.0705529999977 1310
1712257773393 780.0794619999979 1311
1712257783506 780.1025039999986 1312
1712257793636 780.1267950000001 1313
1712257803748 780.1400389999981 1314
1712257813866 780.153621999998 1315
1712257823986 780.1646959999998 1316
1712257834116 780.185978999998 1317
1712257844243 780.3375089999972 1318
1712257854356 780.3838319999995 1319
1712257864475 780.4286189999984 1320
1712257874595 780.446735999998 1321
1712257884729 780.4603029999998 1322
1712257894864 780.4715999999971 1323
1712257904995 780.4857840000004 1324
1712257915117 780.5138640000005 1325
1712257925239 780.5319229999986 1326
1712257935458 780.5752539999994 1327
1712257945601 780.6218469999985 1328
1712257955723 780.6690280000003 1329
1712257965856 780.6808849999979 1330
1712257975977 780.6995999999999 1331
1712257986097 780.7086739999977 1332
1712257996221 780.7433729999975 1333
1712258006364 780.7556949999998 1334
1712258016485 780.7674319999969 1335
1712258026614 780.7757099999981 1336
1712258036739 780.7929579999982 1337
1712258046870 780.7998489999991 1338
1712258056994 780.9155009999995 1339
1712258067122 780.9251349999977 1340
1712258077239 780.9390189999976 1341
1712258087367 781.024556999997 1342
1712258097501 781.0443679999989 1343
1712258107621 781.1136659999975 1344
1712258117748 781.1665240000002 1345
1712258127873 781.191612999999 1346
1712258137987 781.2202419999994 1347
1712258148109 781.2551969999986 1348
1712258158216 781.2862939999977 1349
1712258168327 781.2959239999982 1350
1712258178449 781.307675 1351
1712258188574 781.3229589999974 1352
1712258198697 781.3482579999982 1353
1712258208844 781.4146189999992 1354
1712258218975 781.4382789999981 1355
1712258229122 781.4536149999985 1356
1712258239241 781.481871 1357
1712258249363 781.4917919999971 1358
1712258259491 781.5015099999982 1359
1712258269623 781.5429669999976 1360
1712258279744 781.5560229999974 1361
1712258289856 781.6090199999999 1362
1712258300063 781.6236189999981 1363
1712258310187 781.6349789999986 1364
1712258320316 781.647442999998 1365
1712258330438 781.7035819999983 1366
1712258340582 781.7155299999977 1367
1712258350706 781.7576499999996 1368
1712258360818 781.772950999999 1369
1712258370964 781.7827489999981 1370
1712258381100 781.7917219999981 1371
1712258391211 781.8230079999994 1372
1712258401331 781.8341379999983 1373
1712258411446 781.8533399999978 1374
1712258421561 781.8623289999996 1375
1712258431671 781.8719199999978 1376
1712258441795 781.880667999998 1377
1712258451932 781.9148519999981 1378
1712258462050 781.9541790000003 1379
1712258472168 781.9714569999996 1380
1712258482308 781.9836869999999 1381
1712258492431 781.9930260000001 1382
1712258502549 782.0019259999972 1383
1712258512678 782.0333749999991 1384
1712258522806 782.0462789999983 1385
1712258532926 782.0686929999974 1386
1712258543044 782.0846339999989 1387
1712258553162 782.095405 1388
1712258563288 782.1048489999994 1389
1712258573447 782.115042999998 1390
1712258583611 782.1249049999969 1391
1712258593778 782.2156130000003 1392
