1712244521413 9987.1 0
1712244531491 16019.6 1
1712244541558 15976.2 2
1712244551641 15744.2 3
1712244561751 15413.8 4
1712244571791 16270.6 5
1712244581874 16404.3 6
1712244591906 16315.8 7
1712244601974 16431.3 8
1712244612044 16449.5 9
1712244622112 16442.0 10
1712244632177 16436.8 11
1712244642250 16432.4 12
1712244652314 14595.4 13
1712244662413 14864.2 14
1712244672483 14870.0 15
1712244682561 14886.2 16
1712244692637 14920.6 17
1712244702713 14928.0 18
1712244712829 14962.1 19
1712244722895 14962.5 20
1712244733007 14999.9 21
1712244743092 15005.6 22
1712244753175 15041.2 23
1712244763254 15012.9 24
1712244773340 15028.3 25
1712244783411 15283.3 26
1712244793488 15275.1 27
1712244803552 15303.0 28
1712244813643 15225.8 29
1712244823719 15232.9 30
1712244833801 15248.3 31
1712244843870 15388.2 32
1712244853957 15375.7 33
1712244864030 15575.2 34
1712244874111 15453.9 35
1712244884181 15460.7 36
1712244894254 15530.5 37
1712244904328 15509.7 38
1712244914367 15512.8 39
1712244924454 15858.4 40
1712244934504 15777.9 41
1712244944587 15799.7 42
1712244954680 15148.7 43
1712244964706 15152.6 44
1712244974736 15132.0 45
1712244984840 15231.6 46
1712244994887 15442.1 47
1712245004927 15756.5 48
1712245015009 15988.5 49
1712245025043 15814.8 50
1712245035082 16022.6 51
1712245045166 15953.9 52
1712245055201 15924.8 53
1712245065232 15917.2 54
1712245075320 15916.1 55
1712245085389 15934.1 56
1712245095469 15933.2 57
1712245105542 15933.4 58
1712245115620 15929.5 59
1712245125659 15932.8 60
1712245135736 15945.8 61
1712245145834 15959.5 62
1712245155920 15975.5 63
1712245166021 15934.7 64
1712245176090 15858.6 65
1712245186123 15853.7 66
1712245196190 15853.6 67
1712245206265 15876.9 68
1712245216353 15836.1 69
1712245226430 15839.5 70
1712245236511 15943.3 71
1712245246550 15289.0 72
1712245256635 14970.6 73
1712245266708 14983.2 74
1712245276803 14798.1 75
1712245286882 14803.2 76
1712245296962 14813.4 77
1712245307010 14821.4 78
1712245317086 14764.6 79
1712245327166 14766.2 80
1712245337247 14768.0 81
1712245347343 14762.1 82
1712245357442 14765.1 83
1712245367485 14804.7 84
1712245377559 14806.4 85
1712245387658 14821.7 86
1712245397766 14832.5 87
1712245407868 14831.9 88
1712245417898 14840.0 89
1712245427968 14860.7 90
1712245438059 14862.3 91
1712245448129 14877.0 92
1712245458220 14924.2 93
1712245468303 14899.2 94
1712245478350 14903.9 95
1712245488432 14884.6 96
1712245498511 14880.5 97
1712245508592 14896.5 98
1712245518661 14910.8 99
1712245528748 14909.4 100
1712245538783 14921.1 101
1712245548858 14950.7 102
1712245558940 14783.5 103
1712245569025 14816.6 104
1712245579114 14813.8 105
1712245589201 14807.2 106
1712245599231 14809.2 107
1712245609303 14817.8 108
1712245619371 14814.4 109
1712245629460 14833.4 110
1712245639543 14834.6 111
1712245649613 14831.7 112
1712245659638 14833.1 113
1712245669707 14843.8 114
1712245679787 14855.1 115
1712245689880 14867.3 116
1712245699968 14880.5 117
1712245710050 14877.0 118
1712245720080 14876.8 119
1712245730153 14870.0 120
1712245740241 14882.5 121
1712245750329 9018.0 122
1712245760419 10581.0 123
1712245770492 11340.1 124
1712245780526 11344.0 125
1712245790559 11356.6 126
1712245800594 11950.7 127
1712245810679 12018.3 128
1712245820719 11964.9 129
1712245830753 12149.2 130
1712245840785 12120.1 131
1712245850813 12132.6 132
1712245860893 12113.4 133
1712245870979 12137.2 134
1712245881058 12129.2 135
1712245891137 12097.3 136
1712245901167 12097.5 137
1712245911249 12097.9 138
1712245921346 12062.2 139
1712245931470 14206.6 140
1712245941596 16851.7 141
1712245951675 15514.4 142
1712245961716 16045.6 143
1712245971811 14621.8 144
1712245981903 15157.9 145
1712245992004 15170.2 146
1712246002094 15288.1 147
1712246012181 15386.6 148
1712246022223 15416.2 149
1712246032302 15452.3 150
1712246042382 15475.7 151
1712246052463 15636.6 152
1712246062546 15823.5 153
1712246072632 15831.0 154
1712246082669 16218.5 155
1712246092753 16299.5 156
1712246102830 16289.4 157
1712246112907 16328.6 158
1712246122991 16349.0 159
1712246133081 16347.7 160
1712246143117 16043.0 161
1712246153196 14985.0 162
1712246163306 14166.4 163
1712246173383 14215.1 164
1712246183463 14227.3 165
1712246193551 14238.0 166
1712246203586 14527.9 167
1712246213668 14537.3 168
1712246223756 14546.5 169
1712246233827 14564.3 170
1712246243911 14560.4 171
1712246253998 14589.1 172
1712246264030 14608.3 173
1712246274108 14636.4 174
1712246284189 14647.8 175
1712246294284 14652.4 176
1712246304376 14650.4 177
1712246314447 14645.5 178
1712246324488 14644.2 179
1712246334576 14657.3 180
1712246344661 14691.2 181
1712246354741 14676.1 182
1712246364818 14760.3 183
1712246374897 14800.7 184
1712246384934 14831.0 185
1712246395004 14834.9 186
1712246405082 14852.3 187
1712246415157 14864.3 188
1712246425249 14849.4 189
1712246435339 14746.9 190
1712246445372 14745.9 191
1712246455468 14817.3 192
1712246465557 14797.7 193
1712246475637 14798.0 194
1712246485710 14795.0 195
1712246495800 14790.4 196
1712246505838 14807.8 197
1712246515938 14808.4 198
1712246526028 14833.7 199
1712246536116 14834.7 200
1712246546219 14831.8 201
1712246556308 14827.4 202
1712246566355 14866.0 203
1712246576438 14882.1 204
1712246586522 14896.4 205
1712246596618 14928.9 206
1712246606706 14915.9 207
1712246616802 14865.9 208
1712246626840 14872.2 209
1712246636913 14884.0 210
1712246647001 14911.8 211
1712246657104 14950.4 212
1712246667196 14922.1 213
1712246677279 14920.2 214
1712246687312 14926.6 215
1712246697397 14934.8 216
1712246707487 14842.2 217
1712246717585 15021.2 218
1712246727629 15018.0 219
1712246737896 16113.9 220
1712246748000 16142.7 221
1712246758080 14703.1 222
1712246768181 14814.7 223
1712246778281 14896.4 224
1712246788367 14909.8 225
1712246798455 14890.5 226
1712246808553 15095.6 227
1712246818656 15105.9 228
1712246828784 15146.0 229
1712246838872 15153.2 230
1712246848951 15180.3 231
1712246859054 15180.8 232
1712246869157 15203.4 233
1712246879243 15165.1 234
1712246889338 15179.7 235
1712246899427 15194.6 236
1712246909504 15193.1 237
1712246919587 15170.4 238
1712246929693 15181.4 239
1712246939805 15172.5 240
1712246949898 15196.8 241
1712246960023 15258.4 242
1712246970125 15150.1 243
1712246980220 15160.3 244
1712246990321 15225.2 245
1712247000422 15238.2 246
1712247010507 15247.6 247
1712247020614 15283.2 248
1712247030703 15289.6 249
1712247040810 15294.1 250
1712247050897 15400.2 251
1712247060988 15168.1 252
1712247071084 15185.9 253
1712247081173 15174.1 254
1712247091276 15177.5 255
1712247101391 15208.5 256
1712247111497 15225.2 257
1712247121575 15215.6 258
1712247131664 15236.9 259
1712247142010 15229.7 260
1712247152127 9440.3 261
1712247162208 10232.3 262
1712247172307 11937.9 263
1712247182387 11649.7 264
1712247192468 11702.8 265
1712247202555 11705.2 266
1712247212646 11717.6 267
1712247222723 11709.1 268
1712247232836 11753.5 269
1712247242920 11760.9 270
1712247252997 11782.9 271
1712247263087 11787.0 272
1712247273169 11789.0 273
1712247283250 11793.1 274
1712247293356 11817.4 275
1712247303435 11818.6 276
1712247313532 11819.3 277
1712247325052 11811.1 278
1712247335154 14255.5 279
1712247345275 16292.7 280
1712247355395 14762.4 281
1712247365497 13436.0 282
1712247375590 14437.9 283
1712247385682 15040.6 284
1712247395780 14873.9 285
1712247405875 14971.4 286
1712247415995 15156.4 287
1712247426097 15243.1 288
1712247436199 15586.7 289
1712247446292 15616.1 290
1712247456392 15673.9 291
1712247466489 15760.1 292
1712247476575 15807.9 293
1712247486684 15838.5 294
1712247496783 15861.8 295
1712247506886 15869.7 296
1712247516971 15889.6 297
1712247527058 15903.7 298
1712247537142 15927.7 299
1712247547227 15951.6 300
1712247557324 16001.3 301
1712247567416 15987.1 302
1712247577517 15993.0 303
1712247587602 16058.2 304
1712247597696 16066.9 305
1712247607796 16091.2 306
1712247617904 16136.2 307
1712247628001 16143.1 308
1712247638084 16122.8 309
1712247648205 16150.6 310
1712247658302 16220.5 311
1712247668409 16234.0 312
1712247678512 16238.3 313
1712247688593 16243.0 314
1712247698677 16235.0 315
1712247708770 16246.5 316
1712247718847 16250.7 317
1712247728928 16261.1 318
1712247739038 16265.0 319
1712247749128 16341.2 320
1712247759229 16301.8 321
1712247769329 16312.5 322
1712247779423 16319.6 323
1712247789514 16341.7 324
1712247799599 16344.6 325
1712247809722 16352.9 326
1712247819819 16351.6 327
1712247829924 16370.2 328
1712247840040 16380.7 329
1712247850141 16394.4 330
1712247860227 16368.8 331
1712247870326 16349.7 332
1712247880414 16341.8 333
1712247890505 16358.1 334
1712247900607 16347.1 335
1712247910695 16364.8 336
1712247920797 16335.5 337
1712247930884 16340.0 338
1712247940973 16319.3 339
1712247951061 16356.9 340
1712247961155 16104.1 341
1712247971249 15998.0 342
1712247981336 16029.7 343
1712247991426 16051.2 344
1712248001506 16040.3 345
1712248011604 16069.1 346
1712248021699 16067.2 347
1712248031785 16088.5 348
1712248041872 16083.4 349
1712248051975 16094.8 350
1712248062055 16088.7 351
1712248072151 16102.3 352
1712248082246 16102.6 353
1712248092331 16109.6 354
1712248102434 16110.1 355
1712248112529 16097.8 356
1712248122628 16097.1 357
1712248132730 16115.7 358
1712248142815 16142.6 359
1712248152894 16124.6 360
1712248162999 16168.9 361
1712248173095 16161.6 362
1712248183205 16171.2 363
1712248193303 16182.3 364
1712248203390 16169.1 365
1712248213486 16163.8 366
1712248223573 16159.9 367
1712248233661 16157.2 368
1712248243761 16156.5 369
1712248253852 16193.7 370
1712248263930 16234.2 371
1712248274020 16273.0 372
1712248284101 16276.0 373
1712248294189 16280.7 374
1712248304279 16276.9 375
1712248314364 16253.7 376
1712248324471 16304.1 377
1712248334593 16311.7 378
1712248344695 16298.8 379
1712248354797 16287.6 380
1712248364900 16289.1 381
1712248374998 16321.8 382
1712248385083 16210.8 383
1712248395172 16230.2 384
1712248405280 16237.0 385
1712248415370 16228.8 386
1712248425460 16237.1 387
1712248435553 16251.7 388
1712248445638 16264.6 389
1712248455746 16271.4 390
1712248465838 16241.4 391
1712248475921 16238.3 392
1712248486007 16257.2 393
1712248496104 16242.2 394
1712248506183 16260.5 395
1712248516274 16258.3 396
1712248526365 16255.2 397
1712248536465 16265.8 398
1712248546573 16268.1 399
1712248556676 9751.0 400
1712248566760 10753.9 401
1712248576864 11296.2 402
1712248586955 11311.5 403
1712248597041 11302.2 404
1712248607138 11296.3 405
1712248617230 11408.5 406
1712248627312 11404.6 407
1712248637404 11402.1 408
1712248647511 11396.1 409
1712248657596 11388.9 410
1712248667706 11406.1 411
1712248677791 11399.2 412
1712248687876 11407.1 413
1712248697963 11408.4 414
1712248708040 11416.4 415
1712248718120 11618.6 416
1712248728234 11627.6 417
1712248738579 13835.1 418
1712248748692 16490.8 419
1712248758812 16398.7 420
1712248768899 13719.1 421
1712248778990 15003.3 422
1712248789077 14943.0 423
1712248799160 15205.1 424
1712248809262 15334.2 425
1712248819354 15362.8 426
1712248829447 15395.9 427
1712248839541 15405.3 428
1712248849629 15458.9 429
1712248859751 15484.6 430
1712248869865 15636.0 431
1712248879968 15651.4 432
1712248890085 15664.4 433
1712248900202 15700.5 434
1712248910318 15732.7 435
1712248920426 15742.5 436
1712248930541 15764.8 437
1712248940651 15774.1 438
1712248950766 15820.6 439
1712248960891 15823.2 440
1712248971008 15904.9 441
1712248981128 15918.7 442
1712248991233 15914.8 443
1712249001366 15925.2 444
1712249011473 15927.0 445
1712249021592 15912.0 446
1712249031699 15887.2 447
1712249041821 15895.9 448
1712249051948 15920.2 449
1712249062066 15986.8 450
1712249072174 15969.5 451
1712249082287 15988.9 452
1712249092398 15995.0 453
1712249102511 16002.5 454
1712249112631 16026.7 455
1712249122745 16050.3 456
1712249132851 16055.8 457
1712249142957 16064.2 458
1712249153066 16126.8 459
1712249163173 16103.6 460
1712249173278 16111.0 461
1712249183392 16110.3 462
1712249193507 16118.8 463
1712249203622 16126.0 464
1712249213724 16146.8 465
1712249223846 16147.8 466
1712249233962 16122.3 467
1712249244079 16122.2 468
1712249254196 16129.9 469
1712249264314 16122.0 470
1712249274442 16196.1 471
1712249284548 16220.3 472
1712249294662 16225.5 473
1712249304750 16219.4 474
1712249314848 14904.6 475
1712249324950 14993.6 476
1712249335046 15046.8 477
1712249345153 15068.4 478
1712249355244 15081.6 479
1712249365324 15085.8 480
1712249375424 15104.1 481
1712249385515 15096.0 482
1712249395603 15117.7 483
1712249405694 15130.2 484
1712249415793 15128.8 485
1712249425886 15148.3 486
1712249435970 15130.5 487
1712249446061 15144.6 488
1712249456158 15193.8 489
1712249466264 15189.6 490
1712249476361 15188.3 491
1712249486581 15200.4 492
1712249496682 15393.9 493
1712249506781 15349.5 494
1712249516873 15364.8 495
1712249526967 15373.4 496
1712249537063 15412.9 497
1712249547159 15413.2 498
1712249557263 15402.6 499
1712249567361 15408.5 500
1712249577459 15417.7 501
1712249587562 15433.7 502
1712249597649 15429.7 503
1712249607731 15436.1 504
1712249617830 15435.5 505
1712249627932 15451.2 506
1712249638026 15471.1 507
1712249648128 15473.2 508
1712249658236 15751.2 509
1712249668332 15690.0 510
1712249678427 15903.0 511
1712249688519 16105.0 512
1712249698605 15964.8 513
1712249708727 15961.2 514
1712249718831 15943.0 515
1712249728944 15959.4 516
1712249739040 16015.7 517
1712249749126 16061.7 518
1712249759219 16030.6 519
1712249769306 16047.7 520
1712249779391 16040.5 521
1712249789478 16030.5 522
1712249799568 16043.4 523
1712249809662 16063.2 524
1712249819760 16060.0 525
1712249829876 16059.5 526
1712249839990 16057.3 527
1712249850090 16063.7 528
1712249860201 16083.9 529
1712249870296 16092.5 530
1712249880383 16094.1 531
1712249890485 16105.0 532
1712249900576 16099.5 533
1712249910665 16096.8 534
1712249920754 16094.6 535
1712249930849 16150.6 536
1712249940962 16146.2 537
1712249951070 16177.5 538
1712249961168 9991.2 539
1712249971266 10727.5 540
1712249981350 12416.8 541
1712249991434 12113.1 542
1712250001522 12077.9 543
1712250011618 12092.3 544
1712250021708 12083.5 545
1712250031796 12095.4 546
1712250041901 12106.2 547
1712250051995 12113.8 548
1712250062081 12116.3 549
1712250072165 12127.6 550
1712250082283 12115.6 551
1712250092367 12116.2 552
1712250102456 12107.0 553
1712250112543 12127.5 554
1712250122650 12117.8 555
1712250132769 12118.5 556
1712250142930 13703.4 557
1712250153076 16850.9 558
1712250163209 16774.4 559
1712250173318 13410.1 560
1712250183421 14373.2 561
1712250193513 14807.5 562
1712250203632 14988.6 563
1712250213758 14857.4 564
1712250223895 15276.6 565
1712250234013 15227.9 566
1712250244135 15275.6 567
1712250254259 15311.4 568
1712250264362 15334.5 569
1712250274492 15342.9 570
1712250284587 15380.2 571
1712250294684 14046.1 572
1712250305266 14226.4 573
1712250315353 14559.2 574
1712250325444 14519.5 575
1712250335541 14550.9 576
1712250345650 14678.6 577
1712250355747 14772.2 578
1712250365863 14770.7 579
1712250375954 14784.2 580
1712250386038 14809.7 581
1712250396121 14811.7 582
1712250406209 14818.0 583
1712250416308 14778.7 584
1712250426406 14834.2 585
1712250436516 14855.1 586
1712250446601 14855.2 587
1712250456702 14875.0 588
1712250466802 14885.4 589
1712250476928 14938.4 590
1712250487041 14964.9 591
1712250497139 14979.8 592
1712250507244 14982.8 593
1712250517339 14987.9 594
1712250527448 15019.9 595
1712250537549 15006.3 596
1712250547644 15024.3 597
1712250557744 15065.8 598
1712250567836 15043.4 599
1712250577929 15044.1 600
1712250588020 15066.1 601
1712250598119 15074.2 602
1712250608202 15087.0 603
1712250618290 15098.3 604
1712250628383 15103.2 605
1712250638483 15103.7 606
1712250648582 15153.3 607
1712250658697 15168.6 608
1712250668783 15183.4 609
1712250678880 15185.3 610
1712250688979 15189.7 611
1712250699074 15198.8 612
1712250709198 15209.7 613
1712250719324 15216.6 614
1712250729407 15227.7 615
1712250739502 15228.9 616
1712250749610 15232.6 617
1712250759710 15245.7 618
1712250769804 15246.2 619
1712250779896 15254.8 620
1712250789995 15252.2 621
1712250800084 15258.8 622
1712250810188 15266.6 623
1712250820289 15255.9 624
1712250830374 15274.2 625
1712250840478 15277.4 626
1712250850605 15296.6 627
1712250860723 15373.9 628
1712250870822 15358.2 629
1712250880915 15356.2 630
1712250891015 15365.8 631
1712250901112 15382.1 632
1712250911216 15394.2 633
1712250921308 15395.9 634
1712250931405 15401.4 635
1712250941516 15395.7 636
1712250951614 15406.9 637
1712250961710 15414.4 638
1712250971819 15430.8 639
1712250981911 15392.2 640
1712250992014 15393.8 641
1712251002121 15396.1 642
1712251012212 15400.9 643
1712251022318 15404.9 644
1712251032443 15415.0 645
1712251042539 15395.0 646
1712251052641 15393.0 647
1712251062754 15393.1 648
1712251072872 15412.8 649
1712251082966 15410.5 650
1712251093064 15430.7 651
1712251103181 15417.3 652
1712251113280 15419.0 653
1712251123376 15417.1 654
1712251133504 15439.6 655
1712251143598 15447.5 656
1712251153688 15456.1 657
1712251163790 15468.2 658
1712251173888 15458.4 659
1712251184004 15465.2 660
1712251194098 15522.2 661
1712251204185 15509.4 662
1712251214294 15502.6 663
1712251224401 15502.3 664
1712251234491 15496.0 665
1712251244591 15498.9 666
1712251254710 15598.1 667
1712251264811 15582.6 668
1712251274904 15587.5 669
1712251285024 15585.9 670
1712251295120 15602.3 671
1712251305216 15579.6 672
1712251315320 15588.6 673
1712251325420 15597.3 674
1712251335544 15602.6 675
1712251345639 15601.2 676
1712251355769 15632.1 677
1712251365877 9885.7 678
1712251375982 11590.7 679
1712251386092 12190.0 680
1712251396188 12192.1 681
1712251406303 12194.0 682
1712251416405 12166.0 683
1712251426503 12165.6 684
1712251436590 12175.5 685
1712251446700 12183.8 686
1712251456798 12212.8 687
1712251466912 12177.7 688
1712251477006 12179.8 689
1712251487103 12186.6 690
1712251497212 12291.7 691
1712251507315 12299.6 692
1712251517417 12294.0 693
1712251527508 12268.3 694
1712251538168 12256.1 695
1712251548296 15722.2 696
1712251558396 15717.8 697
1712251568523 16535.8 698
1712251578631 14462.6 699
1712251588731 15177.6 700
1712251598828 14902.0 701
1712251608933 15053.5 702
1712251619037 15105.3 703
1712251629146 15144.9 704
1712251639245 15124.3 705
1712251649348 15161.0 706
1712251659466 15187.3 707
1712251669565 15278.1 708
1712251679680 15302.0 709
1712251689784 15366.6 710
1712251699888 15381.6 711
1712251709994 15382.0 712
1712251720109 15398.4 713
1712251730207 15442.8 714
1712251740302 15439.4 715
1712251750412 15473.6 716
1712251760533 15583.0 717
1712251770655 15597.9 718
1712251780766 15610.2 719
1712251790866 15618.3 720
1712251800953 15624.7 721
1712251811062 15628.4 722
1712251821669 15633.4 723
1712251831808 15868.0 724
1712251841903 15831.1 725
1712251852008 15993.4 726
1712251862124 16057.1 727
1712251872252 16066.2 728
1712251882363 16073.2 729
1712251892463 16083.5 730
1712251902559 16077.2 731
1712251912671 16095.6 732
1712251922769 16102.9 733
1712251932875 16180.1 734
1712251942982 16190.3 735
1712251953086 16210.7 736
1712251963183 16219.7 737
1712251973295 16242.0 738
1712251983398 16308.3 739
1712251993504 16289.1 740
1712252003598 16288.4 741
1712252013701 16293.7 742
1712252023793 16335.6 743
1712252033883 16324.2 744
1712252043994 16344.7 745
1712252054098 16365.5 746
1712252064191 16354.9 747
1712252074288 16351.5 748
1712252084400 16400.5 749
1712252094494 16412.0 750
1712252104606 16103.1 751
1712252114706 16227.8 752
1712252124804 16260.2 753
1712252134918 16278.2 754
1712252145024 16278.3 755
1712252155126 16336.9 756
1712252165226 16326.0 757
1712252175327 16316.0 758
1712252185422 16303.5 759
1712252195513 16299.6 760
1712252205647 16312.1 761
1712252215758 16317.4 762
1712252225882 16326.5 763
1712252235983 16346.0 764
1712252246085 16335.1 765
1712252256199 16338.8 766
1712252266302 16341.2 767
1712252276408 16344.0 768
1712252286529 16356.7 769
1712252296637 16361.1 770
1712252306741 16355.4 771
1712252316863 16354.0 772
1712252326957 16359.5 773
1712252337047 16381.3 774
1712252347135 16412.9 775
1712252357243 16427.6 776
1712252367355 16395.7 777
1712252377449 16400.2 778
1712252387546 16413.9 779
1712252397654 16405.5 780
1712252407759 16422.5 781
1712252417866 16453.7 782
1712252427966 16455.0 783
1712252438064 16459.4 784
1712252448172 16524.5 785
1712252458273 16168.5 786
1712252468381 16148.7 787
1712252478492 16148.2 788
1712252488593 16147.6 789
1712252498695 16146.1 790
1712252508797 16159.3 791
1712252518911 16163.5 792
1712252529040 16169.9 793
1712252539141 16182.7 794
1712252549246 16208.1 795
1712252559339 16188.8 796
1712252569458 16197.1 797
1712252579554 16208.3 798
1712252589646 16240.1 799
1712252599749 16239.2 800
1712252609842 16224.8 801
1712252619951 16225.2 802
1712252630053 16251.3 803
1712252640170 16263.7 804
1712252650278 16260.3 805
1712252660402 16290.1 806
1712252670519 16268.9 807
1712252680618 16262.8 808
1712252690732 16267.8 809
1712252700832 16269.7 810
1712252710935 16290.9 811
1712252721063 16286.4 812
1712252731169 16285.0 813
1712252741261 16278.8 814
1712252751360 16289.6 815
1712252761485 10372.2 816
1712252771612 11087.9 817
1712252781711 12745.7 818
1712252791815 12469.2 819
1712252801936 12470.1 820
1712252812055 12475.1 821
1712252822171 12516.5 822
1712252832272 12543.4 823
1712252842377 12510.1 824
1712252852489 12507.8 825
1712252862608 12501.8 826
1712252872717 12483.7 827
1712252882847 12499.3 828
1712252892944 12498.2 829
1712252903056 12497.1 830
1712252913161 12503.2 831
1712252923256 12494.5 832
1712252933378 12502.4 833
1712252943492 13441.7 834
1712252953885 16659.4 835
1712252964022 16257.2 836
1712252974157 16742.2 837
1712252984271 14606.1 838
1712252994375 14869.3 839
1712253004473 14557.9 840
1712253014571 14948.2 841
1712253024669 15072.5 842
1712253034763 15121.9 843
1712253044871 15152.2 844
1712253054978 15264.7 845
1712253065077 15294.4 846
1712253075174 15335.7 847
1712253085272 15344.5 848
1712253095378 15364.3 849
1712253105487 15361.0 850
1712253115587 15389.7 851
1712253125686 15410.3 852
1712253135786 15448.5 853
1712253145878 15450.3 854
1712253155985 15454.4 855
1712253166100 15478.4 856
1712253176223 15668.5 857
1712253186345 15680.6 858
1712253196476 15793.8 859
1712253206589 16192.7 860
1712253216696 16297.3 861
1712253226817 16261.6 862
1712253236921 16274.2 863
1712253247034 16198.0 864
1712253257146 16175.5 865
1712253267280 16208.3 866
1712253277411 16246.2 867
1712253287524 16155.2 868
1712253297640 16191.5 869
1712253307764 16198.2 870
1712253317877 16159.5 871
1712253327994 16163.3 872
1712253338113 16169.3 873
1712253348216 16195.1 874
1712253358312 16180.1 875
1712253368409 16189.6 876
1712253378511 16181.0 877
1712253388628 16180.5 878
1712253399486 16160.5 879
1712253409594 16367.0 880
1712253419698 16155.3 881
1712253429809 16137.7 882
1712253439913 16128.2 883
1712253450015 16133.7 884
1712253460122 16157.5 885
1712253470215 16163.4 886
1712253480309 16158.6 887
1712253490403 16162.8 888
1712253500507 16164.3 889
1712253510609 16165.9 890
1712253520719 16159.5 891
1712253530837 16171.2 892
1712253540942 16180.8 893
1712253551040 16189.3 894
1712253561143 16188.5 895
1712253571240 16188.9 896
1712253581346 16178.5 897
1712253591453 16185.8 898
1712253601572 16180.6 899
1712253611677 16195.8 900
1712253621788 16191.8 901
1712253631901 16196.2 902
1712253642002 16188.1 903
1712253652112 16230.9 904
1712253662210 16231.5 905
1712253672346 16246.6 906
1712253682559 16230.9 907
1712253692662 16235.5 908
1712253702773 16215.8 909
1712253712875 16233.0 910
1712253722974 16236.8 911
1712253733084 16256.5 912
1712253743190 16256.6 913
1712253753306 16257.9 914
1712253763415 16247.1 915
1712253773532 16251.5 916
1712253783655 16257.3 917
1712253793750 16297.9 918
1712253803851 16291.2 919
1712253813951 16289.5 920
1712253824052 16294.1 921
1712253834164 16324.3 922
1712253844279 16330.8 923
1712253854382 16339.7 924
1712253864476 16337.5 925
1712253874570 16329.9 926
1712253884675 16335.4 927
1712253894794 16347.5 928
1712253904906 16383.9 929
1712253915026 16381.1 930
1712253925131 16379.9 931
1712253935240 16375.2 932
1712253945368 16405.8 933
1712253955486 16425.6 934
1712253965608 16422.7 935
1712253975713 16415.1 936
1712253985846 16411.8 937
1712253995970 16406.8 938
1712254006074 16418.4 939
1712254016174 16428.1 940
1712254026289 16444.2 941
1712254036399 16440.7 942
1712254046500 16433.9 943
1712254056613 16432.3 944
1712254066708 16447.8 945
1712254076834 16455.3 946
1712254086937 16463.3 947
1712254097055 16472.9 948
1712254107168 16481.2 949
1712254117284 16469.6 950
1712254127381 16484.2 951
1712254137476 16483.6 952
1712254147681 16500.3 953
1712254157808 16459.9 954
1712254167916 8479.2 955
1712254178032 10934.9 956
1712254188136 12298.2 957
1712254198252 12255.6 958
1712254208357 12259.7 959
1712254218466 12272.7 960
1712254228568 12271.8 961
1712254238660 12254.6 962
1712254248758 12260.3 963
1712254258880 12261.1 964
1712254269001 12275.0 965
1712254279112 12279.7 966
1712254289228 12276.1 967
1712254299391 12265.6 968
1712254309502 12279.3 969
1712254319599 12287.6 970
1712254329717 12280.1 971
1712254339818 12278.7 972
1712254349963 12316.2 973
1712254360120 16157.2 974
1712254370372 16052.0 975
1712254380506 15783.4 976
1712254390622 13903.6 977
1712254400734 14638.7 978
1712254410839 14922.3 979
1712254420950 15010.0 980
1712254431047 15150.0 981
1712254441160 14723.2 982
1712254451284 14769.4 983
1712254461413 14871.4 984
1712254471518 14906.0 985
1712254481632 14933.3 986
1712254491737 14977.1 987
1712254501845 15407.3 988
1712254511965 15344.4 989
1712254522064 15362.0 990
1712254532161 15413.1 991
1712254542835 15416.5 992
1712254552951 15755.8 993
1712254563079 15679.6 994
1712254573193 15722.1 995
1712254583297 15719.6 996
1712254593405 15723.3 997
1712254603513 15726.2 998
1712254613633 15747.6 999
1712254623741 15773.3 1000
1712254633861 15779.9 1001
1712254643990 15871.0 1002
1712254654092 15889.8 1003
1712254664193 15890.5 1004
1712254674297 15930.8 1005
1712254684399 15954.2 1006
1712254694495 15960.8 1007
1712254704608 15962.8 1008
1712254714719 15913.5 1009
1712254724824 15920.4 1010
1712254734933 15989.0 1011
1712254745056 16012.7 1012
1712254755165 16033.5 1013
1712254765275 16024.9 1014
1712254775383 16020.5 1015
1712254785508 16027.5 1016
1712254795629 16049.0 1017
1712254805751 16084.8 1018
1712254815901 16094.4 1019
1712254826051 15797.9 1020
1712254836169 15909.2 1021
1712254846284 15977.9 1022
1712254856419 16056.9 1023
1712254866521 16058.3 1024
1712254876624 16061.6 1025
1712254886835 16106.7 1026
1712254896942 16108.4 1027
1712254907052 16118.4 1028
1712254917151 16147.9 1029
1712254927253 16154.7 1030
1712254937352 16158.6 1031
1712254947461 16156.1 1032
1712254957574 16270.0 1033
1712254967699 16280.1 1034
1712254977818 16251.7 1035
1712254987928 16265.2 1036
1712254998039 16263.9 1037
1712255008179 16287.1 1038
1712255018313 16289.6 1039
1712255028439 16313.3 1040
1712255038556 16298.9 1041
1712255048665 16299.4 1042
1712255058767 16327.0 1043
1712255068880 16292.4 1044
1712255078975 16318.7 1045
1712255089082 16351.9 1046
1712255099191 16364.6 1047
1712255109287 16361.4 1048
1712255119413 16368.0 1049
1712255129512 16371.0 1050
1712255139641 16356.4 1051
1712255149744 16349.2 1052
1712255159855 16353.8 1053
1712255169975 16353.9 1054
1712255180083 16348.0 1055
1712255190181 16354.4 1056
1712255200283 16349.6 1057
1712255210402 16388.7 1058
1712255220612 16369.8 1059
1712255230733 16377.8 1060
1712255240842 16445.7 1061
1712255250945 16474.3 1062
1712255261051 16475.3 1063
1712255271157 15951.0 1064
1712255281264 15950.7 1065
1712255291371 15957.3 1066
1712255301466 15961.6 1067
1712255311566 15959.9 1068
1712255321667 15959.1 1069
1712255331783 15972.4 1070
1712255341935 15977.2 1071
1712255352060 15992.4 1072
1712255362190 16010.9 1073
1712255372325 16012.5 1074
1712255382425 16005.9 1075
1712255392546 16017.6 1076
1712255402659 16014.6 1077
1712255412786 16023.8 1078
1712255422891 16035.5 1079
1712255432990 16025.4 1080
1712255443097 16043.9 1081
1712255453215 16114.5 1082
1712255463312 16139.0 1083
1712255473413 16131.6 1084
1712255483520 16156.1 1085
1712255493623 16149.2 1086
1712255503737 16146.1 1087
1712255513845 16152.3 1088
1712255523954 16156.9 1089
1712255534067 16197.1 1090
1712255544177 16204.7 1091
1712255554286 16204.4 1092
1712255564411 16193.6 1093
1712255574523 12495.2 1094
1712255584649 10905.3 1095
1712255594763 12575.5 1096
1712255604865 12558.4 1097
1712255614979 12548.0 1098
1712255625114 12550.4 1099
1712255635244 12575.9 1100
1712255645374 12601.6 1101
1712255655497 12576.9 1102
1712255665592 12580.5 1103
1712255675698 12561.6 1104
1712255685803 12559.0 1105
1712255695929 12578.5 1106
1712255706063 12586.7 1107
1712255716173 12599.7 1108
1712255726384 12608.5 1109
1712255736494 12678.5 1110
1712255746598 11438.7 1111
1712255756736 11569.8 1112
1712255766873 16184.9 1113
1712255776992 15538.3 1114
1712255787126 16483.6 1115
1712255797257 13945.6 1116
1712255807377 14940.8 1117
1712255817511 14937.0 1118
1712255827637 15399.5 1119
1712255837758 15466.8 1120
1712255847893 15524.1 1121
1712255858022 15540.7 1122
1712255868140 15620.0 1123
1712255878250 15787.3 1124
1712255888370 15854.4 1125
1712255898497 15886.6 1126
1712255908614 15901.3 1127
1712255918726 15911.8 1128
1712255928834 15954.6 1129
1712255938963 15973.5 1130
1712255949074 15997.6 1131
1712255959180 16094.8 1132
1712255969304 16062.2 1133
1712255979439 16063.4 1134
1712255989573 16131.2 1135
1712255999686 16145.4 1136
1712256009849 16254.4 1137
1712256019974 16260.0 1138
1712256030121 16251.8 1139
1712256040285 16265.8 1140
1712256050422 16283.2 1141
1712256060532 16334.9 1142
1712256070647 16348.6 1143
1712256080776 16324.5 1144
1712256090883 16337.7 1145
1712256100984 16340.1 1146
1712256111103 16353.7 1147
1712256121230 16374.0 1148
1712256131339 16369.8 1149
1712256141484 16362.9 1150
1712256151626 16369.3 1151
1712256161745 16366.6 1152
1712256171871 16356.1 1153
1712256181988 16357.3 1154
1712256192102 16358.7 1155
1712256202215 16375.6 1156
1712256212328 16377.8 1157
1712256222454 16381.7 1158
1712256232613 16409.7 1159
1712256242753 16415.2 1160
1712256252890 16442.1 1161
1712256263063 16362.4 1162
1712256273197 16361.3 1163
1712256283358 16351.4 1164
1712256293486 16366.2 1165
1712256303624 16385.1 1166
1712256313754 16396.6 1167
1712256323885 16415.4 1168
1712256334010 16389.1 1169
1712256344155 16402.1 1170
1712256354290 16433.5 1171
1712256364429 16421.2 1172
1712256374539 16435.8 1173
1712256384652 16421.3 1174
1712256394776 16408.6 1175
1712256404909 16420.3 1176
1712256415040 16428.2 1177
1712256425156 16450.3 1178
1712256435278 16447.3 1179
1712256445419 16447.7 1180
1712256455545 16461.4 1181
1712256465664 16465.9 1182
1712256475794 16465.1 1183
1712256485915 16479.0 1184
1712256496051 16482.6 1185
1712256506169 16489.6 1186
1712256516288 16486.8 1187
1712256526506 16486.8 1188
1712256536633 16502.1 1189
1712256546747 16513.6 1190
1712256556892 16546.8 1191
1712256567017 16357.8 1192
1712256577147 16373.0 1193
1712256587271 16350.8 1194
1712256597396 16361.3 1195
1712256607560 16370.5 1196
1712256617670 16356.0 1197
1712256627777 16367.5 1198
1712256637931 16361.0 1199
1712256648055 15930.8 1200
1712256658184 15970.9 1201
1712256668314 15979.8 1202
1712256678430 15988.3 1203
1712256688556 15995.4 1204
1712256698685 15994.9 1205
1712256708811 16007.7 1206
1712256718955 16007.6 1207
1712256729089 16007.2 1208
1712256739220 16021.0 1209
1712256749345 16016.5 1210
1712256759494 16017.6 1211
1712256769622 16030.9 1212
1712256779749 16032.9 1213
1712256789860 16055.5 1214
1712256799988 16058.6 1215
1712256810103 16064.5 1216
1712256820223 16066.9 1217
1712256830335 16083.6 1218
1712256840455 16077.9 1219
1712256850580 16134.3 1220
1712256860697 16134.9 1221
1712256870836 16158.5 1222
1712256880978 16245.0 1223
1712256891089 16323.6 1224
1712256901207 16382.2 1225
1712256911338 16406.5 1226
1712256921455 16392.3 1227
1712256931579 16406.6 1228
1712256941714 16406.4 1229
1712256951842 16432.4 1230
1712256961954 16392.3 1231
1712256972066 16407.5 1232
1712256982294 10147.2 1233
1712256992464 11751.6 1234
1712257002580 12784.7 1235
1712257012705 12705.4 1236
1712257022821 12695.0 1237
1712257032960 12684.7 1238
1712257043096 12681.0 1239
1712257053230 12666.0 1240
1712257063367 12682.6 1241
1712257073506 12698.6 1242
1712257083615 12694.9 1243
1712257093736 12685.4 1244
1712257103865 12687.2 1245
1712257113983 12668.6 1246
1712257124111 12672.8 1247
1712257134240 12687.3 1248
1712257144373 12701.0 1249
1712257154536 12698.4 1250
1712257164779 14272.5 1251
1712257175474 12874.8 1252
1712257185634 15986.2 1253
1712257195791 13775.7 1254
1712257205928 14977.2 1255
1712257216049 15382.1 1256
1712257226188 15561.6 1257
1712257236317 15635.1 1258
1712257246438 15665.5 1259
1712257256571 15781.2 1260
1712257266696 15787.1 1261
1712257276814 15811.1 1262
1712257286960 15818.8 1263
1712257297073 15824.5 1264
1712257307216 16015.7 1265
1712257317358 16037.6 1266
1712257327489 16044.1 1267
1712257337612 16039.4 1268
1712257347738 16055.7 1269
1712257357855 16051.2 1270
1712257367979 16133.3 1271
1712257378102 16175.2 1272
1712257388216 16209.6 1273
1712257398364 16267.5 1274
1712257408478 16294.3 1275
1712257418612 16295.3 1276
1712257428751 16290.0 1277
1712257438884 16289.9 1278
1712257449011 16323.2 1279
1712257459122 16336.0 1280
1712257469238 16333.6 1281
1712257479358 16331.1 1282
1712257489492 16352.5 1283
1712257499620 16354.1 1284
1712257509747 16378.1 1285
1712257519886 16399.0 1286
1712257530030 16398.9 1287
1712257540258 16414.9 1288
1712257550397 15973.2 1289
1712257560546 16052.6 1290
1712257570681 16101.1 1291
1712257580823 16104.1 1292
1712257590946 16110.6 1293
1712257601092 16121.7 1294
1712257611228 16149.6 1295
1712257621362 16131.9 1296
1712257631508 16146.7 1297
1712257641632 16142.9 1298
1712257651772 16151.1 1299
1712257661910 16158.1 1300
1712257672047 16181.7 1301
1712257682191 16226.3 1302
1712257692310 16174.6 1303
1712257702426 16206.6 1304
1712257712548 16214.4 1305
1712257722675 16213.0 1306
1712257732892 16224.1 1307
1712257743020 16231.3 1308
1712257753141 16234.7 1309
1712257763265 16258.8 1310
1712257773393 16258.7 1311
1712257783506 16247.3 1312
1712257793636 16263.9 1313
1712257803748 16267.7 1314
1712257813866 16278.0 1315
1712257823986 16272.9 1316
1712257834116 16284.3 1317
1712257844243 16286.3 1318
1712257854356 16347.4 1319
1712257864475 16336.5 1320
1712257874595 16300.4 1321
1712257884729 16288.9 1322
1712257894864 16286.0 1323
1712257904995 16281.3 1324
1712257915117 16295.6 1325
1712257925239 16322.7 1326
1712257935458 16314.9 1327
1712257945601 16337.0 1328
1712257955723 16320.1 1329
1712257965856 16325.0 1330
1712257975977 16339.7 1331
1712257986097 16353.3 1332
1712257996221 16370.9 1333
1712258006364 16369.7 1334
1712258016485 16355.2 1335
1712258026614 16363.1 1336
1712258036739 16375.3 1337
1712258046870 16391.1 1338
1712258056994 16439.7 1339
1712258067122 16420.3 1340
1712258077239 16409.8 1341
1712258087367 16421.8 1342
1712258097501 16423.0 1343
1712258107621 16432.2 1344
1712258117748 16432.6 1345
1712258127873 16449.5 1346
1712258137987 16449.3 1347
1712258148109 16465.6 1348
1712258158216 16451.3 1349
1712258168327 16466.4 1350
1712258178449 16458.7 1351
1712258188574 16454.9 1352
1712258198697 16435.0 1353
1712258208844 16445.9 1354
1712258218975 16448.4 1355
1712258229122 16463.0 1356
1712258239241 16473.5 1357
1712258249363 16473.4 1358
1712258259491 16468.3 1359
1712258269623 16484.6 1360
1712258279744 16482.3 1361
1712258289856 16497.2 1362
1712258300063 16495.9 1363
1712258310187 16512.3 1364
1712258320316 16501.2 1365
1712258330438 16511.5 1366
1712258340582 16507.5 1367
1712258350706 16521.8 1368
1712258360818 16471.5 1369
1712258370964 16476.3 1370
1712258381100 16541.8 1371
1712258391211 10550.6 1372
1712258401331 12269.2 1373
1712258411446 12737.0 1374
1712258421561 12737.3 1375
1712258431671 12741.1 1376
1712258441795 12725.4 1377
1712258451932 12826.7 1378
1712258462050 12849.9 1379
1712258472168 11656.5 1380
1712258482308 11670.2 1381
1712258492431 11688.0 1382
1712258502549 11693.5 1383
1712258512678 11724.3 1384
1712258522806 11738.3 1385
1712258532926 11770.2 1386
1712258543044 11774.2 1387
1712258553162 11844.5 1388
1712258563288 11833.2 1389
1712258573447 15950.8 1390
1712258583611 15344.3 1391
1712258593778 16015.1 1392
