1712244521413 59.2 0
1712244531491 95.0 1
1712244541558 94.7 2
1712244551641 93.3 3
1712244561751 91.4 4
1712244571791 96.5 5
1712244581874 97.3 6
1712244591906 96.7 7
1712244601974 97.4 8
1712244612044 97.5 9
1712244622112 97.5 10
1712244632177 97.5 11
1712244642250 97.4 12
1712244652314 86.5 13
1712244662413 88.1 14
1712244672483 88.2 15
1712244682561 88.3 16
1712244692637 88.5 17
1712244702713 88.5 18
1712244712829 88.7 19
1712244722895 88.7 20
1712244733007 88.9 21
1712244743092 89.0 22
1712244753175 89.2 23
1712244763254 89.0 24
1712244773340 89.1 25
1712244783411 90.6 26
1712244793488 90.6 27
1712244803552 90.7 28
1712244813643 90.3 29
1712244823719 90.3 30
1712244833801 90.4 31
1712244843870 91.2 32
1712244853957 91.2 33
1712244864030 92.3 34
1712244874111 91.6 35
1712244884181 91.7 36
1712244894254 92.1 37
1712244904328 92.0 38
1712244914367 92.0 39
1712244924454 94.0 40
1712244934504 93.5 41
1712244944587 93.7 42
1712244954680 89.8 43
1712244964706 89.8 44
1712244974736 89.7 45
1712244984840 90.3 46
1712244994887 91.6 47
1712245004927 93.4 48
1712245015009 94.8 49
1712245025043 93.8 50
1712245035082 95.0 51
1712245045166 94.6 52
1712245055201 94.4 53
1712245065232 94.4 54
1712245075320 94.4 55
1712245085389 94.5 56
1712245095469 94.5 57
1712245105542 94.5 58
1712245115620 94.4 59
1712245125659 94.5 60
1712245135736 94.5 61
1712245145834 94.6 62
1712245155920 94.7 63
1712245166021 94.5 64
1712245176090 94.0 65
1712245186123 94.0 66
1712245196190 94.0 67
1712245206265 94.1 68
1712245216353 93.9 69
1712245226430 93.9 70
1712245236511 94.5 71
1712245246550 90.6 72
1712245256635 88.8 73
1712245266708 88.8 74
1712245276803 87.7 75
1712245286882 87.8 76
1712245296962 87.8 77
1712245307010 87.9 78
1712245317086 87.5 79
1712245327166 87.5 80
1712245337247 87.6 81
1712245347343 87.5 82
1712245357442 87.5 83
1712245367485 87.8 84
1712245377559 87.8 85
1712245387658 87.9 86
1712245397766 87.9 87
1712245407868 87.9 88
1712245417898 88.0 89
1712245427968 88.1 90
1712245438059 88.1 91
1712245448129 88.2 92
1712245458220 88.5 93
1712245468303 88.3 94
1712245478350 88.4 95
1712245488432 88.2 96
1712245498511 88.2 97
1712245508592 88.3 98
1712245518661 88.4 99
1712245528748 88.4 100
1712245538783 88.5 101
1712245548858 88.6 102
1712245558940 87.6 103
1712245569025 87.8 104
1712245579114 87.8 105
1712245589201 87.8 106
1712245599231 87.8 107
1712245609303 87.9 108
1712245619371 87.8 109
1712245629460 87.9 110
1712245639543 88.0 111
1712245649613 87.9 112
1712245659638 87.9 113
1712245669707 88.0 114
1712245679787 88.1 115
1712245689880 88.1 116
1712245699968 88.2 117
1712245710050 88.2 118
1712245720080 88.2 119
1712245730153 88.2 120
1712245740241 88.2 121
1712245750329 53.5 122
1712245760419 62.7 123
1712245770492 67.2 124
1712245780526 67.3 125
1712245790559 67.3 126
1712245800594 70.9 127
1712245810679 71.3 128
1712245820719 70.9 129
1712245830753 72.0 130
1712245840785 71.9 131
1712245850813 71.9 132
1712245860893 71.8 133
1712245870979 72.0 134
1712245881058 71.9 135
1712245891137 71.7 136
1712245901167 71.7 137
1712245911249 71.7 138
1712245921346 71.5 139
1712245931470 84.2 140
1712245941596 99.9 141
1712245951675 92.0 142
1712245961716 95.1 143
1712245971811 86.7 144
1712245981903 89.9 145
1712245992004 89.9 146
1712246002094 90.6 147
1712246012181 91.2 148
1712246022223 91.4 149
1712246032302 91.6 150
1712246042382 91.8 151
1712246052463 92.7 152
1712246062546 93.8 153
1712246072632 93.9 154
1712246082669 96.2 155
1712246092753 96.6 156
1712246102830 96.6 157
1712246112907 96.8 158
1712246122991 96.9 159
1712246133081 96.9 160
1712246143117 95.1 161
1712246153196 88.8 162
1712246163306 84.0 163
1712246173383 84.3 164
1712246183463 84.4 165
1712246193551 84.4 166
1712246203586 86.1 167
1712246213668 86.2 168
1712246223756 86.2 169
1712246233827 86.3 170
1712246243911 86.3 171
1712246253998 86.5 172
1712246264030 86.6 173
1712246274108 86.8 174
1712246284189 86.8 175
1712246294284 86.9 176
1712246304376 86.9 177
1712246314447 86.8 178
1712246324488 86.8 179
1712246334576 86.9 180
1712246344661 87.1 181
1712246354741 87.0 182
1712246364818 87.5 183
1712246374897 87.8 184
1712246384934 87.9 185
1712246395004 88.0 186
1712246405082 88.1 187
1712246415157 88.1 188
1712246425249 88.0 189
1712246435339 87.4 190
1712246445372 87.4 191
1712246455468 87.8 192
1712246465557 87.7 193
1712246475637 87.7 194
1712246485710 87.7 195
1712246495800 87.7 196
1712246505838 87.8 197
1712246515938 87.8 198
1712246526028 87.9 199
1712246536116 88.0 200
1712246546219 87.9 201
1712246556308 87.9 202
1712246566355 88.1 203
1712246576438 88.2 204
1712246586522 88.3 205
1712246596618 88.5 206
1712246606706 88.4 207
1712246616802 88.1 208
1712246626840 88.2 209
1712246636913 88.2 210
1712246647001 88.4 211
1712246657104 88.6 212
1712246667196 88.5 213
1712246677279 88.5 214
1712246687312 88.5 215
1712246697397 88.5 216
1712246707487 88.0 217
1712246717585 89.1 218
1712246727629 89.0 219
1712246737896 95.5 220
1712246748000 95.7 221
1712246758080 87.2 222
1712246768181 87.8 223
1712246778281 88.3 224
1712246788367 88.4 225
1712246798455 88.3 226
1712246808553 89.5 227
1712246818656 89.6 228
1712246828784 89.8 229
1712246838872 89.8 230
1712246848951 90.0 231
1712246859054 90.0 232
1712246869157 90.1 233
1712246879243 89.9 234
1712246889338 90.0 235
1712246899427 90.1 236
1712246909504 90.1 237
1712246919587 89.9 238
1712246929693 90.0 239
1712246939805 90.0 240
1712246949898 90.1 241
1712246960023 90.5 242
1712246970125 89.8 243
1712246980220 89.9 244
1712246990321 90.3 245
1712247000422 90.3 246
1712247010507 90.4 247
1712247020614 90.6 248
1712247030703 90.6 249
1712247040810 90.7 250
1712247050897 91.3 251
1712247060988 89.9 252
1712247071084 90.0 253
1712247081173 90.0 254
1712247091276 90.0 255
1712247101391 90.2 256
1712247111497 90.3 257
1712247121575 90.2 258
1712247131664 90.3 259
1712247142010 90.3 260
1712247152127 56.0 261
1712247162208 60.7 262
1712247172307 70.8 263
1712247182387 69.1 264
1712247192468 69.4 265
1712247202555 69.4 266
1712247212646 69.5 267
1712247222723 69.4 268
1712247232836 69.7 269
1712247242920 69.7 270
1712247252997 69.9 271
1712247263087 69.9 272
1712247273169 69.9 273
1712247283250 69.9 274
1712247293356 70.1 275
1712247303435 70.1 276
1712247313532 70.1 277
1712247325052 70.0 278
1712247335154 84.5 279
1712247345275 96.6 280
1712247355395 87.5 281
1712247365497 79.7 282
1712247375590 85.6 283
1712247385682 89.2 284
1712247395780 88.2 285
1712247405875 88.8 286
1712247415995 89.9 287
1712247426097 90.4 288
1712247436199 92.4 289
1712247446292 92.6 290
1712247456392 92.9 291
1712247466489 93.4 292
1712247476575 93.7 293
1712247486684 93.9 294
1712247496783 94.0 295
1712247506886 94.1 296
1712247516971 94.2 297
1712247527058 94.3 298
1712247537142 94.4 299
1712247547227 94.6 300
1712247557324 94.9 301
1712247567416 94.8 302
1712247577517 94.8 303
1712247587602 95.2 304
1712247597696 95.3 305
1712247607796 95.4 306
1712247617904 95.7 307
1712247628001 95.7 308
1712247638084 95.6 309
1712247648205 95.8 310
1712247658302 96.2 311
1712247668409 96.2 312
1712247678512 96.3 313
1712247688593 96.3 314
1712247698677 96.3 315
1712247708770 96.3 316
1712247718847 96.3 317
1712247728928 96.4 318
1712247739038 96.4 319
1712247749128 96.9 320
1712247759229 96.6 321
1712247769329 96.7 322
1712247779423 96.8 323
1712247789514 96.9 324
1712247799599 96.9 325
1712247809722 97.0 326
1712247819819 96.9 327
1712247829924 97.1 328
1712247840040 97.1 329
1712247850141 97.2 330
1712247860227 97.0 331
1712247870326 96.9 332
1712247880414 96.9 333
1712247890505 97.0 334
1712247900607 96.9 335
1712247910695 97.0 336
1712247920797 96.8 337
1712247930884 96.9 338
1712247940973 96.8 339
1712247951061 97.0 340
1712247961155 95.5 341
1712247971249 94.8 342
1712247981336 95.0 343
1712247991426 95.2 344
1712248001506 95.1 345
1712248011604 95.3 346
1712248021699 95.3 347
1712248031785 95.4 348
1712248041872 95.4 349
1712248051975 95.4 350
1712248062055 95.4 351
1712248072151 95.5 352
1712248082246 95.5 353
1712248092331 95.5 354
1712248102434 95.5 355
1712248112529 95.4 356
1712248122628 95.4 357
1712248132730 95.5 358
1712248142815 95.7 359
1712248152894 95.6 360
1712248162999 95.9 361
1712248173095 95.8 362
1712248183205 95.9 363
1712248193303 95.9 364
1712248203390 95.9 365
1712248213486 95.8 366
1712248223573 95.8 367
1712248233661 95.8 368
1712248243761 95.8 369
1712248253852 96.0 370
1712248263930 96.2 371
1712248274020 96.5 372
1712248284101 96.5 373
1712248294189 96.5 374
1712248304279 96.5 375
1712248314364 96.4 376
1712248324471 96.7 377
1712248334593 96.7 378
1712248344695 96.6 379
1712248354797 96.6 380
1712248364900 96.6 381
1712248374998 96.8 382
1712248385083 96.1 383
1712248395172 96.2 384
1712248405280 96.3 385
1712248415370 96.2 386
1712248425460 96.3 387
1712248435553 96.4 388
1712248445638 96.4 389
1712248455746 96.5 390
1712248465838 96.3 391
1712248475921 96.3 392
1712248486007 96.4 393
1712248496104 96.3 394
1712248506183 96.4 395
1712248516274 96.4 396
1712248526365 96.4 397
1712248536465 96.4 398
1712248546573 96.5 399
1712248556676 57.8 400
1712248566760 63.8 401
1712248576864 67.0 402
1712248586955 67.1 403
1712248597041 67.0 404
1712248607138 67.0 405
1712248617230 67.6 406
1712248627312 67.6 407
1712248637404 67.6 408
1712248647511 67.6 409
1712248657596 67.5 410
1712248667706 67.6 411
1712248677791 67.6 412
1712248687876 67.6 413
1712248697963 67.6 414
1712248708040 67.7 415
1712248718120 68.9 416
1712248728234 68.9 417
1712248738579 82.0 418
1712248748692 97.8 419
1712248758812 97.2 420
1712248768899 81.3 421
1712248778990 89.0 422
1712248789077 88.6 423
1712248799160 90.1 424
1712248809262 90.9 425
1712248819354 91.1 426
1712248829447 91.3 427
1712248839541 91.3 428
1712248849629 91.7 429
1712248859751 91.8 430
1712248869865 92.7 431
1712248879968 92.8 432
1712248890085 92.9 433
1712248900202 93.1 434
1712248910318 93.3 435
1712248920426 93.3 436
1712248930541 93.5 437
1712248940651 93.5 438
1712248950766 93.8 439
1712248960891 93.8 440
1712248971008 94.3 441
1712248981128 94.4 442
1712248991233 94.4 443
1712249001366 94.4 444
1712249011473 94.4 445
1712249021592 94.3 446
1712249031699 94.2 447
1712249041821 94.2 448
1712249051948 94.4 449
1712249062066 94.8 450
1712249072174 94.7 451
1712249082287 94.8 452
1712249092398 94.8 453
1712249102511 94.9 454
1712249112631 95.0 455
1712249122745 95.2 456
1712249132851 95.2 457
1712249142957 95.2 458
1712249153066 95.6 459
1712249163173 95.5 460
1712249173278 95.5 461
1712249183392 95.5 462
1712249193507 95.6 463
1712249203622 95.6 464
1712249213724 95.7 465
1712249223846 95.7 466
1712249233962 95.6 467
1712249244079 95.6 468
1712249254196 95.6 469
1712249264314 95.6 470
1712249274442 96.0 471
1712249284548 96.2 472
1712249294662 96.2 473
1712249304750 96.2 474
1712249314848 88.4 475
1712249324950 88.9 476
1712249335046 89.2 477
1712249345153 89.3 478
1712249355244 89.4 479
1712249365324 89.4 480
1712249375424 89.5 481
1712249385515 89.5 482
1712249395603 89.6 483
1712249405694 89.7 484
1712249415793 89.7 485
1712249425886 89.8 486
1712249435970 89.7 487
1712249446061 89.8 488
1712249456158 90.1 489
1712249466264 90.1 490
1712249476361 90.0 491
1712249486581 90.1 492
1712249496682 91.3 493
1712249506781 91.0 494
1712249516873 91.1 495
1712249526967 91.1 496
1712249537063 91.4 497
1712249547159 91.4 498
1712249557263 91.3 499
1712249567361 91.4 500
1712249577459 91.4 501
1712249587562 91.5 502
1712249597649 91.5 503
1712249607731 91.5 504
1712249617830 91.5 505
1712249627932 91.6 506
1712249638026 91.7 507
1712249648128 91.7 508
1712249658236 93.4 509
1712249668332 93.0 510
1712249678427 94.3 511
1712249688519 95.5 512
1712249698605 94.7 513
1712249708727 94.6 514
1712249718831 94.5 515
1712249728944 94.6 516
1712249739040 95.0 517
1712249749126 95.2 518
1712249759219 95.0 519
1712249769306 95.1 520
1712249779391 95.1 521
1712249789478 95.0 522
1712249799568 95.1 523
1712249809662 95.2 524
1712249819760 95.2 525
1712249829876 95.2 526
1712249839990 95.2 527
1712249850090 95.2 528
1712249860201 95.4 529
1712249870296 95.4 530
1712249880383 95.4 531
1712249890485 95.5 532
1712249900576 95.5 533
1712249910665 95.4 534
1712249920754 95.4 535
1712249930849 95.8 536
1712249940962 95.7 537
1712249951070 95.9 538
1712249961168 59.2 539
1712249971266 63.6 540
1712249981350 73.6 541
1712249991434 71.8 542
1712250001522 71.6 543
1712250011618 71.7 544
1712250021708 71.6 545
1712250031796 71.7 546
1712250041901 71.8 547
1712250051995 71.8 548
1712250062081 71.8 549
1712250072165 71.9 550
1712250082283 71.8 551
1712250092367 71.8 552
1712250102456 71.8 553
1712250112543 71.9 554
1712250122650 71.8 555
1712250132769 71.8 556
1712250142930 81.2 557
1712250153076 99.9 558
1712250163209 99.5 559
1712250173318 79.5 560
1712250183421 85.2 561
1712250193513 87.8 562
1712250203632 88.9 563
1712250213758 88.1 564
1712250223895 90.6 565
1712250234013 90.3 566
1712250244135 90.6 567
1712250254259 90.8 568
1712250264362 90.9 569
1712250274492 91.0 570
1712250284587 91.2 571
1712250294684 83.3 572
1712250305266 84.3 573
1712250315353 86.3 574
1712250325444 86.1 575
1712250335541 86.3 576
1712250345650 87.0 577
1712250355747 87.6 578
1712250365863 87.6 579
1712250375954 87.7 580
1712250386038 87.8 581
1712250396121 87.8 582
1712250406209 87.9 583
1712250416308 87.6 584
1712250426406 87.9 585
1712250436516 88.1 586
1712250446601 88.1 587
1712250456702 88.2 588
1712250466802 88.3 589
1712250476928 88.6 590
1712250487041 88.7 591
1712250497139 88.8 592
1712250507244 88.8 593
1712250517339 88.9 594
1712250527448 89.0 595
1712250537549 89.0 596
1712250547644 89.1 597
1712250557744 89.3 598
1712250567836 89.2 599
1712250577929 89.2 600
1712250588020 89.3 601
1712250598119 89.4 602
1712250608202 89.4 603
1712250618290 89.5 604
1712250628383 89.5 605
1712250638483 89.5 606
1712250648582 89.8 607
1712250658697 89.9 608
1712250668783 90.0 609
1712250678880 90.0 610
1712250688979 90.1 611
1712250699074 90.1 612
1712250709198 90.2 613
1712250719324 90.2 614
1712250729407 90.3 615
1712250739502 90.3 616
1712250749610 90.3 617
1712250759710 90.4 618
1712250769804 90.4 619
1712250779896 90.4 620
1712250789995 90.4 621
1712250800084 90.5 622
1712250810188 90.5 623
1712250820289 90.4 624
1712250830374 90.6 625
1712250840478 90.6 626
1712250850605 90.7 627
1712250860723 91.1 628
1712250870822 91.1 629
1712250880915 91.0 630
1712250891015 91.1 631
1712250901112 91.2 632
1712250911216 91.3 633
1712250921308 91.3 634
1712250931405 91.3 635
1712250941516 91.3 636
1712250951614 91.3 637
1712250961710 91.4 638
1712250971819 91.5 639
1712250981911 91.3 640
1712250992014 91.3 641
1712251002121 91.3 642
1712251012212 91.3 643
1712251022318 91.3 644
1712251032443 91.4 645
1712251042539 91.3 646
1712251052641 91.3 647
1712251062754 91.3 648
1712251072872 91.4 649
1712251082966 91.4 650
1712251093064 91.5 651
1712251103181 91.4 652
1712251113280 91.4 653
1712251123376 91.4 654
1712251133504 91.5 655
1712251143598 91.6 656
1712251153688 91.6 657
1712251163790 91.7 658
1712251173888 91.6 659
1712251184004 91.7 660
1712251194098 92.0 661
1712251204185 92.0 662
1712251214294 91.9 663
1712251224401 91.9 664
1712251234491 91.9 665
1712251244591 91.9 666
1712251254710 92.5 667
1712251264811 92.4 668
1712251274904 92.4 669
1712251285024 92.4 670
1712251295120 92.5 671
1712251305216 92.4 672
1712251315320 92.4 673
1712251325420 92.5 674
1712251335544 92.5 675
1712251345639 92.5 676
1712251355769 92.7 677
1712251365877 58.6 678
1712251375982 68.7 679
1712251386092 72.3 680
1712251396188 72.3 681
1712251406303 72.3 682
1712251416405 72.1 683
1712251426503 72.1 684
1712251436590 72.2 685
1712251446700 72.2 686
1712251456798 72.4 687
1712251466912 72.2 688
1712251477006 72.2 689
1712251487103 72.3 690
1712251497212 72.9 691
1712251507315 72.9 692
1712251517417 72.9 693
1712251527508 72.7 694
1712251538168 72.7 695
1712251548296 93.2 696
1712251558396 93.2 697
1712251568523 98.0 698
1712251578631 85.7 699
1712251588731 90.0 700
1712251598828 88.4 701
1712251608933 89.2 702
1712251619037 89.6 703
1712251629146 89.8 704
1712251639245 89.7 705
1712251649348 89.9 706
1712251659466 90.0 707
1712251669565 90.6 708
1712251679680 90.7 709
1712251689784 91.1 710
1712251699888 91.2 711
1712251709994 91.2 712
1712251720109 91.3 713
1712251730207 91.6 714
1712251740302 91.5 715
1712251750412 91.7 716
1712251760533 92.4 717
1712251770655 92.5 718
1712251780766 92.5 719
1712251790866 92.6 720
1712251800953 92.6 721
1712251811062 92.7 722
1712251821669 92.7 723
1712251831808 94.1 724
1712251841903 93.9 725
1712251852008 94.8 726
1712251862124 95.2 727
1712251872252 95.3 728
1712251882363 95.3 729
1712251892463 95.4 730
1712251902559 95.3 731
1712251912671 95.4 732
1712251922769 95.5 733
1712251932875 95.9 734
1712251942982 96.0 735
1712251953086 96.1 736
1712251963183 96.2 737
1712251973295 96.3 738
1712251983398 96.7 739
1712251993504 96.6 740
1712252003598 96.6 741
1712252013701 96.6 742
1712252023793 96.9 743
1712252033883 96.8 744
1712252043994 96.9 745
1712252054098 97.0 746
1712252064191 97.0 747
1712252074288 96.9 748
1712252084400 97.2 749
1712252094494 97.3 750
1712252104606 95.5 751
1712252114706 96.2 752
1712252124804 96.4 753
1712252134918 96.5 754
1712252145024 96.5 755
1712252155126 96.9 756
1712252165226 96.8 757
1712252175327 96.7 758
1712252185422 96.7 759
1712252195513 96.6 760
1712252205647 96.7 761
1712252215758 96.7 762
1712252225882 96.8 763
1712252235983 96.9 764
1712252246085 96.8 765
1712252256199 96.9 766
1712252266302 96.9 767
1712252276408 96.9 768
1712252286529 97.0 769
1712252296637 97.0 770
1712252306741 97.0 771
1712252316863 97.0 772
1712252326957 97.0 773
1712252337047 97.1 774
1712252347135 97.3 775
1712252357243 97.4 776
1712252367355 97.2 777
1712252377449 97.2 778
1712252387546 97.3 779
1712252397654 97.3 780
1712252407759 97.4 781
1712252417866 97.6 782
1712252427966 97.6 783
1712252438064 97.6 784
1712252448172 98.0 785
1712252458273 95.9 786
1712252468381 95.7 787
1712252478492 95.7 788
1712252488593 95.7 789
1712252498695 95.7 790
1712252508797 95.8 791
1712252518911 95.8 792
1712252529040 95.9 793
1712252539141 95.9 794
1712252549246 96.1 795
1712252559339 96.0 796
1712252569458 96.0 797
1712252579554 96.1 798
1712252589646 96.3 799
1712252599749 96.3 800
1712252609842 96.2 801
1712252619951 96.2 802
1712252630053 96.4 803
1712252640170 96.4 804
1712252650278 96.4 805
1712252660402 96.6 806
1712252670519 96.5 807
1712252680618 96.4 808
1712252690732 96.4 809
1712252700832 96.5 810
1712252710935 96.6 811
1712252721063 96.6 812
1712252731169 96.6 813
1712252741261 96.5 814
1712252751360 96.6 815
1712252761485 61.5 816
1712252771612 65.7 817
1712252781711 75.6 818
1712252791815 73.9 819
1712252801936 73.9 820
1712252812055 74.0 821
1712252822171 74.2 822
1712252832272 74.4 823
1712252842377 74.2 824
1712252852489 74.2 825
1712252862608 74.1 826
1712252872717 74.0 827
1712252882847 74.1 828
1712252892944 74.1 829
1712252903056 74.1 830
1712252913161 74.1 831
1712252923256 74.1 832
1712252933378 74.1 833
1712252943492 79.7 834
1712252953885 98.8 835
1712252964022 96.4 836
1712252974157 99.3 837
1712252984271 86.6 838
1712252994375 88.2 839
1712253004473 86.3 840
1712253014571 88.6 841
1712253024669 89.4 842
1712253034763 89.7 843
1712253044871 89.8 844
1712253054978 90.5 845
1712253065077 90.7 846
1712253075174 90.9 847
1712253085272 91.0 848
1712253095378 91.1 849
1712253105487 91.1 850
1712253115587 91.2 851
1712253125686 91.4 852
1712253135786 91.6 853
1712253145878 91.6 854
1712253155985 91.6 855
1712253166100 91.8 856
1712253176223 92.9 857
1712253186345 93.0 858
1712253196476 93.6 859
1712253206589 96.0 860
1712253216696 96.6 861
1712253226817 96.4 862
1712253236921 96.5 863
1712253247034 96.0 864
1712253257146 95.9 865
1712253267280 96.1 866
1712253277411 96.3 867
1712253287524 95.8 868
1712253297640 96.0 869
1712253307764 96.0 870
1712253317877 95.8 871
1712253327994 95.8 872
1712253338113 95.9 873
1712253348216 96.0 874
1712253358312 95.9 875
1712253368409 96.0 876
1712253378511 95.9 877
1712253388628 95.9 878
1712253399486 95.8 879
1712253409594 97.0 880
1712253419698 95.8 881
1712253429809 95.7 882
1712253439913 95.6 883
1712253450015 95.7 884
1712253460122 95.8 885
1712253470215 95.8 886
1712253480309 95.8 887
1712253490403 95.8 888
1712253500507 95.8 889
1712253510609 95.8 890
1712253520719 95.8 891
1712253530837 95.9 892
1712253540942 95.9 893
1712253551040 96.0 894
1712253561143 96.0 895
1712253571240 96.0 896
1712253581346 95.9 897
1712253591453 96.0 898
1712253601572 95.9 899
1712253611677 96.0 900
1712253621788 96.0 901
1712253631901 96.0 902
1712253642002 96.0 903
1712253652112 96.2 904
1712253662210 96.2 905
1712253672346 96.3 906
1712253682559 96.2 907
1712253692662 96.3 908
1712253702773 96.1 909
1712253712875 96.2 910
1712253722974 96.3 911
1712253733084 96.4 912
1712253743190 96.4 913
1712253753306 96.4 914
1712253763415 96.3 915
1712253773532 96.4 916
1712253783655 96.4 917
1712253793750 96.6 918
1712253803851 96.6 919
1712253813951 96.6 920
1712253824052 96.6 921
1712253834164 96.8 922
1712253844279 96.8 923
1712253854382 96.9 924
1712253864476 96.9 925
1712253874570 96.8 926
1712253884675 96.8 927
1712253894794 96.9 928
1712253904906 97.1 929
1712253915026 97.1 930
1712253925131 97.1 931
1712253935240 97.1 932
1712253945368 97.3 933
1712253955486 97.4 934
1712253965608 97.4 935
1712253975713 97.3 936
1712253985846 97.3 937
1712253995970 97.3 938
1712254006074 97.3 939
1712254016174 97.4 940
1712254026289 97.5 941
1712254036399 97.5 942
1712254046500 97.4 943
1712254056613 97.4 944
1712254066708 97.5 945
1712254076834 97.6 946
1712254086937 97.6 947
1712254097055 97.7 948
1712254107168 97.7 949
1712254117284 97.6 950
1712254127381 97.7 951
1712254137476 97.7 952
1712254147681 97.8 953
1712254157808 97.6 954
1712254167916 50.3 955
1712254178032 64.8 956
1712254188136 72.9 957
1712254198252 72.7 958
1712254208357 72.7 959
1712254218466 72.8 960
1712254228568 72.8 961
1712254238660 72.7 962
1712254248758 72.7 963
1712254258880 72.7 964
1712254269001 72.8 965
1712254279112 72.8 966
1712254289228 72.8 967
1712254299391 72.7 968
1712254309502 72.8 969
1712254319599 72.9 970
1712254329717 72.8 971
1712254339818 72.8 972
1712254349963 73.0 973
1712254360120 95.8 974
1712254370372 95.2 975
1712254380506 93.6 976
1712254390622 82.4 977
1712254400734 86.8 978
1712254410839 88.5 979
1712254420950 89.0 980
1712254431047 89.8 981
1712254441160 87.3 982
1712254451284 87.6 983
1712254461413 88.2 984
1712254471518 88.4 985
1712254481632 88.5 986
1712254491737 88.8 987
1712254501845 91.3 988
1712254511965 91.0 989
1712254522064 91.1 990
1712254532161 91.4 991
1712254542835 91.4 992
1712254552951 93.4 993
1712254563079 93.0 994
1712254573193 93.2 995
1712254583297 93.2 996
1712254593405 93.2 997
1712254603513 93.2 998
1712254613633 93.4 999
1712254623741 93.5 1000
1712254633861 93.6 1001
1712254643990 94.1 1002
1712254654092 94.2 1003
1712254664193 94.2 1004
1712254674297 94.5 1005
1712254684399 94.6 1006
1712254694495 94.6 1007
1712254704608 94.6 1008
1712254714719 94.3 1009
1712254724824 94.4 1010
1712254734933 94.8 1011
1712254745056 94.9 1012
1712254755165 95.1 1013
1712254765275 95.0 1014
1712254775383 95.0 1015
1712254785508 95.0 1016
1712254795629 95.2 1017
1712254805751 95.4 1018
1712254815901 95.4 1019
1712254826051 93.7 1020
1712254836169 94.3 1021
1712254846284 94.7 1022
1712254856419 95.2 1023
1712254866521 95.2 1024
1712254876624 95.2 1025
1712254886835 95.5 1026
1712254896942 95.5 1027
1712254907052 95.6 1028
1712254917151 95.7 1029
1712254927253 95.8 1030
1712254937352 95.8 1031
1712254947461 95.8 1032
1712254957574 96.5 1033
1712254967699 96.5 1034
1712254977818 96.4 1035
1712254987928 96.4 1036
1712254998039 96.4 1037
1712255008179 96.6 1038
1712255018313 96.6 1039
1712255028439 96.7 1040
1712255038556 96.6 1041
1712255048665 96.6 1042
1712255058767 96.8 1043
1712255068880 96.6 1044
1712255078975 96.7 1045
1712255089082 96.9 1046
1712255099191 97.0 1047
1712255109287 97.0 1048
1712255119413 97.0 1049
1712255129512 97.1 1050
1712255139641 97.0 1051
1712255149744 96.9 1052
1712255159855 97.0 1053
1712255169975 97.0 1054
1712255180083 96.9 1055
1712255190181 97.0 1056
1712255200283 96.9 1057
1712255210402 97.2 1058
1712255220612 97.1 1059
1712255230733 97.1 1060
1712255240842 97.5 1061
1712255250945 97.7 1062
1712255261051 97.7 1063
1712255271157 94.6 1064
1712255281264 94.6 1065
1712255291371 94.6 1066
1712255301466 94.6 1067
1712255311566 94.6 1068
1712255321667 94.6 1069
1712255331783 94.7 1070
1712255341935 94.7 1071
1712255352060 94.8 1072
1712255362190 94.9 1073
1712255372325 94.9 1074
1712255382425 94.9 1075
1712255392546 95.0 1076
1712255402659 94.9 1077
1712255412786 95.0 1078
1712255422891 95.1 1079
1712255432990 95.0 1080
1712255443097 95.1 1081
1712255453215 95.5 1082
1712255463312 95.7 1083
1712255473413 95.6 1084
1712255483520 95.8 1085
1712255493623 95.7 1086
1712255503737 95.7 1087
1712255513845 95.8 1088
1712255523954 95.8 1089
1712255534067 96.0 1090
1712255544177 96.1 1091
1712255554286 96.1 1092
1712255564411 96.0 1093
1712255574523 74.1 1094
1712255584649 64.7 1095
1712255594763 74.6 1096
1712255604865 74.5 1097
1712255614979 74.4 1098
1712255625114 74.4 1099
1712255635244 74.6 1100
1712255645374 74.7 1101
1712255655497 74.6 1102
1712255665592 74.6 1103
1712255675698 74.5 1104
1712255685803 74.5 1105
1712255695929 74.6 1106
1712255706063 74.6 1107
1712255716173 74.7 1108
1712255726384 74.8 1109
1712255736494 75.2 1110
1712255746598 67.8 1111
1712255756736 68.6 1112
1712255766873 96.0 1113
1712255776992 92.1 1114
1712255787126 97.7 1115
1712255797257 82.7 1116
1712255807377 88.6 1117
1712255817511 88.6 1118
1712255827637 91.3 1119
1712255837758 91.7 1120
1712255847893 92.0 1121
1712255858022 92.1 1122
1712255868140 92.6 1123
1712255878250 93.6 1124
1712255888370 94.0 1125
1712255898497 94.2 1126
1712255908614 94.3 1127
1712255918726 94.3 1128
1712255928834 94.6 1129
1712255938963 94.7 1130
1712255949074 94.8 1131
1712255959180 95.4 1132
1712255969304 95.2 1133
1712255979439 95.2 1134
1712255989573 95.6 1135
1712255999686 95.7 1136
1712256009849 96.4 1137
1712256019974 96.4 1138
1712256030121 96.4 1139
1712256040285 96.4 1140
1712256050422 96.5 1141
1712256060532 96.8 1142
1712256070647 96.9 1143
1712256080776 96.8 1144
1712256090883 96.9 1145
1712256100984 96.9 1146
1712256111103 97.0 1147
1712256121230 97.1 1148
1712256131339 97.1 1149
1712256141484 97.0 1150
1712256151626 97.1 1151
1712256161745 97.0 1152
1712256171871 97.0 1153
1712256181988 97.0 1154
1712256192102 97.0 1155
1712256202215 97.1 1156
1712256212328 97.1 1157
1712256222454 97.1 1158
1712256232613 97.3 1159
1712256242753 97.3 1160
1712256252890 97.5 1161
1712256263063 97.0 1162
1712256273197 97.0 1163
1712256283358 96.9 1164
1712256293486 97.0 1165
1712256303624 97.1 1166
1712256313754 97.2 1167
1712256323885 97.3 1168
1712256334010 97.2 1169
1712256344155 97.2 1170
1712256354290 97.4 1171
1712256364429 97.4 1172
1712256374539 97.4 1173
1712256384652 97.4 1174
1712256394776 97.3 1175
1712256404909 97.4 1176
1712256415040 97.4 1177
1712256425156 97.5 1178
1712256435278 97.5 1179
1712256445419 97.5 1180
1712256455545 97.6 1181
1712256465664 97.6 1182
1712256475794 97.6 1183
1712256485915 97.7 1184
1712256496051 97.7 1185
1712256506169 97.8 1186
1712256516288 97.7 1187
1712256526506 97.7 1188
1712256536633 97.8 1189
1712256546747 97.9 1190
1712256556892 98.1 1191
1712256567017 97.0 1192
1712256577147 97.1 1193
1712256587271 96.9 1194
1712256597396 97.0 1195
1712256607560 97.1 1196
1712256617670 97.0 1197
1712256627777 97.0 1198
1712256637931 97.0 1199
1712256648055 94.5 1200
1712256658184 94.7 1201
1712256668314 94.7 1202
1712256678430 94.8 1203
1712256688556 94.8 1204
1712256698685 94.8 1205
1712256708811 94.9 1206
1712256718955 94.9 1207
1712256729089 94.9 1208
1712256739220 95.0 1209
1712256749345 95.0 1210
1712256759494 95.0 1211
1712256769622 95.0 1212
1712256779749 95.1 1213
1712256789860 95.2 1214
1712256799988 95.2 1215
1712256810103 95.2 1216
1712256820223 95.3 1217
1712256830335 95.4 1218
1712256840455 95.3 1219
1712256850580 95.7 1220
1712256860697 95.7 1221
1712256870836 95.8 1222
1712256880978 96.3 1223
1712256891089 96.8 1224
1712256901207 97.1 1225
1712256911338 97.3 1226
1712256921455 97.2 1227
1712256931579 97.3 1228
1712256941714 97.3 1229
1712256951842 97.4 1230
1712256961954 97.2 1231
1712256972066 97.3 1232
1712256982294 60.2 1233
1712256992464 69.7 1234
1712257002580 75.8 1235
1712257012705 75.3 1236
1712257022821 75.3 1237
1712257032960 75.2 1238
1712257043096 75.2 1239
1712257053230 75.1 1240
1712257063367 75.2 1241
1712257073506 75.3 1242
1712257083615 75.3 1243
1712257093736 75.2 1244
1712257103865 75.2 1245
1712257113983 75.1 1246
1712257124111 75.1 1247
1712257134240 75.2 1248
1712257144373 75.3 1249
1712257154536 75.3 1250
1712257164779 84.6 1251
1712257175474 76.3 1252
1712257185634 94.8 1253
1712257195791 81.7 1254
1712257205928 88.8 1255
1712257216049 91.2 1256
1712257226188 92.3 1257
1712257236317 92.7 1258
1712257246438 92.9 1259
1712257256571 93.6 1260
1712257266696 93.6 1261
1712257276814 93.7 1262
1712257286960 93.8 1263
1712257297073 93.8 1264
1712257307216 95.0 1265
1712257317358 95.1 1266
1712257327489 95.1 1267
1712257337612 95.1 1268
1712257347738 95.2 1269
1712257357855 95.2 1270
1712257367979 95.7 1271
1712257378102 95.9 1272
1712257388216 96.1 1273
1712257398364 96.4 1274
1712257408478 96.6 1275
1712257418612 96.6 1276
1712257428751 96.6 1277
1712257438884 96.6 1278
1712257449011 96.8 1279
1712257459122 96.9 1280
1712257469238 96.8 1281
1712257479358 96.8 1282
1712257489492 97.0 1283
1712257499620 97.0 1284
1712257509747 97.1 1285
1712257519886 97.2 1286
1712257530030 97.2 1287
1712257540258 97.3 1288
1712257550397 94.7 1289
1712257560546 95.2 1290
1712257570681 95.5 1291
1712257580823 95.5 1292
1712257590946 95.5 1293
1712257601092 95.6 1294
1712257611228 95.7 1295
1712257621362 95.6 1296
1712257631508 95.7 1297
1712257641632 95.7 1298
1712257651772 95.8 1299
1712257661910 95.8 1300
1712257672047 95.9 1301
1712257682191 96.2 1302
1712257692310 95.9 1303
1712257702426 96.1 1304
1712257712548 96.1 1305
1712257722675 96.1 1306
1712257732892 96.2 1307
1712257743020 96.2 1308
1712257753141 96.3 1309
1712257763265 96.4 1310
1712257773393 96.4 1311
1712257783506 96.3 1312
1712257793636 96.4 1313
1712257803748 96.4 1314
1712257813866 96.5 1315
1712257823986 96.5 1316
1712257834116 96.5 1317
1712257844243 96.6 1318
1712257854356 96.9 1319
1712257864475 96.9 1320
1712257874595 96.6 1321
1712257884729 96.6 1322
1712257894864 96.6 1323
1712257904995 96.5 1324
1712257915117 96.6 1325
1712257925239 96.8 1326
1712257935458 96.7 1327
1712257945601 96.9 1328
1712257955723 96.8 1329
1712257965856 96.8 1330
1712257975977 96.9 1331
1712257986097 97.0 1332
1712257996221 97.1 1333
1712258006364 97.1 1334
1712258016485 97.0 1335
1712258026614 97.0 1336
1712258036739 97.1 1337
1712258046870 97.2 1338
1712258056994 97.5 1339
1712258067122 97.4 1340
1712258077239 97.3 1341
1712258087367 97.4 1342
1712258097501 97.4 1343
1712258107621 97.4 1344
1712258117748 97.4 1345
1712258127873 97.5 1346
1712258137987 97.5 1347
1712258148109 97.6 1348
1712258158216 97.5 1349
1712258168327 97.6 1350
1712258178449 97.6 1351
1712258188574 97.6 1352
1712258198697 97.4 1353
1712258208844 97.5 1354
1712258218975 97.5 1355
1712258229122 97.6 1356
1712258239241 97.7 1357
1712258249363 97.7 1358
1712258259491 97.6 1359
1712258269623 97.7 1360
1712258279744 97.7 1361
1712258289856 97.8 1362
1712258300063 97.8 1363
1712258310187 97.9 1364
1712258320316 97.8 1365
1712258330438 97.9 1366
1712258340582 97.9 1367
1712258350706 98.0 1368
1712258360818 97.7 1369
1712258370964 97.7 1370
1712258381100 98.1 1371
1712258391211 62.6 1372
1712258401331 72.7 1373
1712258411446 75.5 1374
1712258421561 75.5 1375
1712258431671 75.5 1376
1712258441795 75.4 1377
1712258451932 76.0 1378
1712258462050 76.2 1379
1712258472168 69.1 1380
1712258482308 69.2 1381
1712258492431 69.3 1382
1712258502549 69.3 1383
1712258512678 69.5 1384
1712258522806 69.6 1385
1712258532926 69.8 1386
1712258543044 69.8 1387
1712258553162 70.2 1388
1712258563288 70.2 1389
1712258573447 94.6 1390
1712258583611 91.0 1391
1712258593778 95.0 1392
